,left_elbow_x_cumsum_0,left_elbow_x_cumsum_1,left_elbow_x_cumsum_2,left_elbow_x_cumsum_3,left_elbow_x_cumsum_4,left_elbow_y_cumsum_0,left_elbow_y_cumsum_1,left_elbow_y_cumsum_2,left_elbow_y_cumsum_3,left_elbow_y_cumsum_4,right_elbow_x_cumsum_0,right_elbow_x_cumsum_1,right_elbow_x_cumsum_2,right_elbow_x_cumsum_3,right_elbow_x_cumsum_4,right_elbow_y_cumsum_0,right_elbow_y_cumsum_1,right_elbow_y_cumsum_2,right_elbow_y_cumsum_3,right_elbow_y_cumsum_4,left_wrist_x_cumsum_0,left_wrist_x_cumsum_1,left_wrist_x_cumsum_2,left_wrist_x_cumsum_3,left_wrist_x_cumsum_4,left_wrist_y_cumsum_0,left_wrist_y_cumsum_1,left_wrist_y_cumsum_2,left_wrist_y_cumsum_3,left_wrist_y_cumsum_4,right_wrist_x_cumsum_0,right_wrist_x_cumsum_1,right_wrist_x_cumsum_2,right_wrist_x_cumsum_3,right_wrist_x_cumsum_4,right_wrist_y_cumsum_0,right_wrist_y_cumsum_1,right_wrist_y_cumsum_2,right_wrist_y_cumsum_3,right_wrist_y_cumsum_4,right_forearm_r_cumsum_0,right_forearm_r_cumsum_1,right_forearm_r_cumsum_2,right_forearm_r_cumsum_3,right_forearm_r_cumsum_4,left_forearm_r_cumsum_0,left_forearm_r_cumsum_1,left_forearm_r_cumsum_2,left_forearm_r_cumsum_3,left_forearm_r_cumsum_4,right_forearm_angle_cumsum_0,right_forearm_angle_cumsum_1,right_forearm_angle_cumsum_2,right_forearm_angle_cumsum_3,right_forearm_angle_cumsum_4,left_forearm_angle_cumsum_0,left_forearm_angle_cumsum_1,left_forearm_angle_cumsum_2,left_forearm_angle_cumsum_3,left_forearm_angle_cumsum_4,shoulder_wrist_right_x,shoulder_wrist_right_y,shoulder_wrist_left_x,shoulder_wrist_left_y,gt_idle,gt_sr,gt_sl,gt_r,gt_rl,gt_su,gt_sd,gt_pin,gt_spr,gt_ft,gt_p
0,0.187993,0.16017,0.574736,0.630756,0.618993,-0.011881,0.197977,-0.000363,-0.00604,0.0576,-0.096004,-0.128731,-0.37196,-0.531943,-0.470129,0.217454,0.230377,0.370333,0.51359,0.631248,0.279573,0.25367,0.698259,0.719327,0.727018,0.001803,0.281633,0.096191,0.074994,0.154154,-0.045942,-0.047382,-0.345518,-0.527144,-0.450851,0.032551,0.083363,0.283704,0.551221,0.659457,-0.179768,-0.136296,-0.085215,0.037731,0.028888,0.005048,0.075046,0.089828,0.072299,0.088606,-0.020102,-0.023556,-0.009675,0.001071,-0.010505,-0.011537,-0.009748,-0.021659,-0.010748,-0.015976,0.045686,-1.380914,-0.135151,-0.929574,1,0,0,0,0,0,0,0,0,0,0
1,-0.056269,-0.032556,0.435385,0.436055,0.356685,0.015303,0.269445,0.013694,0.054589,0.178284,-0.004005,-0.016807,-0.399799,-0.369028,-0.034682,-0.008327,0.02134,0.231311,0.398942,0.272628,-0.039509,-0.017124,0.441927,0.500322,0.345386,0.07432,0.376545,0.083011,0.154477,0.330107,-0.002161,-0.001503,-0.443818,-0.378788,-0.187198,0.010053,0.066533,0.355146,0.545092,0.379176,0.018425,0.047223,0.118871,0.143504,0.110605,0.059773,0.107684,0.06951,0.105783,0.151638,0.000145,-0.000479,0.018624,-0.009697,0.091839,-0.00268,-0.002724,-0.002097,-0.023189,0.010997,0.030334,-0.891188,-0.13368,-0.839428,1,0,0,0,0,0,0,0,0,0,0
2,0.029111,0.456226,0.513942,0.501823,0.493333,0.200498,-0.003847,-0.009696,0.055871,0.029039,-0.029606,-0.280197,-0.445023,-0.381338,-0.284683,0.021863,0.166056,0.31365,0.43487,0.299987,0.01388,0.471928,0.493634,0.501557,0.52277,0.21199,0.020935,-0.000904,0.080652,0.140744,0.000736,-0.306426,-0.49355,-0.414948,-0.316303,0.042027,0.248433,0.524048,0.63556,0.424366,0.025869,0.078496,0.205164,0.196053,0.119989,0.010743,0.025973,0.007914,0.024714,0.113838,-0.004431,0.012673,0.025913,0.011651,0.044585,0.005429,-0.009247,0.004196,-0.002245,-0.036828,0.03089,-0.968749,-0.161472,-0.817933,1,0,0,0,0,0,0,0,0,0,0
3,-0.004954,0.494715,0.49543,0.410678,0.257804,0.062868,-0.210224,-0.166556,-0.034475,-0.175586,0.017118,-0.391842,-0.358985,-0.001969,0.045561,0.008942,0.233149,0.412146,0.277268,0.027289,0.009468,0.499644,0.561997,0.396557,0.488721,0.102259,-0.211177,-0.134865,0.052672,-0.086307,-6.3e-05,-0.472367,-0.402928,-0.198348,-0.012842,0.016604,0.324785,0.52761,0.350444,0.061563,0.003848,0.080354,0.106658,0.071528,0.024454,0.039988,-0.000774,0.037958,0.086922,0.140367,0.00484,0.035077,-0.009751,0.150964,0.058539,-0.007212,-0.00622,-0.039603,0.014507,-0.326001,-0.063205,-0.495375,-0.271119,-0.542779,1,0,0,0,0,0,0,0,0,0,0
4,0.48672,0.551765,0.538106,0.528538,0.016309,-0.298422,-0.305014,-0.231122,-0.261361,-0.147907,-0.300964,-0.48672,-0.414948,-0.30602,0.114514,0.152813,0.319148,0.455761,0.30375,-0.01813,0.505951,0.530414,0.539343,0.563249,0.123009,-0.326134,-0.350746,-0.258833,-0.191111,-0.03081,-0.346098,-0.556984,-0.4684,-0.357229,0.062204,0.214623,0.525236,0.650908,0.412896,-0.065575,0.05514,0.197892,0.187625,0.101902,-0.05433,-0.026171,-0.046523,-0.027589,0.072851,0.130264,0.030996,0.061568,0.028636,0.10468,0.094584,-0.021229,0.009812,-0.005062,-0.084913,-0.139131,-0.076838,-0.190697,-0.019258,-0.507847,1,0,0,0,0,0,0,0,0,0,0
5,0.062173,0.063053,-0.041207,-0.22927,-0.481974,0.002808,0.056527,0.21901,0.045419,0.294127,-0.16145,-0.12103,0.318164,0.376634,0.489858,0.102347,0.322545,0.156621,-0.150897,0.083618,0.028665,0.105371,-0.09815,0.015227,-0.458138,-0.015366,0.078511,0.309216,0.138247,-0.019454,-0.18814,-0.102717,0.148954,0.377159,0.460792,0.135485,0.384996,0.16705,-0.188325,-0.315819,0.031523,0.063881,0.020665,-0.037245,-0.40043,-0.020437,0.027211,0.087445,0.153193,-0.304938,0.053632,-0.137497,0.547732,0.153664,0.153996,0.055794,-0.086542,0.144164,-1.307635,-0.330228,-0.085856,0.074097,0.00137,0.036228,1,0,0,0,0,0,0,0,0,0,0
6,0.012402,-0.004085,-0.015634,-0.633921,-0.494744,-0.010942,0.07825,0.04175,0.178695,0.399861,-0.052544,0.034089,0.165571,0.673177,0.67941,0.091947,0.256846,0.073361,-0.315164,0.1137,-0.000951,0.009826,0.038682,-0.49271,-0.422958,-0.01337,0.097574,0.179318,0.37281,-0.062108,-0.054496,0.052429,0.186618,0.692895,0.672849,0.230861,0.382554,0.095261,-0.482277,-0.430734,0.13879,0.126396,0.022925,-0.165655,-0.543631,-0.002836,0.020018,0.141255,0.210556,-0.434431,0.031702,-0.091238,0.192647,0.154957,0.154238,0.030128,-0.025397,-0.323493,-0.525899,-0.595011,-0.056291,0.282663,-0.04584,0.293267,1,0,0,0,0,0,0,0,0,0,0
7,-0.010936,-0.116662,-0.307371,-0.563631,-0.271106,0.06491,0.229679,0.053646,0.305853,0.458936,0.091099,0.536471,0.595765,0.710581,0.451396,0.135608,-0.03265,-0.344496,-0.106681,0.124015,0.078693,-0.127692,-0.012719,-0.492745,-0.331292,0.107948,0.341899,0.168524,0.008605,-0.291288,0.138596,0.393808,0.625224,0.710033,0.423345,0.032854,-0.188158,-0.548533,-0.677821,-0.661066,-0.099548,-0.143372,-0.202096,-0.570391,-0.727266,0.051022,0.112104,0.178777,-0.2858,-0.414498,-0.233512,0.522118,0.087563,0.087929,0.087926,-0.178577,0.075833,-1.525126,-0.447299,-0.450403,0.045083,0.509653,0.109738,0.67851,1,0,0,0,0,0,0,0,0,0,0
8,-0.004651,-0.015352,-0.588247,-0.459288,-0.055861,0.019578,-0.014243,0.112648,0.317577,0.519937,-0.008238,0.113591,0.58393,0.589706,0.311619,0.021037,-0.148977,-0.508978,-0.1116,0.057928,-0.06647,-0.039733,-0.532112,-0.467481,-0.144964,-0.002082,0.07366,0.252946,-0.150041,-0.025597,-0.035584,0.088754,0.557862,0.539287,0.271536,0.108636,-0.157565,-0.692702,-0.644943,-0.582151,0.085236,-0.010639,-0.185374,-0.535601,-0.612752,-0.028397,0.08394,0.148152,-0.449482,-0.55275,0.118755,0.285224,0.263122,0.262701,0.262707,0.113389,-0.061414,-0.180104,-0.220631,-0.222337,0.018875,0.381652,-0.085923,0.306329,1,0,0,0,0,0,0,0,0,0,0
9,-0.098486,-0.28456,-0.534592,-0.249177,-0.045458,0.141105,-0.030651,0.215427,0.36479,0.432198,0.442822,0.500674,0.6127,0.359814,0.215855,-0.185295,-0.489561,-0.257527,-0.032437,-0.046786,-0.134617,-0.022439,-0.490798,-0.333269,-0.126573,0.230356,0.061195,-0.094838,-0.387442,0.007434,0.284743,0.510535,0.593283,0.313562,0.162841,-0.324736,-0.676353,-0.802498,-0.78615,-0.443936,-0.128355,-0.185652,-0.544996,-0.698059,-0.397835,0.088114,0.153166,-0.300119,-0.42569,-0.420101,0.513766,0.147963,0.148271,0.148268,0.149615,0.097371,-1.250298,-0.342996,-0.345609,-0.345762,0.140309,-0.030418,0.064843,0.217453,1,0,0,0,0,0,0,0,0,0,0
10,0.076778,-0.42666,-0.313336,0.041181,-0.254951,-0.153195,-0.041688,0.138395,0.316221,0.174019,-0.280437,0.132879,0.137955,-0.106418,0.082401,0.012743,-0.303612,0.045589,0.194563,-0.015414,0.141294,-0.29139,-0.234595,0.048821,-0.26338,-0.135016,0.022534,-0.331596,-0.222239,-0.063514,-0.139905,0.272329,0.256007,0.020717,0.200961,0.050237,-0.420021,-0.378053,-0.322873,-0.299498,0.028068,-0.125483,-0.433248,-0.501046,-0.294255,0.021612,0.078039,-0.447139,-0.537887,-0.237446,-0.134488,-0.143432,-0.143602,-0.1436,-0.143727,-0.108993,-0.157023,-0.173423,-0.174113,-0.175463,0.00919,0.337514,0.084274,0.141897,1,0,0,0,0,0,0,0,0,0,0
11,-0.247923,-0.474313,-0.215886,-0.031429,-0.008555,0.002999,0.225809,0.361049,0.422083,0.329896,0.342556,0.443989,0.215015,0.084668,0.100189,-0.288682,-0.078587,0.125219,0.112227,0.041961,-0.044628,-0.468701,-0.326068,-0.138916,-0.083604,-0.013462,-0.154741,-0.419678,-0.06214,-0.204594,0.349204,0.424128,0.170857,0.034387,0.049936,-0.37035,-0.484568,-0.469766,-0.15991,-0.20411,-0.080921,-0.406287,-0.544877,-0.273041,-0.247,0.036539,-0.373886,-0.487583,-0.482522,-0.537743,-0.011723,-0.01157,-0.011571,-0.010899,-0.010663,-0.533974,-0.081301,-0.082604,-0.082681,-0.084204,0.079476,0.144793,0.011333,0.419756,1,0,0,0,0,0,0,0,0,0,0
12,-0.242886,-0.13856,0.187808,-0.084811,0.244201,0.099985,0.26577,0.429477,0.298565,0.293905,0.075723,0.080396,-0.144573,0.029254,-0.238176,-0.034394,0.28708,0.424226,0.230921,0.318671,-0.358623,-0.306337,-0.045424,-0.332836,0.045461,0.157017,-0.168994,-0.068321,0.077802,-0.0272,0.068813,0.053786,-0.162821,0.003111,-0.292233,-0.103416,-0.064779,-0.013981,0.007538,0.200068,-0.069362,-0.352691,-0.415106,-0.224734,-0.119968,0.019438,-0.464041,-0.547583,-0.270998,-0.367612,0.000161,6.6e-05,6.7e-05,-4e-06,0.000574,0.208727,0.199537,0.19915,0.198393,0.198395,0.059612,0.114541,-0.094546,0.234605,1,0,0,0,0,0,0,0,0,0,0
13,0.040944,0.267984,0.430038,0.450134,0.463053,0.097018,0.215832,0.269454,0.188463,0.23152,0.01434,-0.186824,-0.30134,-0.287704,-0.283357,0.21854,0.397593,0.386179,0.324447,0.346449,-0.018444,0.106866,0.271287,0.319881,0.368706,-0.279168,-0.511927,-0.197813,-0.322965,-0.144605,-0.002125,-0.224636,-0.34453,-0.33087,-0.362793,0.001773,0.014777,0.286999,0.248168,0.209445,-0.217357,-0.339114,-0.100294,-0.077415,-0.133305,-0.379771,-0.479659,-0.475213,-0.523727,-0.386806,-8.6e-05,-8.6e-05,0.000185,0.00028,0.001587,-0.008204,-0.008731,-0.008762,-0.009377,-0.009319,0.110398,0.228025,-0.07553,0.236206,1,0,0,0,0,0,0,0,0,0,0
14,0.069336,0.429321,0.128621,0.491523,0.516683,0.07449,0.255059,0.110664,0.105523,0.216675,-0.010864,-0.259006,-0.067274,-0.362251,-0.348619,0.110474,0.261746,0.04853,0.145318,0.17608,0.078274,0.366062,0.049045,0.466309,0.478624,-0.047757,0.063287,0.22446,0.108643,0.173977,-0.014201,-0.25312,-0.070096,-0.395861,-0.409736,0.040636,0.096666,0.120402,0.332764,0.300185,-0.069721,-0.138565,0.071416,0.186973,0.126651,-0.109068,-0.201215,0.10386,-0.002706,-0.05004,-4e-06,-1e-06,-0.000142,0.001006,0.003142,-0.000454,-0.001222,-0.002724,-0.002721,-0.00252,0.084689,0.107941,-0.122417,0.203573,1,0,0,0,0,0,0,0,0,0,0
15,0.189064,0.374788,0.397819,0.412626,0.469111,0.059742,0.121195,0.028375,0.077721,0.159506,-0.219401,-0.350643,-0.335016,-0.330034,-0.348848,0.09186,0.078779,0.00803,0.033246,0.075202,0.063304,0.251742,0.307434,0.36339,0.422923,-0.217759,0.142236,-0.001197,0.203216,0.247623,-0.240442,-0.377849,-0.362194,-0.398779,-0.402286,-0.026788,0.285196,0.240692,0.196314,0.28187,-0.068008,0.205696,0.231916,0.167864,0.208251,-0.002575,0.002521,-0.05308,0.103841,0.067304,3e-06,0.000708,0.000955,0.004347,0.003407,-0.000824,-0.000905,-0.002503,-0.002353,-0.002484,0.096014,0.079719,-0.136894,0.161496,1,0,0,0,0,0,0,0,0,0,0
16,0.169144,-0.120314,0.229021,0.25324,0.276585,0.117768,-0.02123,-0.026178,0.080819,0.141204,-0.033019,0.151545,-0.132404,-0.119282,-0.113107,0.059432,-0.145813,-0.052643,-0.023031,-0.05387,0.217636,-0.08753,0.314135,0.32599,0.348564,0.311197,0.466345,0.354857,0.41775,0.45624,-0.0044,0.171782,-0.141805,-0.155161,-0.141831,0.079069,0.101918,0.30634,0.274979,0.278282,-0.002464,0.199667,0.310904,0.252837,0.285719,-0.086287,0.207383,0.104801,0.059236,0.037518,0.0,-0.000108,0.000771,0.002407,0.001943,-6.1e-05,-0.001211,-0.001209,-0.001055,-0.001074,0.091342,0.072224,-0.159938,0.130006,1,0,0,0,0,0,0,0,0,0,0
17,0.00583,0.030505,0.046368,0.106886,0.098865,-0.068643,-0.168089,-0.11522,-0.027597,-0.0181,-0.102905,-0.086162,-0.080824,-0.100982,-0.104277,-0.081883,-0.157682,-0.130666,-0.085714,-0.225237,-0.046637,0.013031,0.072982,0.136764,0.135288,0.030326,-0.123346,0.095659,0.143235,0.145367,-0.142191,-0.125418,-0.164615,-0.168372,-0.156132,0.243963,0.196283,0.148737,0.2404,0.223701,0.296055,0.324147,0.255522,0.298793,0.419641,0.103994,0.044424,0.212546,0.173401,0.167332,0.001142,0.001543,0.007039,0.005515,-0.000222,2.4e-05,-0.002566,-0.002324,-0.002535,-0.002622,0.090343,0.075497,-0.14145,0.138245,1,0,0,0,0,0,0,0,0,0,0
18,-0.367571,0.068346,0.098568,0.127699,0.112954,-0.098438,-0.104613,0.028903,0.104254,0.097575,0.342757,-0.011568,0.004806,0.012512,0.001515,-0.166638,-0.050376,-0.013425,-0.051907,-0.143747,-0.329838,0.171379,0.186172,0.214341,0.214618,0.160463,0.021343,0.099823,0.147853,0.148537,0.375228,-0.01608,-0.032748,-0.016113,-0.028202,-0.238079,0.017009,-0.022125,-0.018003,-0.032796,-0.071286,0.067522,-0.004937,0.036095,0.112825,0.252816,0.12481,0.067952,0.040851,0.051106,-0.002634,0.001507,0.009217,0.007031,0.00844,-0.005465,-0.005454,-0.004728,-0.004816,-0.005115,0.106819,0.058332,-0.17164,0.103703,1,0,0,0,0,0,0,0,0,0,0
19,0.390429,0.407584,0.473026,0.464352,0.526038,-0.010125,0.047046,0.1418,0.15207,0.220366,-0.321085,-0.315313,-0.337111,-0.340674,-0.338836,0.082936,0.11215,0.16076,0.009883,0.046563,0.390929,0.455759,0.524732,0.523136,0.545305,-0.324971,-0.088143,-0.036695,-0.03439,-0.008739,-0.353186,-0.395573,-0.399635,-0.386399,-0.402683,0.184042,0.132626,0.231749,0.213691,0.197456,0.100922,0.026713,0.073504,0.204188,0.152992,-0.314603,-0.132799,-0.17513,-0.181693,-0.228979,0.003141,0.012645,0.01001,8.9e-05,0.012642,0.000602,0.00102,0.000655,0.000504,0.000832,0.097771,-0.093446,-0.18761,0.102275,1,0,0,0,0,0,0,0,0,0,0
20,0.040773,0.070551,0.099252,0.084725,0.096893,0.003997,0.135547,0.209789,0.203208,0.223081,-0.029424,-0.013291,-0.005699,-0.016534,-0.016422,0.031976,0.068383,0.030468,-0.06002,-0.012505,0.104614,0.119189,0.146944,0.147217,0.14017,0.186481,0.263806,0.311129,0.311803,0.316201,-0.033903,-0.050324,-0.033935,-0.045846,-0.046697,0.068095,0.029537,0.033598,0.019022,0.00862,0.036282,-0.03511,0.005317,0.080918,0.023427,0.187109,0.131088,0.104386,0.114491,0.095544,0.000687,0.007636,0.005665,0.006936,0.009783,-0.000573,8.1e-05,2e-06,-0.000268,-8e-06,0.090294,-0.024161,-0.174277,0.092475,1,0,0,0,0,0,0,0,0,0,0
21,-0.023838,0.041717,0.033028,0.094821,0.040538,0.053249,0.148167,0.158455,0.226869,0.267811,0.035386,0.01355,0.009981,0.011822,0.014326,-0.002907,0.045787,-0.105351,-0.068608,0.070579,-0.040312,0.028781,0.027182,0.049389,0.022256,0.049615,0.101152,0.103462,0.129157,0.132517,-0.00835,-0.01242,0.00084,-0.015472,-0.008479,-0.120016,-0.020721,-0.03881,-0.055074,-0.067768,-0.110842,-0.063969,0.06694,0.015656,-0.135534,-0.006135,-0.04854,-0.055114,-0.102482,-0.136258,0.008903,0.006235,-0.003806,0.0089,0.011045,0.001022,0.000653,0.000499,0.000831,0.000517,0.081168,0.028739,-0.180618,0.095845,1,0,0,0,0,0,0,0,0,0,0
22,0.057612,0.088536,0.072884,0.085994,0.066917,0.084714,0.164706,0.157615,0.179027,0.180739,-0.020513,-0.012332,-0.024006,-0.023885,-0.028053,0.04234,0.001487,-0.096008,-0.044813,0.023937,0.058874,0.088778,0.089072,0.08148,0.064219,0.030181,0.081168,0.081895,0.086634,0.087049,-0.008752,0.008907,-0.003926,-0.004843,-0.004082,0.08698,0.091355,0.075651,0.064443,0.022969,0.041779,0.085337,0.166792,0.104849,-0.005125,-0.053789,-0.082559,-0.071672,-0.092086,-0.093065,-0.002666,-0.005988,-0.003846,0.000952,0.003094,-0.000549,-0.000682,-0.001136,-0.000698,-0.000718,0.079744,0.110083,-0.178259,0.116562,1,0,0,0,0,0,0,0,0,0,0
23,0.013256,0.00346,0.073126,0.011927,0.001038,0.017826,0.029425,0.106557,0.152716,0.088294,-0.003023,-0.007047,-0.004971,-0.002149,-0.007356,0.010324,-0.160073,-0.118648,0.038275,-0.093119,0.015914,0.014112,0.039149,0.008558,0.000838,0.02633,0.028934,0.057904,0.061691,0.067372,0.004625,0.019574,0.001184,0.009068,0.002094,0.020376,-1.8e-05,-0.018354,-0.032666,-0.113295,0.008861,0.156452,0.098633,-0.071822,-0.021334,0.008821,0.001409,-0.051994,-0.090075,-0.020668,-0.002355,-0.025605,0.003815,0.008781,0.008188,-6.9e-05,-0.000424,0.000345,-0.000383,-0.000255,0.063674,0.102713,-0.179642,0.080192,1,0,0,0,0,0,0,0,0,0,0
24,0.018654,0.002728,0.016067,-0.003344,-0.054078,0.064162,0.056947,0.078733,0.080475,0.065376,0.011245,-0.000634,-0.00051,-0.004751,-0.009802,-0.051544,-0.150744,-0.098654,-0.028702,-0.120123,0.015046,0.015345,0.00762,-0.009943,-0.04359,0.026432,0.027171,0.031993,0.032415,0.038381,0.013498,0.00044,-0.000493,0.000282,-0.005702,-0.01524,-0.031219,-0.042622,-0.084822,-0.130207,0.035756,0.118635,0.055609,-0.056287,-0.010523,-0.037798,-0.026721,-0.047491,-0.048488,-0.024491,-0.001895,0.000523,0.00594,0.008358,0.007469,-9.6e-05,-0.000608,-0.000115,-0.000137,-0.000522,0.076759,0.112255,-0.150634,0.028908,1,0,0,0,0,0,0,0,0,0,0
25,-0.02842,0.039624,-0.02015,-0.030785,-0.098581,-0.053514,0.021822,0.066906,0.003984,-0.004393,-0.015295,-0.013267,-0.010511,-0.015597,-0.028776,-0.114338,-0.073878,0.079391,-0.048944,-0.133866,-0.016967,0.007487,-0.022391,-0.029932,-0.089546,-0.024169,0.004126,0.007825,0.013374,0.011827,0.00096,-0.017002,-0.009301,-0.016113,-0.027388,-0.004517,-0.022427,-0.036405,-0.115156,-0.132407,0.108019,0.051546,-0.11494,-0.065628,0.001293,0.03096,-0.0212,-0.058394,0.009397,0.017615,-0.017675,0.007272,0.011483,0.010981,0.008605,-0.000198,0.000454,-0.000163,-5.5e-05,-0.000247,0.094867,0.098634,-0.106706,-0.047057,1,0,0,0,0,0,0,0,0,0,0
26,0.01241,0.025984,0.006232,-0.045395,-0.07385,0.046541,0.068711,0.070483,0.055119,0.052307,0.003313,0.003438,-0.000877,-0.006017,-0.012464,0.014183,0.067188,0.13837,0.045341,0.030872,0.017388,0.009527,-0.008345,-0.042584,-0.083788,0.025088,0.029995,0.030425,0.036495,0.035671,-0.014254,-0.015203,-0.014415,-0.020504,-0.026807,-0.011711,-0.023315,-0.066257,-0.11244,-0.12451,-0.024427,-0.088561,-0.202425,-0.155857,-0.153493,-0.019901,-0.041037,-0.042052,-0.017632,-0.018181,0.021277,0.027397,0.030129,0.029125,0.029012,-0.000371,0.000187,0.000162,-0.000273,0.000186,0.0913,0.189101,-0.093338,0.019911,1,0,0,0,0,0,0,0,0,0,0
27,0.057433,-0.00418,-0.015142,-0.085023,-0.088451,0.030009,0.07648,0.011622,0.002988,0.211053,-0.001302,0.00154,-0.003703,-0.017287,-0.015472,0.027186,0.185169,0.052887,-0.034647,0.062273,0.007406,-0.023391,-0.031164,-0.092612,-0.179743,0.003483,0.007296,0.013016,0.011421,0.156351,-0.003923,0.004015,-0.003006,-0.014629,-0.012466,-0.006471,-0.02088,-0.102053,-0.119834,-0.126984,-0.033204,-0.20481,-0.153982,-0.085002,-0.188283,-0.033392,-0.071729,-0.001853,0.006618,-0.059595,0.005772,0.010978,0.010357,0.00742,0.010509,0.001243,0.000481,0.000615,0.000377,0.002248,0.087099,0.21131,-0.017742,-0.096335,1,0,0,0,0,0,0,0,0,0,0
28,-0.047331,-0.069313,-0.126768,-0.158435,-0.164533,-0.007952,-0.005979,-0.023078,-0.026206,0.141276,0.001554,-0.003248,-0.008968,-0.016142,-0.018614,0.029435,0.108652,0.005122,-0.010981,0.045139,-0.0168,-0.036689,-0.074793,-0.120649,-0.247975,0.001674,0.002152,0.008908,0.007991,0.199568,0.003209,0.004085,-0.00269,-0.009705,-0.006796,-0.005879,-0.053668,-0.105065,-0.118497,-0.179858,-0.035277,-0.161995,-0.110169,-0.107539,-0.224661,0.012779,0.01165,0.038826,0.038215,0.066135,0.002581,0.008358,0.006234,0.005996,0.008845,-0.001051,-0.001104,-0.002023,-0.001052,0.002771,0.08345,0.26425,-0.014089,-0.080969,1,0,0,0,0,0,0,0,0,0,0
29,-0.019028,-0.030568,-0.10413,-0.107739,-0.163683,0.056619,-0.011656,-0.020745,0.198284,0.303881,0.001486,-0.004033,-0.018333,-0.016422,-0.024489,0.137805,-0.001447,-0.093594,0.008433,-0.076515,-0.016152,-0.024334,-0.08902,-0.180742,-0.330261,0.002393,0.008414,0.006735,0.159302,0.363009,0.005249,-0.002142,-0.014377,-0.0121,-0.009205,-0.009475,-0.094925,-0.113644,-0.12117,-0.175011,-0.146489,-0.092982,-0.020368,-0.129091,-0.099576,-0.052732,0.020826,0.029744,-0.039958,0.080048,0.005397,0.004507,0.0003,0.004726,0.002798,-0.000253,-6.1e-05,-0.000402,0.002279,0.00829,0.088728,0.047001,0.079179,-0.304961,1,0,0,0,0,0,0,0,0,0,0
30,-0.002481,-0.063628,-0.097329,-0.103819,-0.224076,-0.060128,-0.078326,-0.081656,0.096587,0.296696,-0.006745,-0.012832,-0.020467,-0.023097,-0.03069,-0.067149,-0.177331,-0.194468,-0.134742,-0.275318,-0.003415,-0.043967,-0.092769,-0.228275,-0.405139,-0.002121,0.005069,0.004093,0.207978,0.477421,-0.004836,-0.012047,-0.019513,-0.016416,-0.014613,-0.040446,-0.095145,-0.10944,-0.174743,-0.191223,0.026141,0.081296,0.084096,-0.040552,0.081566,0.056754,0.085676,0.085026,0.11474,0.196884,-0.001522,-0.004805,-0.005174,-0.000769,-0.008265,0.000409,-0.001013,0.000489,0.0064,0.008828,0.159851,-0.646683,0.243745,-1.241217,1,0,0,0,0,0,0,0,0,0,0
31,-0.009415,-0.08403,-0.087691,-0.144435,-0.235766,-0.01376,-0.02298,0.199183,0.306291,0.271723,0.000626,-0.013878,-0.01194,-0.020122,-0.021355,-0.079274,-0.172739,-0.069252,-0.155416,-0.1745,-0.005148,-0.070759,-0.163794,-0.315451,-0.421072,0.008064,0.006361,0.161112,0.367733,0.21541,-0.003034,-0.015444,-0.013134,-0.010198,-0.004424,-0.049346,-0.068332,-0.075966,-0.130577,-0.142869,0.030147,0.103801,-0.006478,0.023459,0.029561,0.022233,0.031278,-0.039421,0.082302,-0.014846,-0.000115,-0.004763,0.000126,-0.002004,-0.004493,-2.1e-05,-0.000397,0.002563,0.009204,0.013881,0.134886,-0.213861,0.288993,-0.757435,1,0,0,0,0,0,0,0,0,0,0
32,-0.048385,-0.080394,-0.086558,-0.200773,-0.230807,-0.003122,-0.006285,0.163003,0.353059,0.386256,-0.006426,-0.013678,-0.016175,-0.023387,-0.02381,-0.023065,-0.039341,0.017384,-0.116129,-0.074915,-0.033217,-0.079568,-0.208266,-0.376245,-0.422253,-0.00147,-0.002397,0.191245,0.44715,0.397798,-0.003727,-0.010817,-0.007876,-0.006164,0.00417,-0.001168,-0.014745,-0.076768,-0.092419,-0.091976,0.021359,0.024018,-0.094367,0.021615,-0.01989,0.004589,0.003972,0.032193,0.11021,0.039502,-0.002148,-0.002405,0.000665,-0.00456,-0.006945,-0.000965,8.2e-05,0.004203,0.005896,0.013779,0.132053,-0.127522,0.242234,-0.873358,1,0,0,0,0,0,0,0,0,0,0
33,-0.028846,-0.032672,-0.09198,-0.187439,-0.18838,-0.006465,0.225737,0.337684,0.301555,0.447668,-0.008633,-0.006608,-0.01516,-0.016448,-0.009779,-0.074264,0.033899,-0.056158,-0.076105,0.007979,-0.03484,-0.132079,-0.29059,-0.400982,-0.383327,-0.000286,0.161457,0.377414,0.218208,0.448159,-0.009186,-0.006772,-0.003703,0.002332,0.021543,-0.018658,-0.026637,-0.083715,-0.096563,-0.09685,0.055289,-0.059974,-0.028683,-0.022306,-0.10739,0.004794,-0.0691,0.058124,-0.043414,0.020546,-0.003938,0.002724,-0.000179,-0.003571,-0.005551,0.000563,0.004598,0.013645,0.020018,0.015304,0.100606,-0.051956,0.147324,-0.55705,1,0,0,0,0,0,0,0,0,0,0
34,-0.003853,-0.01044,-0.132495,-0.164591,-0.210657,0.003423,0.18433,0.387432,0.422907,0.412596,0.001335,-0.001335,-0.009041,-0.009493,-0.012571,0.060747,0.121366,-0.021311,0.022732,0.005446,-0.012873,-0.150405,-0.329913,-0.379079,-0.389692,-0.000689,0.206244,0.479715,0.426976,0.438212,0.002088,0.005231,0.007061,0.018104,0.022108,0.005123,-0.061156,-0.077882,-0.077409,-0.094092,-0.055334,-0.181845,-0.057902,-0.102255,-0.102096,-0.005703,0.024455,0.107828,0.032266,0.038783,0.005215,0.010101,0.001786,-0.00201,-0.003672,0.000862,0.007421,0.010115,0.022661,0.015996,0.189511,-0.887654,0.322305,-1.44204,1,0,0,0,0,0,0,0,0,0,0
35,-0.000163,-0.059243,-0.154333,-0.155271,-0.208441,0.228066,0.339582,0.303592,0.449142,0.363284,0.000754,-0.007765,-0.009048,-0.002405,-0.015264,0.050235,-0.039475,-0.059345,0.024415,-0.081885,-0.084677,-0.242576,-0.352544,-0.334956,-0.376714,0.161772,0.376897,0.218304,0.447369,0.383072,0.000428,0.003485,0.009497,0.028633,0.014429,-0.012798,-0.069657,-0.082455,-0.08274,-0.108215,-0.062432,-0.031263,-0.02491,-0.109666,-0.028915,-0.06821,0.058524,-0.042623,0.021091,0.036729,0.002929,0.000105,-0.003198,-0.005124,-0.005564,0.003339,0.012146,0.018348,0.01376,0.011642,0.233194,-0.986142,0.40421,-1.538405,1,0,0,0,0,0,0,0,0,0,0
36,-0.006227,-0.124713,-0.155871,-0.20059,-0.224559,-0.05824,0.138923,0.173361,0.163352,-0.018368,-0.003364,-0.010846,-0.011284,-0.014273,-0.005036,0.007335,-0.13117,-0.088415,-0.105195,-0.062064,-0.046684,-0.220944,-0.268672,-0.278975,-0.35924,0.035002,0.300478,0.24928,0.260188,-0.213191,0.002612,0.004388,0.015109,0.018995,0.022109,-0.051218,-0.067455,-0.066996,-0.083191,-0.136771,-0.058794,0.061525,0.018468,0.018623,-0.077407,0.099218,0.180153,0.106801,0.113127,-0.061139,0.000478,-0.006278,-0.009362,-0.010711,-0.007785,0.001349,0.003537,0.01373,0.008316,0.019377,0.115661,0.226337,0.244978,0.172932,1,0,0,0,0,0,0,0,0,0,0
37,-0.054209,-0.151456,-0.152414,-0.20679,-0.207499,0.17213,0.135324,0.284175,0.196369,0.003043,-0.005356,-0.006669,0.000125,-0.013026,-0.002209,-0.09906,-0.11938,-0.033722,-0.142431,-0.073988,-0.11492,-0.227381,-0.209395,-0.2521,-0.283279,0.185094,0.022905,0.257164,0.191409,-0.232821,0.000521,0.006669,0.02624,0.011713,0.017757,-0.007065,-0.020154,-0.020446,-0.046498,-0.073863,0.090515,0.097012,0.010334,0.092915,-0.002291,0.030652,-0.072787,-0.007629,0.008364,-0.158139,-0.003775,-0.007638,-0.009892,-0.010407,-0.008142,0.008979,0.016236,0.010868,0.00839,0.017416,0.131389,0.127662,0.24858,0.103791,1,0,0,0,0,0,0,0,0,0,0
38,-0.071303,-0.105944,-0.155663,-0.182312,-0.16412,0.027322,0.065611,0.054482,-0.147555,-0.119977,-0.002347,-0.002834,-0.006157,0.004112,0.009897,-0.043562,0.003973,-0.014683,0.03327,0.095048,-0.065634,-0.118699,-0.130153,-0.219392,-0.155477,0.088821,0.031899,0.044027,-0.482277,-0.438274,0.001394,0.013313,0.017634,0.021096,0.02321,-0.010176,-0.009665,-0.027671,-0.087241,-0.066494,0.032869,-0.015001,-0.01483,-0.121596,-0.162029,0.055814,-0.025739,-0.018706,-0.212456,-0.251447,-0.006112,-0.012588,-0.015423,-0.009277,-0.008212,-0.014613,0.006791,-0.004579,0.018648,0.018195,0.104812,0.228565,0.186797,0.169557,1,0,0,0,0,0,0,0,0,0,0
39,-0.061827,-0.063607,-0.164613,-0.165929,-0.134222,-0.113897,0.1626,-0.000503,-0.359617,0.030778,0.001471,0.014092,-0.010337,0.009756,0.01084,0.034843,0.193958,-0.007975,0.119162,0.212812,-0.099534,-0.066124,-0.145449,-0.203366,-0.127486,-0.449279,-0.014131,-0.136274,-0.924302,-0.145682,0.009098,0.045451,0.018467,0.029694,0.031978,-0.007356,-0.007898,-0.056291,-0.107122,-0.086255,-0.042702,-0.20371,-0.050311,-0.227161,-0.299728,-0.285149,-0.164114,-0.134407,-0.443693,-0.167555,-0.076791,-0.248823,-0.288068,-0.115262,-0.090967,1.075056,0.665389,0.476312,1.165039,0.878833,0.102768,0.154255,0.172671,-0.330921,1,0,0,0,0,0,0,0,0,0,0
40,0.003956,-0.075915,-0.118725,-0.089501,-0.066211,0.171313,0.153435,-0.171126,-0.126824,-0.189452,-0.002202,-0.007539,0.008958,0.018251,0.007465,0.042772,0.012802,0.089837,0.189079,0.143022,0.010712,-0.007689,-0.151047,-0.048371,-0.010861,0.341693,0.361176,-0.484305,-0.413615,0.126712,0.010376,0.017318,0.022879,0.026275,0.019968,0.007912,-0.021013,-0.116709,-0.08338,-0.07069,-0.035734,-0.035458,-0.206972,-0.271925,-0.213975,0.143892,0.155191,-0.156058,-0.218696,0.262282,-0.11936,-0.197625,-0.027949,0.00147,-0.017026,-0.241155,-0.55508,0.086232,0.073725,-0.621699,0.101557,0.192583,0.151156,-0.265802,1,0,0,0,0,0,0,0,0,0,0
41,-0.004955,-0.090002,-0.091111,-0.064413,-0.032435,0.083189,-0.054145,-0.356521,-0.027806,-0.296574,0.01255,-0.008019,0.008899,0.009812,0.001239,0.09662,-0.07341,0.033641,0.112495,0.05496,0.018776,-0.048016,-0.096783,-0.032891,0.030772,0.067966,-0.03488,-0.698406,-0.042801,-0.178831,0.021547,-0.001174,0.00828,0.010203,-0.004922,-0.007367,-0.048114,-0.090915,-0.073345,-0.065358,-0.104361,0.024803,-0.124107,-0.185209,-0.119361,-0.023761,0.001252,-0.259169,-0.026658,0.088357,-0.005348,-0.017124,0.034729,0.042019,0.043179,-0.029438,-0.086173,0.12049,0.03461,-0.233162,0.106879,0.174461,0.106197,-0.298109,1,0,0,0,0,0,0,0,0,0,0
42,-0.052591,-0.082934,-0.062221,-0.045713,0.020502,-0.080183,-0.310231,-0.278829,-0.32322,-0.401445,-0.013968,-0.002275,0.004312,-0.003333,-0.010688,-0.099654,-0.045052,0.02529,-0.007354,-0.034682,-0.02828,-0.129891,-0.057115,-0.030528,0.053226,-0.041348,-0.640619,-0.590515,-0.207535,-0.333537,-0.012566,-0.008624,-0.006217,-0.010688,-0.029682,-0.014523,-0.082352,-0.058729,-0.049734,-0.023862,0.084889,-0.036679,-0.082718,-0.041643,0.012471,0.027292,-0.19332,-0.237717,0.103197,0.052381,-0.005794,0.009455,0.012099,0.010437,0.013497,-0.021389,0.036248,0.035124,-0.027377,-0.035692,0.115954,0.128004,0.069834,-0.193984,1,0,0,0,0,0,0,0,0,0,0
43,-0.027452,-0.028955,0.00725,0.050616,0.155782,-0.052251,-0.462305,-0.016533,-0.381011,-0.956969,-0.004553,0.01839,0.019627,0.008001,0.001768,-0.064054,0.081118,0.188052,0.110028,0.199722,-0.043322,-0.109454,-0.02281,0.063524,0.393786,-0.070376,-0.970187,-0.081118,-0.265589,-0.791285,-0.009814,0.003006,0.005614,-0.014897,-0.031696,-0.030988,-0.089031,-0.065204,-0.054373,0.043189,0.033308,-0.168628,-0.251489,-0.162192,-0.153236,-0.011684,-0.364843,-0.049534,0.106438,0.125832,0.111476,0.548823,0.610309,0.620091,0.738718,0.299652,2.042714,1.318369,-0.940101,-6.607421,0.098759,0.168181,-0.076103,-0.034711,1,0,0,0,0,0,0,0,0,0,0
44,-0.025753,0.012583,0.043133,0.165679,0.218115,-0.367882,-0.309767,-0.391921,-0.536694,-1.204942,0.026683,0.038874,0.024725,0.011114,-0.007687,0.171995,0.302178,0.241762,0.191187,0.31995,-0.140073,-0.005386,0.043819,0.198825,0.583499,-1.031136,-0.938407,-0.22962,-0.462814,-0.997892,0.018164,0.022619,0.014345,-0.020808,-0.029718,-0.091212,-0.047491,-0.030844,0.017038,0.156964,-0.261878,-0.347081,-0.271064,-0.170914,-0.160832,-0.395348,-0.477514,0.153421,0.059375,0.15941,0.906192,1.102816,0.979192,1.206769,0.95313,3.673797,3.5902,-1.05777,-1.676133,-19.271837,0.104476,0.179003,-0.105648,-0.090327,1,0,0,0,0,0,0,0,0,0,0
45,0.012512,0.03334,0.058288,0.118789,0.131733,-0.04481,0.211638,0.001958,-0.329384,-0.432838,-0.000661,5.1e-05,-0.006638,-0.010223,-0.017293,-0.005824,0.055694,0.010808,0.062408,0.113372,0.034714,0.084559,0.134226,0.324222,0.397845,0.017954,0.529426,0.423302,0.120874,0.0074,-0.00206,-0.000559,-0.01236,-0.022023,-0.027415,0.013987,0.027695,0.033925,0.090052,0.153324,0.019856,-0.027813,0.023559,0.028711,0.040759,0.002188,0.183582,0.273311,0.284468,0.278178,-0.000125,0.001158,0.001362,0.003836,0.002606,-0.001131,-0.016237,-0.063336,-0.181526,-0.255212,0.10891,0.127022,-0.123254,-0.07842,1,0,0,0,0,0,0,0,0,0,0
46,0.008279,0.026033,0.097247,0.127719,0.139071,0.083903,0.036162,-0.047969,-0.436303,-0.445464,0.007824,-0.000398,-0.008308,-0.019233,-0.011011,0.082168,0.047059,0.017668,0.092496,0.205619,0.039434,0.068027,0.158105,0.381648,0.4268,0.0338,0.445692,0.310178,-0.000768,-0.005833,0.004894,8.5e-05,-0.020343,-0.025521,-0.022135,0.009759,0.019432,0.047258,0.128572,0.211906,-0.071728,-0.027553,0.030646,0.036506,0.007389,-0.050197,0.316453,0.261801,0.319934,0.327933,0.004674,0.001907,0.007001,0.001324,0.008586,0.00061,-0.103415,-0.117254,-0.511057,-0.586764,0.148627,-0.310144,-0.190404,-0.551914,1,0,0,0,0,0,0,0,0,0,0
47,0.013406,0.038314,0.098718,0.111642,0.114993,0.181161,-0.028183,-0.358995,-0.462284,-0.481555,-0.006271,-0.012949,-0.016529,-0.023588,0.005789,-0.011908,-0.056722,-0.005205,0.045677,0.143659,0.014574,0.064162,0.253854,0.327359,0.358513,0.480488,0.374534,0.072591,-0.040701,-0.023283,-0.002869,-0.01465,-0.024299,-0.029681,-0.017012,0.004977,0.011197,0.067234,0.130405,0.201752,0.016418,0.067708,0.072852,0.08488,0.060673,0.225899,0.315485,0.326624,0.320344,0.360684,-0.000839,-0.000637,0.001809,0.000594,0.007835,-0.015212,-0.061786,-0.178657,-0.251522,-0.280949,0.151469,-0.257456,-0.202071,-0.483072,1,0,0,0,0,0,0,0,0,0,0
48,0.00249,0.067414,0.095194,0.105543,0.113869,-0.228594,-0.305294,-0.659326,-0.667678,-0.654216,-0.001089,-0.0083,-0.018261,-0.010764,0.046248,-0.019843,-0.046637,0.021581,0.124711,0.153425,0.011179,0.0933,0.297097,0.338261,0.376157,-0.115348,-0.238892,-0.522371,-0.526988,-0.520634,-0.001453,-0.020076,-0.024797,-0.02171,-0.004202,0.003735,0.029103,0.103234,0.179208,0.212409,0.023501,0.076559,0.081901,0.055356,0.066121,0.10349,0.053665,0.106663,0.113955,0.112114,-0.000474,0.002192,-0.000779,0.003022,0.018858,-0.036786,-0.044029,-0.250158,-0.289786,-0.341164,0.189668,-0.245379,-0.23947,-0.449627,1,0,0,0,0,0,0,0,0,0,0
49,0.02198,0.081067,0.093709,0.096987,0.112013,0.014107,-0.30949,-0.410525,-0.429376,-0.388545,-0.005489,-0.008991,-0.015895,0.012841,0.06383,-0.024837,0.025557,0.07533,0.171174,0.152373,0.037801,0.223356,0.295258,0.325733,0.371656,0.006805,-0.288552,-0.399373,-0.382336,-0.410004,-0.010133,-0.019571,-0.024837,-0.012443,0.011748,0.002509,0.057323,0.119117,0.188908,0.212825,0.027668,0.0327,0.044466,0.020787,0.067643,-0.011463,-0.000567,-0.00671,0.032751,-0.027724,0.000523,0.002619,0.001578,0.007783,0.013641,-0.012764,-0.112918,-0.175361,-0.200579,-0.248671,0.252061,-0.521777,-0.327446,-0.586386,1,0,0,0,0,0,0,0,0,0,0
50,0.040862,0.06791,0.077987,0.086094,0.100237,-0.089023,-0.433727,-0.441859,-0.428752,-0.391703,-0.00144,-0.011137,-0.003839,0.051671,0.088392,-0.000833,0.065587,0.166,0.193957,0.21305,0.041519,0.239947,0.280026,0.316923,0.345487,-0.127209,-0.403219,-0.407715,-0.401527,-0.426277,-0.007829,-0.012425,-0.00942,0.007627,0.04561,0.022149,0.094327,0.168299,0.200625,0.235274,0.023526,0.028727,0.002882,0.013364,0.02835,-0.036856,0.014745,0.021845,0.020053,-0.036718,0.001624,-0.000841,0.002312,0.015449,0.01308,0.008338,-0.16265,-0.195522,-0.23814,-0.267169,0.42451,-1.147587,-0.502811,-1.195368,1,0,0,0,0,0,0,0,0,0,0
51,0.019553,0.03263,0.036022,0.051566,0.088873,-0.244189,-0.348709,-0.368211,-0.325971,-0.291825,-0.002158,-0.009301,0.020426,0.073175,0.110481,0.05298,0.104469,0.203619,0.18417,0.215927,0.149715,0.224097,0.255623,0.30313,0.324917,-0.176128,-0.290771,-0.273145,-0.301768,-0.311788,-0.001799,-0.007246,0.005575,0.030601,0.075975,0.034172,0.098097,0.170295,0.195038,0.210891,-0.018729,-0.006557,-0.031053,0.017419,0.000235,0.048768,0.042413,0.083235,0.020674,-0.025979,0.000826,-0.000495,0.007374,0.014801,0.012028,-0.136392,-0.215563,-0.247537,-0.308513,-0.306647,0.740128,-2.591752,-0.886565,-2.521439,1,0,0,0,0,0,0,0,0,0,0
52,0.007786,0.017808,0.02587,0.039935,0.078841,-0.104108,-0.112196,-0.09916,-0.062314,-0.046365,-0.007535,-0.000276,0.05493,0.09145,0.141457,0.014266,0.11413,0.141934,0.160922,0.158385,0.050987,0.090847,0.127542,0.155949,0.177976,-0.102325,-0.106796,-0.100642,-0.125257,-0.165418,-0.002813,0.000176,0.01713,0.054905,0.110011,0.038378,0.111945,0.144094,0.178554,0.194001,0.023482,-0.002222,0.008202,0.023106,0.039828,0.003646,0.010707,0.008925,-0.047536,-0.106105,-0.003077,-4.2e-05,0.012599,0.01032,0.006053,-0.048189,-0.079822,-0.120834,-0.148769,-0.146884,0.390779,-1.381028,-0.495201,-1.15839,1,0,0,0,0,0,0,0,0,0,0
53,0.005302,0.00882,0.02494,0.063629,0.070663,0.002052,-0.018172,0.025633,0.061044,0.035518,0.000586,0.031415,0.086118,0.124806,0.158459,0.038263,0.141087,0.120916,0.15385,0.158353,0.023048,0.055742,0.105009,0.127604,0.134958,-0.010338,0.00794,-0.021743,-0.032134,-0.096243,-0.002665,0.010631,0.036584,0.08364,0.139301,0.025579,0.100453,0.126112,0.142552,0.166773,-0.012287,-0.037691,0.012577,-0.005244,0.010596,-0.010458,0.031876,-0.033002,-0.081383,-0.118562,0.002949,0.013099,0.022681,0.019104,-0.001218,-0.029261,-0.070509,-0.149171,-0.146764,-0.15185,0.123954,0.009061,-0.20433,0.083799,1,0,0,0,0,0,0,0,0,0,0
54,0.005382,0.014021,0.029091,0.070777,0.061089,-0.010738,0.003229,0.042708,0.059797,0.012568,0.007185,0.066337,0.105466,0.159046,0.169515,0.068355,0.098146,0.118491,0.115773,0.161199,0.01943,0.058747,0.089184,0.112786,0.109906,0.005651,0.012245,-0.014128,-0.05716,-0.126214,0.005894,0.024059,0.064533,0.123577,0.162383,0.052988,0.087435,0.124357,0.140908,0.132619,-0.01513,-0.003961,0.012008,0.029924,-0.027529,0.018129,0.016219,-0.044276,-0.10703,-0.126172,0.001758,0.022251,0.018556,0.011639,-0.005828,-0.019912,-0.086399,-0.131685,-0.12863,-0.134345,0.094613,0.076428,-0.200756,0.131296,1,0,0,0,0,0,0,0,0,0,0
55,-0.00264,0.02085,0.077225,0.087475,0.073498,-0.013977,0.049853,0.101453,0.064257,0.014133,0.034555,0.114266,0.170641,0.219679,0.252759,0.051212,0.02182,0.06981,0.076371,0.132359,0.019607,0.091397,0.124321,0.135038,0.109878,0.018481,-0.024771,-0.039913,-0.133329,-0.172117,0.010871,0.048688,0.117255,0.198363,0.252759,0.032653,0.070042,0.093998,0.129291,0.10584,-0.015187,0.05806,0.032093,0.055175,-0.026338,0.035533,-0.059005,-0.129504,-0.183678,-0.175642,0.118709,0.252363,0.202467,-0.08099,-0.1287,-0.31627,-1.413502,-1.379922,-1.450866,-1.395366,0.068471,0.128792,-0.176143,0.176932,1,0,0,0,0,0,0,0,0,0,0
56,0.014538,0.035466,0.093355,0.079902,0.069026,0.03285,0.087675,0.111406,0.045818,0.026796,0.048883,0.103222,0.17763,0.192167,0.216982,-0.007923,0.02033,0.016556,0.07964,0.0839,0.035728,0.077996,0.110771,0.106772,0.08532,-0.008633,-0.045258,-0.105016,-0.200912,-0.157037,0.014762,0.07097,0.152964,0.206854,0.246245,0.016406,0.067681,0.090665,0.079154,0.069886,0.030129,0.052306,0.077187,-0.002599,-0.017781,-0.036854,-0.120864,-0.208012,-0.234593,-0.176739,0.113246,0.076446,0.007544,-0.166435,-0.206502,-0.420129,-0.8712,-0.840775,-0.8977,-0.809885,0.067198,0.103299,-0.188579,0.082026,1,0,0,0,0,0,0,0,0,0,0
57,0.008181,0.063172,0.07317,0.059536,0.052946,0.028973,0.079306,0.043024,-0.00587,-0.015339,0.028215,0.083207,0.13104,0.163308,0.165429,-0.020641,0.02617,0.032571,0.087183,0.079874,0.033821,0.065937,0.07639,0.051848,0.042834,-0.033442,-0.048212,-0.139334,-0.17717,-0.138085,0.021928,0.088812,0.167929,0.220988,0.242197,0.019845,0.043213,0.077639,0.054764,0.049765,0.040916,0.015587,0.038102,-0.04141,-0.041058,-0.054868,-0.123637,-0.176481,-0.168642,-0.122057,-0.011999,-0.053926,-0.292111,-0.332201,-0.39435,-0.460828,-0.432611,-0.492224,-0.445588,-0.373775,0.068988,0.107932,-0.190945,0.068129,1,0,0,0,0,0,0,0,0,0,0
58,0.015774,0.086802,0.070295,0.056951,0.051311,0.03219,0.061307,-0.019167,-0.042507,-0.0636,0.032511,0.123807,0.141644,0.172091,0.18273,0.059657,0.055025,0.132427,0.137655,0.161407,0.010913,0.051128,0.046221,0.019901,0.006924,-0.004448,-0.077769,-0.195431,-0.141598,-0.118121,0.042415,0.14302,0.209142,0.257472,0.283472,0.038885,0.067085,0.052962,0.04159,0.035124,-0.022329,0.008199,-0.089696,-0.108324,-0.139919,-0.036646,-0.143573,-0.176188,-0.105203,-0.063537,-0.108296,-0.396743,-1.125076,-1.292811,-1.427357,-0.130809,-0.003437,-0.241745,0.125879,0.433229,0.061765,0.130545,-0.185881,0.124968,1,0,0,0,0,0,0,0,0,0,0
59,0.076506,0.094735,0.069877,0.057863,0.012429,0.043293,-0.022855,-0.111997,-0.129259,-0.115932,0.051303,0.138511,0.197341,0.201207,0.237389,-0.004488,0.007181,0.106749,0.093423,0.143759,0.04212,0.061177,0.016434,0.0,-0.046746,-0.020231,-0.186362,-0.255341,-0.184083,-0.113171,0.05807,0.202312,0.299049,0.337716,0.359536,-0.01595,0.046815,0.00511,-0.004005,-0.012567,-0.012556,0.028492,-0.116471,-0.115828,-0.173101,-0.070193,-0.166537,-0.152245,-0.067313,-0.011439,-0.905973,-16.85354,-19.537761,-23.698938,-21.841773,4.185711,0.194317,3.316797,8.125,11.46414,0.06371,0.133138,-0.189484,0.077093,1,0,0,0,0,0,0,0,0,0,0
60,0.05229,0.009604,-0.0249,-0.039485,-0.111814,0.000949,-0.207146,-0.267499,-0.322042,-0.196474,0.147978,0.194103,0.272835,0.300343,0.313386,-0.004269,0.195881,0.209399,0.270819,0.229556,0.031659,0.018972,-0.049089,-0.082645,-0.172048,-0.154855,-0.459112,-0.319908,-0.259199,-0.01079,0.160428,0.331409,0.456385,0.523615,0.501916,0.100312,0.063792,0.034386,0.017667,-0.000356,0.100503,-0.152637,-0.200806,-0.282508,-0.255921,-0.15596,-0.240296,-0.056741,0.051001,0.167516,-183.093722,-231.832585,-361.502977,-465.515417,-389.141704,-85.851239,-270.079121,14.118517,251.720194,254.252985,0.066411,0.111912,-0.191848,0.023872,1,0,0,0,0,0,0,0,0,0,0
61,-0.013491,-0.04093,-0.054192,-0.104345,-0.130641,-0.073628,-0.172028,-0.191083,-0.176373,-0.031631,0.001143,0.066083,0.070351,0.11029,0.090702,0.015625,0.125534,0.110824,0.166388,0.184147,0.000686,-0.048705,-0.066845,-0.118446,-0.203431,-0.083842,-0.159986,-0.081327,-0.003049,0.207699,0.056098,0.162882,0.205565,0.229651,0.206785,0.004802,-0.041235,-0.051296,-0.060747,-0.059452,-0.019293,-0.179312,-0.178602,-0.241824,-0.257842,-0.006097,0.009679,0.103432,0.165109,0.218797,-23.544982,-28.905602,-37.215832,-33.506912,-32.628739,-4.077626,2.158235,11.760631,18.429179,58.820622,0.079909,0.101397,-0.185021,-0.235064,1,0,0,0,0,0,0,0,0,0,0
62,-0.005965,-0.015449,-0.019458,-0.039341,-0.054203,-0.025716,-0.042307,-0.0573,-0.022783,0.020241,0.01219,0.033832,0.041394,0.044979,0.033735,0.048337,0.052052,0.068936,0.057593,0.061993,-0.003781,-0.02249,-0.031714,-0.056289,-0.086732,-0.047782,-0.009517,0.007171,0.075455,0.125453,0.023011,0.057365,0.075846,0.069881,0.058832,-0.012092,-0.020176,-0.024771,-0.029726,-0.029302,-0.061334,-0.074575,-0.097034,-0.089725,-0.093699,-0.020575,0.029881,0.059498,0.091526,0.095478,-0.005205,-0.020583,-0.032918,-0.023861,-0.023621,-0.011185,0.022519,0.050697,0.087604,0.146811,0.072895,0.098171,-0.187724,-0.233026,1,0,0,0,0,0,0,0,0,0,0
63,-0.005531,-0.010967,-0.031527,-0.042307,-0.040182,-0.015686,-0.023497,-0.017467,0.04187,0.054524,0.014936,0.016685,0.033058,0.025028,0.008468,-0.001281,-0.007312,0.015467,0.022747,0.003312,-0.016623,-0.024059,-0.045213,-0.080052,-0.088114,0.014592,0.046838,0.078928,0.165323,0.168916,0.021716,0.039214,0.049088,0.039714,0.030184,-0.00728,-0.011405,-0.015279,-0.014748,-0.012405,-0.006801,-0.00651,-0.032428,-0.038994,-0.018019,0.026192,0.064626,0.08991,0.111919,0.101373,-0.006558,-0.022727,-0.015511,-0.013802,-0.021864,0.020456,0.03914,0.052116,0.130708,0.153303,1.142871,-13.66008,-2.589196,-15.23949,1,0,0,0,0,0,0,0,0,0,0
64,-0.00333,-0.006923,-0.024742,-0.038062,-0.030555,-0.000204,-0.013642,0.017293,0.055852,0.065024,0.005433,0.01221,0.015423,0.005346,-0.020506,0.004528,0.019659,0.009494,0.013437,-0.002074,-0.001227,-0.009494,-0.031519,-0.058802,-0.069113,0.020652,0.035608,0.096806,0.141615,0.139366,0.010487,0.027049,0.021704,0.011801,0.001694,-0.000438,-0.004557,-0.008997,-0.008617,0.007274,-0.005509,-0.025636,-0.019086,-0.022648,0.007249,0.020734,0.047277,0.075981,0.079522,0.065436,-0.003049,-0.008777,-0.004571,-0.00446,-0.016241,0.002885,0.015971,0.033111,0.060606,0.088721,3.6563,-43.890774,-7.500802,-46.956662,1,0,0,0,0,0,0,0,0,0,0
65,-0.001842,-0.022041,-0.032632,-0.030545,-0.028703,-0.00746,-0.001535,0.056761,0.069194,0.078495,-0.003991,0.012095,0.004206,-0.012064,-0.029931,-0.010683,0.011696,0.018849,-0.000246,-0.011696,-0.006017,-0.0268,-0.061028,-0.068948,-0.080552,0.009977,0.041504,0.126384,0.129915,0.122117,0.00617,0.015871,0.006662,-0.002701,-0.019708,-0.003592,-0.007398,-0.006876,-0.004574,0.007951,0.006075,-0.019388,-0.025839,-0.005232,0.018581,0.01597,0.040811,0.062434,0.052074,0.033271,-0.00997,-0.003594,-0.002084,-0.009208,-0.010777,0.012424,0.023888,0.093326,0.11329,0.136746,6.982809,-79.789896,-11.757744,-81.028214,1,0,0,0,0,0,0,0,0,0,0
66,-0.001933,-0.020653,-0.034647,-0.02676,-0.040939,-0.006659,0.02584,0.066349,0.075985,0.104802,0.011109,0.014485,0.003897,-0.023262,-0.026116,0.026576,0.015897,0.02004,0.003744,-0.005401,-0.00267,-0.025809,-0.054472,-0.065305,-0.08599,0.005739,0.070031,0.117108,0.114745,0.110234,0.011232,0.005616,-0.004787,-0.015406,-0.028602,-0.000737,-0.005401,-0.005002,0.011692,0.01114,-0.027219,-0.020338,-0.024079,0.00733,0.016694,0.01192,0.042076,0.045797,0.030998,-0.002914,0.001857,0.007798,0.007956,-0.008686,0.001647,0.006088,0.030299,0.069138,0.108853,0.114577,0.585962,-5.834271,-0.997976,-6.415033,1,0,0,0,0,0,0,0,0,0,0
67,-0.017467,-0.027595,-0.025598,-0.023837,-0.047733,0.012036,0.067783,0.079672,0.088567,0.109409,0.004756,-0.002789,-0.018347,-0.035433,-0.044562,-0.004022,0.002818,-0.015441,-0.026391,-0.030853,-0.01732,-0.050052,-0.057626,-0.068722,-0.093616,0.024659,0.105828,0.109204,0.101747,0.098371,-0.001468,-0.010275,-0.019228,-0.035491,-0.046881,-0.002936,-0.002437,-0.000235,0.011742,0.011067,0.001687,-0.004482,0.015224,0.037996,0.041961,0.012352,0.03303,0.023122,0.005142,-0.018999,0.003302,0.004406,-0.000803,-0.001951,-0.000304,0.003922,0.0547,0.069298,0.086451,0.082933,0.510244,-4.866739,-0.832266,-5.478882,1,0,0,0,0,0,0,0,0,0,0
68,-0.000449,-0.014101,-0.006407,-0.020239,-0.03434,0.01943,0.05895,0.068351,0.096463,0.097511,-0.001557,-0.011886,-0.038382,-0.041166,-0.05892,-0.006317,-0.002275,-0.018173,-0.027095,-0.027005,-0.00491,-0.032873,-0.043441,-0.06362,-0.079398,0.037573,0.0835,0.081194,0.076793,0.075716,-0.003982,-0.014131,-0.02449,-0.037364,-0.05389,-0.001557,-0.001168,0.015119,0.01458,0.020059,0.004992,0.001342,0.031985,0.041119,0.046384,0.016822,0.020451,0.006014,-0.027069,-0.029405,0.001208,0.00134,-0.012656,-0.003965,-0.005661,0.015862,0.048526,0.081928,0.086742,0.088607,0.217557,-1.850609,-0.28265,-1.623824,1,0,0,0,0,0,0,0,0,0,0
69,-0.010284,-0.008165,-0.006295,-0.031663,-0.041542,0.038956,0.051577,0.06102,0.083147,0.074078,-0.006389,-0.022906,-0.041044,-0.050736,-0.073735,0.013837,-0.005547,-0.017172,-0.021909,-0.017078,-0.029637,-0.037678,-0.049458,-0.075885,-0.082305,0.047058,0.050642,0.042726,0.039143,0.026833,-0.005204,-0.01471,-0.031975,-0.044067,-0.06317,0.00215,0.004488,0.017203,0.016486,0.030728,-0.011746,0.009174,0.033349,0.037558,0.046619,0.004441,-0.006077,-0.025165,-0.050793,-0.053529,7.8e-05,-0.007838,-0.009582,-0.00708,-0.013271,0.056162,0.078347,0.104414,0.099067,0.092547,0.185197,-1.49541,-0.201896,-1.160278,1,0,0,0,0,0,0,0,0,0,0
70,-0.004589,0.004771,-0.012055,-0.02921,-0.05048,0.00255,0.013986,0.048186,0.04946,0.020214,-0.005099,-0.037332,-0.040719,-0.062317,-0.104493,-0.011254,-0.030594,-0.041448,-0.041338,-0.030594,0.000619,-0.012238,-0.036786,-0.05598,-0.06982,0.000874,-0.00193,-0.007284,-0.008595,-0.043487,-0.006264,-0.018866,-0.034528,-0.054632,-0.078306,-0.00204,0.017774,0.017118,0.023783,0.035256,0.009287,0.046564,0.057677,0.064081,0.063562,-0.000775,-0.018338,-0.058585,-0.061427,-0.06595,0.000288,-0.054901,-0.020632,-0.027317,-0.090983,-0.038432,0.093275,0.11226,0.119614,0.085491,0.065026,-0.143169,-0.105816,-0.112725,1,0,0,0,0,0,0,0,0,0,0
71,0.007025,0.009198,-0.020279,-0.031758,-0.059316,0.012131,0.023103,0.048814,0.038276,0.013399,-0.014123,-0.035198,-0.04646,-0.073185,-0.115517,-0.011334,-0.024842,-0.030346,-0.024733,0.003114,-0.009958,-0.023647,-0.054355,-0.061814,-0.088104,0.003295,-0.005903,-0.010067,-0.024371,-0.050407,-0.004816,-0.024878,-0.038928,-0.061126,-0.080174,0.004744,0.019518,0.018685,0.035234,0.045845,0.015075,0.043166,0.048057,0.058585,0.040036,-0.011451,-0.033631,-0.06341,-0.06659,-0.067557,-0.022917,-0.027905,-0.02075,-0.038457,-0.110631,0.100363,0.174914,0.159623,0.140975,0.135163,0.059974,-0.197825,-0.098418,-0.158282,1,0,0,0,0,0,0,0,0,0,0
72,0.032624,-0.206618,-0.45052,-0.752938,-1.136657,-0.010875,0.475376,0.493501,0.077676,-0.240277,-0.25633,-0.304489,-0.611568,-1.211226,-1.624462,-0.112889,-0.267205,-0.265652,-0.112889,0.181244,-0.040391,-0.389415,-0.662316,-0.859095,-1.362435,-0.086997,-0.163119,-0.181762,-0.677852,-1.046035,-0.1103,-0.332971,-0.618818,-0.955413,-1.208637,0.213868,0.204546,0.299311,0.46243,0.629175,0.314428,0.472427,0.563485,0.556105,0.422192,-0.085952,-0.658181,-0.698593,-0.762907,-0.829775,-44.276908,-2.206788,-9.73981,-78.134557,-117.900185,15.830447,24.386567,30.512438,0.588645,29.367363,0.080343,-0.625669,-0.100451,-0.251381,1,0,0,0,0,0,0,0,0,0,0
73,-0.004553,-1.240015,-1.721147,-2.876168,-4.102523,0.491756,1.569371,1.127701,0.084995,-1.53598,-0.132046,-0.604071,-1.724183,-3.498452,-4.532051,-0.235254,-0.465954,-0.230701,0.936462,1.309833,-0.45533,-1.742396,-2.055056,-3.156954,-4.565442,-0.130528,-0.305071,-0.904589,-1.995863,-3.877894,-0.517558,-1.106452,-2.036843,-2.835188,-3.654782,-0.007589,-0.042497,0.651122,1.095827,1.496518,0.2558,0.460785,0.902048,0.124595,0.144857,-0.6777,-1.925823,-2.059096,-2.099628,-2.383656,278.857125,354.620315,182.157357,-530.618736,-694.249239,274.862485,185.914042,42.317194,-3.032247,106.533964,0.079772,-0.65313,-0.096592,-0.373435,1,0,0,0,0,0,0,0,0,0,0
74,-1.152917,-2.335976,-3.802868,-5.664113,-7.691137,1.544758,1.632671,-0.384306,-1.926552,-4.247457,-0.015071,-1.504569,-4.413236,-6.417654,-7.593177,-0.359188,-0.351652,0.389329,1.816033,2.921225,-0.939414,-2.263133,-3.217618,-5.659089,-7.558012,-0.15322,-0.243645,-2.649951,-4.435842,-6.94262,-0.22355,-1.610065,-3.242736,-4.471007,-5.327532,-0.032653,0.427006,1.218224,2.027024,2.486684,0.34305,0.784731,0.748931,0.099379,-0.554787,-1.654075,-1.850092,-2.162051,-2.486396,-2.652701,226.081662,48.846413,-1560.32988,-2495.926669,-2873.882225,-551.487677,-407.359562,-1111.399874,-434.300632,-625.272237,0.047763,-0.254085,-0.078942,-0.175063,1,0,0,0,0,0,0,0,0,0,0
75,-0.076901,-0.14557,-0.310419,-0.485449,-0.624304,0.020579,-0.042458,-0.191277,-0.422629,-0.555851,-0.06607,-0.225936,-0.479167,-0.626686,-0.682358,-0.00195,0.031627,0.198209,0.251498,0.270777,-0.102679,-0.147303,-0.30457,-0.505595,-0.624953,-0.011698,-0.097263,-0.253014,-0.521625,-0.65853,-0.06477,-0.197559,-0.311502,-0.428478,-0.444724,-0.002166,0.09683,0.1603,0.217488,0.226586,-0.000329,0.06265,-0.048311,-0.045419,-0.056478,-0.035487,-0.054508,-0.060293,-0.100831,-0.101743,-0.1382,-3.651292,-18.17063,-21.503804,-25.730308,2.289855,-0.635231,-1.559005,0.672873,-1.478521,0.053453,-0.003058,-0.075758,-0.012997,1,0,0,0,0,0,0,0,0,0,0
76,-0.021768,-0.131361,-0.270416,-0.421857,-0.506678,-0.01126,-0.161949,-0.277172,-0.450568,-0.501049,-0.054046,-0.271354,-0.421106,-0.50893,-0.561662,0.002252,0.057611,0.164201,0.246771,0.231383,-0.009946,-0.081256,-0.26366,-0.40553,-0.50255,0.003378,-0.176399,-0.309824,-0.497108,-0.589999,-0.047478,-0.169456,-0.261221,-0.325212,-0.349983,0.036218,0.095331,0.155757,0.190098,0.225378,0.033283,0.030609,-0.01792,-0.066793,-0.01666,0.016098,-0.007209,-0.031441,-0.043866,-0.087564,-0.885559,-9.867497,-15.089717,-17.199352,-19.902869,-0.913988,-4.84373,-1.064365,-2.130311,-1.558801,0.06,0.027434,-0.070929,0.052207,1,0,0,0,0,0,0,0,0,0,0
77,-0.01671,-0.079973,-0.147144,-0.200432,-0.227866,-0.019204,-0.076316,-0.165101,-0.216227,-0.218804,-0.03741,-0.134591,-0.191204,-0.212569,-0.237675,0.011888,0.075817,0.096267,0.103666,0.099759,-0.012719,-0.073073,-0.15022,-0.196026,-0.238673,-0.034334,-0.094106,-0.19719,-0.24973,-0.270263,-0.029928,-0.073655,-0.118547,-0.124782,-0.134342,0.021947,0.046305,0.068252,0.071743,0.09369,0.009425,-0.033158,-0.032049,-0.036292,-0.010597,-0.014431,-0.016651,-0.032208,-0.032558,-0.052447,-4.013172,-28.267554,-33.321633,-39.437353,-46.462029,-3.63704,-5.59025,-1.024075,-5.244282,1.33146,0.061085,0.026492,-0.077818,0.08154,1,0,0,0,0,0,0,0,0,0,0
78,-0.02745,-0.080558,-0.138396,-0.170791,-0.193726,-0.040996,-0.085001,-0.151225,-0.170505,-0.174232,-0.050743,-0.107936,-0.141478,-0.161618,-0.165559,0.010894,0.051603,0.083138,0.077261,0.071169,-0.016269,-0.085933,-0.140116,-0.17717,-0.212575,-0.039061,-0.090018,-0.161546,-0.197023,-0.203688,-0.020785,-0.055832,-0.080271,-0.089732,-0.097401,0.003655,0.026733,0.039849,0.053323,0.066439,-0.009147,-0.027681,-0.046347,-0.0272,-0.007937,0.00354,-0.005715,-0.01046,-0.027149,-0.031724,-5.853791,-9.698685,-11.174664,-13.035549,-12.267485,-2.611395,1.064446,0.076419,0.563134,3.071595,0.065337,0.032637,-0.077358,0.096293,1,0,0,0,0,0,0,0,0,0,0
79,-0.013258,-0.041597,-0.064079,-0.075653,-0.084106,-0.004033,-0.041492,-0.063062,-0.064149,-0.065306,-0.016169,-0.040054,-0.049067,-0.05966,-0.06478,0.02164,0.030268,0.03339,0.031741,0.028865,-0.017502,-0.05005,-0.069375,-0.087367,-0.099783,-0.006103,-0.049594,-0.07176,-0.080423,-0.082913,-0.008277,-0.027217,-0.029847,-0.033881,-0.04328,0.008488,0.017747,0.01922,0.028479,0.033565,-0.01349,-0.013021,-0.014812,-0.003971,0.004024,-0.002669,-0.009232,-0.00938,-0.017771,-0.019609,-0.018364,-0.030388,-0.044939,-0.061653,-0.05091,0.012904,0.023768,0.013727,0.029373,0.040153,0.069402,0.037958,-0.077505,0.100442,1,0,0,0,0,0,0,0,0,0,0
80,-0.013291,-0.042838,-0.059388,-0.071104,-0.081869,-0.01827,-0.052102,-0.061951,-0.063855,-0.068541,-0.012339,-0.029474,-0.039763,-0.041776,-0.056751,-0.001794,0.014316,0.011314,0.008202,0.008568,-0.017318,-0.044998,-0.063928,-0.082015,-0.090766,-0.019662,-0.056202,-0.074326,-0.077731,-0.084285,-0.009263,-0.021749,-0.026582,-0.030499,-0.042216,0.002929,0.009629,0.016513,0.023213,0.028339,0.004614,-0.004922,0.00486,0.0147,0.019414,-0.001942,-0.004366,-0.012892,-0.015229,-0.016819,-0.010104,-0.023507,-0.040405,-0.033431,-0.045211,0.015945,0.006973,0.011393,0.034171,0.026019,0.055137,-0.033029,-0.072474,0.083725,1,0,0,0,0,0,0,0,0,0,0
81,-0.020477,-0.049973,-0.065158,-0.076247,-0.09111,-0.026183,-0.054482,-0.055909,-0.057427,-0.062857,-0.015829,-0.027655,-0.041552,-0.04827,-0.052135,0.013574,0.01767,0.015507,0.011734,0.012838,-0.020937,-0.046291,-0.069897,-0.086187,-0.101234,-0.032349,-0.06143,-0.072796,-0.076063,-0.079146,-0.013206,-0.016658,-0.021949,-0.034281,-0.048224,0.008467,0.010399,0.022547,0.02922,0.026873,-0.005184,-0.007533,0.00669,0.017179,0.013916,-0.006171,-0.006365,-0.017373,-0.019784,-0.01748,-0.030421,-0.127779,-0.239606,-0.167731,-0.025016,-0.006271,-0.073454,0.031227,0.103357,0.110841,0.078869,-0.060045,-0.068617,-0.05583,1,0,0,0,0,0,0,0,0,0,0
82,-0.017804,-0.040034,-0.055772,-0.070231,-0.082822,-0.017459,-0.030689,-0.033247,-0.039542,-0.037525,-0.006098,-0.019918,-0.022623,-0.042739,-0.036739,0.007131,0.003098,-0.001082,-0.00059,-0.005508,-0.014804,-0.04023,-0.064526,-0.07628,-0.089068,-0.014509,-0.038853,-0.043427,-0.052231,-0.050706,-0.002656,-0.009148,-0.01441,-0.030148,-0.043722,-4.9e-05,0.009197,0.018197,0.025083,0.016623,-0.007268,0.005871,0.019089,0.025421,0.022346,0.003339,-0.008113,-0.011253,-0.013388,-0.013901,-0.057283,-0.190616,-0.135584,-0.22853,0.181053,-0.0608,-0.025927,0.153804,0.089481,0.09249,0.093838,-0.079266,-0.068814,-0.173981,1,0,0,0,0,0,0,0,0,0,0
83,-0.011096,-0.024219,-0.033804,-0.046649,-0.054842,-0.01034,-0.011573,-0.012885,-0.017578,-0.014595,-0.005289,-0.0173,-0.023106,-0.026446,-0.022987,-0.002227,-0.004096,-0.007357,-0.006403,-0.011652,-0.009942,-0.030344,-0.044422,-0.057427,-0.063153,-0.013402,-0.023225,-0.026049,-0.028713,-0.028276,-0.000835,-0.005409,-0.016067,-0.028117,-0.036627,0.00171,0.012209,0.017976,0.015947,0.004335,0.003847,0.016139,0.025204,0.022385,0.016451,-0.002868,-0.012382,-0.014466,-0.012474,-0.014682,-0.022116,-0.062393,-0.036506,0.014896,0.08517,-0.010453,0.02725,0.053229,0.055924,0.039112,0.081998,-0.072916,-0.068805,-0.134994,1,0,0,0,0,0,0,0,0,0,0
84,-0.005751,-0.016388,-0.026161,-0.034671,-0.0362,-0.000299,-0.002028,-0.006283,-0.00492,-0.001363,-0.00492,-0.006748,-0.020344,-0.016288,-0.013995,-0.000864,-0.00369,-0.003357,-0.006682,-0.008111,-0.008876,-0.025297,-0.033242,-0.041885,-0.042416,-0.005252,-0.008344,-0.014294,-0.013263,-0.011967,-0.00369,-0.007247,-0.017884,-0.027059,-0.030017,0.00482,0.010903,0.015557,0.00984,-0.000133,0.005665,0.014599,0.018879,0.016801,0.008485,-0.005344,-0.007466,-0.008909,-0.009256,-0.011364,-0.002287,0.001259,-0.004731,0.021664,0.03243,0.005227,0.01681,0.012664,0.012858,0.010267,0.130538,-0.861056,-0.111403,-0.600685,1,0,0,0,0,0,0,0,0,0,0
85,-0.004974,-0.012608,-0.022841,-0.029366,-0.028479,-0.000697,-0.001742,-0.00548,-0.003105,-0.000697,-0.004879,-0.009504,-0.012165,-0.009409,-0.00773,-0.000665,-0.003263,-0.002503,-0.006684,-0.006209,-0.007793,-0.019007,-0.029366,-0.033928,-0.029462,-0.002819,-0.005069,-0.007191,-0.006843,-0.008933,-0.000127,-0.008617,-0.018215,-0.024995,-0.023791,0.00377,0.008363,0.006748,-0.002503,-0.006082,0.004393,0.011614,0.009368,0.004642,0.000613,-0.002486,-0.004146,-0.00256,-0.004318,-0.008293,-0.006564,-0.001295,0.009165,0.023467,0.024398,0.003941,0.009228,0.009777,0.006355,0.00013,0.129108,-0.937655,-0.116479,-0.67147,1,0,0,0,0,0,0,0,0,0,0
86,-0.005098,-0.014294,-0.022301,-0.023739,-0.02105,-0.000938,-0.004942,-0.003659,-0.000313,0.011604,0.003096,-0.009696,-0.00588,-0.003722,-0.001376,-0.002002,-0.001689,-0.004817,-0.006162,-0.012667,-0.007757,-0.015232,-0.023364,-0.023865,-0.020424,-0.000125,-0.005724,-0.004754,-0.003534,-0.002596,-0.003222,-0.01323,-0.021863,-0.024647,-0.022488,0.002002,0.006381,0.001001,-0.008382,-0.011135,0.004069,0.008096,0.00614,-0.001684,0.002074,0.000458,-0.0009,-0.001226,-0.003209,-0.013982,0.008318,0.004408,0.02164,0.028669,0.028689,0.003957,0.001251,0.001378,-0.000314,-0.003429,0.102734,-0.630743,-0.100513,-0.479816,1,0,0,0,0,0,0,0,0,0,0
87,-0.002429,-0.012488,-0.018904,-0.018032,-0.007754,-9.3e-05,-0.003768,-0.001433,0.000934,0.012582,-0.00763,-0.010246,-0.007536,-0.005886,0.007786,-0.000561,0.000187,-0.003924,-0.003457,-0.025132,-0.003301,-0.013485,-0.017969,-0.013578,-0.006696,-0.002087,-0.004173,-0.003831,-0.005886,0.004516,-0.005139,-0.014575,-0.021239,-0.020056,-0.016599,0.002523,0.000934,-0.008159,-0.011678,-0.013454,0.003047,0.000839,-0.003807,-0.007768,0.012675,-0.002088,-0.000528,-0.002257,-0.006165,-0.007859,-0.003396,0.005886,0.018576,0.019402,0.032081,0.000852,0.001339,-0.001697,-0.007221,-0.003238,0.099824,-0.564053,-0.092288,-0.434756,1,0,0,0,0,0,0,0,0,0,0
88,-0.006731,-0.014709,-0.016143,-0.013463,0.001745,-0.003896,-0.002618,0.000717,0.01259,0.013338,-0.005111,-0.001309,0.000841,0.003179,0.035184,0.000873,-0.002244,-0.003584,-0.010066,-0.027798,-0.004145,-0.012247,-0.012746,-0.009318,0.005204,-0.00349,-0.002524,-0.001309,-0.000374,0.02303,-0.00483,-0.013432,-0.016205,-0.014055,-0.000249,0.001839,-0.003522,-0.012871,-0.015613,-0.01739,0.000963,-0.000986,-0.008781,-0.005037,0.012066,0.000736,0.000411,-0.001565,-0.012299,0.010057,-0.0004,0.0164,0.023252,0.023273,0.048428,-0.003494,-0.003371,-0.00502,-0.008057,-0.00331,0.969357,-9.192785,-1.095702,-8.72244,1,0,0,0,0,0,0,0,0,0,0
89,-0.00352,-0.010297,-0.009376,0.00148,0.035365,0.00023,0.002698,0.005198,0.017502,0.051288,0.002632,0.005494,0.007238,0.02168,0.055597,-0.000132,-0.004474,-0.003981,-0.026877,-0.02997,-0.006382,-0.011119,-0.006481,0.00079,0.018258,0.00148,0.001842,-0.000329,0.010659,0.054248,-0.004869,-0.011909,-0.010659,-0.007007,0.016811,-0.003619,-0.013225,-0.016942,-0.018818,-0.016548,-0.003349,-0.008257,-0.012441,0.009154,0.015253,0.00087,-0.000956,-0.005084,-0.006874,0.000967,0.014209,0.032836,0.034049,0.052659,0.073056,0.005819,0.001363,-0.006746,-0.000899,0.035104,5.235014,-45.774434,-5.317033,-42.952668,1,0,0,0,0,0,0,0,0,0,0
90,-0.005322,-0.006965,-0.003893,0.013538,0.041863,0.001214,0.005036,0.018646,0.019503,0.061223,0.0015,0.003965,0.006644,0.043328,0.069368,-0.003429,-0.004965,-0.012395,-0.032719,-0.023289,-0.002357,-0.002929,0.001,0.017645,0.027968,-0.0005,0.000893,0.001965,0.02879,0.06651,-0.004572,-0.007751,-0.005287,0.010537,0.038649,-0.002215,-0.012931,-0.016074,-0.01811,-0.01143,0.001403,-0.007533,-0.003241,0.016362,0.013454,-0.001318,-0.003583,-0.015886,0.009739,0.003674,0.018381,0.036189,0.036242,0.101616,0.095163,-0.010031,-0.014317,-0.02221,-0.009873,0.048135,0.770956,-6.850968,-0.771762,-6.334041,1,0,0,0,0,0,0,0,0,0,0
91,-0.002174,-0.001106,0.011482,0.050772,0.056646,0.001564,0.004463,0.018729,0.057905,0.088192,0.001717,0.003738,0.020484,0.059812,0.090138,-0.001373,-0.000801,-0.02735,-0.030936,0.021781,-0.002975,0.002403,0.010833,0.031088,0.037611,0.000954,-0.001564,0.011177,0.061719,0.086285,-0.003281,-0.001831,0.002403,0.03002,0.068662,-0.008773,-0.013084,-0.015258,-0.012626,-0.002289,-0.007189,-0.01204,0.012998,0.020071,-0.022836,-0.00071,-0.005497,-0.007572,0.00152,-0.004109,0.023374,0.026793,0.079234,0.136711,0.112465,0.003331,-0.019517,-0.003043,0.098412,0.0925,0.892228,-10.85225,-1.286781,-10.503755,1,0,0,0,0,0,0,0,0,0,0
92,0.000411,0.003625,0.021864,0.051501,0.079419,0.002467,0.016706,0.017603,0.061255,0.090033,0.000897,0.0037,0.042083,0.069328,0.095789,-0.000262,-0.008035,-0.029301,-0.019434,0.024816,0.002317,0.006428,0.023844,0.034645,0.053631,0.000523,0.001644,0.029712,0.069179,0.079195,-0.000112,0.002467,0.019023,0.048436,0.076504,-0.002616,-0.005905,-0.008035,-0.001046,0.008409,-0.002305,0.002185,0.022696,0.019653,-0.015159,-0.001674,-0.014547,0.012264,0.005919,-0.013606,0.004189,0.004262,0.094009,0.08515,0.087607,-0.00877,-0.019606,-0.002671,0.076964,0.103997,0.318523,-3.818616,-0.391248,-3.724424,1,0,0,0,0,0,0,0,0,0,0
93,0.000998,0.020367,0.080823,0.089862,0.145857,0.000587,0.022539,0.082819,0.129423,0.132005,0.001702,0.027469,0.087984,0.134646,0.163172,0.001291,-0.03956,-0.045078,0.036039,0.04091,0.004637,0.017609,0.048776,0.058812,0.098373,-0.004696,0.014909,0.092679,0.130479,0.118916,0.002406,0.008922,0.051417,0.110875,0.136877,-0.002524,-0.00587,-0.00182,0.014087,0.011152,-0.003844,0.034684,0.045566,-0.020455,-0.028043,-0.004736,-0.00793,0.00606,-0.002601,-0.018208,-0.028884,1.042109,2.21596,1.720774,1.878782,-0.259971,0.076493,2.148487,2.027746,2.880148,0.292793,-4.006142,-0.510673,-4.299657,1,0,0,0,0,0,0,0,0,0,0
94,0.00423,0.034147,0.082761,0.128556,0.159331,0.022744,0.024215,0.095819,0.143024,0.153262,0.00282,0.06578,0.110471,0.153875,0.185937,-0.0141,-0.048982,-0.032798,0.039787,0.041871,0.0019,0.030468,0.048185,0.079328,0.119422,0.006744,0.052783,0.117521,0.133951,0.125368,0.001717,0.028875,0.077121,0.123161,0.154672,-0.002759,-0.006253,0.005211,0.020721,0.011219,0.011381,0.045025,0.040034,-0.017069,-0.028572,-0.016169,0.02781,0.017401,-0.014626,-0.032479,0.041481,2.909049,2.626002,2.704502,2.791358,0.006291,0.547413,3.091887,3.955616,3.219104,0.244431,-3.215174,-0.441862,-3.323245,1,0,0,0,0,0,0,0,0,0,0
95,0.013807,0.068296,0.076443,0.12691,0.132095,0.000159,0.054488,0.096492,0.09882,0.112574,0.02079,0.075332,0.117388,0.143098,0.17029,-0.024652,-0.029625,0.043485,0.047876,0.056922,0.010051,0.038142,0.047188,0.082844,0.103422,0.01185,0.081944,0.116013,0.105591,0.107549,0.004391,0.042691,0.096281,0.119716,0.141723,-0.000635,0.003015,0.017352,0.014707,0.001534,0.024904,0.034712,-0.024792,-0.031631,-0.053341,0.011074,0.023683,0.015877,0.001811,-0.00848,0.502644,1.06976,0.830524,0.906861,1.077928,0.160312,1.161344,1.103011,1.514828,1.05762,0.101574,-0.724887,-0.170667,-0.783748,1,0,0,0,0,0,0,0,0,0,0
96,0.011717,0.052648,0.091204,0.117115,0.120419,0.001084,0.061371,0.101115,0.109734,0.131464,0.032724,0.070352,0.106895,0.13389,0.141994,-0.005316,0.00831,0.069423,0.071178,0.099876,0.014246,0.029163,0.055383,0.08914,0.102508,0.027201,0.081707,0.09554,0.088314,0.092443,0.018582,0.059203,0.097966,0.124496,0.139774,-0.002323,0.007329,0.020388,0.012388,0.000619,0.004028,-0.000174,-0.048252,-0.057937,-0.098847,0.026223,0.01746,-0.009506,-0.024537,-0.040945,0.436925,0.352035,0.375578,0.401628,0.345377,0.027347,0.790474,1.049519,0.828628,0.55774,0.108697,-0.897531,-0.196876,-0.88611,1,0,0,0,0,0,0,0,0,0,0
97,0.284189,0.338691,0.67632,0.711003,0.790279,0.356032,0.637036,0.652608,0.744624,0.90353,0.140502,0.421859,0.593859,0.775768,0.742501,0.003185,0.492287,0.521662,0.58218,0.800188,0.090247,0.150765,0.3893,0.52697,0.693662,0.282419,0.510337,0.440617,0.453711,0.454773,0.128823,0.487333,0.644114,0.79134,0.869554,0.040346,0.136255,0.118559,0.030436,0.018403,0.038,-0.360082,-0.405839,-0.551076,-0.789175,-0.095448,-0.147669,-0.241773,-0.310615,-0.457425,1.515158,-6.685475,-3.335594,5.003812,-11.434106,32.594,30.580758,46.601252,27.230448,8.780483,0.190024,-2.368479,-0.383603,-2.313356,1,0,0,0,0,0,0,0,0,0,0
98,-0.015773,1.16246,1.954258,2.055204,2.913248,0.25552,1.470031,1.733438,2.397476,2.55205,0.523659,1.640378,2.465299,2.712933,2.774447,0.402208,2.269715,2.323343,3.200314,3.446371,0.053628,0.854889,1.886435,2.294952,3.006308,0.40694,0.829653,0.608833,0.735016,0.925867,0.667192,1.851734,2.66246,3.129337,3.427444,0.115142,0.514195,0.269716,-0.089905,-0.36593,-0.297772,-1.766954,-2.062906,-3.313063,-3.850981,0.157594,-0.666418,-1.125764,-1.627155,-1.607655,-94.44279,-58.522307,-28.536615,-119.202144,-275.69338,-42.531981,192.337311,-31.319206,-320.209813,-201.937248,0.439621,-5.485253,-0.834267,-5.797014,1,0,0,0,0,0,0,0,0,0,0
99,0.044085,0.300533,0.326877,0.387091,0.458326,0.16989,0.181718,0.251609,0.372306,0.466659,0.12446,0.255104,0.393273,0.368005,0.37822,0.302952,0.325264,0.371231,0.53682,0.505637,0.036827,0.218007,0.322576,0.449187,0.483595,0.103762,0.050806,0.060752,0.061558,0.12903,0.1586,0.277684,0.38951,0.448918,0.51397,0.053225,0.039784,-0.02715,-0.03629,-0.162363,-0.251616,-0.286371,-0.396686,-0.577535,-0.675681,-0.066523,-0.138,-0.190289,-0.3018,-0.332909,-1.987989,-0.055367,4.755824,-4.727581,-11.26586,0.07388,9.316463,-1.85899,-12.50319,-7.991598,0.272948,-3.621678,-0.562862,-3.746593,1,0,0,0,0,0,0,0,0,0,0
100,0.237629,0.442242,0.468328,0.69006,0.624437,0.056248,0.124317,0.295915,0.335859,0.445503,0.099861,0.313034,0.377027,0.392923,0.372135,0.023233,0.037091,0.263715,0.3273,0.290209,0.151218,0.417786,0.523354,0.707179,0.679871,-0.048096,-0.10516,-0.072552,-0.023233,0.083557,0.065623,0.275127,0.395776,0.472812,0.540065,0.022418,-0.04076,-0.133692,-0.205021,-0.342381,0.001861,-0.074618,-0.397679,-0.536686,-0.642134,-0.112071,-0.230773,-0.36034,-0.355301,-0.353816,6.969336,8.971747,2.917204,-7.533105,-24.169108,15.514451,0.578919,-18.712872,-10.814763,-18.606347,0.230329,-3.10974,-0.501779,-3.180273,1,0,0,0,0,0,0,0,0,0,0
101,0.061741,0.07805,0.115327,0.159428,0.1338,-0.015643,0.027625,0.102347,0.160759,0.150441,0.040107,0.125645,0.110002,0.116326,0.106341,0.004327,0.032784,0.135297,0.115993,0.113663,0.050425,0.115161,0.193544,0.214845,0.22483,-0.013147,-0.00699,-0.00649,0.035281,0.054918,0.04693,0.116159,0.152938,0.193211,0.194209,-0.017474,-0.058912,-0.06457,-0.14262,-0.148278,-0.022276,-0.09057,-0.202531,-0.263291,-0.267205,0.001507,-0.030864,-0.099898,-0.119158,-0.085071,-0.42109,1.422864,-2.21178,-4.717663,-5.615885,0.956074,-3.32707,-7.406603,-5.677475,-8.324686,0.2402,-3.295307,-0.533388,-3.290115,1,0,0,0,0,0,0,0,0,0,0
102,0.023647,0.0352,0.1334,0.104337,0.078523,0.047114,0.12311,0.140801,0.189359,0.147119,0.050905,0.079246,0.086286,0.077079,0.067151,0.001444,0.10181,0.12997,0.113543,0.116612,0.06336,0.110113,0.191525,0.179431,0.197843,-0.011011,0.00343,0.025272,0.072567,0.071303,0.041879,0.095311,0.129428,0.159213,0.155242,-0.009026,-0.050183,-0.081773,-0.142606,-0.084661,-0.009708,-0.152783,-0.214345,-0.261046,-0.206552,-0.054205,-0.111587,-0.109355,-0.108697,-0.062587,0.888196,-0.299326,-2.349023,-5.611964,-6.39906,-4.054316,-7.838157,-6.289043,-7.817264,-11.306239,0.84405,-12.601864,-1.983543,-13.461014,1,0,0,0,0,0,0,0,0,0,0
103,-0.00494,0.028589,0.068255,0.045204,0.030835,-0.00015,0.067058,0.119596,0.110316,0.066309,0.034726,0.020656,0.026344,0.017363,0.011675,0.024398,0.116602,0.099239,0.097144,0.093851,0.005688,0.076188,0.095348,0.104329,0.112411,0.014669,0.015118,0.052688,0.070351,0.067507,0.027542,0.060621,0.096844,0.097742,0.08966,-0.029787,-0.034876,-0.105077,-0.110166,-0.056879,-0.053377,-0.154078,-0.208729,-0.212248,-0.15562,0.015831,-0.046261,-0.063584,-0.032925,0.010848,0.881037,-2.059348,-4.086579,-4.81323,-4.848635,-0.67737,-3.977666,-2.578821,-4.720384,-5.982763,2.983049,-46.796588,-7.257499,-47.829708,1,0,0,0,0,0,0,0,0,0,0
104,0.005979,0.039508,0.029585,0.020771,0.00413,0.02601,0.03205,0.04863,0.034207,0.003821,-0.004623,-0.002219,-0.005362,-0.008752,-0.010601,0.024222,0.033837,0.028229,0.029277,0.028352,0.013621,0.041419,0.037289,0.043576,0.042158,-0.001109,0.006348,0.022497,0.022065,0.018737,0.006903,0.018552,0.028722,0.027366,0.0249,-0.001787,-0.012573,-0.033344,-0.01356,-0.009184,-0.026873,-0.047893,-0.063838,-0.045232,-0.039907,-0.026111,-0.025349,-0.025125,-0.009381,0.0195,-0.480769,-0.83267,-1.325146,-1.441192,-1.426544,-0.683993,-0.329193,-0.671487,-1.484944,-2.279691,4.478384,-64.246625,-9.970784,-63.338753,1,0,0,0,0,0,0,0,0,0,0
105,0.008433,0.026029,0.015803,0.009429,-0.014674,0.001793,0.025099,0.020982,0.001461,-0.028751,-0.001262,0.001262,-0.002722,-0.005246,-0.009097,0.014807,0.007105,0.006175,0.004714,-0.018459,0.0166,0.025099,0.029083,0.032669,0.007171,0.001394,0.018061,0.025896,0.024634,0.02085,0.007238,0.023306,0.023705,0.020119,-0.006308,-0.000332,-0.031474,-0.033731,-0.010093,-0.025166,-0.015722,-0.039965,-0.041526,-0.016406,-0.006899,0.000586,-0.007099,0.006502,0.02592,0.051923,-0.526372,-1.286126,-1.543781,-1.552705,0.002071,-0.768281,0.025722,-1.191268,-1.96966,-1.311706,3.961153,-45.971118,-7.200398,-47.141459,1,0,0,0,0,0,0,0,0,0,0
106,0.049432,0.030347,0.013395,-0.018611,-0.046469,0.008417,0.040304,0.012566,-0.045876,-0.082624,0.006875,0.00083,-0.00569,-0.009246,-0.014344,-0.007942,-0.01873,-0.016714,-0.018493,-0.087603,0.023827,0.015885,0.027976,0.02525,-0.032244,0.011854,0.042912,0.042083,0.035681,0.019322,0.009483,0.029043,0.026435,0.021693,-0.107992,-0.020152,-0.060101,-0.022049,-0.013632,-0.111311,-0.01236,-0.043028,-0.007242,0.002999,-0.014381,0.00042,0.000852,0.031133,0.086678,0.102925,-3.832867,-51.775456,-63.072544,-61.646642,223.738197,78.947212,45.624845,-33.565364,-110.934235,15.560701,4.208879,-35.249531,-5.698238,-37.2806,1,0,0,0,0,0,0,0,0,0,0
107,-0.035791,-0.072054,-0.094659,-0.180134,-0.200384,0.065931,0.051332,-0.017896,-0.125034,-0.212629,-0.004709,-0.018838,-0.027785,-0.041443,-0.043797,-0.011538,-0.014835,-0.020015,-0.102194,-0.167654,-0.017189,-0.003061,0.009654,-0.080766,-0.13822,0.035556,0.063341,0.058867,0.045446,-0.0551,0.038146,0.039559,0.026843,-0.066873,-0.38405,-0.070405,-0.078411,0.005416,-0.048036,-0.228876,-0.061419,-0.066956,0.022127,0.055839,-0.019459,-0.028085,0.020145,0.089006,0.18122,0.163665,-4.604851,-6.403116,-6.490734,2.716696,41.084312,-2.579359,-7.879146,-11.00319,-8.893818,-4.722445,5.079235,-33.415547,-5.335515,-34.705961,1,0,0,0,0,0,0,0,0,0,0
108,-0.001497,-0.025282,-0.070191,-0.109279,-0.017631,-0.00183,-0.040751,-0.122752,-0.174314,-0.247666,-0.005156,-0.014304,-0.019294,-0.026447,-0.103125,-0.006986,-0.004158,-0.006653,-0.103624,-0.203755,0.000998,0.017964,0.014138,-0.066532,0.040252,0.018463,0.017298,0.008317,-0.014637,-0.444768,0.000499,-0.00316,-0.009813,-0.191779,-0.724203,-0.006321,0.047072,0.058881,-0.078175,-0.565523,0.000354,0.050567,0.064937,0.040551,-0.22228,0.020445,0.062932,0.14087,0.163665,-0.187632,-0.472645,-1.140912,-1.062971,13.800476,59.080746,-0.010479,-2.972721,-5.521008,-1.7812,-7.048007,0.207091,-0.881084,-0.130033,-0.909114,1,0,0,0,0,0,0,0,0,0,0
109,-0.021218,-0.035266,-0.088386,-0.10097,-0.015511,-0.007463,-0.050485,-0.117067,-0.171503,-0.23867,-0.004244,-0.009804,-0.018292,-0.019755,-0.086922,0.004097,0.000878,-0.050193,-0.090873,-0.180576,0.007902,0.015804,-0.040388,-0.076094,0.036291,0.001024,-0.001756,-0.010097,-0.072582,-0.431538,0.000439,-0.007463,-0.065704,-0.262816,-0.75757,0.000585,0.05268,0.019462,-0.092922,-0.599091,-0.003753,0.051609,0.072559,0.025765,-0.238133,0.011986,0.05478,0.112087,0.101177,-0.184185,-30.715651,-49.192361,-45.636376,-30.818488,2006.906322,-2.038711,-3.245242,-2.430585,-0.819567,-28.268611,0.232463,-0.85531,-0.12978,-0.900186,1,0,0,0,0,0,0,0,0,0,0
110,0.000305,-0.040924,-0.076809,0.00733,0.005955,-0.027944,-0.103226,-0.150564,-0.217906,-0.257455,-0.00397,-0.008551,-0.015117,-0.085513,-0.106586,-0.00168,-0.00397,-0.092995,-0.184922,-0.201719,0.00733,0.003818,-0.070243,0.027792,0.033442,-0.002138,-0.010384,-0.031457,-0.426344,-0.475514,-0.003818,-0.009926,-0.176982,-0.66578,-0.956067,0.048407,0.059248,-0.066578,-0.513995,-0.85452,0.050014,0.063207,0.040819,-0.200476,-0.361065,0.026499,0.09805,0.118978,-0.203535,-0.211965,-0.205341,-0.139649,12.387871,1546.990063,3257.245504,-0.276688,-2.424489,0.727575,-3.711505,-4.354416,0.266504,-0.806307,-0.129871,-0.892477,1,0,0,0,0,0,0,0,0,0,0
111,-0.049324,-0.232026,-0.27531,0.018622,0.030702,-0.055867,-0.284873,-0.472104,-0.703123,-0.787679,-0.00604,-0.035232,-0.040265,-0.271284,-0.471098,-0.005536,-0.181191,-0.321111,-0.62964,-0.70262,0.00302,-0.190251,-0.313059,0.073483,0.109721,-0.002517,-0.031205,-0.246118,-1.480737,-1.567809,-0.014596,-0.214913,-0.892871,-2.594561,-3.655537,0.019629,-0.094622,-0.481164,-2.222112,-3.682213,0.025566,0.097624,-0.063324,-0.970992,-1.6413,0.059847,0.256953,0.21943,-0.762061,-0.760811,1.830477,43.897405,219.19147,680.91673,1055.879772,-11.26726,-1.629954,17.428224,-40.155956,-46.249338,0.298338,-0.760064,-0.130698,-0.889029,1,0,0,0,0,0,0,0,0,0,0
112,-0.2942,-0.696159,0.246307,0.230913,0.324988,-0.653397,-1.183641,-1.937956,-2.380966,-2.598195,-0.030788,-0.104338,-0.892862,-1.128906,-2.298864,-0.006842,-1.004042,-2.033742,-2.221893,-2.391229,-0.049603,-0.879179,0.218939,0.282227,0.490903,-0.083813,-0.319857,-4.743117,-5.293886,-5.541904,-0.018815,-1.890063,-7.365259,-10.616851,-13.664898,0.054735,-1.354688,-6.366347,-10.180682,-14.958009,0.06089,-0.189884,-2.892711,-4.69152,-6.921043,0.598086,0.832507,-2.780067,-2.874493,-2.886808,-12.898435,1558.926289,6347.361396,10106.292232,13948.72699,-139.354476,256.134143,-300.836124,-381.50196,-482.63329,0.32128,-0.714518,-0.132702,-0.882649,1,0,0,0,0,0,0,0,0,0,0
113,-0.431352,-0.625574,0.693325,0.747526,0.912389,-0.164862,-1.004983,-2.041583,-2.420992,-2.75975,-0.090336,-0.112919,-1.14952,-2.0461,-3.748924,-0.779144,-1.406976,-2.791368,-3.118834,-3.358223,-0.801728,-1.352774,0.381668,0.544272,0.932714,-0.018067,-0.982399,-6.522225,-6.912926,-7.457198,-0.873996,-3.916045,-11.551655,-16.312337,-19.736054,-0.584923,-2.319365,-10.131129,-16.682713,-22.717126,0.242936,-0.47925,-4.552024,-7.559746,-10.105299,0.094754,-0.073612,-4.477639,-4.47203,-4.638987,869.454906,4398.799352,13695.106547,21244.556259,27403.943226,436.971104,820.685615,-338.705635,-461.388891,-747.602807,0.344626,-0.673136,-0.135348,-0.877616,1,0,0,0,0,0,0,0,0,0,0
114,-0.074739,0.861194,0.845907,0.93933,1.095602,-0.40257,-1.151656,-1.591595,-1.807319,-2.031535,-0.005096,-0.788154,-1.022562,-2.184409,-3.390421,-0.404269,-1.42683,-1.613677,-1.781839,-2.057014,-0.220819,0.869687,0.932536,1.139766,1.542336,-0.220819,-4.613418,-5.16037,-5.406668,-5.822827,-1.200916,-6.638159,-9.867212,-12.894131,-15.097225,-0.959713,-5.936634,-9.724529,-14.46874,-18.767916,-0.431756,-3.115847,-4.902188,-7.116256,-8.578204,0.161529,-3.426004,-3.519775,-3.532006,-3.68032,1058.255517,5780.536551,9487.536311,13276.886355,16591.759995,142.828628,-406.44688,-485.998286,-585.732448,-819.240692,0.360667,-0.633642,-0.139104,-0.873031,1,0,0,0,0,0,0,0,0,0,0
115,-0.0576,0.743308,0.776222,0.876335,1.042277,-0.185141,-0.814622,-1.04502,-1.250732,-1.357703,-0.0096,-0.63908,-1.183533,-2.217581,-3.233801,-0.054857,-0.895535,-1.094391,-1.239761,-1.485245,-0.156342,0.896907,0.995649,1.231532,1.651186,-0.407311,-3.771397,-4.008652,-4.339163,-4.680646,-0.877707,-5.514468,-8.405415,-10.484483,-12.013613,-0.278398,-5.022129,-9.00061,-12.665036,-16.292434,-0.089961,-2.563173,-4.389626,-5.935426,-7.005438,-0.232656,-2.907022,-2.903616,-3.005002,-3.192258,611.643191,4039.734384,6823.657238,9094.982806,11317.154048,48.393981,-379.141259,-424.381738,-529.925519,-728.992578,0.378177,-0.589879,-0.14339,-0.869706,1,0,0,0,0,0,0,0,0,0,0
116,0.763688,0.752098,0.822929,0.94141,1.092087,-0.394079,-0.727629,-0.891184,-1.061179,-1.101102,-0.584679,-0.7624,-1.643282,-2.557647,-3.298155,-0.723765,-0.865428,-0.992924,-1.201553,-1.598208,0.973606,1.021256,1.178372,1.48359,1.866078,-2.947862,-3.362546,-3.549283,-3.864803,-4.108205,-3.298155,-5.746336,-8.041264,-9.711591,-10.834586,-3.511936,-6.383816,-9.980749,-13.240268,-16.293733,-1.950527,-3.304882,-4.983529,-6.091939,-6.677016,-2.501494,-2.572589,-2.581862,-2.694309,-2.85279,2175.127662,4306.00885,6484.227152,8389.703908,10077.85424,-358.4132,-404.141445,-461.471271,-595.697965,-766.087544,0.386433,-0.558588,-0.145948,-0.866433,1,0,0,0,0,0,0,0,0,0,0
117,-0.000286,0.000477,0.0028,0.00665,0.010627,-0.004868,-0.010213,-0.014985,-0.017467,-0.017181,-0.000159,-0.01279,-0.036779,-0.060355,-0.074895,-0.001623,-0.006236,-0.009608,-0.015304,-0.028921,0.000382,0.002673,0.008145,0.017881,0.028253,-0.005218,-0.010722,-0.01839,-0.026312,-0.02873,-0.026089,-0.093158,-0.141391,-0.176866,-0.192265,-0.023289,-0.115588,-0.200601,-0.284754,-0.334992,-0.009189,-0.051562,-0.087424,-0.112247,-0.121141,-0.000244,-0.000165,-0.002517,-0.006862,-0.008315,0.013192,0.039968,0.051846,0.058943,0.061532,-0.000524,-0.001637,-0.004213,-0.0089,-0.013432,0.390931,-0.537979,-0.150509,-0.864072,1,0,0,0,0,0,0,0,0,0,0
118,0.0,0.001743,0.004659,0.008367,0.01217,-0.003359,-0.007384,-0.011568,-0.01255,-0.011536,-0.004215,-0.025893,-0.048394,-0.066617,-0.079896,-0.00187,-0.005007,-0.010142,-0.019903,-0.034893,0.000792,0.004659,0.01217,0.021582,0.031629,-0.005007,-0.009603,-0.017367,-0.023357,-0.024498,-0.034259,-0.090735,-0.13184,-0.159475,-0.170599,-0.047475,-0.135991,-0.216204,-0.291347,-0.325194,-0.024176,-0.065485,-0.092762,-0.10716,-0.113208,-0.001506,-0.001734,-0.004502,-0.008402,-0.009298,0.01553,0.032679,0.041189,0.046289,0.047468,-0.000736,-0.002292,-0.005845,-0.01017,-0.01442,0.394551,-0.521733,-0.153072,-0.861111,1,0,0,0,0,0,0,0,0,0,0
119,0.000758,0.003065,0.006889,0.010838,0.013366,-0.001959,-0.006699,-0.009164,-0.008879,-0.006825,-0.008342,-0.032168,-0.055582,-0.070023,-0.078428,-0.002717,-0.006067,-0.011723,-0.025247,-0.039783,0.001485,0.00692,0.016589,0.026891,0.033463,-0.000474,-0.008089,-0.015957,-0.018359,-0.019749,-0.032452,-0.080356,-0.115588,-0.130882,-0.141784,-0.044333,-0.128765,-0.212344,-0.262239,-0.291246,-0.017979,-0.053596,-0.07825,-0.087083,-0.087137,0.00158,-0.000756,-0.00507,-0.006514,-0.009073,0.010309,0.02163,0.028394,0.030862,0.031772,-0.00034,-0.002795,-0.007262,-0.011582,-0.014525,0.399518,-0.506305,-0.154803,-0.859515,1,0,0,0,0,0,0,0,0,0,0
120,0.000976,0.003874,0.007558,0.011338,0.014204,-0.002047,-0.006204,-0.007181,-0.006173,-0.002929,-0.013227,-0.035588,-0.053696,-0.066892,-0.071837,-0.000409,-0.005511,-0.015211,-0.030108,-0.04217,0.002362,0.009826,0.01918,0.029163,0.034832,-0.004094,-0.01181,-0.017762,-0.018896,-0.019117,-0.023778,-0.064625,-0.092087,-0.103141,-0.114384,-0.043776,-0.123486,-0.198157,-0.231792,-0.253995,-0.023132,-0.050237,-0.064545,-0.070555,-0.065904,-0.001802,-0.004552,-0.008427,-0.009317,-0.012127,0.006339,0.014483,0.019363,0.020491,0.021166,-0.001157,-0.004557,-0.008695,-0.012763,-0.014868,0.404709,-0.498196,-0.156682,-0.859159,1,0,0,0,0,0,0,0,0,0,0
121,0.001319,0.00512,0.009046,0.011558,0.014542,-0.00267,-0.00512,-0.004837,-0.002795,-0.000283,-0.010491,-0.033764,-0.048118,-0.056473,-0.059363,-0.002921,-0.008543,-0.021986,-0.036434,-0.045448,0.003047,0.012658,0.022897,0.02943,0.035398,-0.003486,-0.011307,-0.013694,-0.015076,-0.014856,-0.023902,-0.058923,-0.074125,-0.084961,-0.093001,-0.040266,-0.123342,-0.172937,-0.20177,-0.218102,-0.012333,-0.036839,-0.045619,-0.045673,-0.041527,-0.000525,-0.004814,-0.006248,-0.008792,-0.010404,0.004633,0.011117,0.013483,0.014355,0.014865,-0.001218,-0.005501,-0.009642,-0.012464,-0.01447,0.407175,-0.489572,-0.158553,-0.858887,1,0,0,0,0,0,0,0,0,0,0
122,0.001568,0.005236,0.008998,0.011851,0.014203,-0.001474,-0.002445,-0.001442,0.001787,0.002571,-0.011789,-0.029816,-0.042953,-0.047875,-0.049317,-0.002163,-0.01182,-0.02665,-0.038658,-0.045492,0.004389,0.013701,0.02364,0.029283,0.03477,-0.004201,-0.010127,-0.011256,-0.011475,-0.011161,-0.016805,-0.044144,-0.055149,-0.066342,-0.070386,-0.039159,-0.113496,-0.14698,-0.169083,-0.185763,-0.014673,-0.028917,-0.0349,-0.03027,-0.028823,-0.002213,-0.006072,-0.006958,-0.009755,-0.009542,0.003317,0.008047,0.009139,0.009794,0.010449,-0.002092,-0.006102,-0.010044,-0.012084,-0.013924,0.408654,-0.481397,-0.160486,-0.859053,1,0,0,0,0,0,0,0,0,0,0
123,0.002224,0.006141,0.008647,0.011623,0.013534,-0.000971,-0.000689,0.001347,0.003854,0.005702,-0.011435,-0.025753,-0.034087,-0.036969,-0.038629,-0.003446,-0.016855,-0.031267,-0.040259,-0.045146,0.005201,0.015414,0.021931,0.027883,0.032207,-0.003603,-0.005984,-0.007362,-0.007143,-0.006235,-0.01814,-0.033303,-0.044112,-0.052133,-0.056237,-0.043736,-0.093206,-0.121966,-0.138258,-0.149474,-0.009782,-0.018539,-0.018593,-0.014457,-0.012686,-0.002066,-0.003497,-0.006034,-0.007642,-0.008033,0.003071,0.005395,0.006252,0.006753,0.007179,-0.002126,-0.006195,-0.008967,-0.010938,-0.012421,0.411274,-0.478262,-0.161895,-0.859474,1,0,0,0,0,0,0,0,0,0,0
124,0.001441,0.005199,0.00805,0.010399,0.011495,0.0,0.001002,0.004228,0.005011,0.008081,-0.006578,-0.019701,-0.024619,-0.02606,-0.027626,-0.006202,-0.021017,-0.033013,-0.039841,-0.044633,0.004103,0.014032,0.01967,0.025151,0.026968,-0.002318,-0.003445,-0.003665,-0.003351,-0.002568,-0.009177,-0.020171,-0.031353,-0.035393,-0.037273,-0.030539,-0.06399,-0.086072,-0.102735,-0.108498,-0.00445,-0.010428,-0.005802,-0.004356,-0.004137,-0.001789,-0.002674,-0.005469,-0.005256,-0.007328,0.001631,0.002717,0.003367,0.004017,0.004083,-0.00186,-0.005775,-0.007801,-0.009628,-0.010324,0.410743,-0.475566,-0.161638,-0.859255,1,0,0,0,0,0,0,0,0,0,0
125,0.002471,0.004972,0.007943,0.009851,0.010038,0.000281,0.002314,0.004816,0.006661,0.009444,-0.007724,-0.016043,-0.01892,-0.020577,-0.020671,-0.007193,-0.021578,-0.030553,-0.035432,-0.039403,0.006098,0.012603,0.018545,0.02286,0.022516,-6.3e-05,-0.001439,-0.00122,-0.000313,0.0,-0.005973,-0.016762,-0.024768,-0.028864,-0.027864,-0.018889,-0.047597,-0.063858,-0.075054,-0.082997,-0.004298,-0.004352,-0.000224,0.001544,0.000117,0.000358,-0.002175,-0.00378,-0.00417,-0.006697,0.000681,0.001527,0.002022,0.002443,0.002691,-0.002177,-0.004914,-0.00686,-0.008324,-0.008341,0.411064,-0.470524,-0.16089,-0.859282,1,0,0,0,0,0,0,0,0,0,0
126,0.001279,0.004117,0.006456,0.007547,0.007454,0.000717,0.00393,0.004709,0.007766,0.011446,-0.005364,-0.010261,-0.011695,-0.013255,-0.012194,-0.007578,-0.019523,-0.026322,-0.031094,-0.032559,0.003805,0.009419,0.014876,0.016685,0.016093,-0.00106,-0.001279,-0.000967,-0.000187,0.000811,-0.00499,-0.016124,-0.020147,-0.022018,-0.020334,-0.014471,-0.036458,-0.053049,-0.058788,-0.071855,-0.001665,0.002941,0.00438,0.004599,0.00315,-0.001238,-0.004021,-0.003809,-0.005872,-0.008598,0.000385,0.001016,0.001647,0.001711,0.002438,-0.001663,-0.003628,-0.005402,-0.006077,-0.006134,0.410323,-0.462833,-0.160388,-0.859795,1,0,0,0,0,0,0,0,0,0,0
127,0.001214,0.00417,0.006068,0.006255,0.006099,0.001307,0.003796,0.005632,0.008402,0.013412,-0.002925,-0.005788,-0.007437,-0.007531,-0.002209,-0.006753,-0.015684,-0.020538,-0.02449,-0.02642,0.002676,0.008589,0.012883,0.012541,0.012043,-0.000311,-9.3e-05,0.000809,0.00112,0.003205,-0.005757,-0.013723,-0.0178,-0.016804,-0.01058,-0.014128,-0.030309,-0.04145,-0.049354,-0.060308,0.001609,0.005716,0.007476,0.006056,0.004608,-0.001284,-0.002881,-0.00327,-0.005785,-0.008713,0.000438,0.000916,0.001323,0.001563,0.002116,-0.001007,-0.002887,-0.004301,-0.004317,-0.004482,0.407259,-0.461043,-0.159705,-0.86057,1,0,0,0,0,0,0,0,0,0,0
128,0.001616,0.003947,0.005035,0.004942,0.004848,0.001896,0.002673,0.005718,0.009386,0.012836,-0.001958,-0.003388,-0.004942,-0.003885,0.013053,-0.005159,-0.011934,-0.016689,-0.01815,-0.023247,0.002921,0.00836,0.010163,0.009572,0.009137,9.3e-05,0.000404,0.001181,0.002176,0.004258,-0.005346,-0.009355,-0.011219,-0.009541,0.02247,-0.007801,-0.024335,-0.030053,-0.043075,-0.047115,0.002984,0.004418,0.004636,0.003192,-0.011803,-0.00149,-0.001279,-0.003335,-0.006051,-0.007461,0.000182,0.000797,0.00086,0.001569,0.001487,-0.000921,-0.002651,-0.003311,-0.003366,-0.003352,0.383281,-0.461671,-0.158766,-0.861382,1,0,0,0,0,0,0,0,0,0,0
129,0.001336,0.003231,0.003418,0.003262,0.0032,0.00059,0.002423,0.005189,0.010191,0.010905,-0.000901,-0.002548,-0.002641,0.002672,0.03399,-0.003759,-0.008606,-0.012552,-0.014478,-0.022867,0.002983,0.00727,0.006928,0.006431,0.006152,0.000124,0.001025,0.001336,0.003418,0.004194,-0.00261,-0.00668,-0.005686,0.000528,0.064065,-0.008358,-0.01948,-0.027372,-0.038308,-0.047536,0.001119,0.002875,0.001457,1.2e-05,-0.032212,-0.000105,-0.000493,-0.003004,-0.005927,-0.005915,0.000291,0.000693,0.000931,0.001478,0.001399,-0.000941,-0.00234,-0.002355,-0.002518,-0.002403,0.351447,-0.456375,-0.157904,-0.8617,1,0,0,0,0,0,0,0,0,0,0
130,0.000994,0.002081,0.001988,0.001895,0.00177,0.000186,0.00323,0.006895,0.010342,0.010218,-0.000528,-0.002081,-0.001025,0.015902,0.062551,-0.003013,-0.007765,-0.009224,-0.014318,-0.025375,0.002454,0.004255,0.003665,0.00323,0.00236,0.000186,0.000963,0.001957,0.004038,0.004131,-0.001398,-0.003261,-0.001584,0.030406,0.122618,-0.008168,-0.013883,-0.026897,-0.030934,-0.045594,0.000315,0.000533,-0.00091,-0.015896,-0.061587,0.000316,-0.001739,-0.004453,-0.005862,-0.005814,0.000322,0.000384,0.001091,0.001009,0.001077,-0.000784,-0.001441,-0.001496,-0.001481,-0.001085,0.299224,-0.454136,-0.156249,-0.862169,0,0,1,0,0,0,0,0,0,0,0
131,0.000901,0.001087,0.000932,0.00087,0.000745,0.001646,0.00441,0.009411,0.010126,0.013045,-0.001118,-0.001211,0.0041,0.035408,0.079544,-0.001833,-0.005777,-0.007703,-0.016089,-0.024196,0.001833,0.001491,0.000994,0.000714,-0.000311,0.000714,0.001025,0.003106,0.003882,0.005032,-0.002671,-0.001677,0.004535,0.068052,0.193254,-0.002951,-0.01084,-0.021773,-0.030998,-0.044975,0.001441,2.3e-05,-0.001421,-0.033636,-0.114871,-0.000704,-0.003214,-0.006137,-0.006124,-0.00805,7.9e-05,0.000316,0.000862,0.000783,0.000783,-0.000612,-0.000627,-0.00079,-0.000675,-0.000423,0.231176,-0.449516,-0.15553,-0.864324,0,0,1,0,0,0,0,0,0,0,0
132,0.000186,9.3e-05,0.0,-0.000124,-0.000963,0.001398,0.005062,0.008509,0.008385,0.011615,-0.000435,0.000621,0.017547,0.064193,0.112919,-0.002919,-0.004379,-0.009472,-0.020528,-0.026211,-3.1e-05,-0.000621,-0.001056,-0.001925,-0.003665,6.2e-05,0.001056,0.003137,0.00323,0.004845,0.000807,0.002484,0.034472,0.126677,0.269628,-0.002764,-0.015776,-0.019814,-0.034472,-0.060342,-0.001223,-0.002665,-0.01765,-0.063338,-0.157389,-0.00135,-0.004065,-0.005473,-0.005425,-0.007198,-1.7e-05,0.000689,0.000607,0.000676,0.00073,-4.5e-05,-0.0001,-8.6e-05,0.00031,0.00057,0.158023,-0.43509,-0.155327,-0.869897,0,0,1,0,0,0,0,0,0,0,0
133,0.0,-0.000155,-0.000217,-0.000342,-0.003199,0.001367,0.006367,0.007082,0.010001,0.008821,0.000342,0.005653,0.036962,0.081099,0.135299,-0.001025,-0.002951,-0.011337,-0.019444,-0.022736,-0.000311,-0.000808,-0.001087,-0.002112,-0.005405,0.000248,0.00233,0.003106,0.004255,0.004939,0.000186,0.006398,0.069917,0.195122,0.368625,-0.005125,-0.016058,-0.025283,-0.03926,-0.089423,-0.000195,-0.001639,-0.033854,-0.115091,-0.212512,-0.001159,-0.004082,-0.00407,-0.005995,-0.004272,0.000254,0.0008,0.000721,0.000721,0.000759,3e-05,-0.000133,-1.8e-05,0.000234,0.00065,0.057692,-0.408634,-0.157386,-0.87924,0,0,1,0,0,0,0,0,0,0,0
134,-9.3e-05,-0.000186,-0.000311,-0.001149,-0.007238,0.002299,0.005747,0.005623,0.008854,0.005343,0.000715,0.017645,0.064306,0.113049,0.155889,-0.000435,-0.00553,-0.016589,-0.022274,-0.029979,-0.00028,-0.000715,-0.001584,-0.003324,-0.005499,0.000746,0.002827,0.00292,0.004536,0.005126,0.001491,0.033489,0.125724,0.26872,0.435202,-0.007891,-0.011929,-0.026592,-0.05247,-0.130228,-0.001249,-0.016238,-0.06194,-0.156022,-0.182339,-0.001556,-0.002965,-0.002917,-0.00469,0.000176,0.000453,0.000371,0.000439,0.000494,0.000508,-8.5e-05,-7e-05,0.000327,0.000587,-0.000932,-0.010103,-0.370888,-0.157875,-0.878274,0,0,1,0,0,0,0,0,0,0,0
135,-6.2e-05,-0.000124,-0.000249,-0.003107,-0.00929,0.002703,0.003418,0.006338,0.005158,0.003014,0.004599,0.035918,0.08007,0.134289,0.154267,-0.001491,-0.009881,-0.01799,-0.021284,-0.063727,-0.000217,-0.000497,-0.001522,-0.004816,-0.005406,0.001336,0.002113,0.003262,0.003946,0.007519,0.004723,0.068263,0.19351,0.367072,0.485142,-0.003045,-0.012273,-0.026255,-0.076435,-0.124128,-0.000196,-0.032422,-0.113687,-0.21114,-0.179196,-0.001368,-0.001355,-0.003281,-0.001558,0.005263,9.4e-05,1.4e-05,1.5e-05,5.2e-05,6.7e-05,-7.8e-05,3.7e-05,0.00029,0.000706,-0.001495,-0.062573,-0.371924,-0.158206,-0.879507,0,0,1,0,0,0,0,0,0,0,0
136,-3.1e-05,-0.000155,-0.000994,-0.00708,-0.012266,0.000745,0.000621,0.003851,0.000342,-0.000559,0.012328,0.05897,0.107692,0.150514,0.158618,-0.003602,-0.014657,-0.02034,-0.028041,-0.079464,-0.000217,-0.001087,-0.002826,-0.005,-0.00531,0.000745,0.000838,0.002453,0.003043,0.006987,0.027264,0.119461,0.262397,0.42881,0.578547,-0.000994,-0.015651,-0.041518,-0.119243,-0.176878,-0.014787,-0.06047,-0.154513,-0.180819,-0.082418,-4.1e-05,6e-06,-0.001766,0.003098,0.008933,-0.000175,-0.000107,-5.2e-05,-3.8e-05,0.0,9.3e-05,0.000488,0.000748,-0.000767,-0.002789,-0.160149,-0.323572,-0.158071,-0.875703,0,0,1,0,0,0,0,0,0,0,0
137,-3.1e-05,-0.000155,-0.003013,-0.009193,-0.013665,-3.1e-05,0.002888,0.001708,-0.000435,0.003044,0.018976,0.063109,0.117304,0.137274,0.175817,-0.004783,-0.012889,-0.016181,-0.058606,-0.114602,-6.2e-05,-0.001087,-0.004379,-0.004969,-0.005839,3.1e-05,0.00118,0.001863,0.005435,0.00764,0.036244,0.161437,0.334925,0.452944,0.648948,-0.00823,-0.022206,-0.072364,-0.120038,-0.214204,-0.017423,-0.098652,-0.196064,-0.164133,-0.005803,5.4e-05,-0.001872,-0.000149,0.006669,0.006269,9.6e-05,9.7e-05,0.000134,0.000149,0.000757,2.2e-05,0.000274,0.00069,-0.001505,-0.003647,-0.255592,-0.291529,-0.159155,-0.871494,0,0,1,0,0,0,0,0,0,0,0
138,-9.3e-05,-0.000932,-0.007022,-0.012211,-0.028523,-9.3e-05,0.003138,-0.000373,-0.001274,0.004536,0.027685,0.076435,0.119283,0.127392,0.195718,-0.006276,-0.011962,-0.019668,-0.071122,-0.142493,-0.000808,-0.002548,-0.004723,-0.005034,-0.009384,6.2e-05,0.001678,0.002268,0.006214,0.00842,0.05599,0.199012,0.365523,0.515348,0.684003,-0.006432,-0.032314,-0.110086,-0.167754,-0.238379,-0.02828,-0.122378,-0.1487,-0.05024,0.041901,-6e-06,-0.00178,0.003088,0.008925,0.008409,-2.8e-05,2.7e-05,4.1e-05,7.9e-05,0.001264,0.000375,0.000636,-0.000886,-0.002916,-0.009896,-0.3224,-0.262544,-0.158365,-0.860402,0,0,1,0,0,0,0,0,0,0,0
139,-3.1e-05,-0.002891,-0.009078,-0.013554,-0.032114,0.003016,0.001834,-0.000311,0.003171,-0.001834,0.016477,0.070726,0.090715,0.129296,0.197721,-0.001834,-0.00513,-0.047596,-0.103648,-0.16769,-0.000218,-0.003513,-0.004104,-0.004974,-0.01542,0.001088,0.001772,0.005347,0.007554,0.007834,0.069296,0.242954,0.361089,0.557287,0.681671,-0.007554,-0.057762,-0.105482,-0.199742,-0.260364,-0.053014,-0.150522,-0.11856,0.039926,0.091952,-0.001921,-0.000197,0.006628,0.006227,0.013338,2.8e-05,6.6e-05,8.1e-05,0.000694,0.00218,-0.000123,0.000296,-0.001914,-0.004071,-0.007611,-0.370218,-0.240176,-0.153329,-0.853797,0,0,1,0,0,0,0,0,0,0,0
140,-0.00081,-0.006917,-0.01212,-0.028476,-0.037075,0.000218,-0.003303,-0.004206,0.00162,-0.004829,0.032371,0.075335,0.083466,0.151978,0.21996,-0.003863,-0.01159,-0.063184,-0.134749,-0.194007,-0.001527,-0.003708,-0.004019,-0.008381,-0.02075,0.00053,0.001122,0.005078,0.00729,0.006792,0.073964,0.240928,0.391161,0.560274,0.653555,-0.018382,-0.096365,-0.15419,-0.225007,-0.289188,-0.041224,-0.067618,0.031109,0.123501,0.149085,0.000147,0.005028,0.010881,0.010363,0.015144,2.7e-05,4.1e-05,8.1e-05,0.001288,0.001377,0.000391,-0.00116,-0.003229,-0.010343,-0.007252,-0.404763,-0.210422,-0.150047,-0.844577,0,0,1,0,0,0,0,0,0,0,0
141,-0.00207,-0.00831,-0.012826,-0.031548,-0.040329,-0.001411,-0.003575,-6.3e-05,-0.005112,-0.004014,0.02214,0.042305,0.081223,0.150246,0.209611,0.000564,-0.042273,-0.098816,-0.163417,-0.211649,-0.001788,-0.002383,-0.003261,-0.013798,-0.022172,0.000157,0.003763,0.00599,0.006272,0.008781,0.100729,0.219897,0.41781,0.543282,0.611522,-0.032144,-0.080282,-0.175366,-0.236518,-0.296353,-0.056866,-0.024625,0.135248,0.187729,0.199617,0.001592,0.008476,0.008072,0.015245,0.016714,1.1e-05,2.8e-05,0.000679,0.002259,0.001271,3.6e-05,-0.002313,-0.004605,-0.008367,-0.008396,-0.429029,-0.190121,-0.149291,-0.838854,0,0,1,0,0,0,0,0,0,0,0
142,-0.004121,-0.009415,-0.026057,-0.034806,-0.043206,-0.002156,-0.003075,0.002853,-0.003709,-0.001743,0.021334,0.029607,0.099314,0.168481,0.213811,-0.008432,-0.060926,-0.133739,-0.194031,-0.221863,-0.000412,-0.000729,-0.005167,-0.017752,-0.023362,0.000444,0.00447,0.00672,0.006213,0.009446,0.068058,0.220912,0.392975,0.487882,0.543039,-0.046851,-0.105685,-0.177737,-0.243038,-0.283296,0.030627,0.131076,0.225079,0.251109,0.264364,0.003357,0.009312,0.008785,0.013649,0.015584,4e-06,4.8e-05,0.00141,0.001511,0.000196,-0.001789,-0.004124,-0.012153,-0.008664,-0.010308,-0.453397,-0.182691,-0.14951,-0.832667,0,0,1,0,0,0,0,0,0,0,0
143,-0.002185,-0.006746,-0.025653,-0.03452,-0.04361,-3.2e-05,0.003515,-0.001584,-0.000475,0.000697,-0.00095,0.038352,0.108058,0.16801,0.200661,-0.034837,-0.091938,-0.157178,-0.205887,-0.234548,-0.00019,-0.001077,-0.011718,-0.020174,-0.027236,0.003199,0.005447,0.005732,0.008266,0.009089,0.052351,0.25222,0.378932,0.447846,0.483285,-0.001805,-0.097829,-0.159585,-0.220012,-0.246456,0.001961,0.163414,0.216414,0.228419,0.230406,0.003599,0.00319,0.010435,0.011918,0.012098,1.3e-05,0.000711,0.002403,0.001345,0.001825,-0.000739,-0.003195,-0.007225,-0.007255,-0.008668,-0.459889,-0.182889,-0.148164,-0.826352,0,0,1,0,0,0,0,0,0,0,0
144,-0.003103,-0.019728,-0.028468,-0.03686,-0.047817,-0.000887,0.005035,-0.00152,0.000443,0.002122,0.009215,0.07885,0.147946,0.193229,0.214003,-0.017607,-0.090345,-0.150575,-0.178378,-0.215618,-0.000127,-0.00456,-0.017132,-0.022737,-0.0285,0.000823,0.003072,0.002565,0.005795,0.007125,0.100351,0.272238,0.367047,0.422147,0.426169,-0.056968,-0.128946,-0.194179,-0.234396,-0.253618,0.098385,0.192291,0.218295,0.231536,0.210005,0.002351,0.001825,0.006684,0.008617,0.009644,3.1e-05,0.001383,0.001483,0.000177,0.002012,-0.00158,-0.009552,-0.006088,-0.00772,-0.011259,-0.451797,-0.185748,-0.147584,-0.821187,0,0,1,0,0,0,0,0,0,0,0
145,-0.001448,-0.020243,-0.029058,-0.038093,-0.048703,0.004407,-0.000661,0.000441,0.001606,0.002991,0.029908,0.0992,0.158795,0.191253,0.20882,-0.039258,-0.104111,-0.15253,-0.181022,-0.207309,-0.000756,-0.011334,-0.019739,-0.02676,-0.028491,0.001417,0.0017,0.004219,0.005037,0.008469,0.098916,0.224876,0.293381,0.328609,0.320613,-0.038817,-0.100207,-0.160275,-0.186562,-0.202146,0.062683,0.115368,0.127302,0.129277,0.101699,-0.002744,0.004458,0.005932,0.006111,0.010449,0.00064,0.002263,0.001248,0.001708,0.002017,-0.000838,-0.004704,-0.004733,-0.006088,-0.011502,-0.445595,-0.18695,-0.150081,-0.820147,0,0,1,0,0,0,0,0,0,0,0
146,-0.014969,-0.023594,-0.031875,-0.042687,-0.050281,0.001469,-0.005,-0.003062,-0.001406,-0.001531,0.039031,0.107218,0.151905,0.172405,0.174343,-0.032812,-0.092249,-0.119687,-0.156436,-0.177811,-0.003625,-0.016031,-0.021562,-0.02725,-0.027719,0.000812,0.000312,0.0035,0.004812,0.009625,0.071437,0.164999,0.219373,0.223342,0.211092,-0.0325,-0.096874,-0.136562,-0.15553,-0.166249,0.03045,0.056111,0.069178,0.04793,0.031312,0.002204,0.006999,0.008906,0.009919,0.016623,0.000625,0.000716,-0.000474,0.001199,0.001715,-0.00647,-0.003312,-0.0048,-0.008025,-0.011696,-0.434189,-0.189448,-0.151363,-0.820034,0,0,1,0,0,0,0,0,0,0,0
147,-0.003637,-0.012267,-0.021113,-0.0315,-0.03597,-0.006411,-0.005332,-0.004192,-0.002836,-0.001079,0.029343,0.087689,0.119467,0.136666,0.13457,-0.03113,-0.078535,-0.106429,-0.132166,-0.143416,-0.006781,-0.01501,-0.021884,-0.023579,-0.024134,-0.000524,0.001942,0.002743,0.006103,0.010017,0.05286,0.119929,0.154419,0.14659,0.130563,-0.028048,-0.086857,-0.112594,-0.127851,-0.12745,0.021548,0.033232,0.035166,0.008165,-0.00844,0.004877,0.00632,0.006495,0.010742,0.013907,0.000832,-4.3e-05,0.000353,0.00062,0.001149,0.002542,0.002517,0.001348,-0.00332,-0.005321,-0.425416,-0.198861,-0.151717,-0.82033,0,0,1,0,0,0,0,0,0,0,0
148,-0.00481,-0.012876,-0.023409,-0.030806,-0.035128,3e-05,0.001918,0.003531,0.003409,0.007793,0.037442,0.080972,0.100941,0.102828,0.106725,-0.027153,-0.05388,-0.089678,-0.110499,-0.109403,-0.005388,-0.010776,-0.016316,-0.016773,-0.017412,3e-05,0.003135,0.004414,0.009102,0.014429,0.038933,0.0919,0.095766,0.083833,0.071353,-0.035007,-0.073666,-0.092144,-0.102585,-0.09534,0.003716,0.016445,-0.004253,-0.020441,-0.037868,-0.000146,0.001712,0.0027,0.009229,0.011182,-0.000687,-0.001677,-0.000285,0.000144,0.000246,0.000298,-0.00094,-0.003624,-0.00668,-0.008637,-0.417258,-0.206076,-0.15393,-0.822977,1,0,0,0,0,0,0,0,0,0,0
149,-0.003674,-0.012316,-0.022463,-0.02683,-0.030172,0.001024,0.002138,0.003463,0.005179,0.012376,0.019964,0.051009,0.067812,0.065764,0.072509,-0.019452,-0.046703,-0.071847,-0.082838,-0.087565,-0.00271,-0.009425,-0.011081,-0.011623,-0.011804,0.002379,0.003162,0.006444,0.010268,0.017164,0.02701,0.060705,0.053057,0.037399,0.029419,-0.022825,-0.047968,-0.062874,-0.062482,-0.067149,0.007739,0.009628,-0.01675,-0.032972,-0.047166,0.001554,0.001725,0.005874,0.008966,0.009583,-0.000107,0.00023,0.000456,0.000905,0.000741,-0.000298,-0.00129,-0.005255,-0.006955,-0.008719,-0.412181,-0.201743,-0.157143,-0.824834,1,0,0,0,0,0,0,0,0,0,0
150,-0.004277,-0.014627,-0.021896,-0.026143,-0.026682,0.000838,0.002423,0.002303,0.006611,0.012832,0.022943,0.042565,0.044419,0.048248,0.056265,-0.00694,-0.042116,-0.062576,-0.061499,-0.074332,-0.002602,-0.008046,-0.008495,-0.009123,-0.009033,0.000688,0.001944,0.006551,0.011785,0.015913,0.025216,0.029015,0.017289,0.005025,0.003829,-0.015315,-0.033472,-0.043731,-0.036612,-0.051359,0.00482,-0.015518,-0.031425,-0.048549,-0.056883,0.000282,0.001252,0.007669,0.009587,0.007765,-0.000774,0.000457,0.000837,0.000927,0.00076,-0.000811,-0.003186,-0.005889,-0.00762,-0.008274,-0.411552,-0.197668,-0.159353,-0.824486,1,0,0,0,0,0,0,0,0,0,0
151,-0.004301,-0.014366,-0.018696,-0.022011,-0.022609,0.000269,0.001583,0.003285,0.010423,0.014963,0.007885,0.02455,0.022519,0.029209,0.034346,-0.0201,-0.045038,-0.055939,-0.060628,-0.072933,-0.004062,-0.005704,-0.006242,-0.006421,-0.006481,9e-05,0.003345,0.007138,0.013977,0.016874,0.008243,0.000657,-0.014873,-0.022788,-0.020936,-0.009647,-0.02443,-0.024042,-0.028671,-0.038527,-0.002939,-0.029102,-0.045192,-0.05927,-0.063102,-0.000112,0.004004,0.00707,0.007682,0.006267,0.001084,0.001298,0.001721,0.001566,0.001614,-0.000134,-0.003879,-0.005484,-0.007149,-0.007676,-0.410254,-0.1971,-0.160785,-0.825007,1,0,0,0,0,0,0,0,0,0,0
152,-0.006016,-0.013253,-0.017482,-0.018018,-0.01903,0.00131,0.001191,0.00548,0.011674,0.018882,0.011674,0.013521,0.017333,0.025314,0.02591,-0.01498,-0.035351,-0.034279,-0.047055,-0.054471,-0.00137,-0.001817,-0.002442,-0.002353,-0.002889,0.001161,0.005748,0.01096,0.01507,0.01775,-0.004437,-0.016112,-0.028322,-0.029514,-0.030973,-0.008458,-0.018673,-0.011585,-0.026267,-0.030139,-0.017319,-0.033157,-0.050206,-0.058504,-0.061461,0.001077,0.007466,0.009376,0.007562,0.003373,0.000132,0.0005,0.000588,0.000425,0.000521,-0.002171,-0.004792,-0.006472,-0.007106,-0.008017,-0.407753,-0.19594,-0.160844,-0.824971,1,0,0,0,0,0,0,0,0,0,0
153,-0.004003,-0.008303,-0.011594,-0.012187,-0.014471,0.0,0.00169,0.008777,0.013285,0.020342,0.004922,0.002906,0.009548,0.014649,0.013581,-0.009845,-0.020668,-0.025324,-0.037541,-0.041455,-0.000267,-0.000801,-0.000979,-0.001038,-0.00258,0.002076,0.005842,0.012632,0.015509,0.017644,-0.003114,-0.018533,-0.026391,-0.024553,-0.024731,-0.006257,-0.005871,-0.010468,-0.020253,-0.024523,-0.008732,-0.024707,-0.038685,-0.04249,-0.041537,0.003013,0.006058,0.006665,0.00526,0.000775,7.6e-05,0.000479,0.000331,0.000376,0.000373,-0.001455,-0.002982,-0.004566,-0.005067,-0.00612,-0.409206,-0.192668,-0.160361,-0.825761,1,0,0,0,0,0,0,0,0,0,0
154,-0.003198,-0.007403,-0.007936,-0.008943,-0.011312,-0.000118,0.004146,0.010306,0.017472,0.022625,-0.00308,0.000711,0.008647,0.009239,0.0069,-0.010424,-0.009358,-0.022062,-0.029436,-0.031864,-0.000178,-0.0008,-0.000711,-0.001244,-0.00305,0.002488,0.00767,0.011757,0.014422,0.016554,-0.008499,-0.020641,-0.021825,-0.023276,-0.020937,-0.003909,0.003139,-0.01146,-0.01531,-0.020285,-0.007028,-0.023981,-0.032232,-0.035173,-0.029975,0.003343,0.005243,0.003439,-0.000726,-0.003443,0.000279,0.000363,0.000207,0.0003,0.00026,-0.001078,-0.002692,-0.003302,-0.004177,-0.004857,-0.409877,-0.190135,-0.160294,-0.8264,1,0,0,0,0,0,0,0,0,0,0
155,-0.001094,-0.004376,-0.004968,-0.007244,-0.008782,0.001804,0.008871,0.013365,0.020403,0.025577,0.001064,0.007688,0.012774,0.011709,0.008752,-0.000384,-0.005027,-0.017209,-0.021112,-0.021349,-0.000355,-0.000532,-0.000591,-0.002129,-0.003134,0.001271,0.008043,0.010911,0.01304,0.016352,-0.00689,-0.014725,-0.012892,-0.013069,-0.011266,0.004287,-0.000296,-0.010053,-0.014311,-0.017298,-0.008913,-0.022851,-0.026644,-0.025694,-0.020361,-0.000302,0.000303,-0.001098,-0.00557,-0.007189,0.000119,-2.5e-05,1.9e-05,1.6e-05,-3e-05,-0.00043,-0.001983,-0.002474,-0.003506,-0.003997,-0.410866,-0.188799,-0.160702,-0.827963,1,0,0,0,0,0,0,0,0,0,0
156,-0.003104,-0.003636,-0.00464,-0.007005,-0.007803,0.002453,0.008601,0.015754,0.020897,0.025567,0.002719,0.010641,0.011232,0.008897,0.006621,0.001448,-0.011232,-0.018591,-0.021015,-0.01933,-0.000266,-0.000177,-0.000709,-0.002512,-0.002778,0.003902,0.00798,0.010641,0.012769,0.016995,-0.005232,-0.006414,-0.007862,-0.005527,-0.003695,0.002749,-0.011823,-0.015665,-0.020631,-0.021163,-0.008012,-0.016247,-0.019182,-0.013994,-0.009431,0.002198,0.000397,-0.003759,-0.006471,-0.006735,-3.6e-05,-0.000189,-9.9e-05,-0.000137,-0.000173,-0.001164,-0.001766,-0.00263,-0.0033,-0.003593,-0.411313,-0.18884,-0.160495,-0.829206,1,0,0,0,0,0,0,0,0,0,0
157,-0.000177,-0.000767,-0.00304,-0.004574,-0.005223,0.004604,0.009089,0.016113,0.021278,0.022989,0.003895,0.008971,0.007909,0.004958,0.003305,-0.006079,-0.018238,-0.022133,-0.022369,-0.020068,8.9e-05,3e-05,-0.001505,-0.002508,-0.002626,0.002863,0.005725,0.00785,0.011155,0.013782,-0.002597,-0.000767,-0.000944,0.000856,0.000856,-0.007319,-0.017057,-0.021307,-0.024288,-0.022576,-0.005911,-0.009698,-0.008749,-0.003426,-0.001675,-0.00159,-0.002988,-0.007452,-0.009067,-0.008035,-0.000107,-6.4e-05,-6.7e-05,-0.000111,-0.000115,-0.00038,-0.000865,-0.001883,-0.002368,-0.002473,-0.410679,-0.19008,-0.160236,-0.830376,1,0,0,0,0,0,0,0,0,0,0
158,-0.000354,-0.001356,-0.003714,-0.00451,-0.005601,0.001533,0.008666,0.013795,0.018453,0.018895,0.004009,0.004598,0.00227,0.0,-0.001415,-0.006573,-0.013913,-0.01633,-0.01465,-0.008961,0.0,-0.000531,-0.002329,-0.002594,-0.002741,0.001209,0.003862,0.005984,0.010199,0.011644,0.001415,-2.9e-05,0.002299,0.004127,0.002535,-0.007222,-0.011054,-0.016006,-0.016537,-0.015033,-0.002308,-0.005235,-6.2e-05,0.004489,0.005527,-0.000208,-0.004353,-0.007058,-0.007321,-0.006081,-4.5e-05,4.5e-05,7e-06,-2.9e-05,-0.000181,-0.000213,-0.001061,-0.001718,-0.002006,-0.002279,-0.410363,-0.190108,-0.160167,-0.831481,1,0,0,0,0,0,0,0,0,0,0
159,-0.000235,-0.002501,-0.004032,-0.004679,-0.005385,0.002943,0.009947,0.015097,0.016803,0.016862,0.001059,0.0,-0.002943,-0.004591,-0.00565,-0.005562,-0.009446,-0.009682,-0.007386,0.00259,-5.9e-05,-0.001589,-0.00259,-0.002707,-0.002737,0.001648,0.003767,0.007063,0.009682,0.010447,0.000412,0.000235,0.002031,0.002031,0.000589,-0.002501,-0.006739,-0.009711,-0.008004,-0.004179,-0.001471,-0.000526,0.004782,0.006529,0.007947,-0.001187,-0.005638,-0.007249,-0.00622,-0.005343,8.7e-05,8.4e-05,4e-05,3.7e-05,-0.000187,-0.000264,-0.001263,-0.001738,-0.001841,-0.002037,-0.410449,-0.193558,-0.160089,-0.831681,1,0,0,0,0,0,0,0,0,0,0
160,-0.000765,-0.003117,-0.003911,-0.004999,-0.005175,0.004175,0.009292,0.013938,0.014379,0.012673,-0.00047,-0.002793,-0.005058,-0.006469,-0.008174,-0.001764,-0.004175,-0.002499,0.003176,0.028317,-0.00047,-0.002264,-0.002529,-0.002676,-0.002735,0.001,0.003117,0.007322,0.008763,0.008821,-0.001852,0.00047,0.002294,0.000706,-0.000265,-0.001323,-0.006263,-0.006792,-0.005293,0.003117,-0.00145,0.003711,0.008251,0.009286,0.015452,-0.002949,-0.005647,-0.00591,-0.004673,-0.002955,1e-06,-3.6e-05,-7.1e-05,-0.00022,-0.000838,-0.00057,-0.001216,-0.001499,-0.001767,-0.001575,-0.412001,-0.197662,-0.159815,-0.833104,1,0,0,0,0,0,0,0,0,0,0
161,-0.001499,-0.003028,-0.003674,-0.00438,-0.003674,0.002822,0.007966,0.009671,0.009729,0.008436,-0.000588,-0.003527,-0.005173,-0.006232,-0.017313,-0.002116,-0.002352,-5.9e-05,0.009906,0.049088,-0.001058,-0.002058,-0.002175,-0.002205,-0.002175,0.001117,0.004409,0.007025,0.007789,0.007437,0.001675,0.003468,0.003468,0.002028,-0.001382,-0.00291,-0.005879,-0.004174,-0.000353,0.016431,0.002394,0.007696,0.00944,0.010857,0.025643,-0.001498,-0.003107,-0.002079,-0.001203,-0.000509,-5e-06,-4.8e-05,-5.1e-05,-0.000273,-0.001028,-0.000422,-0.000893,-0.000996,-0.001189,-0.000765,-0.410576,-0.20746,-0.159169,-0.833629,1,0,0,0,0,0,0,0,0,0,0
162,-0.000853,-0.001646,-0.002734,-0.00291,-0.001617,0.002293,0.006938,0.007379,0.005674,0.005938,-0.001734,-0.003998,-0.005409,-0.007114,-0.027486,-0.000294,0.001382,0.007055,0.03219,0.067936,-0.000735,-0.000999,-0.001146,-0.001205,-0.001117,0.000999,0.005203,0.006644,0.006703,0.005233,0.000647,0.002469,0.000882,-8.8e-05,-0.00391,-0.002028,-0.002558,-0.001058,0.007349,0.038275,0.002766,0.007304,0.008339,0.014504,0.031689,-0.0012,-0.001462,-0.000226,0.001492,-0.000524,-3.3e-05,-6.7e-05,-0.000217,-0.000833,-0.000715,-0.000223,-0.000505,-0.000773,-0.000582,-0.000293,-0.41175,-0.221585,-0.15895,-0.835392,1,0,0,0,0,0,0,0,0,0,0
163,-0.000676,-0.001323,-0.002029,-0.001323,0.002323,0.002852,0.004557,0.004616,0.003322,0.003616,-0.001205,-0.002852,-0.00391,-0.014994,-0.038662,5.9e-05,0.002352,0.012319,0.05151,0.085292,-0.000265,-0.000382,-0.000412,-0.000382,-0.0005,0.002293,0.00491,0.005674,0.005322,0.003734,0.001147,0.001147,-0.000294,-0.003705,-0.009526,-0.000941,0.000764,0.004587,0.021374,0.071415,0.002537,0.004282,0.005699,0.020488,0.031889,-0.00041,0.000618,0.001495,0.002189,-0.000721,-1.1e-05,-1.4e-05,-0.000236,-0.000992,0.000285,-0.000249,-0.000351,-0.000546,-0.00012,0.00123,-0.409905,-0.248138,-0.158304,-0.837007,1,0,0,0,0,0,0,0,0,0,0
164,-0.000118,-0.001205,-0.001381,-8.8e-05,0.004438,0.001793,0.002234,0.000529,0.000794,-0.000999,-0.001058,-0.002469,-0.004173,-0.02454,-0.054988,0.001616,0.007289,0.032417,0.068154,0.09437,0.0,-0.000147,-0.000206,-0.000118,-0.001323,0.00191,0.00335,0.003409,0.00194,-0.001675,0.000676,-0.000911,-0.001881,-0.005702,-0.021307,0.000411,0.00191,0.010316,0.041234,0.105949,0.002001,0.003036,0.009199,0.02638,0.029924,0.000147,0.001383,0.0031,0.001085,-0.002337,-2.4e-05,-0.000173,-0.000789,-0.000671,0.001895,-3.4e-05,-0.000301,-0.00011,0.000178,0.002356,-0.403775,-0.274705,-0.156911,-0.83727,1,0,0,0,0,0,0,0,0,0,0
165,-0.000529,-0.001234,-0.000529,0.003114,0.006638,-8.8e-05,-2.9e-05,-0.001322,-0.001028,-0.003202,-0.000587,-0.001645,-0.012719,-0.036364,-0.076517,0.000676,0.010633,0.049788,0.083537,0.10169,-0.000117,-0.000147,-0.000117,-0.000235,-0.001674,0.000705,0.001469,0.001116,-0.00047,-0.0047,-0.000676,-0.002115,-0.005522,-0.011338,-0.034396,0.001292,0.005111,0.021883,0.071876,0.132767,-0.000257,0.001159,0.015934,0.027324,0.034892,0.00088,0.001756,0.002449,-0.000458,-0.003853,2.1e-05,-0.0002,-0.000951,0.000318,0.003241,-6.8e-05,-0.000261,0.000161,0.001503,0.003285,-0.397625,-0.298314,-0.156366,-0.83821,1,0,0,0,0,0,0,0,0,0,0
166,-0.000558,-0.000734,0.000558,0.005082,0.015128,0.000529,-0.001175,-0.000911,-0.002702,-0.005317,-0.000822,-0.002526,-0.022882,-0.053314,-0.090178,0.004994,0.030108,0.065827,0.092029,0.117526,-2.9e-05,-8.8e-05,0.0,-0.001204,-0.001527,0.000734,0.000793,-0.000676,-0.004289,-0.004524,-0.000911,-0.00188,-0.005699,-0.021296,-0.042945,0.000206,0.008607,0.039508,0.10419,0.168137,0.001291,0.007451,0.024623,0.028165,0.038245,0.000355,0.002071,5.7e-05,-0.003363,-0.003917,-0.000169,-0.000783,-0.000665,0.001891,0.004738,-0.000198,-7e-06,0.00028,0.002449,0.006931,-0.393608,-0.329282,-0.155589,-0.840355,1,0,0,0,0,0,0,0,0,0,0
167,-0.000147,0.000558,0.004202,0.007728,0.026357,-0.00047,-0.001763,-0.001469,-0.003643,-0.01478,-0.000235,-0.011312,-0.034966,-0.075132,-0.112214,0.004966,0.044133,0.077894,0.096053,0.14051,0.0,2.9e-05,-8.8e-05,-0.001528,-0.001469,2.9e-05,-0.000323,-0.00191,-0.006141,-0.00332,-0.000529,-0.003937,-0.009755,-0.032821,-0.063673,0.003614,0.020392,0.070402,0.131313,0.219286,0.000124,0.014905,0.026299,0.033869,0.037804,0.000521,0.001214,-0.001694,-0.005089,0.003659,-5.1e-05,-0.000805,0.000468,0.003398,0.006709,5e-06,0.000428,0.001773,0.00356,0.012947,-0.376351,-0.374372,-0.154575,-0.844951,1,0,0,0,0,0,0,0,0,0,0
168,-2.9e-05,0.001264,0.005789,0.015838,0.029649,-0.001234,-0.00097,-0.002762,-0.005377,-0.015545,-0.001469,-0.021833,-0.052276,-0.089154,-0.145514,0.020158,0.05589,0.082101,0.107608,0.166965,-5.9e-05,2.9e-05,-0.001175,-0.001499,-0.001881,2.9e-05,-0.00144,-0.005054,-0.005289,0.002556,-0.000441,-0.004261,-0.019864,-0.041521,-0.10799,0.00479,0.035703,0.100408,0.164379,0.276013,0.006038,0.023216,0.026759,0.036843,0.028721,0.001196,-0.000819,-0.00424,-0.004795,0.009306,-0.000564,-0.000446,0.002117,0.004971,0.008882,0.000186,0.000474,0.002649,0.007142,0.01542,-0.334407,-0.428557,-0.153244,-0.85285,1,0,0,0,0,0,0,0,0,0,0
169,0.000734,0.004375,0.007898,0.026513,0.034206,-5.9e-05,0.000235,-0.001938,-0.013066,-0.013183,-0.009601,-0.033237,-0.073374,-0.110429,-0.164601,0.018997,0.052733,0.070879,0.115303,0.180368,8.8e-05,-2.9e-05,-0.001468,-0.001409,-0.001762,-0.000382,-0.001967,-0.006195,-0.003377,0.007663,-0.002966,-0.008779,-0.031828,-0.062658,-0.143284,0.01198,0.061953,0.122819,0.210728,0.31637,0.008737,0.020123,0.027688,0.03162,0.009584,-0.000502,-0.003408,-0.006801,0.001941,0.011089,-0.000189,0.001077,0.003992,0.007286,0.0102,0.000236,0.001574,0.003352,0.012691,0.017845,-0.302356,-0.465639,-0.153528,-0.862277,1,0,0,0,0,0,0,0,0,0,0
170,0.000558,0.005079,0.015118,0.028916,0.032145,0.000323,-0.001468,-0.004081,-0.014238,-0.011596,-0.010744,-0.041157,-0.077999,-0.134305,-0.17693,0.016704,0.042889,0.068371,0.12767,0.178867,0.0,-0.001204,-0.001527,-0.001908,-0.00226,-0.001086,-0.004697,-0.004932,0.002906,0.009423,-0.000851,-0.016439,-0.038075,-0.104479,-0.18788,0.018905,0.083548,0.147456,0.258981,0.344554,0.008426,0.011966,0.02204,0.013925,-0.018538,-0.001511,-0.004929,-0.005483,0.008604,0.011632,0.000306,0.002851,0.005686,0.00957,0.011561,5e-05,0.00221,0.006673,0.014894,0.017105,-0.256596,-0.499389,-0.152332,-0.867867,1,0,0,0,0,0,0,0,0,0,0
171,0.003083,0.006607,0.025224,0.032918,0.031038,-2.9e-05,-0.002202,-0.013332,-0.013449,-0.003729,-0.012891,-0.053032,-0.09009,-0.144268,-0.187874,0.017031,0.035179,0.079607,0.144679,0.187786,-0.000117,-0.001556,-0.001498,-0.00185,-0.00276,-0.000499,-0.004728,-0.001909,0.009132,0.01107,-0.004963,-0.028014,-0.058847,-0.139482,-0.21395,0.031068,0.09194,0.179858,0.285511,0.368584,0.002959,0.010524,0.014457,-0.007581,-0.026133,-0.001395,-0.004788,0.003955,0.013104,0.005693,0.00096,0.003878,0.007174,0.01009,0.011902,0.001289,0.003068,0.012414,0.017572,0.016262,-0.231504,-0.534487,-0.150801,-0.872744,1,0,0,0,0,0,0,0,0,0,0
172,0.001438,0.011475,0.025269,0.028497,0.02703,-0.001761,-0.004373,-0.014527,-0.011886,-0.001908,-0.017521,-0.054353,-0.110642,-0.153256,-0.189911,0.009157,0.034631,0.093914,0.145097,0.186918,-0.001086,-0.001409,-0.00179,-0.002142,-0.002876,-0.003111,-0.003346,0.00449,0.011006,0.012179,-0.010624,-0.032254,-0.098639,-0.182017,-0.2386,0.033574,0.097465,0.208958,0.294508,0.385722,0.000582,0.010653,0.002541,-0.029913,-0.028245,-0.002023,-0.002576,0.011506,0.014534,0.006079,0.001584,0.004413,0.00829,0.010276,0.012143,0.000872,0.005326,0.013532,0.015738,0.014484,-0.203747,-0.576531,-0.151426,-0.877143,1,0,0,0,0,0,0,0,0,0,0
173,0.002085,0.020704,0.028398,0.026519,0.025256,-0.000411,-0.011541,-0.011659,-0.001938,0.001028,-0.022613,-0.059675,-0.113858,-0.157469,-0.187923,0.008986,0.05342,0.118498,0.16161,0.196557,-0.000352,-0.000294,-0.000646,-0.001556,-0.001968,-0.001116,0.001703,0.012746,0.014684,0.016534,-0.012422,-0.043258,-0.123902,-0.198378,-0.240697,0.027283,0.115209,0.220874,0.303955,0.407446,0.006984,0.010917,-0.011123,-0.029678,-0.00636,-0.001369,0.007375,0.016524,0.009113,0.008203,0.001328,0.004627,0.007545,0.009358,0.0119,0.000904,0.010257,0.015418,0.014107,0.013599,-0.193702,-0.630883,-0.152537,-0.882149,1,0,0,0,0,0,0,0,0,0,0
174,0.007958,0.021759,0.024989,0.023521,0.022288,-0.002202,-0.012362,-0.00972,0.000264,0.002026,-0.014242,-0.070563,-0.1132,-0.149876,-0.179446,0.016503,0.075819,0.127031,0.168875,0.198122,2.9e-05,-0.000352,-0.000705,-0.001439,-0.003905,0.000881,0.008721,0.01524,0.016415,0.017002,-0.00922,-0.075643,-0.159067,-0.215682,-0.259406,0.036647,0.148203,0.2338,0.325065,0.413423,0.003093,-0.005023,-0.037495,-0.035826,-0.011814,0.000815,0.014906,0.017935,0.009476,0.008067,0.001513,0.005405,0.007399,0.009274,0.012171,0.003568,0.011806,0.014021,0.012761,0.013209,-0.164138,-0.667233,-0.151209,-0.884227,1,0,0,0,0,0,0,0,0,0,0
175,0.010687,0.0184,0.016516,0.01525,0.013542,-0.00895,-0.009067,0.000677,0.003651,0.004328,-0.022875,-0.077191,-0.120909,-0.151438,-0.170927,0.027997,0.093235,0.136453,0.171486,0.192094,2.9e-05,-0.000324,-0.001236,-0.001649,-0.006918,0.001943,0.013012,0.014955,0.01681,0.014219,-0.021668,-0.102509,-0.177168,-0.21959,-0.276438,0.051402,0.157325,0.24061,0.344356,0.423872,0.000841,-0.021253,-0.039852,-0.016478,-0.002228,0.007948,0.01712,0.00969,0.008778,0.004835,0.001816,0.004784,0.006629,0.009214,0.013448,0.005882,0.011133,0.009799,0.009282,0.010594,-0.139767,-0.716588,-0.148674,-0.884902,1,0,0,0,0,0,0,0,0,0,0
176,0.003161,0.00641,0.004933,0.003692,0.00127,-0.001241,0.001418,0.011461,0.013233,0.013086,-0.033704,-0.076594,-0.113487,-0.143233,-0.155609,0.031577,0.083092,0.125184,0.154605,0.168045,-0.000414,-0.000768,-0.001506,-0.003988,-0.011284,0.005937,0.012495,0.013676,0.014267,0.00963,-0.045076,-0.128995,-0.185945,-0.229928,-0.278519,0.060643,0.146748,0.238554,0.327435,0.411797,-0.009009,-0.041673,-0.039994,-0.01584,0.016084,0.006199,0.009247,0.000737,-0.00068,-0.006077,0.002197,0.004276,0.006229,0.009249,0.014857,0.002564,0.004872,0.00356,0.004026,0.005814,-0.116535,-0.757025,-0.144498,-0.884193,1,0,0,0,0,0,0,0,0,0,0
177,0.004589,0.002694,0.001421,-0.000296,-0.002635,0.001125,0.010925,0.013915,0.014596,0.014626,-0.020843,-0.064809,-0.095511,-0.115111,-0.129707,0.033959,0.077421,0.112653,0.133378,0.138411,5.9e-05,-0.000859,-0.001273,-0.006573,-0.014122,0.005181,0.007135,0.009,0.006395,0.001865,-0.03612,-0.111203,-0.153866,-0.211036,-0.25592,0.045742,0.1295,0.233833,0.313801,0.383051,-0.01319,-0.031895,-0.008388,0.005943,0.043704,0.00301,-0.004462,-0.005379,-0.009344,-0.014859,0.000855,0.002775,0.005464,0.009869,0.016237,0.002857,0.001469,0.000932,0.002297,0.004209,-0.094671,-0.793738,-0.141883,-0.887132,1,0,0,0,0,0,0,0,0,0,0
178,-0.001338,-0.002825,-0.004075,-0.006513,-0.008923,0.001547,0.011659,0.013443,0.013295,0.011391,-0.022247,-0.059395,-0.089345,-0.101807,-0.112603,0.017756,0.060138,0.089761,0.103294,0.108142,-0.000416,-0.00116,-0.003658,-0.011005,-0.019451,0.001398,0.002588,0.003182,-0.001487,-0.007673,-0.048212,-0.105554,-0.14984,-0.198765,-0.24891,0.040746,0.133184,0.222678,0.307621,0.372726,-0.019639,-0.017949,0.006372,0.038516,0.07515,4.4e-05,-0.008524,-0.009951,-0.015385,-0.020762,0.001298,0.003348,0.006516,0.0124,0.021893,-0.000528,-0.001905,-0.001416,0.00046,0.002757,-0.067089,-0.83564,-0.13785,-0.890422,1,0,0,0,0,0,0,0,0,0,0
179,-0.000568,-0.001852,-0.003585,-0.005945,-0.007738,0.008335,0.011352,0.01204,0.012069,0.003525,-0.022018,-0.052998,-0.072775,-0.087504,-0.09557,0.026021,0.061572,0.082485,0.087563,0.095958,-0.000508,-0.000926,-0.006274,-0.013892,-0.022436,0.000568,0.00245,-0.000179,-0.00475,-0.013474,-0.027336,-0.070385,-0.128074,-0.173364,-0.222598,0.043588,0.148867,0.229559,0.299436,0.349925,0.000853,0.024573,0.039033,0.077137,0.100559,-0.007584,-0.00851,-0.012511,-0.018076,-0.019521,0.000705,0.00357,0.008262,0.015045,0.025227,-0.000933,-0.001506,-5.2e-05,0.001984,0.004981,-0.04671,-0.855396,-0.135338,-0.890381,1,0,0,0,0,0,0,0,0,0,0
180,-0.000931,-0.002193,-0.004657,-0.007091,-0.007301,0.001833,0.003636,0.003485,0.001562,-0.011688,-0.015384,-0.04564,-0.058229,-0.069136,-0.078089,0.016645,0.046571,0.060242,0.06514,0.068655,-0.00024,-0.002764,-0.010186,-0.018719,-0.023556,0.000631,0.001232,-0.003485,-0.009735,-0.018388,-0.030437,-0.075175,-0.1246,-0.175258,-0.214438,0.049546,0.139954,0.225765,0.291536,0.321431,0.000851,0.02542,0.057892,0.094901,0.110836,-0.001028,-0.00247,-0.00796,-0.013392,-0.009713,0.001467,0.004868,0.011186,0.02138,0.029793,-0.000507,1.8e-05,0.002032,0.004499,0.007043,-0.029469,-0.871359,-0.135214,-0.889015,1,0,0,0,0,0,0,0,0,0,0
181,-0.000363,-0.002118,-0.004509,-0.006325,-0.006476,0.00121,0.001906,0.001937,-0.006718,-0.015221,-0.015887,-0.03592,-0.050838,-0.059009,-0.066604,0.019246,0.040429,0.045573,0.054076,0.059493,-0.000182,-0.005598,-0.013315,-0.021969,-0.023271,0.001271,-0.001392,-0.006022,-0.014858,-0.020729,-0.012952,-0.071386,-0.117261,-0.167131,-0.195304,0.056739,0.138474,0.209254,0.260395,0.30273,0.02317,0.037817,0.076413,0.100138,0.130375,9.8e-05,-0.003955,-0.009591,-0.011055,-0.008669,0.001593,0.006725,0.014147,0.025286,0.033392,-9.3e-05,0.001497,0.003725,0.007004,0.007804,-0.02219,-0.900048,-0.136077,-0.887863,1,0,0,0,0,0,0,0,0,0,0
182,-0.000916,-0.00342,-0.005894,-0.006108,-0.006993,0.000611,0.000458,-0.001496,-0.014964,-0.01988,-0.014719,-0.027515,-0.0386,-0.0477,-0.054113,0.010994,0.024888,0.029866,0.033439,0.040554,-0.002382,-0.009925,-0.018598,-0.023514,-0.023636,-0.000672,-0.005466,-0.011818,-0.020613,-0.026415,-0.032401,-0.082636,-0.134123,-0.173944,-0.202222,0.03463,0.121846,0.188694,0.219079,0.256305,0.001589,0.034593,0.072208,0.088404,0.11306,-0.001564,-0.007144,-0.012664,-0.008925,-0.009662,0.002114,0.009193,0.020614,0.03004,0.040362,0.000688,0.002945,0.005708,0.008559,0.008073,-0.005802,-0.907088,-0.136971,-0.883724,1,0,0,0,0,0,0,0,0,0,0
183,-0.000862,-0.003294,-0.005141,-0.005295,-0.007419,9.2e-05,0.000123,-0.008681,-0.017331,-0.028844,-0.005541,-0.020717,-0.029029,-0.036756,-0.042697,0.010466,0.0157,0.02435,0.02986,0.028813,-0.003109,-0.010959,-0.019763,-0.021087,-0.022811,-0.002032,-0.006742,-0.01573,-0.021702,-0.037125,-0.026782,-0.07345,-0.124181,-0.15284,-0.187287,0.048238,0.120241,0.172265,0.215331,0.228445,0.013299,0.052561,0.076695,0.107455,0.116121,-0.002546,-0.00828,-0.009769,-0.007341,-0.011118,0.00355,0.011917,0.024474,0.033613,0.046471,0.001065,0.003577,0.007273,0.008174,0.007569,0.007954,-0.908754,-0.137538,-0.872475,1,0,0,0,0,0,0,0,0,0,0
184,-0.00167,-0.004175,-0.004392,-0.005289,-0.008351,-0.000247,-0.002227,-0.015866,-0.020846,-0.03662,-0.007392,-0.018619,-0.027836,-0.034331,-0.040238,0.003557,0.008598,0.012217,0.019423,0.018959,-0.004516,-0.013299,-0.018279,-0.018403,-0.021155,-0.002815,-0.009248,-0.018155,-0.024032,-0.045929,-0.02397,-0.076116,-0.116447,-0.145087,-0.173727,0.039867,0.10757,0.138344,0.176046,0.191047,0.020065,0.058162,0.074565,0.099536,0.111428,-0.003093,-0.008685,-0.004898,-0.005644,-0.011614,0.004069,0.016553,0.026857,0.03814,0.049502,0.001366,0.004386,0.007503,0.006971,0.006201,0.019234,-0.917137,-0.138308,-0.865961,1,0,0,0,0,0,0,0,0,0,0
185,-0.000775,-0.002635,-0.00279,-0.004929,-0.008928,0.000279,-0.008587,-0.017299,-0.028893,-0.041356,-0.007874,-0.016245,-0.024026,-0.030009,-0.036117,0.001705,0.010416,0.015966,0.014912,0.015315,-0.003379,-0.012246,-0.013579,-0.015315,-0.017516,-0.001922,-0.010975,-0.016989,-0.032521,-0.049292,-0.022972,-0.074063,-0.102925,-0.137616,-0.162417,0.032552,0.084944,0.128315,0.141522,0.152217,0.019428,0.043733,0.07471,0.083438,0.0914,-0.002674,-0.004174,-0.001729,-0.005533,-0.009444,0.004654,0.017847,0.027449,0.040958,0.050864,0.001251,0.005134,0.006081,0.005445,0.004061,0.030963,-0.918704,-0.140148,-0.866325,1,0,0,0,0,0,0,0,0,0,0
186,-0.001745,-0.001963,-0.002867,-0.005952,-0.010252,-0.002275,-0.016017,-0.021035,-0.036927,-0.044406,-0.003397,-0.012683,-0.019227,-0.025179,-0.030446,0.003366,0.007012,0.014272,0.013805,0.014179,-0.005453,-0.010471,-0.010595,-0.013369,-0.014397,-0.00455,-0.013524,-0.019445,-0.041508,-0.051169,-0.029448,-0.070084,-0.098941,-0.127797,-0.146183,0.035494,0.066501,0.104488,0.119601,0.131817,0.018856,0.035382,0.060542,0.072524,0.082976,-0.002946,0.00087,0.000118,-0.005897,-0.007434,0.008334,0.019195,0.031089,0.043066,0.050691,0.001888,0.005173,0.004612,0.003801,0.001801,0.037049,-0.92948,-0.14167,-0.865202,1,0,0,0,0,0,0,0,0,0,0
187,-0.000126,-0.000283,-0.002449,-0.006499,-0.011302,-0.006687,-0.015509,-0.02725,-0.03987,-0.043543,-0.005054,-0.012934,-0.018993,-0.025178,-0.028882,0.005431,0.011051,0.009983,0.010391,0.01036,-0.003485,-0.004835,-0.006593,-0.008822,-0.009952,-0.004583,-0.010674,-0.026402,-0.043386,-0.05249,-0.02207,-0.051297,-0.086427,-0.111542,-0.129342,0.017298,0.061218,0.074592,0.085422,0.100397,0.005617,0.036986,0.045825,0.053887,0.067754,0.001449,0.003925,7.3e-05,-0.003888,-0.008521,0.00563,0.016115,0.030867,0.041685,0.051229,0.002253,0.003287,0.002593,0.001082,-0.00155,0.048199,-0.93081,-0.142657,-0.860577,1,0,0,0,0,0,0,0,0,0,0
188,-9.5e-05,-0.001009,-0.004129,-0.008478,-0.012922,-0.007186,-0.01226,-0.028335,-0.035899,-0.036907,-0.004318,-0.010937,-0.016957,-0.022283,-0.024805,-0.001765,0.005579,0.005106,0.005484,0.005106,-0.001576,-0.001702,-0.004507,-0.005547,-0.006745,-0.004476,-0.010464,-0.032779,-0.042549,-0.049641,-0.018942,-0.048128,-0.077313,-0.095909,-0.116049,0.013994,0.052414,0.0677,0.080055,0.093797,0.011076,0.036523,0.048641,0.059212,0.072207,0.002405,0.001644,-0.004439,-0.005995,-0.011329,0.005971,0.018848,0.031814,0.040069,0.052506,0.001241,0.000634,-0.000245,-0.00241,-0.004877,0.055928,-0.934609,-0.142509,-0.853593,1,0,0,0,0,0,0,0,0,0,0
189,-6.3e-05,-0.002243,-0.006317,-0.011149,-0.013613,-0.001674,-0.013487,-0.026184,-0.029879,-0.0307,-0.003601,-0.009697,-0.015919,-0.019646,-0.020467,0.007422,0.006349,0.006759,0.006728,0.009633,0.000221,-0.001548,-0.00379,-0.004927,-0.005433,-0.001642,-0.017466,-0.034554,-0.043713,-0.048167,-0.010423,-0.045766,-0.071034,-0.088943,-0.100503,0.030163,0.043618,0.054515,0.069581,0.085468,0.02046,0.029353,0.037464,0.051415,0.063886,8.1e-05,-0.003794,-0.007779,-0.01244,-0.015611,0.00488,0.020272,0.031558,0.041516,0.049808,-0.00018,-0.000905,-0.002481,-0.005227,-0.006702,0.058739,-0.934338,-0.142279,-0.847206,1,0,0,0,0,0,0,0,0,0,0
190,-0.000852,-0.003977,-0.008333,-0.012784,-0.013952,-0.003409,-0.019507,-0.027083,-0.028093,-0.029671,-0.00303,-0.009059,-0.014394,-0.016919,-0.016919,-6.3e-05,-0.000537,-0.000158,-0.000537,0.004609,-0.000347,-0.003157,-0.004198,-0.005398,-0.005587,-0.004356,-0.026704,-0.036489,-0.043591,-0.046369,-0.018813,-0.048042,-0.066666,-0.086836,-0.092928,0.008333,0.023642,0.036016,0.049778,0.061363,0.005037,0.017174,0.027761,0.040775,0.047006,-0.000843,-0.006935,-0.008493,-0.013835,-0.014813,0.008154,0.021257,0.029599,0.042167,0.047075,-0.000433,-0.001321,-0.003509,-0.006003,-0.006659,0.061487,-0.936269,-0.142431,-0.844887,1,0,0,0,0,0,0,0,0,0,0
191,-0.001324,-0.005392,-0.010216,-0.012676,-0.013054,-0.008387,-0.021063,-0.024752,-0.025572,-0.026644,-0.003059,-0.00927,-0.012991,-0.013811,-0.013054,-0.001009,-0.000599,-0.000631,0.00227,0.005896,-0.001419,-0.003658,-0.004793,-0.005297,-0.004856,-0.011446,-0.028504,-0.037648,-0.042094,-0.041243,-0.016491,-0.041716,-0.059594,-0.071134,-0.075517,0.005108,0.015986,0.031027,0.046887,0.056851,0.003845,0.011943,0.02587,0.03832,0.044517,-0.003027,-0.007005,-0.011658,-0.014823,-0.012773,0.007117,0.018271,0.028111,0.036305,0.04056,-0.000286,-0.001844,-0.004557,-0.006015,-0.006239,0.063971,-0.936363,-0.142456,-0.843642,1,0,0,0,0,0,0,0,0,0,0
192,-0.001792,-0.00613,-0.010563,-0.011726,-0.010091,-0.007671,-0.015216,-0.016222,-0.017793,-0.017919,-0.002955,-0.008268,-0.010783,-0.010783,-0.009211,0.000534,0.000912,0.000534,0.005659,0.007513,-0.001383,-0.002421,-0.003615,-0.003804,0.001886,-0.010846,-0.020591,-0.027665,-0.030431,-0.024458,-0.012669,-0.031217,-0.051305,-0.057373,-0.058819,0.010154,0.022478,0.036184,0.047722,0.054921,0.008253,0.018797,0.031759,0.037964,0.043238,-0.00305,-0.004602,-0.009922,-0.010896,-0.004092,0.005765,0.013874,0.02609,0.03086,0.033394,-0.000583,-0.00271,-0.005133,-0.005771,-0.007294,0.066322,-0.930957,-0.145946,-0.842681,1,0,0,0,0,0,0,0,0,0,0
193,-0.002259,-0.00706,-0.009507,-0.009884,-0.006213,-0.004957,-0.008629,-0.009444,-0.010511,-0.008503,-0.003232,-0.006934,-0.00775,-0.006997,-0.005365,-0.000126,-0.000157,0.00273,0.006338,0.007185,-0.000847,-0.001977,-0.002479,-0.002039,0.009476,-0.00615,-0.015249,-0.019673,-0.018826,-0.010762,-0.012456,-0.030247,-0.041731,-0.046092,-0.043864,0.00069,0.015657,0.031439,0.041354,0.045496,-0.00018,0.013679,0.026068,0.032234,0.035541,-0.000914,-0.005545,-0.008694,-0.006655,0.000918,0.005088,0.014595,0.022513,0.026624,0.026171,-0.00093,-0.003551,-0.00496,-0.005176,-0.008838,0.068067,-0.928394,-0.149393,-0.842769,1,0,0,0,0,0,0,0,0,0,0
194,-0.002073,-0.0065,-0.007662,-0.006029,0.001727,-0.002575,-0.00358,-0.00515,-0.005276,-0.000659,-0.002073,-0.004585,-0.004585,-0.003015,0.002418,0.000502,0.000126,0.005244,0.007097,0.005338,-0.000188,-0.001382,-0.00157,0.004114,0.01925,-0.00358,-0.010645,-0.013409,-0.007442,-0.001225,-0.006061,-0.026127,-0.032187,-0.033632,-0.028796,0.011619,0.02531,0.036835,0.044026,0.039975,0.010712,0.023659,0.029858,0.035126,0.032823,-0.000635,-0.00595,-0.006922,-0.000126,0.003042,0.002928,0.015049,0.019783,0.022297,0.022738,-0.001175,-0.00358,-0.004213,-0.005724,-0.009766,0.071585,-0.922568,-0.152248,-0.844281,1,0,0,0,0,0,0,0,0,0,0
195,-0.002729,-0.005176,-0.005553,-0.001882,0.009411,-0.001098,-0.001914,-0.00298,-0.000972,0.003702,-0.001631,-0.002447,-0.001694,-6.3e-05,0.012297,-0.000533,0.002353,0.00596,0.006807,0.00251,-0.000941,-0.001443,-0.001004,0.010509,0.028139,-0.005521,-0.009944,-0.009097,-0.001035,0.009192,-0.011733,-0.023214,-0.027575,-0.025347,-0.019513,0.003357,0.019136,0.029049,0.03319,0.026038,0.003155,0.015542,0.021706,0.025012,0.022061,-0.003996,-0.007145,-0.005105,0.002466,0.009298,0.006587,0.014494,0.0186,0.018147,0.023395,-0.001452,-0.002858,-0.003074,-0.006731,-0.009687,0.076412,-0.92042,-0.15322,-0.850863,1,0,0,0,0,0,0,0,0,0,0
196,-0.00169,-0.002848,-0.001221,0.00651,0.022472,9.4e-05,-0.001471,-0.001596,0.003005,0.005008,-0.000876,-0.000876,0.000689,0.006103,0.022472,0.000156,0.005258,0.007105,0.005352,0.002535,-0.00025,-0.000438,0.005227,0.020313,0.038278,-0.001534,-0.004288,0.001659,0.007856,0.01784,-0.008294,-0.014335,-0.015774,-0.010954,-0.007543,0.010297,0.021784,0.028951,0.024913,0.021471,0.009756,0.015934,0.021185,0.01889,0.018221,-0.00131,-0.00228,0.004494,0.007651,0.015878,0.005362,0.009986,0.012443,0.012874,0.023169,-0.000921,-0.00154,-0.003016,-0.006966,-0.006993,0.082928,-0.91818,-0.151587,-0.85446,1,0,0,0,0,0,0,0,0,0,0
197,-0.000746,-0.001119,0.002518,0.01371,0.035503,-0.000902,-0.001959,3.1e-05,0.004663,0.00743,6.2e-05,0.000808,0.002425,0.014674,0.031834,0.002705,0.00628,0.007119,0.00286,0.001554,-0.000249,0.000187,0.011596,0.029068,0.047658,-0.00286,-0.002021,0.005969,0.016104,0.024342,-0.00314,-0.007461,-0.005254,0.000529,0.006124,0.005409,0.015233,0.019337,0.012249,0.00743,0.002584,0.008694,0.01197,0.009045,0.005598,-0.001819,0.000202,0.007706,0.014476,0.019088,0.002307,0.006161,0.005737,0.010662,0.019459,-0.000441,-0.000644,-0.004077,-0.006852,-0.004133,0.085542,-0.91179,-0.149097,-0.857767,1,0,0,0,0,0,0,0,0,0,0
198,-0.000403,0.001208,0.008856,0.024647,0.050038,-0.00065,-0.000774,0.003778,0.005759,0.013191,-6.2e-05,0.001486,0.006843,0.023037,0.040129,0.002353,0.00418,0.002446,-0.000341,-0.003623,6.2e-05,0.005666,0.020591,0.038364,0.062919,0.000124,0.006007,0.012138,0.022015,0.034525,-0.002849,-0.004273,0.000495,0.00387,0.019012,0.005976,0.013067,0.009072,0.005666,-0.004335,0.003538,0.008733,0.006462,0.005801,-0.000891,0.000852,0.007553,0.010677,0.018817,0.023579,0.002047,0.004326,0.004725,0.014275,0.015813,-0.000145,-0.001514,-0.005178,-0.005203,-0.004019,0.086015,-0.904437,-0.149278,-0.86475,1,0,0,0,0,0,0,0,0,0,0
199,3.1e-05,0.003644,0.014762,0.036411,0.062105,-0.000401,0.001575,0.006177,0.008925,0.015534,0.000803,0.002409,0.014577,0.031624,0.050431,0.001204,0.002038,-0.002193,-0.00349,-0.005991,0.000371,0.011705,0.029061,0.047528,0.07557,0.00071,0.008647,0.018715,0.026899,0.042217,-0.001451,0.000741,0.006485,0.012044,0.037214,0.003799,0.007875,0.000834,-0.003953,-0.010685,0.00254,0.005795,0.002889,-0.000535,-0.00484,0.001158,0.008611,0.015337,0.019918,0.02893,0.00167,0.001265,0.005967,0.014364,0.010108,-5.2e-05,-0.003328,-0.005977,-0.003382,-0.003599,0.080905,-0.903033,-0.145508,-0.872956,1,0,0,0,0,0,0,0,0,0,0
200,0.001572,0.009183,0.024898,0.050166,0.07605,0.000277,0.004807,0.006779,0.014175,0.019197,0.00074,0.00607,0.022187,0.039196,0.059996,0.000616,-0.001109,-0.003883,-0.007149,-0.007365,0.005208,0.02006,0.037748,0.062184,0.088284,0.005146,0.011247,0.021077,0.033526,0.048009,3.1e-05,0.004776,0.008135,0.023203,0.048964,0.003266,-0.000709,-0.004098,-0.014051,-0.015561,0.002635,0.000375,-0.000283,-0.006942,-0.008288,0.005514,0.008623,0.016723,0.021462,0.03074,0.000559,0.000945,0.010177,0.011664,0.008373,-0.001273,-0.004814,-0.004839,-0.003695,-0.00242,0.082574,-0.898677,-0.14208,-0.876126,1,0,0,0,0,0,0,0,0,0,0
201,0.002018,0.013026,0.034461,0.059901,0.091763,0.001682,0.006238,0.008959,0.015503,0.028376,0.000856,0.012904,0.029782,0.048404,0.072407,0.000214,-0.003975,-0.005259,-0.007736,-0.007981,0.006054,0.023239,0.041524,0.069288,0.095707,0.002752,0.01272,0.020823,0.03599,0.047517,0.00214,0.007828,0.013332,0.038252,0.059473,0.000795,-0.006177,-0.010916,-0.017582,-0.020731,0.000608,-0.00227,-0.005659,-0.009922,-0.012806,0.001909,0.008568,0.013103,0.022026,0.019543,-0.000907,0.003478,0.011311,0.007342,0.009076,-0.00185,-0.004322,-0.001901,-0.002103,0.00117,0.088098,-0.896089,-0.136798,-0.875509,1,0,0,0,0,0,0,0,0,0,0
202,0.005517,0.021063,0.046058,0.071663,0.106444,0.002804,0.004755,0.012071,0.017039,0.028684,0.00442,0.020362,0.037188,0.057764,0.088246,-0.00192,-0.004664,-0.007895,-0.008108,-0.008322,0.008657,0.026154,0.050326,0.076144,0.10245,0.003292,0.013016,0.025331,0.039657,0.04679,0.00256,0.005883,0.020789,0.046272,0.070962,-0.004725,-0.008078,-0.017923,-0.019417,-0.02277,-0.002841,-0.003492,-0.01008,-0.011411,-0.014483,0.001172,0.009185,0.013874,0.023051,0.016871,0.001246,0.009802,0.011181,0.00813,0.011631,-0.001472,-0.001495,-0.000434,0.000747,0.005299,0.092327,-0.893653,-0.13161,-0.871992,1,0,0,0,0,0,0,0,0,0,0
203,0.005453,0.026806,0.052151,0.083892,0.120568,0.001736,0.004447,0.010966,0.023791,0.030431,0.007585,0.0244,0.042951,0.066864,0.104576,-0.002254,-0.003534,-0.006001,-0.006245,-0.007037,0.008468,0.026685,0.054344,0.080663,0.112983,0.006641,0.014713,0.029822,0.041306,0.049196,0.003107,0.00859,0.033417,0.054557,0.085324,-0.002224,-0.006945,-0.013586,-0.016724,-0.018734,-2.7e-05,-0.003404,-0.007651,-0.010523,-0.011606,0.005462,0.009981,0.01887,0.016396,0.016732,0.003031,0.01066,0.006794,0.008483,0.012601,-0.000941,0.001416,0.001219,0.004407,0.007153,0.094204,-0.893824,-0.130911,-0.872487,1,0,0,0,0,0,0,0,0,0,0
204,0.010085,0.035068,0.060661,0.095424,0.132929,0.000213,0.007525,0.012492,0.02413,0.032356,0.008348,0.025166,0.045732,0.076199,0.117635,-0.000487,-0.003717,-0.00393,-0.004144,-0.004387,0.009018,0.033179,0.058985,0.085278,0.126196,0.003077,0.015386,0.029706,0.036835,0.061179,0.000213,0.015112,0.040583,0.065261,0.101548,-0.001127,-0.010968,-0.012461,-0.015813,-0.013893,-0.000624,-0.007208,-0.008539,-0.01161,-0.00932,0.002546,0.007232,0.016404,0.010228,0.026702,0.005493,0.006866,0.003826,0.007315,0.010327,0.00092,0.001977,0.003154,0.007691,0.00756,0.094969,-0.893374,-0.131011,-0.88365,1,0,0,0,0,0,0,0,0,0,0
205,0.011281,0.036647,0.068415,0.105123,0.143782,0.0025,0.009024,0.02186,0.028506,0.036403,0.008476,0.027043,0.050976,0.08872,0.130337,-0.000793,-0.003262,-0.003506,-0.004299,-0.003567,0.009207,0.036891,0.063232,0.09558,0.13744,0.005,0.020122,0.031616,0.039513,0.062623,0.005274,0.030122,0.051281,0.082074,0.116343,-0.003598,-0.010244,-0.013384,-0.015397,-0.012104,-0.002756,-0.007006,-0.009881,-0.010965,-0.008138,0.001975,0.010872,0.008396,0.008732,0.024278,0.002156,-0.001734,-3.4e-05,0.004109,0.008538,0.001448,0.001249,0.004457,0.007219,0.007194,0.102003,-0.89103,-0.128027,-0.881961,1,0,0,0,0,0,0,0,0,0,0
206,0.013704,0.039284,0.074031,0.111519,0.152539,0.004812,0.009775,0.021408,0.029631,0.035143,0.008344,0.0289,0.059353,0.100769,0.142946,-0.002436,-0.002649,-0.002863,-0.003106,-0.003167,0.014952,0.040746,0.067027,0.107925,0.146692,0.007309,0.021622,0.028748,0.053079,0.057038,0.009623,0.035082,0.059749,0.096018,0.124857,-0.006243,-0.007735,-0.011085,-0.009166,-0.009288,-0.003829,-0.005159,-0.008228,-0.00594,-0.005378,0.002711,0.011879,0.005706,0.022172,0.020203,-0.000769,-0.003799,-0.000322,0.00268,0.010789,-0.000383,0.00079,0.005312,0.005182,0.006569,0.110047,-0.889774,-0.125478,-0.878799,1,0,0,0,0,0,0,0,0,0,0
207,0.011635,0.043373,0.080045,0.118667,0.162801,0.001706,0.014529,0.021169,0.029057,0.033261,0.010204,0.034114,0.071821,0.113397,0.158324,-3e-05,-0.000274,-0.001066,-0.000335,-0.004021,0.012701,0.039017,0.071334,0.113154,0.156039,0.007797,0.01928,0.027169,0.050257,0.055282,0.015199,0.036337,0.0671,0.101336,0.128931,-0.000396,-0.003533,-0.005543,-0.002254,-0.007767,-0.000417,-0.003289,-0.004372,-0.001548,-0.002229,0.006177,0.003703,0.004038,0.01957,0.02013,-0.003093,-0.001405,0.00271,0.007109,0.017708,0.000186,0.003372,0.006116,0.006091,0.007095,0.120591,-0.888839,-0.127346,-0.886465,1,0,0,0,0,0,0,0,0,0,0
208,0.013957,0.048726,0.086238,0.127285,0.174366,0.003261,0.014901,0.023129,0.028644,0.033551,0.010361,0.040834,0.082277,0.124482,0.168576,-0.000183,-0.000396,-0.00064,-0.000701,-0.007313,0.013103,0.039401,0.080326,0.119118,0.164584,0.006521,0.013652,0.038,0.041961,0.050097,0.010269,0.034952,0.071246,0.100103,0.130119,-0.001097,-0.004449,-0.002529,-0.002651,-0.011244,-0.000914,-0.003985,-0.001695,-0.001133,-0.001988,0.002995,-0.003183,0.013294,0.011324,0.014181,5.9e-05,0.003553,0.006568,0.014715,0.023345,0.000992,0.005535,0.005404,0.006797,0.008441,0.124628,-0.888828,-0.127713,-0.887973,1,0,0,0,0,0,0,0,0,0,0
209,0.017749,0.05434,0.092876,0.136914,0.181741,0.009543,0.016168,0.02404,0.028234,0.032185,0.013524,0.051149,0.092633,0.137461,0.17545,-6.1e-05,-0.000851,-0.000122,-0.003799,-0.008996,0.01319,0.045435,0.087163,0.129954,0.171742,0.004954,0.012825,0.035862,0.040877,0.048809,0.01085,0.041545,0.075705,0.10324,0.137005,-0.002036,-0.004042,-0.00076,-0.006261,-0.016594,-0.001955,-0.003035,-0.000217,-0.000897,-0.005621,-0.005455,-0.00512,0.010377,0.010935,0.014262,0.001604,0.005657,0.009988,0.020425,0.023218,0.002163,0.004865,0.004841,0.00583,0.008587,0.126744,-0.885038,-0.128795,-0.892843,1,0,0,0,0,0,0,0,0,0,0
210,0.016933,0.054354,0.095303,0.14227,0.182884,0.002067,0.010275,0.015777,0.020672,0.022617,0.016872,0.058215,0.100319,0.144307,0.178841,-0.000152,-0.000395,-0.000456,-0.007053,-0.00915,0.013041,0.053868,0.092567,0.137923,0.175558,0.002158,0.026448,0.0304,0.038516,0.043411,0.013771,0.049977,0.078765,0.108709,0.145128,-0.001307,0.000608,0.000486,-0.008086,-0.014744,-0.001109,0.001175,0.001736,0.000884,-0.003834,-0.000706,0.015731,0.013766,0.016615,0.018955,0.001828,0.004794,0.012804,0.02129,0.020492,0.002299,0.002171,0.003541,0.005157,0.007777,0.126572,-0.886863,-0.12789,-0.89293,1,0,0,0,0,0,0,0,0,0,0
211,0.019656,0.058179,0.102201,0.147013,0.187177,0.004557,0.012426,0.016618,0.020568,0.020386,0.02075,0.06222,0.107032,0.145008,0.178184,-0.000638,9.1e-05,-0.003585,-0.00878,-0.012487,0.019201,0.060914,0.10369,0.145464,0.182194,0.005712,0.02874,0.033753,0.041683,0.040498,0.016922,0.05107,0.078595,0.112348,0.149869,-0.000699,0.002582,-0.002917,-0.013246,-0.022634,2.8e-05,0.002845,0.002166,-0.002556,-0.008618,0.001041,0.016532,0.017091,0.020416,0.0188,0.002222,0.006543,0.016954,0.019741,0.017635,0.000406,0.000381,0.001368,0.004119,0.006514,0.12599,-0.878682,-0.129515,-0.891524,1,0,0,0,0,0,0,0,0,0,0
212,0.017775,0.058775,0.1058,0.146465,0.185516,0.003652,0.009162,0.014062,0.01601,0.014245,0.020606,0.062762,0.106805,0.141382,0.17465,0.000396,0.000335,-0.00627,-0.00837,-0.016132,0.021641,0.060388,0.1058,0.143482,0.178607,0.018597,0.022554,0.030681,0.035581,0.034425,0.019297,0.048121,0.078102,0.114566,0.15587,0.002618,0.002496,-0.006087,-0.012753,-0.028642,0.002259,0.002821,0.001967,-0.002756,-0.01153,0.015415,0.013448,0.016301,0.018643,0.018541,0.00074,0.00882,0.017381,0.016575,0.012741,-0.000541,0.000841,0.002472,0.005115,0.00811,0.122131,-0.873534,-0.127345,-0.891998,1,0,0,0,0,0,0,0,0,0,0
213,0.020787,0.064822,0.109647,0.149823,0.182188,0.004224,0.008418,0.012369,0.012186,-0.000729,0.020908,0.065734,0.103721,0.136907,0.17064,0.000334,-0.003343,-0.00854,-0.012247,-0.029813,0.020118,0.062907,0.104693,0.141435,0.160672,0.004467,0.009482,0.017413,0.016228,0.012095,0.014891,0.042424,0.076188,0.113719,0.154533,0.000669,-0.004832,-0.015165,-0.024555,-0.056617,0.000562,-0.000117,-0.004841,-0.010905,-0.025929,0.000105,0.000664,0.00399,0.002374,0.008888,0.003598,0.014031,0.016824,0.014714,0.011669,0.00051,0.001499,0.004255,0.006656,0.017747,0.123443,-0.855684,-0.116071,-0.895721,1,0,0,0,0,0,0,0,0,0,0
214,0.020109,0.066971,0.107493,0.146407,0.171703,0.001274,0.006157,0.008098,0.006339,-0.009918,0.021141,0.065029,0.099485,0.132637,0.164727,-0.000394,-0.006976,-0.009069,-0.016803,-0.038187,0.018532,0.063786,0.101335,0.136337,0.147105,-0.000516,0.007583,0.012466,0.011313,0.005733,0.013861,0.043737,0.080073,0.121232,0.158024,-0.000789,-0.009342,-0.015984,-0.031817,-0.07061,-2e-06,-0.000852,-0.00556,-0.014303,-0.032001,-0.002066,0.000778,0.003112,0.00301,0.011287,0.004335,0.012688,0.011903,0.008161,0.006728,0.000845,0.002436,0.005015,0.007938,0.020375,0.121513,-0.847588,-0.107117,-0.898206,1,0,0,0,0,0,0,0,0,0,0
215,0.023828,0.068544,0.108622,0.140909,0.165313,0.00291,0.006851,0.00667,-0.006215,-0.013248,0.023586,0.061481,0.094586,0.128237,0.158674,-0.003274,-0.008458,-0.012157,-0.029679,-0.046505,0.024162,0.065846,0.102498,0.121688,0.137331,0.005518,0.01343,0.012248,0.008125,0.002577,0.013612,0.047293,0.084733,0.125447,0.159523,-0.004699,-0.015006,-0.024374,-0.056357,-0.08249,-0.000676,-0.005389,-0.011438,-0.026426,-0.035965,0.002622,0.00594,0.004328,0.010827,0.011092,0.005936,0.008682,0.006607,0.003614,0.002381,0.00013,0.00284,0.0052,0.016102,0.023248,0.120395,-0.843234,-0.101696,-0.901048,1,0,0,0,0,0,0,0,0,0,0
216,0.023096,0.063749,0.10279,0.128168,0.156041,0.001978,0.003925,0.00216,-0.01415,-0.017193,0.020357,0.054925,0.088184,0.120378,0.149864,-0.003317,-0.005416,-0.013176,-0.034628,-0.050421,0.021148,0.05882,0.093935,0.104738,0.127194,0.002586,0.007486,0.006329,0.00073,-0.003043,0.01631,0.052764,0.094057,0.130968,0.159875,-0.003865,-0.010529,-0.026413,-0.065332,-0.088793,-0.000175,-0.004897,-0.013669,-0.031425,-0.039036,0.000221,0.002562,0.00246,0.010764,0.009323,0.002451,0.001648,-0.00218,-0.003645,-0.003235,0.001494,0.004132,0.007122,0.019845,0.024165,0.116813,-0.839222,-0.105579,-0.906469,1,0,0,0,0,0,0,0,0,0,0
217,0.021871,0.062253,0.094784,0.119374,0.14433,0.001985,0.001802,-0.01118,-0.018267,-0.02068,0.017747,0.051103,0.08501,0.115678,0.140939,-0.001894,-0.00562,-0.023276,-0.040229,-0.0526,0.020771,0.057701,0.077037,0.092799,0.115097,0.005376,0.004185,3.1e-05,-0.005559,-0.006048,0.017564,0.055288,0.096312,0.130645,0.158228,-0.006506,-0.015945,-0.048171,-0.074502,-0.089714,-0.004573,-0.010668,-0.025769,-0.035381,-0.038364,0.003122,0.001497,0.008045,0.008313,0.009892,0.000377,-0.00181,-0.004966,-0.006266,-0.00706,0.001322,0.00381,0.015306,0.022839,0.025255,0.114034,-0.837869,-0.102046,-0.90855,1,0,0,0,0,0,0,0,0,0,0
218,0.018976,0.058246,0.083772,0.111808,0.132039,-3.1e-05,-0.001806,-0.018211,-0.021272,-0.024486,0.016987,0.050441,0.082823,0.112481,0.135621,-0.000214,-0.008019,-0.029597,-0.045482,-0.056134,0.017079,0.0524,0.063265,0.085853,0.102197,-0.000459,-0.001622,-0.007254,-0.011049,-0.011478,0.019068,0.060602,0.097729,0.126806,0.154995,-0.000184,-0.016161,-0.055307,-0.078905,-0.084721,-0.000168,-0.008991,-0.026851,-0.034507,-0.029995,-0.000772,-0.000876,0.007477,0.006028,0.008319,-0.001219,-0.005206,-0.006733,-0.006305,-0.008368,0.001407,0.004522,0.017774,0.022274,0.025864,0.111529,-0.842411,-0.099639,-0.912716,1,0,0,0,0,0,0,0,0,0,0
219,0.021509,0.05414,0.078805,0.103838,0.121057,-0.000153,-0.013175,-0.020283,-0.022704,-0.02586,0.016453,0.050463,0.081226,0.106565,0.127798,-0.003524,-0.021233,-0.038238,-0.050647,-0.058705,0.019946,0.039341,0.055151,0.077518,0.092286,-0.000735,-0.004902,-0.010509,-0.011,-0.01198,0.018751,0.0599,0.094339,0.122007,0.14661,-0.009284,-0.041609,-0.06802,-0.083278,-0.088181,-0.005945,-0.021093,-0.030734,-0.033726,-0.030764,-0.000856,0.005712,0.005981,0.007564,0.009434,-0.001006,-0.004231,-0.005558,-0.00637,-0.00779,0.001124,0.012869,0.020565,0.023033,0.025375,0.108094,-0.840696,-0.09874,-0.912968,1,0,0,0,0,0,0,0,0,0,0
220,0.017806,0.043366,0.071438,0.091696,0.106836,-0.001624,-0.018051,-0.021116,-0.024334,-0.025713,0.01704,0.049464,0.079161,0.102331,0.119493,-0.004291,-0.025897,-0.041803,-0.052468,-0.05636,0.015415,0.026295,0.048913,0.065278,0.079253,-0.000429,-0.006068,-0.009868,-0.010297,-0.012259,0.022832,0.060007,0.089122,0.117348,0.138249,-0.006712,-0.045909,-0.069538,-0.075361,-0.078548,-0.002887,-0.020771,-0.028437,-0.023918,-0.023403,0.000753,0.009116,0.007665,0.00996,0.009246,-0.003015,-0.004556,-0.004124,-0.006206,-0.007734,0.002017,0.01539,0.019932,0.023554,0.02451,0.104772,-0.84164,-0.097344,-0.911394,1,0,0,0,0,0,0,0,0,0,0
221,0.014845,0.039535,0.064593,0.08183,0.095693,-0.01141,-0.018525,-0.020948,-0.024107,-0.024782,0.016992,0.047785,0.07315,0.094405,0.109433,-0.013434,-0.030456,-0.042878,-0.050944,-0.054042,0.003987,0.019813,0.042203,0.056986,0.070604,-0.003742,-0.009355,-0.009845,-0.010827,-0.013004,0.018341,0.052815,0.080511,0.105139,0.124125,-0.025641,-0.052079,-0.067353,-0.07226,-0.069776,-0.012274,-0.021925,-0.024919,-0.021954,-0.01656,0.005821,0.00609,0.007675,0.009547,0.008026,-0.000216,-0.001553,-0.00237,-0.003801,-0.005543,0.0098,0.017552,0.020037,0.022396,0.02246,0.103109,-0.845164,-0.097383,-0.910926,1,0,0,0,0,0,0,0,0,0,0
222,0.010796,0.03905,0.059439,0.074677,0.08865,-0.005059,-0.008143,-0.011382,-0.01277,-0.013418,0.015546,0.045435,0.068754,0.086028,0.09667,-0.008236,-0.024245,-0.034979,-0.038896,-0.041703,0.00694,0.029704,0.046176,0.060241,0.07298,-0.001912,-0.005737,-0.006169,-0.008143,-0.009994,0.01897,0.048273,0.076682,0.097718,0.113851,-0.013665,-0.037446,-0.043307,-0.046515,-0.043091,-0.005656,-0.013371,-0.008824,-0.008305,-0.002288,0.002563,0.001103,0.003412,0.002694,0.001358,-0.001388,-0.000936,-0.003114,-0.004712,-0.007288,0.003794,0.008545,0.012334,0.013335,0.014307,0.101338,-0.847825,-0.096895,-0.910734,1,0,0,0,0,0,0,0,0,0,0
223,0.014086,0.03938,0.056778,0.070772,0.082877,-0.002105,-0.004551,-0.00774,-0.008421,-0.008359,0.015479,0.041082,0.062537,0.077706,0.085013,-0.008916,-0.021454,-0.029597,-0.032723,-0.033528,0.009009,0.031609,0.046531,0.060277,0.071886,-0.003746,-0.004241,-0.005232,-0.00743,-0.009411,0.015758,0.043714,0.068574,0.087737,0.101204,-0.012972,-0.028389,-0.033343,-0.030835,-0.028575,-0.004065,-0.007088,-0.004095,0.001349,0.004211,-0.002301,-0.000701,0.001189,-0.000347,-0.002433,-4e-06,-0.000876,-0.002404,-0.004264,-0.007194,0.004383,0.007037,0.009555,0.009623,0.009872,0.098215,-0.850339,-0.098898,-0.909989,1,0,0,0,0,0,0,0,0,0,0
224,0.014368,0.034969,0.050365,0.064483,0.073895,-0.000997,-0.00427,-0.005672,-0.006327,-0.005423,0.014617,0.038179,0.055632,0.066384,0.072555,-0.007199,-0.018045,-0.022003,-0.02484,-0.024247,0.013931,0.030574,0.044786,0.057658,0.067818,-9.3e-05,-0.00053,-0.002524,-0.004394,-0.005797,0.013744,0.042448,0.063704,0.080004,0.09032,-0.010971,-0.016892,-0.020133,-0.016674,-0.015084,-0.003703,0.000892,0.001416,0.007495,0.008386,0.000841,0.003174,0.002449,0.001099,-0.001107,0.00049,-0.001852,-0.00357,-0.00634,-0.008399,0.000515,0.004589,0.005664,0.00671,0.005763,0.096963,-0.852116,-0.099663,-0.910436,1,0,0,0,0,0,0,0,0,0,0
225,0.01114,0.028726,0.04287,0.055105,0.065088,-0.001471,-0.004694,-0.005382,-0.00532,-0.003223,0.011203,0.032888,0.048221,0.055606,0.063022,-0.005445,-0.013675,-0.016835,-0.017649,-0.017774,0.008856,0.023938,0.037832,0.049567,0.057703,-0.000407,-0.001408,-0.00363,-0.005633,-0.005758,0.014457,0.039584,0.058954,0.072566,0.082173,-0.004569,-0.009575,-0.007041,-0.004756,-0.003912,0.000663,0.003688,0.009191,0.012084,0.013005,0.000773,0.002683,0.001131,-0.000978,-0.003394,-0.001444,-0.003091,-0.005096,-0.008253,-0.009376,0.00233,0.005045,0.005118,0.005386,0.006873,0.095313,-0.854559,-0.100618,-0.910654,1,0,0,0,0,0,0,0,0,0,0
226,0.009547,0.025011,0.039191,0.048644,0.057941,-0.001816,-0.003224,-0.003881,-0.002974,-0.000626,0.012458,0.029988,0.040787,0.046985,0.054779,-0.005447,-0.009422,-0.012271,-0.011676,-0.013053,0.007857,0.022131,0.035059,0.045263,0.052306,-3.1e-05,-0.002035,-0.003913,-0.005321,-0.005102,0.014368,0.035716,0.052087,0.062448,0.071714,-0.001377,-0.004633,-0.001158,0.000438,0.001189,0.003952,0.004478,0.010584,0.011479,0.01358,0.00157,0.000841,-0.000514,-0.00273,-0.005098,-0.000966,-0.002738,-0.005594,-0.007716,-0.008496,0.001865,0.002973,0.004051,0.003075,0.004954,0.09346,-0.857812,-0.102772,-0.912628,1,0,0,0,0,0,0,0,0,0,0
227,0.008063,0.022243,0.03451,0.044517,0.051921,-0.001412,-0.002102,-0.002039,6.3e-05,0.001475,0.009255,0.024627,0.032031,0.039466,0.044643,-0.002792,-0.005961,-0.006776,-0.006902,-0.008094,0.007247,0.021176,0.032941,0.041098,0.047435,-0.000973,-0.0032,-0.005208,-0.005333,-0.005145,0.010792,0.030212,0.043859,0.05349,0.060549,-0.003639,-0.001098,0.001192,0.002039,0.002792,-0.000928,0.004589,0.007489,0.008413,0.010326,0.000341,-0.001214,-0.003329,-0.005751,-0.007085,-0.000694,-0.002736,-0.00595,-0.007093,-0.008104,0.00087,0.000944,0.001217,0.00273,0.003598,0.092654,-0.859717,-0.104484,-0.9148,1,0,0,0,0,0,0,0,0,0,0
228,0.007415,0.021588,0.031036,0.040328,0.046304,0.0,-0.000657,0.00025,0.002597,0.003316,0.008291,0.019085,0.025279,0.03307,0.036449,-0.001189,-0.004036,-0.003442,-0.004818,-0.005256,0.007039,0.019961,0.03016,0.037199,0.042706,-0.001032,-0.00291,-0.004318,-0.004099,-0.004192,0.010575,0.026938,0.037293,0.046554,0.050934,0.000375,0.003848,0.005444,0.006195,0.007227,0.001452,0.007554,0.008448,0.010548,0.012003,-0.001069,-0.002423,-0.004638,-0.007005,-0.007865,-0.001084,-0.00393,-0.006045,-0.006822,-0.007357,0.000252,0.001325,0.000353,0.002225,0.002573,0.092536,-0.86525,-0.106801,-0.919383,1,0,0,0,0,0,0,0,0,0,0
229,0.00671,0.018913,0.028869,0.036235,0.040667,-0.000687,-0.000624,0.001467,0.002871,0.003027,0.007022,0.014388,0.021785,0.026934,0.029088,-0.001966,-0.002778,-0.002903,-0.004089,-0.003652,0.006835,0.018539,0.026653,0.032958,0.037639,-0.001186,-0.003183,-0.003308,-0.003121,-0.003215,0.00877,0.022346,0.031928,0.03895,0.041977,0.002153,0.004432,0.005274,0.006024,0.008177,0.004041,0.006926,0.007845,0.009748,0.011452,-0.000482,-0.002585,-0.004995,-0.006321,-0.006542,-0.000903,-0.004003,-0.005105,-0.006079,-0.00655,-0.000175,8.8e-05,0.001547,0.002384,0.002136,0.090445,-0.867044,-0.108291,-0.921018,1,0,0,0,0,0,0,0,0,0,0
230,0.007407,0.016806,0.02605,0.031994,0.034826,3.1e-05,0.000934,0.003268,0.003984,0.001961,0.003735,0.009897,0.017646,0.021008,0.022035,-0.000871,-0.00028,-0.001649,-0.002085,-0.001525,0.006038,0.016184,0.023186,0.028664,0.032336,-0.000685,-0.002085,-0.001867,-0.001961,-0.003206,0.007532,0.017833,0.027046,0.031403,0.034048,0.001307,0.002894,0.003641,0.004668,0.006847,0.002041,0.002931,0.00502,0.006467,0.008066,-0.000867,-0.00307,-0.005425,-0.006281,-0.005415,-0.001857,-0.003896,-0.004645,-0.005161,-0.006012,0.001207,0.00027,0.002074,0.002409,0.001743,0.088421,-0.867829,-0.109561,-0.921504,1,0,0,0,0,0,0,0,0,0,0
231,0.004753,0.014663,0.021995,0.026406,0.02827,3.1e-05,0.002112,0.00351,0.003666,-0.001367,0.003604,0.010966,0.016092,0.018236,0.016807,6.2e-05,-6.2e-05,-0.001243,-0.000808,-0.00059,0.005623,0.0137,0.019975,0.024635,0.028301,-0.001305,-0.001429,-0.001243,-0.001336,-0.004753,0.005996,0.015533,0.022523,0.025536,0.025288,0.000963,0.001802,0.002547,0.004691,0.007984,0.000834,0.001749,0.003643,0.00534,0.008402,-0.001229,-0.003627,-0.004947,-0.005167,-0.003361,-0.001167,-0.002234,-0.003178,-0.003633,-0.004261,-0.000937,0.000476,0.001286,0.001046,-0.000381,0.089071,-0.870235,-0.111012,-0.921462,1,0,0,0,0,0,0,0,0,0,0
232,0.004627,0.013849,0.01978,0.022605,0.022015,0.000869,0.003198,0.003912,0.001894,-0.001397,0.002546,0.010278,0.013632,0.014656,0.012048,0.000528,-0.000838,-0.001273,-0.000714,0.006272,0.004502,0.011489,0.016954,0.020618,0.023288,-9.3e-05,0.000124,3.1e-05,-0.001211,-0.004037,0.004285,0.013476,0.017823,0.020463,0.019345,0.000621,0.001366,0.002391,0.004565,0.019531,5.4e-05,0.002138,0.003582,0.005177,0.013144,-0.00097,-0.00332,-0.004173,-0.003309,-0.002473,-0.000843,-0.00158,-0.002088,-0.002925,-0.003774,1.2e-05,0.001788,0.002117,0.001462,-0.001375,0.087947,-0.883267,-0.112923,-0.923067,1,0,0,0,0,0,0,0,0,0,0
233,0.005276,0.012601,0.017009,0.018871,0.015954,0.00121,0.002607,0.002762,-0.002266,-0.006146,0.004811,0.009932,0.012074,0.010646,0.008535,-0.000652,-0.001831,-0.001397,-0.001179,0.009001,0.003569,0.009839,0.014495,0.018157,0.018126,-3.1e-05,0.000155,6.2e-05,-0.003352,-0.004997,0.005245,0.012229,0.01524,0.014991,0.01555,0.000217,0.000962,0.003104,0.006394,0.024613,0.00086,0.002753,0.004448,0.007508,0.01553,-0.001426,-0.002745,-0.002965,-0.001161,0.001394,-0.00022,-0.001157,-0.00161,-0.002234,-0.00377,0.001392,0.002197,0.001959,0.000541,-0.001775,0.087171,-0.887985,-0.112682,-0.922953,1,0,0,0,0,0,0,0,0,0,0
234,0.00394,0.009866,0.01269,0.0121,0.009897,0.001117,0.001831,-0.000186,-0.003475,-0.007291,0.002916,0.006267,0.007291,0.004685,0.003289,-0.000714,-0.001148,-0.00059,0.006391,0.010673,0.003413,0.008874,0.012535,0.015203,0.013807,0.000248,0.000155,-0.001086,-0.003909,-0.005026,0.00394,0.008284,0.010921,0.009804,0.009091,0.000527,0.001551,0.003723,0.018678,0.026745,0.001222,0.002665,0.004259,0.01222,0.016002,-0.000922,-0.001775,-0.000911,-7.6e-05,0.0027,-0.000514,-0.001019,-0.001851,-0.002696,-0.003088,0.000377,0.000705,5.3e-05,-0.002768,-0.003201,0.086437,-0.889777,-0.114119,-0.923462,1,0,0,0,0,0,0,0,0,0,0
235,0.003383,0.007791,0.009653,0.006736,0.003197,0.000279,0.000435,-0.004594,-0.008474,-0.009374,0.002204,0.004346,0.002918,0.000807,-0.001335,-0.000466,-3.1e-05,0.000186,0.010367,0.016886,0.002856,0.007512,0.011174,0.011143,0.009653,-6.2e-05,-0.000155,-0.00357,-0.005215,-0.005804,0.003042,0.006053,0.005804,0.006363,0.004997,0.000217,0.002359,0.005649,0.023869,0.03793,0.00067,0.002365,0.005425,0.013448,0.020989,-0.000397,-0.000617,0.001188,0.003743,0.004299,-0.000423,-0.000876,-0.0015,-0.003037,-0.00355,0.000427,0.000188,-0.00123,-0.003547,-0.00538,0.080035,-0.900306,-0.11842,-0.924922,1,0,0,0,0,0,0,0,0,0,0
236,0.002546,0.005372,0.004782,0.002577,-0.007048,0.000435,-0.001584,-0.004875,-0.008694,-0.014035,0.001149,0.002174,-0.000435,-0.001832,-0.007452,3.1e-05,0.00059,0.007576,0.011861,0.021642,0.002608,0.006272,0.008942,0.007545,0.006489,-3.1e-05,-0.001273,-0.004099,-0.005216,-0.008911,0.001304,0.003943,0.002826,0.002111,0.001397,0.000807,0.002981,0.017947,0.02602,0.041731,0.000774,0.002369,0.010336,0.014121,0.020058,-0.000456,0.000408,0.001244,0.004022,0.006752,-8.4e-05,-0.000921,-0.00177,-0.002164,-0.005285,-9.8e-05,-0.000754,-0.00359,-0.004025,-0.011741,0.073065,-0.903584,-0.126155,-0.927349,1,0,0,0,0,0,0,0,0,0,0
237,0.001869,0.003738,0.00081,-0.002741,-0.015604,-0.00028,-0.005326,-0.009219,-0.010123,-0.022519,0.000997,-0.000436,-0.002554,-0.004703,-0.014763,0.000405,0.000623,0.010839,0.01738,0.026132,0.002056,0.005731,0.0057,0.004205,0.001028,-6.2e-05,-0.003488,-0.005139,-0.005731,-0.015916,0.001713,0.001464,0.002025,0.000654,-0.002616,0.001339,0.004641,0.022924,0.037033,0.044166,0.000925,0.003995,0.012046,0.019613,0.018043,0.000237,0.002048,0.004612,0.00517,0.008655,-0.000378,-0.001017,-0.002592,-0.003118,-0.007542,-0.000144,-0.001597,-0.00397,-0.005847,-0.014753,0.067749,-0.90732,-0.133819,-0.929178,1,0,0,0,0,0,0,0,0,0,0
238,0.000965,0.000374,-0.001838,-0.011492,-0.02448,-0.001744,-0.005045,-0.008876,-0.014233,-0.023296,3.1e-05,-0.002585,-0.003987,-0.009624,-0.02012,0.000156,0.007163,0.011461,0.021272,0.028902,0.00162,0.004298,0.002896,0.001838,-0.005295,-0.001184,-0.004018,-0.005139,-0.008845,-0.021334,0.000934,-0.000187,-0.000903,-0.00162,-0.009063,0.000841,0.015853,0.02395,0.03971,0.04326,0.000675,0.008667,0.012463,0.018418,0.014371,0.000629,0.001468,0.004254,0.006993,0.004446,-0.000477,-0.001345,-0.001747,-0.004936,-0.006952,-0.000526,-0.003423,-0.003868,-0.01175,-0.017819,0.064709,-0.907387,-0.138062,-0.927661,1,0,0,0,0,0,0,0,0,0,0
239,0.000903,-0.002024,-0.005573,-0.018431,-0.031196,-0.0033,-0.007192,-0.008095,-0.020486,-0.022136,-0.001463,-0.00358,-0.005729,-0.015785,-0.024627,6.2e-05,0.010274,0.016812,0.025561,0.03266,0.002055,0.002024,0.000529,-0.002646,-0.01152,-0.002242,-0.003892,-0.004483,-0.014664,-0.022946,-0.001183,-0.000623,-0.001993,-0.005262,-0.015131,0.00246,0.020735,0.034839,0.041969,0.046763,0.002394,0.010442,0.018006,0.016436,0.014118,0.001181,0.003744,0.004302,0.007785,0.001807,-0.000162,-0.001732,-0.002256,-0.006668,-0.006049,-0.000924,-0.003291,-0.005163,-0.014044,-0.018614,0.063165,-0.91052,-0.139573,-0.927057,1,0,0,0,0,0,0,0,0,0,0
240,-0.001494,-0.003704,-0.013351,-0.026329,-0.039618,0.0,-0.003828,-0.009181,-0.018238,-0.020541,-0.001152,-0.002552,-0.008185,-0.018673,-0.027761,0.00694,0.011235,0.021039,0.028663,0.033301,0.000622,-0.000778,-0.001836,-0.008963,-0.022159,-0.000591,-0.001712,-0.005415,-0.017895,-0.021941,6.2e-05,-0.000654,-0.001369,-0.008808,-0.024991,0.012542,0.020634,0.036382,0.03993,0.043913,0.005592,0.009385,0.015336,0.011293,0.010596,-0.000343,0.002442,0.005179,0.002634,0.000925,-0.000702,-0.001102,-0.004275,-0.00628,-0.001896,-0.00196,-0.002403,-0.010244,-0.016283,-0.016622,0.067473,-0.908958,-0.135848,-0.928609,1,0,0,0,0,0,0,0,0,0,0
241,-0.001433,-0.004983,-0.017845,-0.030613,-0.044596,-0.003893,-0.004796,-0.017191,-0.018841,-0.021021,-0.000965,-0.003114,-0.013173,-0.022018,-0.032108,0.00327,0.00981,0.018561,0.025662,0.027623,-0.000654,-0.002149,-0.005325,-0.014201,-0.03488,-0.001059,-0.001651,-0.011834,-0.020118,-0.024634,0.000498,-0.000872,-0.004142,-0.014014,-0.033634,0.00573,0.019838,0.026969,0.031765,0.032046,0.002454,0.01002,0.00845,0.006131,0.004434,0.002906,0.003464,0.006949,0.000969,-0.002327,-0.000868,-0.001394,-0.005814,-0.005193,0.000695,-0.000402,-0.002278,-0.011176,-0.015754,-0.010082,0.069853,-0.908737,-0.127514,-0.927118,1,0,0,0,0,0,0,0,0,0,0
242,-0.000778,-0.010422,-0.023395,-0.036679,-0.047475,6.2e-05,-0.005289,-0.014342,-0.016644,-0.019973,-0.000436,-0.006067,-0.016551,-0.025635,-0.035186,0.001027,0.010826,0.018448,0.023084,0.024266,-0.000747,-0.001804,-0.008929,-0.02212,-0.045608,-6.2e-05,-0.003764,-0.01624,-0.020284,-0.030924,-0.001213,-0.001929,-0.009364,-0.025542,-0.040661,0.002364,0.018106,0.021653,0.025635,0.026382,0.001341,0.007289,0.003247,0.002551,0.002166,-0.00012,0.002616,7.2e-05,-0.001636,-0.01064,0.000462,-0.002702,-0.004702,-0.00033,0.003064,-4.2e-05,-0.007864,-0.013886,-0.014225,-0.00417,0.071095,-0.90831,-0.119673,-0.920563,1,0,0,0,0,0,0,0,0,0,0
243,-0.002768,-0.015614,-0.028366,-0.042332,-0.051787,-0.000964,-0.013343,-0.014992,-0.017169,-0.024852,-0.001711,-0.011757,-0.02059,-0.030668,-0.038506,0.005505,0.014245,0.021337,0.023296,0.02115,-0.000746,-0.003919,-0.012784,-0.033436,-0.054307,-0.000529,-0.0107,-0.018973,-0.023483,-0.037853,-0.000156,-0.003421,-0.013281,-0.032876,-0.046158,0.011726,0.018849,0.023639,0.023919,0.023825,0.006216,0.004648,0.002332,0.000638,0.00278,0.000677,0.004157,-0.001815,-0.005107,-0.013208,-0.000983,-0.005365,-0.004749,0.001087,0.004394,-0.001817,-0.010637,-0.015175,-0.009552,-0.00083,0.072996,-0.910087,-0.115448,-0.916352,1,0,0,0,0,0,0,0,0,0,0
244,-0.006869,-0.01983,-0.033102,-0.043887,-0.054641,-0.004382,-0.013427,-0.015727,-0.019053,-0.025238,-0.003916,-0.014391,-0.023467,-0.033009,-0.042986,0.004289,0.011904,0.016535,0.017716,0.01523,-0.000311,-0.007428,-0.020607,-0.044074,-0.06036,-0.00317,-0.015634,-0.019675,-0.030304,-0.038044,-0.000559,-0.007988,-0.02415,-0.039256,-0.052714,0.00401,0.007553,0.011531,0.012277,0.010754,-0.000269,-0.004308,-0.005003,-0.005387,-0.004354,0.002056,-0.000485,-0.002192,-0.011187,-0.013394,-0.002166,-0.004153,0.000191,0.003563,0.005689,-0.005963,-0.011946,-0.012283,-0.002293,0.001975,0.072629,-0.908476,-0.114885,-0.916053,1,0,0,0,0,0,0,0,0,0,0
245,-0.005964,-0.018701,-0.032649,-0.042093,-0.053463,-0.007984,-0.00963,-0.011805,-0.019478,-0.020813,-0.00612,-0.014942,-0.025007,-0.032836,-0.047281,0.004442,0.011525,0.013482,0.011339,0.014787,-0.002858,-0.011711,-0.032339,-0.053183,-0.065702,-0.00699,-0.015253,-0.019757,-0.034109,-0.034389,-0.002703,-0.01255,-0.032121,-0.045386,-0.0566,0.003106,0.00789,0.00817,0.008077,0.008636,-0.001297,-0.00361,-0.005303,-0.003164,-0.006114,0.00142,-0.004545,-0.007833,-0.015923,-0.015007,-0.002186,-0.001576,0.00421,0.007488,0.005579,-0.002804,-0.007303,-0.001728,0.006919,0.007923,0.068995,-0.908635,-0.116427,-0.917123,1,0,0,0,0,0,0,0,0,0,0
246,-0.006996,-0.020272,-0.031061,-0.041818,-0.056214,-0.001057,-0.003358,-0.006685,-0.012872,-0.014302,-0.004353,-0.013432,-0.022977,-0.032957,-0.051457,0.003171,0.007804,0.008986,0.006498,0.014333,-0.00426,-0.017442,-0.040917,-0.057209,-0.069646,-0.005472,-0.009514,-0.020147,-0.027889,-0.027174,-0.004726,-0.020894,-0.036004,-0.049467,-0.060691,0.000435,0.004415,0.005161,0.003638,0.010509,-0.002741,-0.003437,-0.003821,-0.002788,-0.003864,-0.003964,-0.005671,-0.014669,-0.016877,-0.014519,0.000208,0.004562,0.007942,0.010073,0.005687,-0.003177,-0.003514,0.006499,0.010777,0.009395,0.064357,-0.912217,-0.119498,-0.918402,1,0,0,0,0,0,0,0,0,0,0
247,-0.005753,-0.019714,-0.029167,-0.040548,-0.058956,-0.000591,-0.002767,-0.010448,-0.011785,-0.01589,-0.004478,-0.014553,-0.022388,-0.036848,-0.058832,0.003918,0.005877,0.003731,0.007183,0.014708,-0.004602,-0.025249,-0.046114,-0.058645,-0.071985,-0.002799,-0.007307,-0.021673,-0.021953,-0.024907,-0.005131,-0.024721,-0.037998,-0.049224,-0.063496,0.004353,0.004633,0.00454,0.0051,0.014024,0.000426,-0.001268,0.000873,-0.002079,-0.000726,-0.002006,-0.005297,-0.013396,-0.012478,-0.01073,0.000407,0.006232,0.009532,0.007611,0.002928,-0.001351,0.004262,0.012968,0.013979,0.00996,0.059984,-0.914009,-0.123562,-0.915728,1,0,0,0,0,0,0,0,0,0,0
248,-0.007523,-0.018309,-0.029065,-0.043457,-0.061393,-0.00171,-0.005036,-0.011222,-0.012652,-0.018402,-0.004601,-0.014144,-0.024122,-0.042618,-0.065466,0.000715,0.001896,-0.000591,0.007243,0.009605,-0.00858,-0.032049,-0.048338,-0.060772,-0.074201,-0.001243,-0.011875,-0.019615,-0.0189,-0.026267,-0.011035,-0.026143,-0.039603,-0.050824,-0.064782,-0.000373,0.000373,-0.00115,0.00572,0.00858,-0.001122,-0.001506,-0.000473,-0.001549,-0.001016,0.000299,-0.008697,-0.010905,-0.008547,-0.009596,0.003942,0.007317,0.009445,0.005066,-0.000344,0.001011,0.011009,0.015281,0.013901,0.010069,0.055522,-0.910625,-0.127033,-0.910843,1,0,0,0,0,0,0,0,0,0,0
249,-0.006436,-0.015889,-0.027269,-0.045676,-0.063866,-0.000466,-0.008147,-0.009484,-0.013588,-0.018905,-0.005472,-0.013308,-0.027767,-0.04975,-0.073412,0.001244,-0.000902,0.00255,0.010074,0.007804,-0.012064,-0.032928,-0.045459,-0.058798,-0.071919,-0.003265,-0.01763,-0.01791,-0.020864,-0.026989,-0.008551,-0.021828,-0.033052,-0.047324,-0.063462,0.000653,0.00056,0.001119,0.010043,0.008489,-0.000572,0.001569,-0.001384,-3e-05,0.000778,-0.00359,-0.011688,-0.010771,-0.009022,-0.009161,0.001874,0.005173,0.003252,-0.001429,-0.006022,0.004598,0.013301,0.014312,0.010294,0.006105,0.053753,-0.907291,-0.132731,-0.90807,1,0,0,0,0,0,0,0,0,0,0
250,-0.004354,-0.015115,-0.029515,-0.04746,-0.068484,-0.002861,-0.00905,-0.010481,-0.016235,-0.019189,-0.004074,-0.014058,-0.032563,-0.055422,-0.077441,-6.2e-05,-0.00255,0.005287,0.007651,0.007371,-0.011414,-0.027711,-0.040151,-0.053587,-0.069697,-0.007371,-0.015115,-0.0144,-0.021771,-0.025036,-0.006562,-0.020029,-0.031256,-0.045221,-0.064161,9.3e-05,-0.001431,0.005443,0.008304,0.008366,0.000187,0.001221,0.000145,0.000677,0.001076,-0.00541,-0.007619,-0.00526,-0.006309,-0.005959,0.00151,0.003646,-0.00075,-0.006178,-0.008066,0.005428,0.009715,0.00833,0.004484,0.000461,0.050821,-0.902479,-0.134757,-0.904249,1,0,0,0,0,0,0,0,0,0,0
251,-0.0051,-0.016483,-0.034894,-0.053088,-0.075013,-0.004821,-0.006158,-0.010263,-0.015581,-0.016763,-0.003763,-0.018225,-0.040212,-0.06388,-0.085059,-0.002084,0.001368,0.008895,0.006624,0.007868,-0.009454,-0.021988,-0.03533,-0.048454,-0.068607,-0.006998,-0.007277,-0.010232,-0.016359,-0.020837,-0.006718,-0.017945,-0.03222,-0.048361,-0.070442,-0.000187,0.000373,0.009299,0.007744,0.008615,0.001954,-0.000999,0.000354,0.001163,0.000771,-0.00269,-0.001772,-2.4e-05,-0.000162,-0.00318,0.001795,-0.000129,-0.004817,-0.009417,-0.008869,0.003289,0.004301,0.000277,-0.003918,-0.005723,0.051574,-0.898208,-0.134352,-0.899477,1,0,0,0,0,0,0,0,0,0,0
252,-0.005673,-0.020104,-0.038088,-0.059158,-0.08029,-0.001371,-0.002805,-0.008571,-0.011532,-0.012436,-0.006234,-0.024779,-0.047688,-0.069755,-0.092383,-0.000405,0.007449,0.009818,0.009538,0.010441,-0.006857,-0.019324,-0.032789,-0.048934,-0.068321,-0.000748,-3.1e-05,-0.007418,-0.010691,-0.01708,-0.006764,-0.018015,-0.03201,-0.050992,-0.07655,-0.00134,0.005548,0.008415,0.008478,0.010067,-0.000922,-0.002001,-0.001467,-0.001068,-0.000436,0.000482,0.002846,0.001795,0.002145,-0.003036,0.000346,-0.004117,-0.009628,-0.011545,-0.009711,0.001013,-0.000394,-0.004298,-0.008383,-0.010392,0.054303,-0.897058,-0.136792,-0.896502,1,0,0,0,0,0,0,0,0,0,0
253,-0.005738,-0.024199,-0.042443,-0.064428,-0.083014,3.1e-05,-0.004085,-0.009418,-0.010603,-0.013222,-0.008264,-0.030312,-0.054043,-0.07528,-0.095769,0.003867,0.011414,0.009137,0.010385,0.01026,-0.005707,-0.019085,-0.032245,-0.052453,-0.069729,0.000468,-0.002495,-0.008638,-0.013129,-0.017432,-0.004491,-0.018804,-0.034989,-0.057131,-0.079833,0.001902,0.010852,0.009293,0.010166,0.01132,-0.002039,-0.000681,0.00013,-0.000263,0.000979,0.000437,0.002191,0.002052,-0.000974,-0.002453,-0.002308,-0.007086,-0.011775,-0.011216,-0.009813,1.5e-05,-0.004086,-0.008362,-0.010201,-0.011423,0.056326,-0.896127,-0.137635,-0.895942,1,0,0,0,0,0,0,0,0,0,0
254,-0.008706,-0.026712,-0.047806,-0.068964,-0.083973,-0.001467,-0.00724,-0.010204,-0.011109,-0.01632,-0.010298,-0.033234,-0.055327,-0.077982,-0.09424,0.003994,0.006366,0.006085,0.00699,0.005461,-0.006772,-0.020252,-0.036417,-0.055826,-0.072927,0.00025,-0.007146,-0.010423,-0.01682,-0.018099,-0.006772,-0.020783,-0.039787,-0.065375,-0.084473,0.004993,0.007864,0.007926,0.009518,0.009455,0.00096,0.001494,0.001894,0.002526,0.00396,0.001929,0.000876,0.001227,-0.00396,-0.000366,-0.002181,-0.007738,-0.009671,-0.007821,-0.005997,-0.001434,-0.005371,-0.009489,-0.011515,-0.009389,0.058862,-0.896736,-0.134779,-0.898188,1,0,0,0,0,0,0,0,0,0,0
255,-0.009779,-0.028055,-0.05008,-0.0687,-0.082602,-0.002656,-0.007998,-0.009185,-0.011809,-0.016027,-0.011778,-0.035553,-0.056828,-0.077354,-0.087976,0.003562,0.001281,0.002531,0.002406,9.4e-05,-0.006623,-0.019807,-0.040051,-0.057359,-0.073042,-0.003218,-0.009372,-0.013871,-0.018182,-0.018432,-0.00756,-0.023775,-0.045956,-0.0687,-0.088413,0.003968,0.002406,0.00328,0.004436,0.004405,0.000399,0.001211,0.000818,0.002062,0.004314,-0.000175,-0.000314,-0.003346,-0.004827,-0.001154,-0.00264,-0.007389,-0.006823,-0.005403,0.000513,-0.002709,-0.007039,-0.008902,-0.010139,-0.008253,0.063594,-0.902849,-0.136113,-0.906207,1,0,0,0,0,0,0,0,0,0,0
256,-0.008252,-0.029382,-0.050575,-0.06561,-0.079864,-0.003126,-0.006095,-0.007002,-0.012222,-0.016785,-0.01119,-0.033321,-0.056014,-0.072299,-0.080332,-0.001188,-0.001469,-0.000563,-0.002094,-0.007377,-0.006877,-0.023068,-0.042511,-0.05964,-0.074425,-0.004189,-0.007471,-0.013878,-0.01516,-0.017692,-0.00647,-0.025506,-0.051138,-0.070267,-0.093586,-0.001094,-0.001032,0.000563,0.0005,-0.004314,0.000136,0.000537,0.00117,0.002606,0.003227,-0.00088,-0.000528,-0.005725,-0.002124,-0.000185,-0.002973,-0.004928,-0.003057,-0.001212,0.00882,-0.001265,-0.005432,-0.007482,-0.005331,-0.004647,0.072303,-0.90664,-0.134469,-0.914046,1,0,0,0,0,0,0,0,0,0,0
257,-0.010024,-0.032039,-0.050651,-0.064547,-0.075477,-0.002217,-0.003404,-0.006027,-0.010243,-0.016051,-0.012585,-0.033851,-0.054367,-0.064984,-0.075852,-0.001093,0.000156,3.1e-05,-0.00228,-0.005402,-0.006308,-0.026543,-0.043843,-0.05952,-0.073853,-0.001967,-0.006464,-0.010773,-0.011023,-0.014521,-0.009743,-0.031914,-0.054648,-0.074353,-0.099054,-0.000468,0.000406,0.001561,0.00153,-0.0005,0.000676,0.000283,0.001526,0.003777,0.005202,0.00074,-0.00229,-0.003771,-9.9e-05,0.001728,-0.001781,-0.001217,0.000199,0.006097,0.015121,-0.00306,-0.004917,-0.006151,-0.004271,-0.001159,0.081971,-0.912347,-0.13177,-0.919744,1,0,0,0,0,0,0,0,0,0,0
258,-0.011069,-0.032208,-0.047206,-0.061424,-0.068595,-0.000748,-0.001653,-0.006859,-0.011412,-0.014904,-0.00951,-0.032146,-0.04839,-0.056404,-0.06688,0.000811,0.001715,0.000187,-0.005082,-0.004209,-0.009853,-0.029246,-0.046333,-0.061081,-0.070621,-0.00131,-0.007701,-0.00898,-0.011505,-0.015184,-0.00926,-0.034827,-0.053909,-0.077169,-0.105823,0.00053,0.00212,0.002058,-0.002744,-0.001185,-0.000275,0.000357,0.001789,0.002409,0.003995,-0.000388,-0.005571,-0.00198,-4.6e-05,-0.00055,-0.00016,0.001679,0.003492,0.013349,0.025275,-0.001067,-0.003081,-0.000967,-0.000295,0.001657,0.098187,-0.915043,-0.131506,-0.922788,1,0,0,0,0,0,0,0,0,0,0
259,-0.010872,-0.029387,-0.04321,-0.054083,-0.060265,-0.000435,-0.003044,-0.007238,-0.013016,-0.014041,-0.01168,-0.032089,-0.042651,-0.053462,-0.057873,0.000435,0.000311,-0.001988,-0.005095,-0.003355,-0.010313,-0.027523,-0.043117,-0.057376,-0.060389,-0.003169,-0.007455,-0.007704,-0.011183,-0.013793,-0.01283,-0.035444,-0.055046,-0.079618,-0.124102,0.000342,0.001491,0.00146,-0.000559,-0.014818,-0.000117,0.00112,0.00336,0.004777,-0.007565,-0.002628,-0.004101,-0.000448,0.00137,0.000229,0.0007,0.002064,0.007749,0.016449,0.041888,-0.00075,-0.001939,-0.000127,0.002872,0.00015,0.125546,-0.903331,-0.134455,-0.926031,1,0,0,0,0,0,0,0,0,0,0
260,-0.010154,-0.025044,-0.03916,-0.04628,-0.049902,-0.000464,-0.005634,-0.010154,-0.013621,-0.013807,-0.010835,-0.026963,-0.034919,-0.045321,-0.047673,0.000464,-0.001053,-0.006284,-0.005417,-0.004767,-0.008977,-0.025942,-0.040584,-0.050057,-0.049747,-0.003189,-0.004458,-0.006965,-0.010618,-0.012166,-0.012599,-0.031545,-0.054639,-0.083088,-0.137943,0.001238,0.001176,-0.003591,-0.002043,-0.059189,0.000744,0.002166,0.002781,0.004356,-0.045233,-0.002527,0.001039,0.002959,0.002458,0.001646,0.001066,0.00279,0.012164,0.023507,0.054314,-0.001183,0.000827,0.001466,0.003323,7.5e-05,0.153737,-0.858178,-0.136891,-0.925561,1,0,0,0,0,0,0,0,0,0,0
261,-0.008283,-0.022036,-0.032854,-0.039004,-0.038757,-0.002133,-0.006305,-0.012053,-0.013073,-0.017153,-0.009488,-0.019996,-0.030752,-0.035141,-0.04024,-0.000587,-0.002874,-0.005965,-0.004234,-0.009396,-0.008159,-0.023674,-0.03786,-0.040858,-0.038818,-0.001082,-0.001329,-0.00479,-0.007387,-0.012672,-0.009921,-0.029423,-0.05387,-0.098128,-0.151101,-9.3e-05,-0.000124,-0.002133,-0.016319,-0.101682,0.000488,0.002717,0.004127,-0.008153,-0.0758,0.001058,0.004692,0.006501,0.005366,0.004426,0.000263,0.005749,0.014144,0.038692,0.061174,2.3e-05,0.001771,0.004665,0.002039,0.000518,0.179988,-0.814585,-0.139181,-0.922305,1,0,0,0,0,0,0,0,0,0,0
262,-0.006578,-0.020659,-0.027762,-0.031375,-0.029059,-0.003026,-0.007535,-0.010994,-0.011179,-0.016954,-0.006608,-0.014545,-0.024921,-0.027268,-0.03752,-0.000926,-0.006145,-0.005281,-0.004632,-0.010005,-0.00877,-0.023377,-0.032826,-0.032517,-0.028966,-0.000185,-0.002687,-0.006331,-0.007875,-0.01334,-0.008986,-0.032023,-0.060403,-0.115123,-0.175773,3.1e-05,-0.004725,-0.003181,-0.060186,-0.127043,0.000931,0.001545,0.003115,-0.046351,-0.088987,0.002501,0.004416,0.003916,0.003107,0.003588,0.001434,0.010648,0.021797,0.052079,0.067411,0.001954,0.002582,0.004407,0.001215,0.000299,0.214661,-0.786743,-0.14162,-0.920515,1,0,0,0,0,0,0,0,0,0,0
263,-0.007168,-0.017983,-0.024132,-0.023885,-0.021011,-0.001143,-0.00689,-0.00791,-0.011989,-0.015666,-0.003893,-0.014646,-0.019033,-0.024132,-0.035842,-0.00136,-0.004449,-0.002719,-0.007879,-0.01239,-0.006736,-0.020918,-0.023915,-0.021876,-0.01925,-6.2e-05,-0.003522,-0.006118,-0.011402,-0.014368,-0.010505,-0.034946,-0.079193,-0.132153,-0.193641,-6.2e-05,-0.00207,-0.016253,-0.101594,-0.175689,0.001296,0.002706,-0.00957,-0.077201,-0.11996,0.001131,0.00294,0.001805,0.000865,0.001533,0.004037,0.012417,0.036921,0.059362,0.071971,-0.000216,0.002673,5.1e-05,-0.001467,-0.001194,0.241494,-0.733166,-0.141511,-0.917847,1,0,0,0,0,0,0,0,0,0,0
264,-0.006966,-0.014118,-0.017757,-0.015424,-0.012999,-0.00339,-0.006873,-0.007059,-0.012874,-0.016202,-0.004074,-0.014522,-0.016886,-0.02721,-0.042106,-0.003887,-0.003016,-0.002363,-0.007774,-0.011382,-0.00793,-0.017446,-0.017135,-0.013558,-0.010729,-0.002457,-0.006126,-0.007681,-0.013185,-0.01956,-0.012626,-0.041204,-0.096308,-0.157384,-0.218397,-0.004727,-0.003172,-0.060578,-0.127903,-0.214136,-0.000687,0.000895,-0.048919,-0.091853,-0.138317,0.00079,0.000287,-0.000528,-4.3e-05,-0.003,0.005454,0.017162,0.048963,0.065064,0.075189,0.000886,0.002802,-0.00055,-0.001512,-0.002177,0.275898,-0.688753,-0.141906,-0.911212,1,0,0,0,0,0,0,0,0,0,0
265,-0.003954,-0.010199,-0.009948,-0.007029,-0.005711,-0.002416,-0.003452,-0.007594,-0.011329,-0.015565,-0.00681,-0.011266,-0.016444,-0.028337,-0.052658,0.000785,0.002542,-0.002699,-0.00728,-0.008159,-0.006402,-0.009446,-0.007375,-0.004707,0.000345,-0.001036,-0.003672,-0.009038,-0.01205,-0.025011,-0.012082,-0.05702,-0.110808,-0.173257,-0.237495,0.00273,-0.011674,-0.098349,-0.173602,-0.251365,0.002125,-0.010343,-0.079031,-0.122459,-0.156835,0.001039,-0.000113,-0.001068,-0.000389,-0.008463,0.003528,0.030842,0.055857,0.069912,0.077332,0.002276,-0.000647,-0.002339,-0.002035,-0.006117,0.306452,-0.645309,-0.144359,-0.904178,1,0,0,0,0,0,0,0,0,0,0
266,-0.003274,-0.006957,-0.004596,-0.002141,-0.000787,-0.001102,-0.001291,-0.007177,-0.010545,-0.015393,-0.003746,-0.006138,-0.016589,-0.031668,-0.062391,9.4e-05,0.000755,-0.004722,-0.008373,-0.011616,-0.003211,-0.002896,0.000724,0.003589,0.010042,-0.002676,-0.00425,-0.009821,-0.016274,-0.032927,-0.01681,-0.07259,-0.134414,-0.196175,-0.257149,-0.001165,-0.059274,-0.127426,-0.214716,-0.289384,-0.00053,-0.050955,-0.094416,-0.141449,-0.168032,-0.001552,-0.002377,-0.001886,-0.004879,-0.01576,0.009146,0.043778,0.061313,0.072341,0.077543,-0.000239,-0.00389,-0.004937,-0.005662,-0.011149,0.338336,-0.608087,-0.147318,-0.896305,1,0,0,0,0,0,0,0,0,0,0
267,-0.003003,-0.00275,0.00019,0.001517,0.003952,6.3e-05,-0.00411,-0.007871,-0.012139,-0.018556,-0.000727,-0.005943,-0.017924,-0.042423,-0.076248,0.001675,-0.003604,-0.008219,-0.009104,-0.016154,0.000158,0.002244,0.004931,0.010021,0.018778,3.2e-05,-0.005374,-0.008409,-0.021465,-0.035658,-0.028388,-0.082571,-0.145479,-0.210189,-0.26924,-0.01334,-0.100653,-0.176459,-0.254793,-0.325162,-0.012027,-0.08122,-0.124967,-0.159596,-0.175627,0.000397,-0.000564,0.000119,-0.008014,-0.014661,0.019331,0.045661,0.060456,0.068266,0.072221,-0.00283,-0.004611,-0.004292,-0.008589,-0.0144,0.366606,-0.570279,-0.152526,-0.891273,1,0,0,0,0,0,0,0,0,0,0
268,-0.000697,0.00168,0.004153,0.005516,0.010684,-0.000254,-0.006182,-0.009574,-0.014457,-0.02178,-0.00168,-0.012206,-0.027392,-0.058335,-0.087692,-0.001015,-0.006531,-0.010209,-0.013474,-0.030118,0.000159,0.003804,0.006689,0.013189,0.023841,-0.001617,-0.007228,-0.013728,-0.030499,-0.03871,-0.027709,-0.089975,-0.152177,-0.213587,-0.258289,-0.045146,-0.113784,-0.201698,-0.276899,-0.34931,-0.038723,-0.082494,-0.129864,-0.156636,-0.170099,-0.00123,-0.000735,-0.003749,-0.014708,-0.014664,0.016677,0.035108,0.046699,0.052167,0.055149,-0.000949,-0.00205,-0.002812,-0.008579,-0.012899,0.384126,-0.531155,-0.157705,-0.889524,1,0,0,0,0,0,0,0,0,0,0
269,0.000952,0.003902,0.005235,0.007677,0.014308,-0.003934,-0.007709,-0.011992,-0.018432,-0.02281,-0.003553,-0.015577,-0.040163,-0.074108,-0.098441,-0.004283,-0.008915,-0.009803,-0.016877,-0.041591,0.001935,0.004632,0.009739,0.018527,0.028774,-0.003807,-0.006852,-0.019955,-0.034199,-0.039243,-0.026649,-0.08978,-0.15472,-0.213981,-0.251226,-0.042447,-0.118523,-0.197136,-0.267754,-0.342085,-0.03069,-0.074593,-0.109345,-0.125433,-0.13216,0.000266,0.000952,-0.007211,-0.013882,-0.013905,0.010239,0.025406,0.033413,0.037467,0.039867,-0.000872,-0.000544,-0.004949,-0.010907,-0.013781,0.404525,-0.490124,-0.162361,-0.886415,1,0,0,0,0,0,0,0,0,0,0
270,0.001426,0.003897,0.005259,0.010423,0.016,-0.001996,-0.005386,-0.010265,-0.017584,-0.017362,-0.00697,-0.022146,-0.053068,-0.082406,-0.108164,-0.001236,-0.004911,-0.008174,-0.024807,-0.050945,0.001711,0.004594,0.011089,0.021734,0.032158,-0.001806,-0.008301,-0.025061,-0.033266,-0.034756,-0.035611,-0.097772,-0.159141,-0.203813,-0.253902,-0.026201,-0.114057,-0.189207,-0.26157,-0.323287,-0.013093,-0.060431,-0.087185,-0.100639,-0.08826,0.000229,-0.002783,-0.013735,-0.01369,-0.014502,0.0082,0.019737,0.025179,0.028148,0.030082,-0.000231,-0.000989,-0.00673,-0.011029,-0.014952,0.432611,-0.46208,-0.166153,-0.881533,1,0,0,0,0,0,0,0,0,0,0
271,0.001519,0.002848,0.005285,0.011899,0.017627,-0.001772,-0.006045,-0.012469,-0.016836,-0.012216,-0.005032,-0.029558,-0.06342,-0.087694,-0.113992,-0.003386,-0.004272,-0.01133,-0.035983,-0.065636,0.000981,0.006076,0.014842,0.025064,0.0344,-0.001234,-0.014304,-0.028514,-0.033546,-0.032343,-0.027406,-0.092188,-0.151304,-0.188458,-0.24153,-0.049717,-0.128139,-0.198585,-0.272733,-0.32628,-0.030717,-0.065384,-0.081433,-0.088144,-0.067393,0.000455,-0.007687,-0.014342,-0.014365,-0.017061,0.006773,0.014644,0.018629,0.020989,0.022672,0.000552,-0.003778,-0.009635,-0.01246,-0.015647,0.456854,-0.429835,-0.168686,-0.880496,1,0,0,0,0,0,0,0,0,0,0
272,0.000947,0.002305,0.007453,0.013011,0.018569,-0.001611,-0.006474,-0.013769,-0.013548,-0.009316,-0.010106,-0.040928,-0.070171,-0.095846,-0.122342,-0.000284,-0.003537,-0.020117,-0.04617,-0.081193,0.001895,0.008369,0.01898,0.02937,0.036633,-0.005242,-0.021948,-0.030128,-0.031612,-0.030696,-0.034612,-0.095783,-0.140311,-0.190239,-0.230567,-0.037959,-0.112868,-0.184997,-0.246515,-0.310812,-0.016532,-0.043201,-0.056611,-0.044272,-0.035537,-0.003457,-0.014373,-0.014329,-0.015138,-0.018074,0.004606,0.009926,0.012828,0.014719,0.016744,-0.001285,-0.006897,-0.0111,-0.014935,-0.016634,0.473264,-0.392882,-0.169947,-0.878107,1,0,0,0,0,0,0,0,0,0,0
273,0.000378,0.002806,0.009395,0.015102,0.020146,-0.002648,-0.009048,-0.013399,-0.008796,-0.007062,-0.014345,-0.04808,-0.072261,-0.098461,-0.11785,-0.000599,-0.00763,-0.03219,-0.061731,-0.101172,0.003184,0.011917,0.022101,0.031402,0.038369,-0.007787,-0.021943,-0.026956,-0.025758,-0.025128,-0.029983,-0.088876,-0.12589,-0.178762,-0.210888,-0.040229,-0.11041,-0.184279,-0.237624,-0.298125,-0.018032,-0.034019,-0.040705,-0.020032,-0.010081,-0.00466,-0.01129,-0.011313,-0.013999,-0.014715,0.003113,0.006995,0.009293,0.010933,0.012452,-0.002947,-0.008651,-0.011402,-0.014506,-0.016023,0.488548,-0.367081,-0.171864,-0.877657,1,0,0,0,0,0,0,0,0,0,0
274,0.000978,0.006121,0.011675,0.017228,0.02294,-0.002209,-0.009498,-0.009277,-0.005049,-0.00407,-0.01644,-0.045659,-0.071312,-0.097786,-0.110754,-0.002651,-0.019216,-0.045248,-0.080242,-0.122713,0.003282,0.013884,0.024265,0.031522,0.038022,-0.008898,-0.017071,-0.018554,-0.017639,-0.01726,-0.031112,-0.075603,-0.12549,-0.165784,-0.189008,-0.034583,-0.106652,-0.168119,-0.232363,-0.289507,-0.0086,-0.021998,-0.00967,-0.000942,0.008094,-0.006243,-0.006198,-0.007007,-0.009941,-0.010378,0.002158,0.005043,0.006923,0.008936,0.010138,-0.002615,-0.006794,-0.010606,-0.012295,-0.012941,0.495911,-0.335281,-0.172698,-0.875147,1,0,0,0,0,0,0,0,0,0,0
275,0.001455,0.008063,0.013786,0.018846,0.023873,-0.004205,-0.008569,-0.003953,-0.002213,-0.001834,-0.017359,-0.041612,-0.067888,-0.087335,-0.102829,-0.004395,-0.029027,-0.058655,-0.098212,-0.140646,0.00547,0.015684,0.025012,0.032,0.038134,-0.005281,-0.010308,-0.009107,-0.008474,-0.009138,-0.027889,-0.065011,-0.118038,-0.150259,-0.164709,-0.035731,-0.109817,-0.163318,-0.223997,-0.281293,-0.007417,-0.014123,0.006611,0.016591,0.014661,-0.000393,-0.000416,-0.003111,-0.003829,-0.004636,0.001772,0.004117,0.005791,0.007342,0.008526,-0.003169,-0.005977,-0.009145,-0.010693,-0.011632,0.501102,-0.308762,-0.17424,-0.870605,1,0,0,0,0,0,0,0,0,0,0
276,0.003701,0.009268,0.014835,0.02056,0.023945,-0.0031,-0.002878,0.00136,0.002341,0.0031,-0.011925,-0.037641,-0.06418,-0.07718,-0.086322,-0.01221,-0.038305,-0.073384,-0.11596,-0.158156,0.005156,0.015563,0.022838,0.029354,0.035522,-0.00291,-0.004397,-0.003479,-0.0031,-0.004333,-0.016701,-0.06671,-0.107103,-0.130384,-0.142657,-0.036502,-0.09812,-0.162521,-0.219805,-0.268328,-0.006012,0.006347,0.015096,0.024155,0.027024,0.000438,-0.000373,-0.003314,-0.003752,-0.00516,0.001159,0.003071,0.005119,0.006342,0.006851,-0.001075,-0.004953,-0.006671,-0.007328,-0.009601,0.50792,-0.288065,-0.17503,-0.867899,1,0,0,0,0,0,0,0,0,0,0
277,0.002915,0.008649,0.013718,0.018755,0.022145,-0.001267,0.003358,0.005101,0.005481,0.007762,-0.012355,-0.038682,-0.058165,-0.073689,-0.078346,-0.01245,-0.042135,-0.081767,-0.124282,-0.16363,0.005069,0.014415,0.021416,0.027562,0.03412,-0.002123,-0.000919,-0.000285,-0.00095,-0.001331,-0.020466,-0.073594,-0.105876,-0.120354,-0.135466,-0.037668,-0.091271,-0.152066,-0.209471,-0.244668,-0.000697,0.020076,0.030076,0.028142,0.038753,-0.000462,-0.003161,-0.00388,-0.00469,-0.006662,0.001206,0.002902,0.004473,0.005674,0.005324,-0.001759,-0.00497,-0.006539,-0.00749,-0.010134,0.519045,-0.279483,-0.175793,-0.865681,1,0,0,0,0,0,0,0,0,0,0
278,0.00266,0.008234,0.013966,0.017354,0.020521,0.001488,0.005732,0.006714,0.007474,0.010545,-0.013396,-0.039965,-0.05298,-0.062132,-0.070968,-0.013681,-0.0488,-0.091425,-0.13367,-0.166826,0.005352,0.012635,0.019159,0.025334,0.032016,0.000633,0.001552,0.001932,0.000697,0.000823,-0.029609,-0.070049,-0.093357,-0.105644,-0.12151,-0.024036,-0.088512,-0.145862,-0.194441,-0.220218,0.01307,0.021829,0.030898,0.033771,0.041105,-0.00035,-0.003294,-0.003733,-0.005143,-0.007307,0.000726,0.00279,0.004023,0.004536,0.003884,-0.002155,-0.003888,-0.00455,-0.006841,-0.009741,0.527202,-0.268613,-0.176173,-0.863916,1,0,0,0,0,0,0,0,0,0,0
279,0.003061,0.008109,0.013126,0.016502,0.019531,0.003124,0.004859,0.005238,0.007509,0.011517,-0.012873,-0.032278,-0.047738,-0.052376,-0.055721,-0.015934,-0.055405,-0.097748,-0.136936,-0.16669,0.003976,0.010949,0.01707,0.023601,0.030353,0.000568,0.001199,0.000536,0.000158,0.00101,-0.023412,-0.055563,-0.069983,-0.085033,-0.088314,-0.029438,-0.089987,-0.147159,-0.182213,-0.21285,0.007667,0.017626,0.0157,0.026268,0.026165,-0.00234,-0.003056,-0.003862,-0.005826,-0.008132,0.000942,0.002469,0.003636,0.003296,0.003379,-0.00102,-0.002545,-0.00347,-0.006039,-0.009016,0.525128,-0.25432,-0.177608,-0.862855,1,0,0,0,0,0,0,0,0,0,0
280,0.002496,0.008216,0.011598,0.014758,0.018202,0.001106,0.002086,0.002844,0.005909,0.011661,-0.01362,-0.026608,-0.035741,-0.044557,-0.042029,-0.019087,-0.061622,-0.103777,-0.136863,-0.161733,0.003286,0.009796,0.015958,0.022626,0.029958,0.000348,0.000727,-0.000506,-0.000379,0.00177,-0.016906,-0.040165,-0.052426,-0.068258,-0.063834,-0.034856,-0.092085,-0.140561,-0.166284,-0.191881,0.001062,0.010112,0.012978,0.020297,0.018365,-0.000595,-0.001033,-0.002439,-0.004599,-0.007285,0.001083,0.002297,0.002803,0.00216,0.002224,-0.000676,-0.001329,-0.003586,-0.006443,-0.009592,0.525958,-0.249214,-0.178684,-0.862013,1,0,0,0,0,0,0,0,0,0,0
281,0.002556,0.007574,0.010951,0.013981,0.017705,0.000631,0.00101,0.003282,0.00729,0.01376,-0.005807,-0.021271,-0.02591,-0.029256,-0.031875,-0.020419,-0.062772,-0.101968,-0.131729,-0.149244,0.003692,0.009815,0.016348,0.023101,0.030329,0.000284,-0.000379,-0.000757,9.5e-05,0.003219,-0.015275,-0.029697,-0.044751,-0.048033,-0.05141,-0.025752,-0.082938,-0.118,-0.148645,-0.169568,0.008901,0.006974,0.017545,0.017442,0.018073,-0.000123,-0.000929,-0.002894,-0.005199,-0.007695,0.000457,0.001626,0.001286,0.001368,0.001689,-0.000858,-0.001784,-0.004358,-0.007339,-0.010134,0.531889,-0.239308,-0.180136,-0.86167,1,0,0,0,0,0,0,0,0,0,0
282,0.003156,0.006532,0.009688,0.013128,0.017578,0.000347,0.001105,0.004166,0.009909,0.017515,-0.007164,-0.016284,-0.025089,-0.022564,-0.031873,-0.022059,-0.064157,-0.097198,-0.122034,-0.135857,0.002809,0.008962,0.015621,0.022943,0.029444,9.5e-05,-0.001136,-0.00101,0.001136,0.005617,-0.007953,-0.020197,-0.036008,-0.031589,-0.042698,-0.0314,-0.07981,-0.105498,-0.13106,-0.153908,0.000137,0.003,0.010309,0.008379,0.009849,-0.000315,-0.001719,-0.003876,-0.006558,-0.009148,0.000746,0.001247,0.00061,0.000674,0.001522,0.000211,-0.002024,-0.004855,-0.007973,-0.009767,0.538953,-0.23057,-0.180971,-0.861863,1,0,0,0,0,0,0,0,0,0,0
283,0.001859,0.00523,0.008255,0.011973,0.01588,3.2e-05,0.0023,0.006302,0.012761,0.02067,-0.008287,-0.012918,-0.016258,-0.018874,-0.024608,-0.02026,-0.059393,-0.089106,-0.106593,-0.121875,0.003308,0.009831,0.016573,0.023789,0.028925,-0.000756,-0.001134,-0.000284,0.002836,0.008696,-0.006459,-0.021489,-0.024766,-0.028137,-0.035069,-0.025742,-0.060748,-0.091343,-0.112233,-0.128397,-0.002061,0.008493,0.00839,0.00902,0.01019,-0.000491,-0.002452,-0.004754,-0.007246,-0.008964,0.000418,8.2e-05,0.000164,0.000481,0.000564,-0.001125,-0.00367,-0.006617,-0.009381,-0.010455,0.539768,-0.225319,-0.181626,-0.863287,1,0,0,0,0,0,0,0,0,0,0
284,0.001508,0.004651,0.008076,0.012506,0.015083,0.000723,0.003771,0.00949,0.017063,0.023002,-0.000817,-0.009584,-0.00707,-0.01634,-0.016843,-0.021713,-0.054613,-0.079343,-0.093106,-0.108032,0.002828,0.009458,0.016748,0.023222,0.027087,-0.000471,-0.000346,0.001791,0.006253,0.012852,-0.00575,-0.021493,-0.017094,-0.028155,-0.031517,-0.02253,-0.048109,-0.073561,-0.096311,-0.115511,0.004905,0.012183,0.010262,0.011725,0.01453,-0.000909,-0.003057,-0.005728,-0.008306,-0.007371,7.6e-05,-0.000542,-0.00048,0.000342,0.000758,-0.001066,-0.003813,-0.006839,-0.008581,-0.009282,0.543744,-0.213294,-0.181538,-0.864853,1,0,0,0,0,0,0,0,0,0,0
285,0.001852,0.004865,0.008569,0.012462,0.014628,0.001538,0.005525,0.01196,0.019838,0.024013,-0.003798,-0.007126,-0.009731,-0.015444,-0.015067,-0.017296,-0.046896,-0.064318,-0.079542,-0.092223,0.003673,0.01039,0.017578,0.022695,0.025426,9.4e-05,0.000942,0.004049,0.009888,0.015977,-0.009229,-0.012493,-0.015852,-0.022758,-0.024202,-0.012368,-0.042847,-0.063659,-0.079762,-0.101264,0.005613,0.005511,0.006138,0.007305,0.009015,-0.001046,-0.003339,-0.005822,-0.007533,-0.00554,-0.000403,-0.000323,-1.5e-05,6.6e-05,0.000906,-0.00142,-0.004291,-0.006983,-0.008029,-0.0081,0.543635,-0.205685,-0.181139,-0.866414,1,0,0,0,0,0,0,0,0,0,0
286,0.001285,0.0047,0.009119,0.011688,0.013286,0.001504,0.007207,0.014759,0.020682,0.024223,-0.004951,-0.002444,-0.011688,-0.01219,-0.010309,-0.015543,-0.040204,-0.053929,-0.068813,-0.079248,0.002946,0.010215,0.016671,0.020525,0.022342,3.1e-05,0.002162,0.006612,0.013192,0.018645,-0.006486,-0.002099,-0.01313,-0.016483,-0.013568,-0.013161,-0.038543,-0.06123,-0.080376,-0.096138,0.001653,-0.000262,0.001197,0.003994,0.002981,-0.001097,-0.003761,-0.006332,-0.005399,-0.003488,-0.000207,-0.000147,0.00066,0.001067,0.00157,-0.001291,-0.004259,-0.005966,-0.006654,-0.006512,0.543486,-0.199091,-0.180694,-0.867832,1,0,0,0,0,0,0,0,0,0,0
287,0.001723,0.005419,0.009304,0.011465,0.012217,0.002475,0.008896,0.016759,0.020925,0.022867,0.001629,-0.000971,-0.006672,-0.006296,-0.004448,-0.014002,-0.031388,-0.04658,-0.059236,-0.066065,0.003759,0.010932,0.016038,0.018764,0.019797,0.000814,0.003916,0.009742,0.015819,0.020612,0.003226,-0.000125,-0.007017,-0.008458,-0.005169,-0.01726,-0.038029,-0.054099,-0.075556,-0.095103,-0.001755,-0.001129,3.5e-05,0.001742,0.000622,-0.001191,-0.003669,-0.005376,-0.003387,-0.000547,0.000285,0.00059,0.00067,0.001497,0.002683,-0.001542,-0.004195,-0.005226,-0.005296,-0.005054,0.542154,-0.187216,-0.180604,-0.867926,1,0,0,0,0,0,0,0,0,0,0
288,0.001689,0.006101,0.008666,0.010262,0.010606,0.003222,0.010762,0.016675,0.02021,0.021399,0.000876,-0.008353,-0.008854,-0.006977,-0.000939,-0.010637,-0.02434,-0.039201,-0.049619,-0.052622,0.003504,0.009949,0.013797,0.015611,0.016049,0.001314,0.005757,0.012327,0.01777,0.022088,0.001158,-0.009855,-0.013202,-0.010293,-0.003535,-0.008103,-0.030754,-0.049869,-0.065606,-0.092042,-0.00016,0.001297,0.004089,0.003078,0.003631,-0.001469,-0.004036,-0.003105,-0.001197,0.001871,-0.000223,0.000574,0.000978,0.001475,0.003638,-0.001406,-0.003095,-0.003775,-0.003634,-0.003229,0.53918,-0.173243,-0.179862,-0.868183,1,0,0,0,0,0,0,0,0,0,0
289,0.002,0.005875,0.008031,0.008781,0.008844,0.003187,0.011031,0.015187,0.017125,0.018156,-0.003469,-0.009156,-0.008781,-0.006937,0.009375,-0.006719,-0.021875,-0.034499,-0.041312,-0.043124,0.003656,0.00875,0.011469,0.0125,0.01225,0.001781,0.007594,0.013656,0.018437,0.021812,-0.0045,-0.011375,-0.012812,-0.009531,0.009656,-0.012625,-0.028656,-0.050061,-0.069561,-0.092342,0.000784,0.001945,0.003648,0.002531,0.001442,-0.001004,-0.002707,-0.000723,0.00211,0.004322,0.000521,0.000599,0.001412,0.002579,0.004523,-0.001213,-0.002227,-0.002296,-0.002058,-0.001508,0.526839,-0.164842,-0.17861,-0.866545,1,0,0,0,0,0,0,0,0,0,0
290,0.002403,0.004962,0.006554,0.006897,0.007178,0.004338,0.010236,0.013763,0.014949,0.028774,-0.005742,-0.006242,-0.004369,0.001654,0.031802,-0.00696,-0.021784,-0.032176,-0.035172,-0.035391,0.002778,0.006616,0.008426,0.008863,0.008395,0.002653,0.009207,0.014637,0.018944,0.028774,-0.006491,-0.009831,-0.006928,-0.000187,0.046751,-0.009987,-0.029055,-0.044753,-0.071124,-0.08935,0.000671,0.003456,0.002447,0.002999,-0.011298,-0.001558,-0.000629,0.001274,0.004335,0.000274,0.000268,0.000664,0.001153,0.003279,0.004966,-0.000458,-0.001126,-0.000988,-0.000589,-0.000694,0.498255,-0.155527,-0.177321,-0.868936,1,0,0,0,0,0,0,0,0,0,0
291,0.001465,0.003616,0.004364,0.004427,0.004614,0.003492,0.007638,0.009571,0.010599,0.027933,6.2e-05,0.000436,0.002276,0.018549,0.063909,-0.008168,-0.020763,-0.027559,-0.029367,-0.028057,0.002307,0.005019,0.006048,0.005799,0.004926,0.003149,0.009197,0.013966,0.017333,0.033638,-0.000374,-0.001808,0.001465,0.020607,0.114069,-0.006017,-0.027372,-0.046825,-0.069551,-0.087789,0.000488,0.002187,0.001073,-1.4e-05,-0.044039,-0.000143,0.001836,0.004663,0.00687,0.005629,-0.000189,0.000611,0.001758,0.00367,0.00547,-0.000543,-0.000611,-0.000376,0.000165,0.000666,0.442144,-0.148184,-0.176238,-0.873184,0,0,1,0,0,0,0,0,0,0,0
292,0.001091,0.00268,0.003023,0.003303,0.002337,0.0024,0.005921,0.007105,0.020911,0.029263,-0.000561,0.001309,0.007324,0.037429,0.089878,-0.006638,-0.017016,-0.020008,-0.020226,-0.01901,0.001527,0.003335,0.003771,0.003303,-0.000156,0.003397,0.00882,0.01312,0.022937,0.032255,-0.002961,-6.2e-05,0.006669,0.053541,0.164798,-0.013027,-0.028702,-0.055036,-0.073236,-0.093525,0.002293,0.001286,0.001837,-0.01244,-0.064632,0.00107,0.002971,0.006027,0.001973,0.002357,0.000581,0.001065,0.00317,0.00484,0.006212,-0.00012,1.7e-05,0.000411,0.000308,0.001989,0.394385,-0.136629,-0.173706,-0.870567,0,0,1,0,0,0,0,0,0,0,0
293,0.001059,0.001806,0.001868,0.002055,-0.00109,0.001743,0.003674,0.004701,0.022011,0.02939,0.000934,0.002771,0.019022,0.064321,0.127273,-0.005946,-0.012734,-0.014539,-0.013232,-0.011519,0.001183,0.00221,0.001961,0.00109,-0.005978,0.002646,0.00741,0.010772,0.027055,0.031258,0.001526,0.004795,0.02391,0.117248,0.230605,-0.008313,-0.02774,-0.050436,-0.068649,-0.088948,-0.000594,-0.001707,-0.002792,-0.046759,-0.088126,0.000907,0.00373,0.005934,0.004695,0.000735,0.000216,0.001352,0.003247,0.005029,0.005927,5.2e-05,0.000284,0.00082,0.001317,0.003255,0.337401,-0.129382,-0.169343,-0.871194,0,0,1,0,0,0,0,0,0,0,0
294,0.00053,0.000872,0.001153,0.000187,-0.008909,0.001776,0.002959,0.016759,0.025107,0.028129,0.000935,0.006947,0.037038,0.089464,0.163414,-0.004423,-0.007414,-0.007632,-0.006417,-0.004922,0.000623,0.001059,0.000592,-0.002866,-0.015388,0.002772,0.007071,0.016883,0.026197,0.031773,0.001371,0.008099,0.054949,0.166156,0.303809,-0.007351,-0.033673,-0.051865,-0.072144,-0.087408,-0.000412,0.000138,-0.014131,-0.0663,-0.118063,0.000992,0.004047,-6e-06,0.000378,0.002131,0.000266,0.002364,0.004029,0.005397,0.005958,8.4e-05,0.000478,0.000375,0.00205,0.004464,0.268424,-0.130496,-0.161011,-0.871321,0,0,1,0,0,0,0,0,0,0,0
295,0.000218,0.000281,0.000468,-0.002682,-0.01902,0.000156,0.001185,0.018522,0.025911,0.026161,0.000904,0.017181,0.062549,0.125597,0.196597,-0.00237,-0.004178,-0.002869,-0.001154,0.000125,0.000405,0.000156,-0.000717,-0.007795,-0.024664,0.001996,0.005363,0.021671,0.02588,0.028811,0.001902,0.021047,0.114528,0.228058,0.385118,-0.012098,-0.034829,-0.05307,-0.0734,-0.076456,-0.000702,-0.001788,-0.045822,-0.087253,-0.159357,0.001834,0.004041,0.002801,-0.001166,0.001339,0.000881,0.002796,0.004598,0.005505,0.005814,0.00015,0.000692,0.001194,0.003152,0.003828,0.188313,-0.144519,-0.15314,-0.868211,0,0,1,0,0,0,0,0,0,0,0
296,0.000125,0.000406,-0.000561,-0.00967,-0.031317,0.001029,0.014848,0.023207,0.026233,0.020681,0.005116,0.035247,0.087744,0.161795,0.225053,-0.000624,-0.000842,0.000374,0.001872,-0.012539,3.1e-05,-0.000437,-0.003899,-0.016438,-0.033126,0.002308,0.012134,0.02146,0.027044,0.02748,0.004835,0.051748,0.163105,0.300944,0.456281,-0.014255,-0.032471,-0.052777,-0.068062,-0.076484,0.001253,-0.013036,-0.065275,-0.117108,-0.19044,0.001224,-0.002834,-0.00245,-0.000694,0.006224,0.001235,0.002916,0.004297,0.004863,0.004968,0.000247,0.000143,0.001834,0.004271,0.001939,0.124444,-0.135874,-0.149157,-0.870231,0,0,1,0,0,0,0,0,0,0,0
297,-6.2e-05,0.000125,-0.003028,-0.019388,-0.044989,0.0,0.017359,0.024758,0.025008,0.002997,0.011177,0.056603,0.119731,0.190821,0.25014,-0.001186,0.000125,0.001842,0.003122,-0.051327,-0.000281,-0.001155,-0.008242,-0.025133,-0.041555,0.001062,0.01739,0.021605,0.024539,0.025101,0.01433,0.10793,0.221604,0.378862,0.512549,-0.008492,-0.026756,-0.047112,-0.050172,-0.109803,-0.002343,-0.046432,-0.087916,-0.160111,-0.197106,0.000985,-0.000257,-0.004229,-0.001721,0.022311,0.000689,0.002507,0.003422,0.003734,0.003767,0.000298,0.000805,0.002781,0.003462,0.000661,0.071084,-0.090227,-0.146457,-0.873951,0,0,1,0,0,0,0,0,0,0,0
298,0.000343,-0.000624,-0.009741,-0.031407,-0.046331,0.01383,0.022197,0.025226,0.019669,0.001686,0.018982,0.071525,0.145642,0.208956,0.263779,0.000968,0.002185,0.003684,-0.01074,-0.042959,-0.000187,-0.003653,-0.016203,-0.032906,-0.046018,0.008773,0.018108,0.023696,0.024133,0.024289,0.032625,0.144081,0.282042,0.437518,0.547413,-0.009741,-0.030065,-0.045363,-0.053792,-0.094909,-0.011959,-0.064245,-0.116124,-0.189522,-0.196661,-0.005047,-0.004662,-0.002904,0.004019,0.022118,0.001002,0.002392,0.002962,0.003068,0.003083,-0.000403,0.001299,0.003751,0.001404,0.003428,0.019949,-0.100855,-0.144934,-0.876127,0,0,1,0,0,0,0,0,0,0,0
299,-0.000156,-0.003314,-0.019699,-0.045339,-0.047903,0.003533,0.010944,0.011194,-0.01085,-0.013946,0.026484,0.089708,0.160905,0.220314,0.253145,0.000344,0.002064,0.003346,-0.051186,-0.040179,-0.000688,-0.007786,-0.024702,-0.041149,-0.048528,0.007567,0.011788,0.014727,0.01529,0.015478,0.061066,0.174913,0.33241,0.466299,0.591027,-0.008536,-0.028923,-0.031987,-0.091709,-0.123071,-0.032179,-0.073725,-0.14603,-0.183081,-0.125515,0.00381,-0.000167,0.002345,0.026413,0.028574,0.000824,0.001749,0.002064,0.002098,0.002161,0.000919,0.002916,0.003605,0.000773,0.00544,-0.057058,-0.062747,-0.148922,-0.879482,0,0,1,0,0,0,0,0,0,0,0
300,-0.000813,-0.009946,-0.031651,-0.046601,-0.047101,0.004848,0.007881,0.002314,-0.0157,-0.018953,0.026146,0.100395,0.163822,0.218742,0.221525,0.000876,0.002377,-0.012072,-0.044349,-0.063396,-0.002784,-0.015356,-0.032089,-0.045225,-0.047727,0.001783,0.007381,0.007819,0.007975,0.008288,0.050573,0.18878,0.344532,0.454623,0.560616,-0.011822,-0.027147,-0.035592,-0.076782,-0.102928,-0.020192,-0.072163,-0.145691,-0.152843,-0.098119,-0.003426,-0.001665,0.005271,0.023402,0.026462,0.000581,0.001158,0.001266,0.001281,0.001487,0.000803,0.003285,0.000909,0.002959,0.005333,-0.089047,-0.078575,-0.150358,-0.877237,0,0,1,0,0,0,0,0,0,0,0
301,-0.002349,-0.018758,-0.044436,-0.047004,-0.051044,0.002568,0.002818,-0.019259,-0.022359,-0.028246,0.03714,0.108445,0.167944,0.200825,0.225377,0.000846,0.002129,-0.052485,-0.041462,-0.080011,-0.004322,-0.021263,-0.037735,-0.045125,-0.047004,0.002443,0.005386,0.00595,0.006138,0.006889,0.063382,0.221118,0.35521,0.480127,0.596338,-0.00858,-0.011649,-0.071462,-0.102871,-0.136535,-0.021392,-0.093806,-0.130913,-0.07326,-0.015972,-0.000553,0.001963,0.026067,0.028232,0.035177,0.000348,0.000667,0.0007,0.000764,0.001008,0.001208,0.001905,-0.000957,0.003759,0.003064,-0.179187,-0.042552,-0.156372,-0.87975,0,0,1,0,0,0,0,0,0,0,0
302,-0.006801,-0.028553,-0.043535,-0.044036,-0.053596,0.00047,-0.005109,-0.023162,-0.026422,-0.031499,0.037235,0.100797,0.155835,0.158624,0.19962,0.000658,-0.013822,-0.046167,-0.065255,-0.08569,-0.008274,-0.025043,-0.038206,-0.040714,-0.046073,0.003166,0.003604,0.003761,0.004075,0.004513,0.075065,0.23115,0.341476,0.447695,0.59256,-0.00677,-0.015232,-0.05651,-0.082713,-0.120386,-0.030672,-0.104358,-0.111525,-0.056684,0.039201,0.002318,0.009269,0.027439,0.030506,0.036787,0.000236,0.000344,0.00036,0.000569,0.001595,0.001304,-0.001108,0.000972,0.003382,0.000596,-0.238146,-0.062519,-0.15647,-0.877409,0,0,1,0,0,0,0,0,0,0,0
303,-0.009628,-0.035345,-0.037916,-0.041962,-0.051559,-0.00022,-0.02233,-0.025434,-0.03133,-0.022141,0.034153,0.09374,0.12667,0.151257,0.190898,0.000627,-0.054068,-0.043028,-0.081634,-0.084175,-0.008687,-0.025183,-0.032585,-0.034466,-0.039704,-0.00022,0.000345,0.000533,0.001286,0.001317,0.082858,0.217148,0.34225,0.458633,0.570751,0.003701,-0.0562,-0.087656,-0.12137,-0.113968,-0.041831,-0.078993,-0.021255,0.036119,0.09293,0.0002,0.02434,0.026508,0.033464,0.025484,8.5e-05,0.000119,0.000184,0.00043,0.001782,-0.000606,-0.003498,0.001268,0.000565,-0.005313,-0.291203,-0.067766,-0.15721,-0.866917,0,0,1,0,0,0,0,0,0,0,0
304,-0.012132,-0.027117,-0.027618,-0.03718,-0.044892,-0.005361,-0.023418,-0.026678,-0.031757,-0.012446,0.029437,0.084486,0.087276,0.12828,0.187028,-0.01511,-0.047462,-0.066554,-0.086993,-0.086617,-0.008088,-0.021255,-0.023763,-0.029123,-0.031662,0.000658,0.000815,0.001129,0.001567,0.002194,0.073294,0.183642,0.289884,0.434779,0.5345,-0.012163,-0.05345,-0.079658,-0.117339,-0.123076,-0.031887,-0.039056,0.015797,0.111701,0.151117,0.006752,0.024926,0.027994,0.034276,0.017237,2.4e-05,4e-05,0.000249,0.001276,0.001954,-0.001811,0.000272,0.002686,-0.000104,-0.008303,-0.337483,-0.064511,-0.156378,-0.859859,0,0,1,0,0,0,0,0,0,0,0
305,-0.013597,-0.016172,-0.020223,-0.029831,-0.036583,-0.016768,-0.019877,-0.025781,-0.01658,-0.005778,0.030177,0.063148,0.087767,0.127459,0.183605,-0.039629,-0.028575,-0.067231,-0.069774,-0.07103,-0.008416,-0.015826,-0.01771,-0.022955,-0.023991,-9.4e-05,9.4e-05,0.000848,0.000879,0.003046,0.061045,0.186305,0.302836,0.415097,0.499724,-0.047793,-0.079289,-0.113046,-0.105635,-0.116405,-0.005268,0.052543,0.109989,0.166873,0.196678,0.017407,0.019578,0.026543,0.018553,0.011496,1e-05,7.5e-05,0.000324,0.001687,0.001929,-0.001085,0.003723,0.003014,-0.002917,-0.009221,-0.374279,-0.0633,-0.158765,-0.858874,0,0,1,0,0,0,0,0,0,0,0
306,-0.001419,-0.001924,-0.011543,-0.019301,-0.031379,-0.001325,-0.004604,-0.009713,0.009713,0.015358,0.025072,0.027879,0.069129,0.128229,0.177521,0.007253,-0.011952,-0.032515,-0.032136,-0.032199,-0.004794,-0.007317,-0.012709,-0.015264,-0.016525,0.000252,0.000568,0.001009,0.00164,0.007727,0.049702,0.156581,0.302345,0.402663,0.470436,0.006465,-0.0199,-0.057807,-0.063578,-0.068971,-0.00192,0.053261,0.149741,0.189392,0.208407,0.0008,0.003886,0.010207,-0.006934,-0.003838,7e-06,0.000225,0.001296,0.002002,0.002333,0.003291,0.005807,0.002898,-0.005651,-0.014449,-0.402538,-0.067281,-0.157611,-0.858627,0,0,1,0,0,0,0,0,0,0,0
307,-0.001172,-0.005257,-0.014946,-0.021754,-0.035656,-0.001805,-0.007758,0.00152,0.012413,0.018809,0.008075,0.032901,0.072926,0.129544,0.173528,0.003863,-0.035117,-0.037682,-0.038949,-0.044839,-0.00266,-0.00456,-0.009848,-0.010893,-0.012983,-6.3e-05,0.000697,0.000728,0.002913,0.013458,0.076409,0.193921,0.307126,0.392465,0.455321,-0.038252,-0.072293,-0.06482,-0.075681,-0.077866,0.060226,0.118155,0.175518,0.205573,0.221302,0.001385,0.008408,0.000351,-0.006765,0.000245,6.2e-05,0.000326,0.001772,0.002028,0.0034,0.001712,0.000961,-0.005329,-0.012013,-0.02116,-0.433707,-0.070158,-0.155333,-0.86181,0,0,1,0,0,0,0,0,0,0,0
308,0.000668,-0.009028,-0.016847,-0.029022,-0.037731,-0.001494,-0.006643,0.012937,0.018627,0.025143,-0.005277,0.036301,0.09587,0.145553,0.181885,-0.023236,-0.043961,-0.04358,-0.043644,-0.056072,0.000127,-0.005308,-0.007883,-0.009155,-0.011539,0.000381,0.000826,0.001462,0.007597,0.017387,0.031024,0.177943,0.279058,0.347368,0.422608,0.011825,-0.026383,-0.0322,-0.037636,-0.043008,-0.004838,0.092407,0.132373,0.151538,0.184792,0.00172,0.008091,-0.009186,-0.006065,-0.001239,0.000167,0.001298,0.002045,0.002395,0.005735,0.0009,-0.002174,-0.011208,-0.020507,-0.025439,-0.474232,-0.070127,-0.154564,-0.863719,0,0,1,0,0,0,0,0,0,0,0
309,-0.00476,-0.014471,-0.021294,-0.035225,-0.039351,-0.004475,0.004824,0.01574,0.022151,0.027609,0.030148,0.07026,0.127001,0.171081,0.20529,-0.015867,-0.018438,-0.019707,-0.02561,-0.039509,-0.002031,-0.007331,-0.008378,-0.010472,-0.012281,0.000381,0.000413,0.002602,0.01317,0.020754,0.086794,0.200245,0.285769,0.348762,0.413564,-0.04592,-0.03843,-0.049315,-0.051505,-0.059217,0.062885,0.120372,0.150493,0.166256,0.192465,0.005321,-0.002753,-0.009885,-0.00286,-0.000193,0.000103,0.001571,0.001831,0.003224,0.006243,-0.001653,-0.008039,-0.014825,-0.024113,-0.025677,-0.495549,-0.068066,-0.153736,-0.865497,0,0,1,0,0,0,0,0,0,0,0
310,-0.004918,-0.012724,-0.024877,-0.033572,-0.035127,-0.000666,0.01888,0.02456,0.031065,0.032905,0.01136,0.070824,0.12042,0.156689,0.183661,-0.004823,-0.004442,-0.004506,-0.016913,-0.028209,-0.003395,-0.005965,-0.007235,-0.009615,-0.011614,6.3e-05,0.000698,0.006822,0.016595,0.02291,0.059877,0.160814,0.229005,0.304113,0.340699,0.007774,0.001967,-0.003459,-0.008821,-0.016469,0.034196,0.074092,0.093224,0.126419,0.134204,0.001039,-0.016208,-0.013093,-0.008275,-0.004083,0.001015,0.001752,0.002098,0.005397,0.006824,-0.001385,-0.010309,-0.019494,-0.024366,-0.022777,-0.508662,-0.066056,-0.152268,-0.867155,0,0,1,0,0,0,0,0,0,0,0
311,-0.004765,-0.011551,-0.025405,-0.029508,-0.029666,0.00991,0.020766,0.027141,0.032569,0.037871,0.028593,0.08502,0.128856,0.162877,0.173228,0.002241,0.000978,-0.004892,-0.018715,-0.033958,-0.001894,-0.002935,-0.005018,-0.006817,-0.008079,-3.2e-05,0.002146,0.012655,0.020198,0.025721,0.053272,0.138324,0.200969,0.265413,0.288009,-0.000284,-0.011109,-0.013286,-0.020955,-0.026888,0.023159,0.053114,0.06879,0.094854,0.103426,-0.009063,-0.016155,-0.009169,-0.006517,-0.006599,0.000435,0.000685,0.002025,0.004929,0.007784,-0.00481,-0.011338,-0.020272,-0.021777,-0.020708,-0.515856,-0.06763,-0.152029,-0.867045,0,0,1,0,0,0,0,0,0,0,0
312,-0.002985,-0.015017,-0.023625,-0.025165,-0.025699,0.009488,0.015112,0.021552,0.023374,0.035784,0.030412,0.079516,0.115426,0.14213,0.15033,-0.001854,-0.001916,-0.0142,-0.025385,-0.046528,-0.00066,-0.001916,-0.004273,-0.006252,-0.006315,0.00066,0.006723,0.0164,0.022652,0.029877,0.046905,0.11442,0.188784,0.225008,0.242601,-0.005467,-0.010839,-0.016148,-0.02372,-0.028527,0.016446,0.035388,0.068255,0.075963,0.079886,-0.008054,-0.004969,-0.0002,0.003951,-0.000917,0.000266,0.000589,0.003666,0.004997,0.009121,-0.003663,-0.01223,-0.016774,-0.015292,-0.016949,-0.522857,-0.070764,-0.15117,-0.866109,0,0,1,0,0,0,0,0,0,0,0
313,-0.003756,-0.017497,-0.021566,-0.021723,-0.025917,0.001315,0.007637,0.013021,0.01828,0.032772,0.025666,0.069143,0.102885,0.113152,0.122949,0.000595,-0.005227,-0.018937,-0.034055,-0.050144,-0.000376,-0.002441,-0.004226,-0.005478,-0.00698,0.001502,0.011926,0.019406,0.024884,0.031551,0.037623,0.099755,0.163671,0.186082,0.201325,-0.00529,-0.00745,-0.015056,-0.02094,-0.024571,0.013324,0.028871,0.054722,0.063224,0.064866,0.00099,0.007919,0.010549,0.010468,0.003665,-2.4e-05,0.001241,0.003983,0.006678,0.009675,-0.002593,-0.011027,-0.012448,-0.011439,-0.015481,-0.526058,-0.074015,-0.149818,-0.862901,0,0,1,0,0,0,0,0,0,0,0
314,-0.008205,-0.016753,-0.018282,-0.018812,-0.027579,0.004274,0.01067,0.012479,0.024802,0.043677,0.02318,0.058839,0.085357,0.0935,0.107383,-0.000655,-0.012853,-0.02396,-0.044956,-0.06146,-0.000874,-0.003213,-0.005179,-0.005241,-0.008236,0.004524,0.014133,0.020341,0.027516,0.032134,0.029544,0.103389,0.13936,0.156831,0.169217,-6.2e-05,-0.005335,-0.012853,-0.017627,-0.020528,0.00553,0.038167,0.045822,0.049718,0.044695,0.002076,0.006813,0.010935,0.0061,-0.00597,0.00033,0.00326,0.004527,0.008454,0.011202,-0.005622,-0.00995,-0.008538,-0.010116,-0.017672,-0.525455,-0.080361,-0.150816,-0.858621,0,0,1,0,0,0,0,0,0,0,0
315,-0.005467,-0.009505,-0.00966,-0.013823,-0.02252,0.002019,0.007362,0.01258,0.026962,0.046128,0.020066,0.053552,0.06374,0.073463,0.089211,-0.005125,-0.018731,-0.033734,-0.0497,-0.070512,-0.00118,-0.002951,-0.004193,-0.005684,-0.0082,0.00584,0.013264,0.0187,0.025316,0.029168,0.032243,0.095672,0.117913,0.13304,0.136271,-0.002081,-0.009629,-0.015469,-0.019072,-0.020688,0.009923,0.035577,0.044014,0.045644,0.028795,0.004809,0.007419,0.007338,0.000587,-0.012302,0.000879,0.003478,0.006033,0.008874,0.011906,-0.002541,-0.003887,-0.002931,-0.006762,-0.014347,-0.515907,-0.086286,-0.153677,-0.856635,0,0,1,0,0,0,0,0,0,0,0
316,-0.003034,-0.004551,-0.005078,-0.013778,-0.019908,0.004335,0.00613,0.01836,0.037092,0.051148,0.015388,0.041705,0.049786,0.063564,0.075329,-0.006997,-0.01802,-0.038857,-0.055235,-0.072759,-0.001146,-0.003096,-0.003158,-0.00613,-0.008948,0.003715,0.009877,0.016998,0.02158,0.024893,0.041148,0.076846,0.094184,0.106476,0.101522,-0.003158,-0.01062,-0.015357,-0.018236,-0.017865,0.022499,0.030096,0.033962,0.028978,0.008672,-9.2e-05,0.003998,-0.0008,-0.012778,-0.022049,0.001919,0.003121,0.006844,0.009449,0.011729,-0.001619,-0.000281,-0.001777,-0.008941,-0.013224,-0.504546,-0.093636,-0.157354,-0.855039,1,0,0,0,0,0,0,0,0,0,0
317,-0.000989,-0.001144,-0.005285,-0.013939,-0.019811,0.000989,0.006181,0.020491,0.039561,0.049543,0.017957,0.028094,0.037768,0.053438,0.064286,-0.006552,-0.02148,-0.037366,-0.058074,-0.067006,-0.000618,-0.001854,-0.003338,-0.005841,-0.012085,0.003678,0.009087,0.01567,0.019502,0.024107,0.022036,0.044166,0.059217,0.062432,0.059094,-0.004358,-0.010168,-0.013753,-0.015361,-0.014279,0.003066,0.01146,0.013082,-0.003682,-0.019668,0.00269,0.002609,-0.004108,-0.016933,-0.022173,0.000613,0.00308,0.005823,0.00875,0.009767,0.000299,0.001223,-0.002476,-0.009799,-0.010643,-0.495742,-0.101312,-0.160625,-0.856918,1,0,0,0,0,0,0,0,0,0,0
318,-0.000525,-0.00105,-0.009728,-0.015843,-0.021495,0.000803,0.013002,0.031686,0.045707,0.050061,0.008308,0.016368,0.030111,0.041847,0.055651,-0.004447,-0.025231,-0.041569,-0.059048,-0.060284,-0.001328,-0.00139,-0.004355,-0.007165,-0.013341,0.002471,0.009574,0.014144,0.017449,0.021587,0.013589,0.030883,0.043144,0.038202,0.03601,-0.003088,-0.007813,-0.010686,-0.010315,-0.009141,0.004513,0.00837,0.003398,-0.016856,-0.033008,0.001393,-0.003393,-0.015341,-0.024588,-0.024954,0.00057,0.004228,0.006787,0.009028,0.008935,0.001017,-0.000453,-0.007491,-0.011699,-0.011428,-0.488907,-0.106398,-0.16804,-0.857573,1,0,0,0,0,0,0,0,0,0,0
319,0.00037,-0.003766,-0.012409,-0.018273,-0.022687,0.004383,0.018675,0.03772,0.04769,0.048493,0.001821,0.011483,0.027132,0.037967,0.056456,-0.010464,-0.02633,-0.047011,-0.055932,-0.058463,9.3e-05,-0.001389,-0.003889,-0.010124,-0.015279,0.002932,0.009507,0.013335,0.017934,0.020866,0.008519,0.023552,0.026762,0.023428,0.022348,-0.002716,-0.006297,-0.007902,-0.006822,-0.002685,0.003873,0.005492,-0.01125,-0.027216,-0.047715,-0.001472,-0.008181,-0.020989,-0.026223,-0.024414,0.001877,0.004595,0.007496,0.008504,0.008727,-9.8e-05,-0.003764,-0.011022,-0.011858,-0.01101,-0.482655,-0.11322,-0.171459,-0.860767,1,0,0,0,0,0,0,0,0,0,0
320,-0.000894,-0.009556,-0.015659,-0.0213,-0.02315,0.007799,0.026448,0.040442,0.044789,0.047902,0.006227,0.019944,0.031657,0.045436,0.062297,-0.010296,-0.026602,-0.044049,-0.045282,-0.046361,-0.000154,-0.003113,-0.005918,-0.012083,-0.01831,0.004161,0.008723,0.012022,0.016152,0.027742,0.008754,0.020992,0.01606,0.013871,0.012762,-0.002004,-0.00487,-0.0045,-0.003329,0.011713,-1.8e-05,-0.00498,-0.025197,-0.041318,-0.061957,-0.003306,-0.015232,-0.024462,-0.024827,-0.018027,0.001751,0.004277,0.006488,0.006396,0.007455,-0.001353,-0.0083,-0.012452,-0.012185,-0.007926,-0.478643,-0.128322,-0.172533,-0.873754,1,0,0,0,0,0,0,0,0,0,0
321,-0.003235,-0.011861,-0.017714,-0.022119,-0.02292,0.006469,0.025477,0.035428,0.036229,0.041589,0.00342,0.019039,0.029852,0.048305,0.057486,-0.005545,-0.026186,-0.035089,-0.037615,-0.035459,-0.001325,-0.00382,-0.010043,-0.015188,-0.01907,0.002403,0.006223,0.010813,0.01374,0.033672,0.006254,0.009458,0.006131,0.005052,-0.000739,-0.001571,-0.003173,-0.002095,0.002033,0.024091,0.001634,-0.015076,-0.03101,-0.051469,-0.069463,-0.003391,-0.016174,-0.021398,-0.019593,-0.006546,0.000937,0.003799,0.004793,0.005013,0.006273,-0.002268,-0.009427,-0.010253,-0.009416,-0.004678,-0.472321,-0.142562,-0.172665,-0.885385,1,0,0,0,0,0,0,0,0,0,0
322,-0.005426,-0.011529,-0.01717,-0.01902,-0.019421,0.012177,0.026172,0.030518,0.033632,0.038811,0.010296,0.02201,0.03579,0.052652,0.057276,-0.010759,-0.028206,-0.02944,-0.030518,-0.029809,-0.001634,-0.004439,-0.010604,-0.016831,-0.018743,0.002158,0.005456,0.009587,0.021178,0.037269,0.00598,0.001048,-0.001141,-0.00225,-0.009988,-0.001295,-0.000925,0.000247,0.01529,0.033077,-0.006598,-0.026815,-0.042938,-0.063578,-0.078122,-0.008534,-0.017764,-0.018129,-0.011329,-0.001293,0.001585,0.003797,0.003705,0.004764,0.005743,-0.004671,-0.008825,-0.008557,-0.004297,-0.001045,-0.467184,-0.15096,-0.171775,-0.89173,1,0,0,0,0,0,0,0,0,0,0
323,-0.0032,-0.009045,-0.013445,-0.014245,-0.013845,0.00683,0.016768,0.017567,0.022921,0.02972,0.005323,0.016121,0.03455,0.043719,0.047041,-0.009876,-0.018767,-0.02129,-0.019137,-0.018429,-0.000861,-0.007076,-0.012214,-0.016091,-0.017783,0.001661,0.006246,0.009168,0.029074,0.038827,-0.002769,-0.006092,-0.007169,-0.012953,-0.019721,-0.000308,0.000769,0.004892,0.02692,0.044488,-0.010103,-0.026016,-0.046448,-0.064418,-0.076148,-0.00425,-0.009467,-0.007664,0.005366,0.007617,0.001272,0.002257,0.002475,0.003723,0.004582,-0.002486,-0.003304,-0.002475,0.00222,0.004299,-0.462103,-0.162682,-0.171808,-0.895911,1,0,0,0,0,0,0,0,0,0,0
324,-0.002883,-0.008497,-0.010337,-0.010736,-0.010153,0.007116,0.011441,0.01454,0.019693,0.026288,0.00635,0.020061,0.03684,0.041441,0.040183,-0.007515,-0.008742,-0.009816,-0.00911,-0.008374,-0.001932,-0.008067,-0.014263,-0.016165,-0.017116,0.001626,0.005736,0.01727,0.033281,0.041533,-0.002147,-0.004325,-0.005429,-0.013129,-0.023312,0.000675,0.00184,0.016809,0.034508,0.050367,-0.010045,-0.026088,-0.046625,-0.061098,-0.071166,-0.004947,-0.005311,0.001456,0.011442,0.01261,0.000891,0.000802,0.001825,0.002771,0.003484,-0.001578,-0.001319,0.002796,0.005936,0.007344,-0.454825,-0.169553,-0.171719,-0.900104,1,0,0,0,0,0,0,0,0,0,0
325,-0.002934,-0.007304,-0.008098,-0.007701,-0.006448,0.002781,0.003576,0.008893,0.015647,0.018733,0.004401,0.022706,0.031813,0.035113,0.030774,-0.001345,-0.003851,-0.001711,-0.001008,-0.001467,-0.004248,-0.009351,-0.013202,-0.014883,-0.015861,0.002934,0.005837,0.025609,0.035297,0.038811,-0.001161,-0.002231,-0.007976,-0.014699,-0.026343,0.000397,0.004492,0.026373,0.043823,0.052349,-0.005799,-0.026094,-0.043944,-0.055595,-0.063358,-0.000253,0.001538,0.01448,0.016716,0.016516,7.2e-05,0.00028,0.001471,0.00229,0.002667,0.000757,0.001548,0.006027,0.00801,0.009628,-0.448902,-0.173604,-0.1708,-0.899085,1,0,0,0,0,0,0,0,0,0,0
326,-0.002652,-0.00448,-0.004877,-0.004298,-0.001859,0.001524,0.004602,0.009723,0.016276,0.015575,0.009235,0.025907,0.030479,0.029229,0.025115,0.000122,-0.000945,-0.000244,0.000488,-0.003139,-0.001859,-0.008016,-0.009906,-0.010851,-0.011613,0.001158,0.012618,0.028528,0.036727,0.035173,-0.001006,-0.002103,-0.009753,-0.019872,-0.029565,0.000762,0.015636,0.033222,0.04898,0.053521,-0.010157,-0.030564,-0.044945,-0.054949,-0.060786,-0.000109,0.006615,0.016538,0.017698,0.016009,-0.000155,0.000823,0.001727,0.002409,0.002727,-0.000496,0.003439,0.006443,0.007788,0.00978,-0.444358,-0.175463,-0.170189,-0.898561,1,0,0,0,0,0,0,0,0,0,0
327,-0.001704,-0.002495,-0.002099,-0.000852,0.002586,-0.00073,0.004564,0.011288,0.014361,0.013844,0.009006,0.018073,0.021359,0.017038,0.015213,-0.002617,-0.000487,0.000213,-0.000243,-0.003438,-0.003225,-0.007059,-0.008732,-0.009706,-0.009584,0.001734,0.02142,0.031064,0.034563,0.033559,-6.1e-05,-0.005781,-0.012474,-0.024067,-0.029969,0.003316,0.025101,0.042474,0.050963,0.053488,-0.010067,-0.027838,-0.039437,-0.047167,-0.051375,0.001891,0.014777,0.017003,0.016804,0.015447,0.000355,0.001509,0.002304,0.002669,0.002883,0.001256,0.005599,0.007522,0.009091,0.011194,-0.442214,-0.176093,-0.170181,-0.89799,1,0,0,0,0,0,0,0,0,0,0
328,-0.000122,-0.000518,6.1e-05,0.002496,0.005023,0.003805,0.00892,0.015465,0.014765,0.014369,0.007641,0.012208,0.01096,0.00685,0.004871,0.001553,0.002253,0.002983,-0.000639,-0.000365,-0.002923,-0.00481,-0.005754,-0.006515,-0.005206,0.009712,0.025603,0.033793,0.03224,0.031357,-0.001035,-0.008676,-0.018784,-0.028465,-0.029835,0.011538,0.029104,0.044844,0.04938,0.050658,-0.010311,-0.024675,-0.034667,-0.040498,-0.039902,0.004823,0.014734,0.015893,0.014206,0.013412,0.000614,0.001511,0.002187,0.002502,0.00254,0.002641,0.005621,0.006956,0.008931,0.009649,-0.441607,-0.176271,-0.170878,-0.897595,1,0,0,0,0,0,0,0,0,0,0
329,-0.000672,-0.000275,0.000978,0.00443,0.00553,0.001497,0.008249,0.011335,0.010816,0.010388,0.001436,0.004736,0.000397,-0.001436,-0.003697,0.000581,0.001283,0.000825,-0.002383,0.000489,-0.000917,-0.002597,-0.003575,-0.003452,-0.000642,0.010021,0.019707,0.02322,0.022212,0.020837,-0.004705,-0.011427,-0.023067,-0.028995,-0.028903,0.010296,0.027742,0.036266,0.038802,0.042805,-0.007498,-0.019146,-0.026908,-0.031133,-0.028791,0.008099,0.010335,0.010135,0.008772,0.008315,0.000559,0.001377,0.001753,0.001974,0.002019,0.001763,0.003743,0.005359,0.007524,0.0062,-0.44065,-0.179494,-0.172186,-0.896219,1,0,0,0,0,0,0,0,0,0,0
330,0.000275,0.000857,0.003304,0.005843,0.008627,0.003641,0.010218,0.009514,0.009117,0.008688,0.003151,0.001897,-0.002233,-0.004222,-0.003396,0.000122,0.000857,-0.002784,-0.002509,0.01239,-0.000979,-0.001927,-0.002692,-0.001377,0.002203,0.005935,0.014164,0.012604,0.011717,0.009055,-0.002967,-0.013124,-0.022853,-0.024229,-0.022119,0.007342,0.023159,0.027717,0.029002,0.037537,-0.006927,-0.016968,-0.022827,-0.022229,-0.020789,0.00185,0.003015,0.00132,0.000522,-0.001418,0.000364,0.001064,0.00139,0.001428,0.001176,0.001304,0.002685,0.004729,0.005472,0.004514,-0.441172,-0.183981,-0.172919,-0.893224,1,0,0,0,0,0,0,0,0,0,0
331,0.000122,0.001375,0.004829,0.00593,0.010942,0.003118,0.006205,0.005685,0.005257,-0.002812,0.000153,-0.004187,-0.006021,-0.008283,0.002445,0.000581,0.000122,-0.003087,-0.000214,0.043005,-0.000703,-0.001681,-0.001559,0.001253,0.006235,0.003759,0.007274,0.006266,0.00489,-0.000978,-0.003759,-0.015405,-0.021334,-0.021243,-0.012715,0.010117,0.018645,0.021181,0.025185,0.045114,-0.004732,-0.012497,-0.016724,-0.014381,-0.015298,0.000388,0.000188,-0.001176,-0.001633,0.000479,0.000459,0.000836,0.001057,0.001102,0.000183,0.00069,0.00231,0.004481,0.003154,0.003585,-0.445906,-0.198275,-0.175677,-0.890049,1,0,0,0,0,0,0,0,0,0,0
332,0.000458,0.0029,0.005433,0.00821,0.01578,0.003449,0.002747,0.00235,0.001923,-0.005311,-0.001404,-0.005524,-0.007508,-0.006684,0.003205,0.000153,-0.00348,-0.003205,0.011659,0.076305,-0.000244,-0.001007,0.000305,0.003876,0.011659,0.004456,0.0029,0.002014,-0.000641,-0.004945,-0.006379,-0.016085,-0.017459,-0.015353,-0.007325,0.005677,0.010225,0.011507,0.020022,0.068705,-0.005293,-0.011138,-0.010541,-0.009104,-0.009833,0.000775,-0.000916,-0.001713,-0.003648,-0.000768,0.000235,0.000555,0.000593,0.000345,-0.000277,0.000676,0.002687,0.003418,0.002475,0.002877,-0.44433,-0.230421,-0.179762,-0.887085,1,0,0,0,0,0,0,0,0,0,0
333,0.000793,0.00424,0.005338,0.01034,0.022723,-0.000366,-0.000885,-0.001312,-0.009364,-0.006039,-0.002928,-0.004758,-0.007015,0.003691,-0.008632,-0.00061,-0.003813,-0.000946,0.042182,0.087049,-0.000732,-0.00061,0.002196,0.007168,0.019856,-0.000946,-0.001952,-0.003325,-0.009181,-0.007747,-0.005246,-0.011163,-0.011072,-0.002562,-0.012414,0.002837,0.005368,0.009364,0.02925,0.108155,-0.00246,-0.006678,-0.00434,-0.005254,-0.003895,-0.000974,-0.002334,-0.00279,-0.000683,-0.002423,0.000138,0.000356,0.000401,-0.000505,0.000824,0.000924,0.003063,0.001755,0.00218,0.001625,-0.431214,-0.272768,-0.18386,-0.884155,1,0,0,0,0,0,0,0,0,0,0
334,0.001646,0.004176,0.00695,0.01451,0.028716,-0.000335,-0.000732,-0.001158,-0.008383,-0.006706,-0.001189,-0.00317,-0.002347,0.007529,-0.02649,-0.003018,-0.002744,0.012102,0.076666,0.117332,-3e-05,0.00128,0.004847,0.01262,0.027435,-0.00061,-0.001494,-0.004146,-0.008444,-0.00631,-0.004451,-0.005822,-0.003719,0.004298,-0.029508,0.001707,0.002987,0.011492,0.060114,0.162722,-0.00338,-0.002784,-0.001349,-0.002077,-0.000333,-0.000716,-0.001512,-0.003444,-0.000568,3.6e-05,0.00018,0.000218,-2.9e-05,-0.000645,0.001779,0.001073,0.001797,0.000863,0.001261,0.000941,-0.407997,-0.32738,-0.181991,-0.885043,1,0,0,0,0,0,0,0,0,0,0
335,0.001799,0.002896,0.007895,0.020272,0.037251,-0.000183,-0.00061,-0.008657,-0.005335,-0.023686,-0.00064,-0.002896,0.007804,-0.004512,-0.048652,-0.000183,0.002683,0.045786,0.090627,0.164611,0.000152,0.002957,0.007926,0.020607,0.029904,-0.000396,-0.001768,-0.007621,-0.006188,-0.003323,-0.001463,-0.001372,0.007133,-0.002713,-0.032526,0.000823,0.004816,0.024692,0.103552,0.234509,-0.000837,0.001501,0.000587,0.001945,0.024528,-0.000644,-0.0011,0.001007,-0.000732,0.017826,3.7e-05,8.1e-05,-0.000821,0.000503,0.00286,0.001057,-0.000245,0.000178,-0.000375,0.009521,-0.403586,-0.392918,-0.165829,-0.892338,1,0,0,0,0,0,0,0,0,0,0
336,0.000731,0.003505,0.011063,0.025265,0.038614,-0.000213,-0.00064,-0.007863,-0.006187,-0.031086,-0.001341,-0.000518,0.009356,-0.024655,-0.06589,0.000457,0.015299,0.079848,0.120504,0.241161,0.001158,0.004724,0.012495,0.027307,0.029623,-0.000488,-0.003139,-0.007436,-0.005303,0.005791,9.1e-05,0.002194,0.01021,-0.023589,-0.041082,0.000457,0.00896,0.05757,0.160154,0.357124,0.001432,0.002867,0.002139,0.003882,0.048114,-0.000151,-0.002084,0.000792,0.001396,0.033553,1e-06,-0.000245,-0.000861,0.001559,0.005982,-0.000333,-0.001265,-0.000868,-0.001187,0.014916,-0.396848,-0.500597,-0.15758,-0.905001,1,0,0,0,0,0,0,0,0,0,0
337,0.000366,0.005363,0.017734,0.034706,0.047503,-0.000213,-0.008257,-0.004936,-0.023279,-0.030348,-0.000914,0.009781,-0.002529,-0.04665,-0.068284,0.002407,0.045492,0.090314,0.164266,0.315764,0.001645,0.006612,0.019288,0.028581,0.028825,-0.000884,-0.006734,-0.005302,-0.002438,0.012645,0.0,0.008501,-0.001341,-0.031141,-0.038393,0.003535,0.023401,0.102228,0.233129,0.485697,0.000904,-9e-06,0.001349,0.023922,0.077498,-0.000304,0.001801,6.3e-05,0.018613,0.037421,4.3e-05,-0.000856,0.000464,0.002814,0.011343,-0.000966,-0.000545,-0.001096,0.00877,0.025753,-0.404672,-0.608952,-0.148648,-0.919566,1,0,0,0,0,0,0,0,0,0,0
338,0.002405,0.009957,0.024146,0.037482,0.047713,-0.000213,-0.007429,-0.005755,-0.030631,-0.020705,0.001736,0.011601,-0.02238,-0.063576,-0.083155,0.012423,0.076913,0.117531,0.238076,0.384107,0.001918,0.009683,0.024481,0.026795,0.02917,-0.001766,-0.006059,-0.003928,0.007155,0.013154,0.002101,0.010109,-0.023658,-0.041136,-0.056634,0.004963,0.053528,0.156018,0.352806,0.586467,0.00053,-0.000197,0.001544,0.045735,0.093551,-0.001627,0.001247,0.00185,0.033978,0.028428,-0.000288,-0.000899,0.001506,0.0059,0.016331,3.5e-05,0.00043,0.000113,0.016113,0.023229,-0.390223,-0.698543,-0.142576,-0.924007,1,0,0,0,0,0,0,0,0,0,0
339,0.002583,0.014922,0.031849,0.044613,0.050235,-0.00781,-0.004498,-0.022793,-0.029843,-0.009117,0.008935,-0.003343,-0.047348,-0.068925,-0.114388,0.030572,0.075276,0.149033,0.300132,0.411208,0.003039,0.015681,0.02495,0.025193,0.020787,-0.004072,-0.002644,0.000213,0.015256,0.012095,0.006382,-0.003434,-0.033156,-0.040388,-0.087797,0.014861,0.09348,0.224035,0.475939,0.691191,-0.00144,-8.5e-05,0.022428,0.075863,0.139788,0.003723,0.00199,0.020491,0.039249,0.013846,-0.000599,0.000697,0.003004,0.011377,0.030953,0.000379,-0.000162,0.009524,0.026196,0.029953,-0.366174,-0.802282,-0.129797,-0.929966,1,0,0,0,0,0,0,0,0,0,0
340,0.004951,0.019105,0.032408,0.042613,0.051999,0.000607,0.002278,-0.022537,-0.012635,-0.000456,0.000911,-0.032985,-0.07408,-0.093609,-0.142723,0.033775,0.074292,0.194539,0.340208,0.410339,0.004708,0.019469,0.021777,0.024147,0.009294,-0.000213,0.001913,0.012969,0.018953,0.007198,0.00161,-0.032074,-0.049508,-0.064968,-0.143087,0.033593,0.135828,0.332128,0.565211,0.755163,0.000714,0.002451,0.046532,0.094229,0.159445,-0.000855,-0.000254,0.031795,0.026258,-0.00185,-4e-06,0.002359,0.006678,0.016929,0.054599,1e-05,-0.000302,0.015423,0.022417,0.037263,-0.318037,-0.876518,-0.115343,-0.926495,1,0,0,0,0,0,0,0,0,0,0
341,0.007363,0.024239,0.036964,0.04257,0.05678,0.002697,-0.015543,-0.022573,-0.001909,0.001,-0.01315,-0.057022,-0.078534,-0.123861,-0.164643,0.010877,0.084412,0.235057,0.345799,0.387611,0.007908,0.017149,0.017391,0.012998,0.006029,0.001636,0.004484,0.019482,0.016331,0.007817,-0.011392,-0.041024,-0.048236,-0.095501,-0.201304,0.044872,0.175035,0.426181,0.640787,0.774586,0.000638,0.023085,0.076359,0.140091,0.175061,-0.000875,0.017571,0.036272,0.010945,-0.003943,0.001273,0.003532,0.01173,0.030899,0.081425,-0.00054,0.008944,0.025268,0.028947,0.041843,-0.259642,-0.92856,-0.105091,-0.927056,1,0,0,0,0,0,0,0,0,0,0
342,0.006739,0.019976,0.03013,0.039468,0.060622,-0.001027,-0.025717,-0.015866,-0.003747,-0.003778,-0.02061,-0.061498,-0.08093,-0.129796,-0.169627,0.029465,0.149107,0.294044,0.363822,0.387908,0.0068,0.009096,0.011453,-0.003324,0.009399,0.000484,0.011484,0.017437,0.005742,0.004805,-0.022151,-0.039498,-0.05488,-0.132607,-0.235477,0.056965,0.252279,0.48419,0.673187,0.753362,0.001092,0.044952,0.092409,0.157297,0.17343,0.001472,0.033359,0.02785,-0.000117,-0.002352,0.001032,0.0052,0.015096,0.051461,0.096078,0.000229,0.015409,0.02216,0.036492,0.041728,-0.212562,-0.953529,-0.108968,-0.928706,1,0,0,0,0,0,0,0,0,0,0
343,0.010062,0.022715,0.028288,0.042417,0.060824,-0.017112,-0.024101,-0.003555,-0.000663,-0.003374,-0.023077,-0.044466,-0.089535,-0.130084,-0.15771,0.043743,0.19353,0.30364,0.345214,0.362718,0.00241,0.002651,-0.001717,-0.008646,0.008044,0.00235,0.017262,0.014129,0.005664,0.004398,-0.007381,-0.014551,-0.061548,-0.166748,-0.25333,0.072634,0.322349,0.535732,0.668768,0.727122,0.02123,0.0742,0.13757,0.172341,0.185437,0.016874,0.035468,0.010286,-0.004517,-0.003341,0.001161,0.009038,0.027455,0.076,0.116823,0.008887,0.024572,0.028107,0.040497,0.041692,-0.172771,-0.989531,-0.108125,-0.938722,1,0,0,0,0,0,0,0,0,0,0
344,0.003143,0.013298,0.022636,0.043792,0.060021,-0.007525,0.002327,0.014446,0.014416,0.013479,-0.01774,-0.037173,-0.086042,-0.125875,-0.146849,0.075767,0.220712,0.290495,0.314582,0.328182,-0.000121,0.002236,-0.012542,0.000181,0.013237,0.008644,0.014597,0.002901,0.001964,0.008916,-0.009943,-0.025326,-0.103057,-0.205934,-0.286596,0.12246,0.354385,0.543394,0.623573,0.717896,0.022565,0.070025,0.134917,0.151051,0.207597,0.014962,0.009453,-0.018516,-0.020751,-0.013404,0.002983,0.012884,0.049263,0.093899,0.15415,0.006098,0.012853,0.02719,0.032428,0.035217,-0.130943,-1.038924,-0.107262,-0.941798,1,0,0,0,0,0,0,0,0,0,0
345,0.009589,0.015203,0.029434,0.047975,0.06518,0.000516,0.021211,0.024124,0.021393,0.01851,-0.003732,-0.049128,-0.089972,-0.117798,-0.145078,0.0748,0.18571,0.227585,0.245216,0.247097,0.000364,-0.004036,-0.011015,0.005796,0.021484,0.006342,0.003186,-0.005341,-0.006615,0.005341,0.002761,-0.044576,-0.15054,-0.237751,-0.329574,0.128571,0.343502,0.477505,0.536282,0.589355,0.030698,0.094528,0.129551,0.142742,0.176204,0.003707,-0.021658,-0.036569,-0.035383,-0.020907,0.005217,0.02459,0.075657,0.118599,0.192283,0.010226,0.013944,0.026978,0.028235,0.03074,-0.077522,-1.020124,-0.107435,-0.944429,1,0,0,0,0,0,0,0,0,0,0
346,0.000612,0.010073,0.031505,0.047947,0.06298,0.009461,0.021738,0.021708,0.020759,0.011482,-0.015921,-0.06543,-0.105784,-0.127032,-0.160221,0.071369,0.142065,0.166467,0.180245,0.169009,0.002021,-0.012951,-6.1e-05,0.013166,0.027464,-0.000367,-0.012216,-0.013166,-0.006124,-0.001286,-0.018371,-0.097119,-0.201341,-0.283059,-0.370074,0.105232,0.296714,0.377943,0.4735,0.45072,0.017107,0.082848,0.099193,0.156478,0.134951,-0.009321,-0.037656,-0.039921,-0.032477,-0.018595,0.005289,0.045134,0.094021,0.160011,0.214431,-0.003489,0.012214,0.017951,0.021006,0.023188,-0.041651,-1.003055,-0.109338,-0.945222,1,0,0,0,0,0,0,0,0,0,0
347,0.005077,0.019507,0.038305,0.055751,0.068334,0.011476,0.01443,0.011661,0.008738,-9.2e-05,-0.030029,-0.071442,-0.099656,-0.127316,-0.157498,0.040736,0.083195,0.101071,0.102978,0.102609,-0.006492,-0.013568,0.003477,0.019383,0.03129,-0.002831,-0.011476,-0.012768,-0.000646,-0.001169,-0.029537,-0.136976,-0.225402,-0.318504,-0.381054,0.112178,0.248047,0.307643,0.361455,0.365055,0.047528,0.083039,0.096414,0.130342,0.129943,-0.016351,-0.03147,-0.030268,-0.01559,-0.007451,0.01587,0.072129,0.119437,0.200614,0.23319,0.007706,0.022065,0.02345,0.02621,0.027777,-0.012816,-1.01943,-0.109727,-0.947741,1,0,0,0,0,0,0,0,0,0,0
348,0.004476,0.026233,0.042924,0.058185,0.066515,0.00087,0.000839,-0.000124,-0.009542,-0.019146,-0.019923,-0.060889,-0.08246,-0.116152,-0.140396,0.030616,0.055388,0.069374,0.057967,0.050104,-0.008641,0.004445,0.017872,0.032387,0.044012,-0.009169,-0.010133,-0.002984,0.001927,-0.004072,-0.050104,-0.155906,-0.238863,-0.327198,-0.393091,0.081061,0.163521,0.260527,0.237402,0.245328,0.018724,0.035317,0.093471,0.071618,0.08364,-0.012246,-0.014545,-0.006989,0.007104,0.011126,0.027231,0.081549,0.154869,0.215334,0.263638,0.009173,0.015548,0.018941,0.021366,0.018611,0.027205,-1.009344,-0.107968,-0.943559,1,0,0,0,0,0,0,0,0,0,0
349,0.010164,0.029274,0.047007,0.059798,0.067742,0.002127,-0.000688,-0.003659,-0.012635,-0.020767,-0.022049,-0.050728,-0.078845,-0.109526,-0.127415,0.012354,0.030525,0.032464,0.032088,0.021455,0.001501,0.018828,0.034997,0.0471,0.057265,0.000438,-0.000876,0.011447,0.010915,0.002877,-0.058797,-0.148682,-0.243321,-0.306903,-0.367546,0.056545,0.117125,0.171826,0.175485,0.167166,0.017256,0.030852,0.065339,0.064934,0.064923,-0.003046,-0.001824,0.013096,0.02137,0.021763,0.034649,0.0877,0.178732,0.215263,0.266184,0.006522,0.008075,0.01117,0.012927,0.010677,0.051881,-1.01021,-0.104998,-0.944194,1,0,0,0,0,0,0,0,0,0,0
350,0.011746,0.028567,0.043947,0.052342,0.065153,-0.002161,-0.003132,-0.012623,-0.022302,-0.023994,-0.019201,-0.04094,-0.074895,-0.099327,-0.107722,0.012592,0.026688,0.015192,0.007267,0.004041,0.011684,0.025216,0.039844,0.051559,0.061614,-0.00141,0.005795,0.010744,0.004699,0.000439,-0.047737,-0.13134,-0.220362,-0.286768,-0.32373,0.026469,0.12423,0.100925,0.108912,0.093407,-0.000561,0.058045,0.036022,0.048138,0.035477,0.000734,0.008349,0.022551,0.026604,0.023682,0.022321,0.099731,0.163569,0.214567,0.247926,0.000137,0.00372,0.00628,0.003371,0.005816,0.070831,-0.991311,-0.103075,-0.943943,1,0,0,0,0,0,0,0,0,0,0
351,0.007415,0.025231,0.038082,0.046063,0.061585,-0.00066,-0.003645,-0.012663,-0.020832,-0.024854,-0.009552,-0.037799,-0.068623,-0.086596,-0.093383,0.005624,0.007572,0.007195,-0.003488,-0.011814,0.005687,0.021932,0.034092,0.044303,0.054264,9.4e-05,0.012474,0.01194,0.003865,-0.001697,-0.042418,-0.137498,-0.201376,-0.262301,-0.294476,0.034312,0.089267,0.092943,0.084585,0.064161,0.014222,0.04887,0.048463,0.048452,0.036806,0.000491,0.015481,0.023793,0.024189,0.021928,0.031996,0.126038,0.163777,0.216381,0.244539,0.001465,0.004662,0.006477,0.004153,0.009637,0.09287,-0.985783,-0.102093,-0.940616,1,0,0,0,0,0,0,0,0,0,0
352,0.009553,0.025135,0.03364,0.04662,0.062266,-0.000317,-0.009933,-0.01974,-0.021454,-0.025103,-0.012377,-0.046779,-0.071533,-0.080038,-0.084069,0.0086,-0.003047,-0.011076,-0.014345,-0.019708,0.007966,0.022787,0.034656,0.044843,0.052079,0.007204,0.012218,0.006093,0.001777,-0.002475,-0.04186,-0.132054,-0.199334,-0.236783,-0.26141,0.064393,0.040781,0.048874,0.033164,0.025008,0.045014,0.0227,0.034976,0.022149,0.020162,0.007219,0.021609,0.025715,0.022754,0.0211,0.050521,0.120479,0.176367,0.212924,0.236477,0.002356,0.005161,0.001974,0.004653,0.013645,0.10436,-0.978612,-0.098971,-0.940951,1,0,0,0,0,0,0,0,0,0,0
353,0.008399,0.021313,0.029334,0.044932,0.059804,-0.002684,-0.011746,-0.019956,-0.023997,-0.026018,-0.016072,-0.047047,-0.065108,-0.071929,-0.066908,-0.006599,-0.006978,-0.017714,-0.026081,-0.029649,0.008399,0.020619,0.030881,0.04089,0.04831,0.005273,0.004736,-0.003379,-0.008967,-0.010325,-0.053899,-0.118092,-0.179317,-0.21165,-0.220964,-0.008841,-0.005147,-0.013546,-0.03407,-0.040006,-0.009967,-0.010376,-0.010387,-0.02209,-0.023588,0.007881,0.016234,0.016632,0.01436,0.014136,0.048571,0.087628,0.14207,0.171212,0.186939,0.001035,0.002914,0.000508,0.006184,0.014036,0.110877,-0.976396,-0.096408,-0.942012,1,0,0,0,0,0,0,0,0,0,0
354,0.007085,0.015523,0.028402,0.043925,0.058535,-0.006864,-0.016594,-0.018294,-0.021915,-0.02689,-0.018105,-0.042665,-0.051104,-0.055103,-0.045594,-0.004975,-0.012941,-0.016184,-0.021506,-0.023773,0.006329,0.018105,0.028213,0.035392,0.044932,-0.000283,-0.00636,-0.010643,-0.014862,-0.017192,-0.035738,-0.102491,-0.139646,-0.16408,-0.164269,-0.01461,-0.006581,-0.022167,-0.030259,-0.035864,-0.012199,-2e-05,-0.012746,-0.014717,-0.01735,0.006418,0.010492,0.007555,0.005913,0.007979,0.018578,0.07147,0.106067,0.128357,0.138929,0.00164,-0.001376,0.001159,0.009669,0.015195,0.113272,-0.969432,-0.095367,-0.940664,1,0,0,0,0,0,0,0,0,0,0
355,0.005793,0.013789,0.029341,0.04417,0.058935,-0.002172,-0.010358,-0.014387,-0.016402,-0.021376,-0.012782,-0.03079,-0.03759,-0.032584,-0.025689,0.004596,-0.006108,-0.01445,-0.018008,-0.01955,0.005856,0.016087,0.026067,0.033466,0.043981,-0.000252,-0.008343,-0.013915,-0.015269,-0.018008,-0.028271,-0.089315,-0.121553,-0.13084,-0.124701,0.018291,0.009917,-0.010547,-0.016465,-0.024021,0.011789,0.011778,0.00011,-0.001384,-0.007321,0.001912,0.002308,4.3e-05,-0.00018,0.001594,0.019701,0.073029,0.101574,0.116979,0.118336,0.000202,-0.002154,0.003406,0.011097,0.015776,0.114442,-0.963898,-0.093508,-0.940379,1,0,0,0,0,0,0,0,0,0,0
356,0.002652,0.015563,0.031125,0.045772,0.061177,-0.007576,-0.009281,-0.012911,-0.017899,-0.019288,-0.011806,-0.020266,-0.024275,-0.014742,-0.00625,-0.012595,-0.015847,-0.021182,-0.023454,-0.024875,0.005935,0.016068,0.023265,0.03283,0.042521,-0.00584,-0.010133,-0.014363,-0.016699,-0.017804,-0.038575,-0.075824,-0.10032,-0.10051,-0.090156,-0.010291,-0.025917,-0.034029,-0.039648,-0.044983,0.000389,-0.01237,-0.014345,-0.016985,-0.021037,0.002167,-0.000777,-0.002423,-0.000352,-0.000636,0.033762,0.068979,0.091668,0.102429,0.100823,-0.003277,-0.000696,0.007966,0.013591,0.019701,0.112614,-0.959863,-0.089751,-0.941252,1,0,0,0,0,0,0,0,0,0,0
357,0.005372,0.020981,0.035863,0.050682,0.06588,-0.000632,-0.004676,-0.006699,-0.011691,-0.011691,-0.006256,-0.013081,-0.008057,-0.001138,0.016336,0.001864,-0.006509,-0.01008,-0.011628,-0.012829,0.004329,0.014345,0.021771,0.032324,0.040571,-0.002275,-0.007868,-0.009226,-0.011975,-0.011944,-0.022655,-0.055011,-0.064332,-0.058171,-0.045247,0.001896,-0.018642,-0.024583,-0.032166,-0.036021,-0.0004,-0.012112,-0.013611,-0.019569,-0.021834,-0.001772,-0.004045,-0.004269,-0.002489,-0.003106,0.020719,0.050002,0.065805,0.067198,0.071976,0.000881,0.006585,0.014475,0.019275,0.026704,0.110918,-0.95681,-0.087426,-0.941054,1,0,0,0,0,0,0,0,0,0,0
358,0.007575,0.023199,0.037905,0.053371,0.066967,-0.001078,-0.004722,-0.00973,-0.011124,-0.011061,-0.002219,-0.006243,0.003328,0.011853,0.035908,-0.005134,-0.01049,-0.012772,-0.014198,-0.014927,0.005831,0.013057,0.02266,0.03239,0.039648,-0.002028,-0.006275,-0.00862,-0.00973,-0.009223,-0.014674,-0.039267,-0.039458,-0.029062,-0.016322,-0.01759,-0.025735,-0.031376,-0.036732,-0.03857,-0.012408,-0.014392,-0.017042,-0.02111,-0.02118,-0.001179,-0.002831,-0.000752,-0.001038,-0.001143,0.015049,0.038378,0.049442,0.047791,0.059428,0.001753,0.01066,0.016444,0.022725,0.029651,0.109362,-0.955138,-0.085423,-0.941283,1,0,0,0,0,0,0,0,0,0,0
359,0.008085,0.023018,0.037888,0.053139,0.06468,-0.00298,-0.00501,-0.010019,-0.010019,-0.009956,-0.004629,0.000412,0.007356,0.024889,0.049366,-0.003266,-0.006848,-0.008402,-0.009607,-0.009385,0.004217,0.011668,0.022257,0.030533,0.037413,-0.003583,-0.004946,-0.007704,-0.007673,-0.006722,-0.017787,-0.02714,-0.020957,-0.00799,0.002536,-0.003012,-0.008973,-0.016582,-0.02045,-0.019943,0.000662,-0.000843,-0.006822,-0.009094,-0.007363,-0.001102,-0.001326,0.00046,-0.000159,0.000348,0.014903,0.031089,0.032515,0.03741,0.051679,0.004083,0.012165,0.017082,0.024691,0.02985,0.108611,-0.953604,-0.08381,-0.940028,1,0,0,0,0,0,0,0,0,0,0
360,0.007544,0.022251,0.037718,0.051316,0.058384,-0.000666,-0.005674,-0.007068,-0.007005,-0.008178,0.000602,0.010174,0.018701,0.042758,0.062537,-0.002092,-0.004374,-0.0058,-0.006529,-0.003328,0.003011,0.012615,0.022346,0.029604,0.035753,-0.000666,-0.003011,-0.004121,-0.003613,-0.003138,-0.006815,-0.007005,0.003391,0.016133,0.022473,-0.005135,-0.010777,-0.016133,-0.017972,-0.009794,-0.002645,-0.005296,-0.009364,-0.009434,-0.002914,-0.000551,0.001528,0.001243,0.001138,0.002709,0.008475,0.019547,0.017895,0.02954,0.042923,0.004838,0.010626,0.016913,0.023843,0.024978,0.110261,-0.95921,-0.083487,-0.940274,1,0,0,0,0,0,0,0,0,0,0
361,0.007386,0.022254,0.037502,0.049042,0.052909,-0.001363,-0.006372,-0.006372,-0.006309,-0.007894,0.004438,0.011381,0.028911,0.053385,0.069267,-0.00149,-0.003043,-0.004248,-0.004026,0.001997,0.004438,0.015026,0.0233,0.030179,0.034649,-0.000697,-0.003455,-0.003424,-0.002473,-0.002473,-0.002536,0.003646,0.016611,0.027136,0.032145,-0.000824,-0.008432,-0.0123,-0.011793,-0.000951,0.001142,-0.004836,-0.007108,-0.005378,0.000808,0.000327,0.002113,0.001493,0.002001,0.003627,0.007686,0.00911,0.014,0.028254,0.039322,0.00323,0.008142,0.015743,0.020897,0.02037,0.110316,-0.962297,-0.083341,-0.940842,1,0,0,0,0,0,0,0,0,0,0
362,0.007314,0.022764,0.036347,0.043407,0.048695,-0.003641,-0.005034,-0.004971,-0.006142,-0.01029,0.005129,0.013646,0.037677,0.057433,0.067913,-0.000792,-0.002216,-0.002944,0.000253,0.007029,0.005161,0.014881,0.022131,0.028273,0.032453,-0.001646,-0.002755,-0.002248,-0.001773,-0.003261,0.002343,0.012728,0.025456,0.031788,0.038405,-0.004812,-0.010163,-0.012,-0.003831,0.003388,-0.003788,-0.007852,-0.007922,-0.001409,-0.000448,0.001751,0.001466,0.001361,0.00293,0.005498,0.003368,0.001729,0.013284,0.026563,0.030704,0.002542,0.008779,0.015656,0.016782,0.018243,0.107817,-0.964079,-0.082861,-0.941036,1,0,0,0,0,0,0,0,0,0,0
363,0.007516,0.022705,0.0342,0.038052,0.043105,-0.001358,-0.001358,-0.001295,-0.002874,-0.007863,0.0018,0.019263,0.043642,0.059463,0.064926,-0.000758,-0.001958,-0.001737,0.004263,0.008431,0.0054,0.013642,0.020495,0.024947,0.028389,-0.001105,-0.001074,-0.000126,-0.000126,-0.003063,0.003821,0.016737,0.027221,0.03221,0.041905,-0.002779,-0.006632,-0.006126,0.004674,0.007989,-0.002177,-0.00444,-0.002716,0.003446,0.002026,3.3e-05,-0.000584,-7.8e-05,0.001542,0.003468,-0.001921,0.002838,0.016711,0.027483,0.023075,0.002285,0.009683,0.014699,0.014186,0.016137,0.102821,-0.963831,-0.082125,-0.940877,1,0,0,0,0,0,0,0,0,0,0
364,0.007882,0.021407,0.028437,0.033702,0.037864,-3.2e-05,3.2e-05,-0.001135,-0.005265,-0.0064,0.006684,0.030612,0.050285,0.06072,0.064409,-0.000662,-0.001387,0.001797,0.008544,0.009584,0.004288,0.011507,0.017623,0.021785,0.024118,0.0,0.000504,0.000977,-0.000504,-0.002301,0.006526,0.0192,0.025505,0.032094,0.04212,-0.002554,-0.004382,0.003752,0.01094,0.011034,-0.001873,-0.001943,0.004542,0.005499,0.003722,-0.000317,-0.000422,0.001141,0.003698,0.002905,0.000308,0.011524,0.024414,0.028433,0.021878,0.003796,0.010471,0.011564,0.012983,0.014937,0.099913,-0.963319,-0.081397,-0.940636,1,0,0,0,0,0,0,0,0,0,0
365,0.007275,0.018737,0.022579,0.027618,0.031681,3.1e-05,9.4e-05,-0.00148,-0.006456,-0.006424,0.010739,0.03505,0.050827,0.056275,0.058291,-0.000535,-0.000315,0.005668,0.009825,0.010109,0.003936,0.01077,0.01521,0.018643,0.021036,3.1e-05,0.000976,0.000976,-0.001952,-0.002897,0.006361,0.016816,0.021792,0.03146,0.038168,-0.001291,-0.000787,0.009983,0.013289,0.014297,-0.000386,0.001334,0.007479,0.006063,0.006187,-0.000299,0.000205,0.001821,0.003742,0.002649,0.004362,0.01797,0.028536,0.024212,0.019219,0.00349,0.00841,0.007907,0.00982,0.011559,0.098123,-0.963763,-0.081122,-0.940595,1,0,0,0,0,0,0,0,0,0,0
366,0.006227,0.01324,0.018492,0.022643,0.025001,3.1e-05,-0.001132,-0.005252,-0.006384,-0.00739,0.013145,0.032769,0.043178,0.046858,0.046858,-0.000189,0.002988,0.009717,0.010755,0.009686,0.003271,0.009372,0.013523,0.01585,0.018208,0.000472,0.000943,-0.000535,-0.002327,-0.003994,0.00629,0.012579,0.019152,0.029152,0.032203,-0.000535,0.007579,0.014749,0.014844,0.015284,0.000316,0.006785,0.007739,0.005966,0.007091,0.000194,0.001753,0.004303,0.003512,0.002854,0.006701,0.019368,0.023318,0.016876,0.013514,0.003103,0.004177,0.005571,0.007491,0.007443,0.097917,-0.963271,-0.081895,-0.939957,1,0,0,0,0,0,0,0,0,0,0
367,0.005215,0.009048,0.014075,0.018128,0.01797,3.1e-05,-0.001539,-0.006503,-0.006472,-0.01109,0.011122,0.026861,0.032297,0.034307,0.032956,0.000408,0.006378,0.010525,0.010807,0.008231,0.00355,0.00798,0.011404,0.013792,0.014703,0.000471,0.000471,-0.002451,-0.003393,-0.006566,0.004147,0.009111,0.018756,0.025448,0.025919,0.001037,0.011781,0.01508,0.016085,0.015551,0.0014,0.007531,0.006118,0.006242,0.008052,0.000309,0.001921,0.003837,0.002747,0.004264,0.006729,0.01712,0.012867,0.007956,0.005804,0.001757,0.001262,0.003144,0.004854,0.003824,0.097483,-0.962856,-0.081439,-0.937617,1,0,0,0,0,0,0,0,0,0,0
368,0.001787,0.007023,0.011162,0.013514,0.011821,-0.001191,-0.005299,-0.006428,-0.007431,-0.011789,0.008466,0.018844,0.022512,0.022512,0.020568,0.002759,0.009469,0.010504,0.009438,0.006239,0.00254,0.006678,0.008999,0.01135,0.010692,0.0,-0.001474,-0.003261,-0.004923,-0.007243,0.002132,0.008685,0.018656,0.021697,0.020882,0.007055,0.014203,0.014297,0.014736,0.013294,0.005053,0.006004,0.004237,0.005358,0.006969,0.001246,0.003788,0.003,0.002343,0.00445,0.005769,0.009637,0.003329,3.7e-05,-0.001351,-0.000681,0.000684,0.002564,0.002517,0.001571,0.097949,-0.962892,-0.081723,-0.936818,1,0,0,0,0,0,0,0,0,0,0
369,0.002038,0.007054,0.011098,0.010941,0.009405,-0.000376,-0.00533,-0.005298,-0.009907,-0.010565,0.007242,0.012666,0.014672,0.013324,0.00997,0.003198,0.007336,0.007618,0.005047,0.003041,0.001881,0.005298,0.007681,0.00859,0.007838,0.0,-0.002916,-0.003856,-0.007023,-0.005424,0.002822,0.012446,0.019124,0.019594,0.017149,0.003668,0.00696,0.007963,0.00743,0.006051,0.001066,-0.000344,-0.00022,0.001586,0.002104,0.000363,0.002275,0.001187,0.002701,0.005009,0.004475,0.000284,-0.004555,-0.006676,-0.007703,0.000193,0.002047,0.003732,0.002717,0.002052,0.099384,-0.963479,-0.081956,-0.937712,1,0,0,0,0,0,0,0,0,0,0
370,0.003199,0.00734,0.009692,0.007998,0.007026,-0.003733,-0.004862,-0.005866,-0.010226,-0.010069,0.003137,0.006807,0.006807,0.004862,-0.003137,0.003513,0.004548,0.003482,0.000282,-0.000282,0.002258,0.00458,0.006932,0.006273,0.005803,-0.001474,-0.003262,-0.004925,-0.007246,-0.00527,0.003733,0.013707,0.01675,0.015934,0.011825,0.003482,0.003576,0.004015,0.002572,-0.003325,-0.000114,-0.001882,-0.000761,0.000851,-0.004886,0.002181,0.001392,0.000735,0.002842,0.004694,-0.000612,-0.006938,-0.010239,-0.01163,-0.014996,0.001175,0.003061,0.003014,0.002065,0.001662,0.100593,-0.958382,-0.082672,-0.937527,1,0,0,0,0,0,0,0,0,0,0
371,0.001818,0.005863,0.005706,0.00417,0.000752,-0.001223,-0.001191,-0.0058,-0.006458,-0.005236,0.002289,0.004295,0.002947,-0.000408,-0.011506,0.000627,0.000909,-0.001662,-0.003668,-0.005737,0.00116,0.003543,0.004452,0.003699,0.002006,-0.001442,-0.002383,-0.005549,-0.00395,-0.002916,0.005894,0.012572,0.013042,0.010597,0.004138,-0.000188,0.000815,0.000282,-0.001097,-0.014077,-0.001296,-0.001171,0.000635,0.001152,-0.010207,-0.000267,-0.001356,0.000158,0.002467,0.002408,-0.003581,-0.00842,-0.010541,-0.011568,-0.015007,0.000683,0.002368,0.001354,0.000688,-0.001214,0.101006,-0.952285,-0.083745,-0.938489,1,0,0,0,0,0,0,0,0,0,0
372,0.00232,0.004672,0.002979,0.002007,-0.004986,9.4e-05,-0.000909,-0.005268,-0.005111,-0.001913,0.00138,0.00138,-0.000564,-0.008561,-0.020069,0.000408,-0.000659,-0.003857,-0.004421,-0.006616,0.00116,0.003512,0.002854,0.002383,-0.002948,-0.000345,-0.002007,-0.004327,-0.002352,0.001881,0.004076,0.007118,0.006303,0.002195,-0.008561,0.000282,0.000721,-0.000721,-0.006616,-0.019347,-0.000472,0.00065,0.002261,-0.003474,-0.014029,-0.000521,-0.001178,0.000929,0.00278,0.003936,-0.002727,-0.006021,-0.007409,-0.010769,-0.010448,0.001198,0.001151,0.000203,-0.000199,-0.001932,0.102479,-0.947036,-0.086716,-0.941917,1,0,0,0,0,0,0,0,0,0,0
373,0.001723,0.001567,3.1e-05,-0.003384,-0.012595,-6.3e-05,-0.004668,-0.005326,-0.004104,-0.002005,0.000627,-0.000721,-0.004073,-0.015164,-0.028761,-0.000125,-0.002694,-0.0047,-0.006767,-0.007206,0.001222,0.00213,0.001379,-0.000313,-0.011937,-0.000595,-0.00376,-0.002162,-0.001128,0.005452,0.0026,0.00307,0.000627,-0.005827,-0.021336,0.000721,0.000188,-0.001191,-0.014161,-0.020897,0.000595,0.002401,0.002918,-0.008434,-0.014482,-0.000567,0.000946,0.003253,0.003195,0.007485,-0.002107,-0.004218,-0.00524,-0.008663,-0.006373,0.000487,-0.000523,-0.001185,-0.003079,5e-06,0.103902,-0.945196,-0.08737,-0.945944,1,0,0,0,0,0,0,0,0,0,0
374,0.000626,-0.001065,-0.002035,-0.009017,-0.02032,-0.000939,-0.005291,-0.005135,-0.001941,-0.001065,-0.000626,-0.002567,-0.010551,-0.022042,-0.036413,-0.000939,-0.004133,-0.004696,-0.006888,-0.009455,0.001127,0.00047,0.0,-0.005323,-0.020539,-0.001065,-0.003381,-0.001409,0.002818,0.015467,0.000438,-0.000376,-0.004477,-0.015216,-0.032875,-0.000282,-0.001722,-0.007608,-0.02032,-0.02176,0.000525,0.002133,-0.003593,-0.014132,-0.012639,-9e-05,0.002014,0.003862,0.005017,0.016478,-0.001162,-0.002536,-0.005859,-0.005542,-0.002808,-0.000531,-0.001468,-0.001866,-0.00358,0.001859,0.103709,-0.948562,-0.089627,-0.960297,1,0,0,0,0,0,0,0,0,0,0
375,-0.000782,-0.002316,-0.005727,-0.014927,-0.030261,-0.003661,-0.004318,-0.003098,-0.001001,-0.000563,-0.00072,-0.004068,-0.015146,-0.028727,-0.046439,-0.001627,-0.00363,-0.005695,-0.006133,-0.009607,-0.000219,-0.00097,-0.00266,-0.01427,-0.028852,-0.002097,-0.000501,0.000532,0.007104,0.017368,3.1e-05,-0.00241,-0.008856,-0.024346,-0.040681,-0.00025,-0.001627,-0.014583,-0.021311,-0.021405,0.001279,0.001795,-0.009543,-0.015584,-0.012378,0.001601,0.003905,0.003847,0.008131,0.017986,-0.000936,-0.001949,-0.005344,-0.003073,-0.004659,-0.000473,-0.001129,-0.003007,5.2e-05,-0.000161,0.10187,-0.949479,-0.093887,-0.963535,1,0,0,0,0,0,0,0,0,0,0
376,-0.000907,-0.001876,-0.008851,-0.020141,-0.038374,-0.000688,-0.000532,0.002658,0.003534,0.003941,-0.00122,-0.009195,-0.020673,-0.035028,-0.054356,-0.001564,-0.002127,-0.004316,-0.00688,-0.007725,-0.000438,-0.000907,-0.006224,-0.021423,-0.035903,-0.000219,0.001751,0.005973,0.018608,0.023394,-0.000844,-0.004941,-0.015669,-0.033308,-0.05151,-0.001188,-0.007068,-0.019766,-0.021204,-0.02111,0.000329,-0.005391,-0.015918,-0.014427,-0.013625,0.000502,0.002347,0.003501,0.014949,0.019581,-0.000431,-0.003729,-0.003414,-0.000702,-0.001778,-0.000459,-0.000854,-0.002555,0.002842,-0.001472,0.100188,-0.949699,-0.096868,-0.96968,1,0,0,0,0,0,0,0,0,0,0
377,-0.000625,-0.004033,-0.013225,-0.028544,-0.048396,3.1e-05,0.001251,0.003345,0.003783,0.005377,-0.002126,-0.013193,-0.026762,-0.044457,-0.063528,-0.000438,-0.002501,-0.002939,-0.006409,-0.006253,-0.000313,-0.002001,-0.0136,-0.028169,-0.043988,0.001813,0.002845,0.00941,0.019665,0.023573,-0.001594,-0.008035,-0.02351,-0.03983,-0.061308,-0.000188,-0.013131,-0.019852,-0.019946,-0.017914,0.000187,-0.01114,-0.017175,-0.013973,-0.011839,0.0018,0.001742,0.006023,0.015868,0.018478,-0.000577,-0.003949,-0.001693,-0.003269,-0.001335,-0.000194,-0.00206,0.000979,0.000767,-0.004185,0.09727,-0.952415,-0.099934,-0.972885,1,0,0,0,0,0,0,0,0,0,0
378,-0.000344,-0.007309,-0.018584,-0.036793,-0.059749,0.000125,0.003311,0.004185,0.004591,0.005684,-0.005841,-0.017303,-0.031639,-0.050941,-0.076677,-0.000125,-0.002311,-0.004872,-0.005716,-0.004966,-0.000156,-0.005466,-0.020645,-0.035106,-0.052534,0.000156,0.004373,0.016991,0.021769,0.022144,-0.002499,-0.013212,-0.030827,-0.049005,-0.070462,-0.005684,-0.018365,-0.019802,-0.019708,-0.0109,-0.005899,-0.016412,-0.014923,-0.014122,-0.006576,4.5e-05,0.001197,0.01263,0.017256,0.01698,-0.002694,-0.002382,0.000305,-0.000761,-0.005551,-0.000198,-0.001884,0.003463,-0.000811,-0.007943,0.092976,-0.958466,-0.105022,-0.974119,1,0,0,0,0,0,0,0,0,0,0
379,-0.00306,-0.012239,-0.027537,-0.047362,-0.074305,0.001093,0.003185,0.003622,0.005214,0.006088,-0.005214,-0.018764,-0.036435,-0.055479,-0.084483,-0.001936,-0.002373,-0.005838,-0.005682,-0.00487,-0.00153,-0.013113,-0.027662,-0.043459,-0.062192,0.000874,0.007431,0.017671,0.021574,0.022541,-0.003934,-0.019388,-0.035685,-0.057134,-0.080206,-0.007243,-0.013956,-0.014049,-0.01202,0.003622,-0.005415,-0.011442,-0.008244,-0.006113,0.008003,-0.000103,0.004172,0.014004,0.01661,0.017422,-0.000653,0.001581,2e-05,0.001935,-0.005147,-0.00165,0.001359,0.00115,-0.003755,-0.014223,0.088847,-0.966263,-0.111357,-0.975839,1,0,0,0,0,0,0,0,0,0,0
380,-0.003902,-0.01517,-0.033367,-0.056309,-0.085587,0.002091,0.002965,0.003371,0.004463,0.004994,-0.006243,-0.02057,-0.039859,-0.065579,-0.095076,-0.00025,-0.002809,-0.003652,-0.002903,-0.002559,-0.003777,-0.018946,-0.033398,-0.050815,-0.070792,0.00334,0.01595,0.020726,0.0211,0.022005,-0.006773,-0.024378,-0.042544,-0.063987,-0.091299,-0.005431,-0.006867,-0.006773,0.002029,0.021287,-0.005093,-0.003604,-0.002804,0.004737,0.023344,0.001254,0.01268,0.017303,0.017028,0.018284,0.000963,0.003638,0.002576,-0.002192,-0.006419,-3.1e-05,0.005292,0.001037,-0.006064,-0.017915,0.08209,-0.972287,-0.120367,-0.974383,1,0,0,0,0,0,0,0,0,0,0
381,-0.005275,-0.020571,-0.040392,-0.067331,-0.09864,0.0,0.000437,0.002029,0.002903,0.002934,-0.007304,-0.024972,-0.044013,-0.073012,-0.106069,-0.000187,-0.003652,-0.003496,-0.002685,0.004526,-0.007804,-0.02235,-0.038145,-0.056874,-0.079037,0.003215,0.013454,0.017356,0.018323,0.020477,-0.008678,-0.024972,-0.046417,-0.069485,-0.099982,-0.00128,-0.001373,0.000656,0.016294,0.039113,-0.000932,0.002265,0.004395,0.018509,0.033808,0.003019,0.012849,0.015455,0.016267,0.019339,0.001269,-0.000291,0.001622,-0.005451,-0.010128,0.003036,0.002827,-0.002071,-0.012527,-0.024063,0.076063,-0.980124,-0.130078,-0.975976,1,0,0,0,0,0,0,0,0,0,0
382,-0.005989,-0.024174,-0.047101,-0.076359,-0.114258,0.000873,0.001279,0.002371,0.002901,0.002963,-0.007018,-0.026295,-0.051998,-0.081475,-0.11822,-0.002371,-0.003213,-0.002464,-0.002121,0.007174,-0.007361,-0.021804,-0.039209,-0.059172,-0.08709,0.009389,0.014161,0.014536,0.01544,0.017343,-0.008921,-0.027075,-0.048504,-0.075798,-0.109205,-0.000156,-6.2e-05,0.008734,0.02798,0.048473,0.002419,0.003219,0.010755,0.02935,0.040203,0.008401,0.01302,0.012746,0.014001,0.016972,0.001401,0.000344,-0.004402,-0.008609,-0.013932,0.002277,-0.001958,-0.009026,-0.020822,-0.033601,0.075075,-0.979129,-0.133985,-0.970784,1,0,0,0,0,0,0,0,0,0,0
383,-0.009326,-0.029198,-0.056205,-0.087593,-0.12452,-0.000438,0.001158,0.002034,0.002065,0.002816,-0.010671,-0.029761,-0.058833,-0.091974,-0.132031,-0.001095,-0.000939,-0.000125,0.007104,0.013112,-0.007198,-0.023033,-0.041809,-0.064028,-0.094853,0.000845,0.004757,0.005727,0.007886,0.010327,-0.007385,-0.028885,-0.052011,-0.082586,-0.122955,6.3e-05,0.002097,0.017775,0.040651,0.056799,0.000778,0.002914,0.017064,0.032401,0.042528,0.001427,0.004039,0.004853,0.007932,0.010343,-0.00302,-0.001073,-0.008273,-0.013033,-0.01367,-0.002543,-0.007529,-0.018172,-0.029914,-0.037829,0.075166,-0.980569,-0.136976,-0.969576,1,0,0,0,0,0,0,0,0,0,0
384,-0.008922,-0.031932,-0.061297,-0.099334,-0.131986,0.000845,0.001941,0.002473,0.002536,0.002567,-0.008672,-0.034468,-0.064052,-0.10093,-0.143381,0.00025,0.001002,0.001346,0.010675,0.014714,-0.007294,-0.024763,-0.044799,-0.072818,-0.102778,0.003945,0.00432,0.005228,0.007138,0.007858,-0.010832,-0.032339,-0.059732,-0.09326,-0.134929,3.1e-05,0.00886,0.028175,0.048743,0.058887,2.4e-05,0.007587,0.02625,0.037143,0.04316,0.003209,0.002933,0.004194,0.007175,0.0082,0.001944,-0.002924,-0.00724,-0.012699,-0.014602,-0.001795,-0.009045,-0.021145,-0.034252,-0.037812,0.072185,-0.980719,-0.14149,-0.969781,1,0,0,0,0,0,0,0,0,0,0
385,-0.010961,-0.037989,-0.069402,-0.106357,-0.141622,0.000752,0.001629,0.00166,0.002412,-6.3e-05,-0.010429,-0.039524,-0.07269,-0.112778,-0.157751,-9.4e-05,0.00072,0.007955,0.013968,0.015409,-0.00855,-0.027341,-0.049577,-0.080426,-0.114062,-3.1e-05,0.00094,0.003101,0.005543,-0.005293,-0.01068,-0.033824,-0.064422,-0.104823,-0.141496,0.002004,0.017695,0.040589,0.056749,0.062887,0.002113,0.016274,0.031623,0.041758,0.04578,-0.000596,0.000218,0.0033,0.005712,-0.00237,8e-06,-0.007231,-0.012017,-0.012657,-0.025015,-0.003213,-0.013913,-0.025719,-0.033677,-0.03736,0.066911,-0.981872,-0.143285,-0.962244,1,0,0,0,0,0,0,0,0,0,0
386,-0.012069,-0.041472,-0.079559,-0.112254,-0.150371,0.000345,0.000878,0.00094,0.000972,-0.003511,-0.015391,-0.045014,-0.081941,-0.124447,-0.168647,0.000846,0.001191,0.010533,0.014576,0.015454,-0.008934,-0.028996,-0.057051,-0.087051,-0.121971,0.000408,0.001317,0.003229,0.00395,-0.008777,-0.010846,-0.038275,-0.071847,-0.11357,-0.151594,0.006834,0.026175,0.04677,0.056926,0.062819,0.005458,0.024145,0.035052,0.041077,0.045608,0.00032,0.001582,0.004568,0.005594,-0.002148,-0.004921,-0.009276,-0.014786,-0.016706,-0.026172,-0.004083,-0.016294,-0.029522,-0.033115,-0.038604,0.06755,-0.98287,-0.147236,-0.959907,1,0,0,0,0,0,0,0,0,0,0
387,-0.014994,-0.046457,-0.083472,-0.118793,-0.159948,0.000533,0.000565,0.001317,-0.001161,-0.009128,-0.013739,-0.046959,-0.08711,-0.132156,-0.177075,-3.1e-05,0.007215,0.013238,0.01468,0.013896,-0.009881,-0.032153,-0.063051,-0.096741,-0.136328,0.000565,0.002729,0.005176,-0.005678,-0.01421,-0.012328,-0.042975,-0.08344,-0.120173,-0.163587,0.008877,0.031808,0.047994,0.054142,0.059224,0.008722,0.024096,0.034247,0.038275,0.044023,0.000495,0.003582,0.005998,-0.002098,-0.002448,-0.002376,-0.007215,-0.007863,-0.020361,-0.023247,-0.006718,-0.018657,-0.026704,-0.030429,-0.03253,0.06993,-0.984763,-0.142791,-0.957213,1,0,0,0,0,0,0,0,0,0,0
388,-0.014442,-0.052586,-0.085331,-0.123506,-0.168589,0.0,6.3e-05,9.4e-05,-0.004395,-0.016231,-0.015917,-0.0529,-0.095471,-0.139737,-0.186767,0.000377,0.009732,0.013782,0.014661,0.007943,-0.010203,-0.038301,-0.068346,-0.10332,-0.150192,0.000345,0.00226,0.002982,-0.009764,-0.027941,-0.015132,-0.048756,-0.090542,-0.128624,-0.175276,0.010486,0.031112,0.041284,0.047186,0.049195,0.009987,0.02091,0.026944,0.031482,0.040164,0.000768,0.003758,0.004786,-0.002967,-0.009495,-0.002012,-0.007581,-0.009521,-0.019089,-0.020557,-0.005585,-0.018954,-0.022585,-0.028133,-0.026922,0.074757,-0.984956,-0.138102,-0.943594,1,0,0,0,0,0,0,0,0,0,0
389,-0.016981,-0.053882,-0.089095,-0.130124,-0.172154,3.1e-05,0.000782,-0.001689,-0.009632,-0.02458,-0.017262,-0.057291,-0.102198,-0.14698,-0.194264,0.006849,0.012853,0.014291,0.01351,-0.002815,-0.01204,-0.042843,-0.07643,-0.115895,-0.160208,0.001814,0.004253,-0.006567,-0.015073,-0.040029,-0.01548,-0.055821,-0.092441,-0.135722,-0.182443,0.012415,0.028552,0.034681,0.039747,0.03268,0.005379,0.015499,0.019515,0.025245,0.034445,0.002312,0.004721,-0.00335,-0.0037,-0.013922,-0.002779,-0.003413,-0.015644,-0.01847,-0.020426,-0.006251,-0.014127,-0.017773,-0.019828,-0.018829,0.075865,-0.982299,-0.136973,-0.931375,1,0,0,0,0,0,0,0,0,0,0
390,-0.020957,-0.053485,-0.091407,-0.136191,-0.172523,3.1e-05,6.2e-05,-0.004397,-0.016155,-0.03075,-0.019523,-0.061811,-0.105784,-0.152501,-0.198657,0.002464,0.006487,0.00736,0.000686,-0.018462,-0.015905,-0.04575,-0.080492,-0.127053,-0.165693,9.4e-05,0.000811,-0.011851,-0.029908,-0.050834,-0.017963,-0.059472,-0.097301,-0.143644,-0.188553,0.008108,0.018213,0.024076,0.026072,0.00814,0.005487,0.011481,0.015989,0.024612,0.025743,0.000664,0.001685,-0.006017,-0.012501,-0.019085,-0.002589,-0.004441,-0.013574,-0.014975,-0.01712,-0.00663,-0.010095,-0.015391,-0.014235,-0.012593,0.081625,-0.977046,-0.135687,-0.927934,1,0,0,0,0,0,0,0,0,0,0
391,-0.015701,-0.050503,-0.091054,-0.132595,-0.169653,0.000711,-0.001731,-0.009581,-0.024355,-0.032731,-0.020214,-0.064597,-0.108857,-0.15559,-0.197316,0.003493,0.004914,0.004142,-0.011992,-0.027817,-0.014681,-0.047876,-0.086882,-0.130678,-0.16681,0.002318,-0.008376,-0.016783,-0.041447,-0.052049,-0.022068,-0.058261,-0.101038,-0.147214,-0.190547,0.007912,0.01397,0.018977,0.011992,-0.006954,0.004564,0.008534,0.014197,0.023289,0.020282,0.001722,-0.006255,-0.0066,-0.016704,-0.018784,0.001848,-0.00942,-0.012023,-0.013824,-0.011086,-0.001029,-0.004388,-0.006282,-0.005362,-0.006612,0.087866,-0.972369,-0.131932,-0.929571,1,0,0,0,0,0,0,0,0,0,0
392,-0.016427,-0.053765,-0.097857,-0.133629,-0.170045,-0.000676,-0.005066,-0.016642,-0.031012,-0.038566,-0.021555,-0.064849,-0.110846,-0.156289,-0.192736,0.000491,0.001351,-0.00522,-0.024073,-0.037921,-0.0148,-0.049005,-0.094848,-0.132892,-0.171396,-0.001597,-0.014063,-0.031841,-0.052444,-0.060765,-0.018945,-0.05619,-0.101818,-0.146034,-0.187578,0.002088,0.007861,0.009826,-0.00783,-0.028218,0.001368,0.005806,0.014296,0.01541,0.009246,-0.000706,-0.008289,-0.014673,-0.021156,-0.022191,-0.003426,-0.011616,-0.012873,-0.014797,-0.006876,-0.002125,-0.006874,-0.005838,-0.004365,-0.002436,0.094715,-0.966183,-0.125363,-0.927785,1,0,0,0,0,0,0,0,0,0,0
393,-0.018108,-0.058306,-0.099484,-0.13622,-0.170076,-0.001746,-0.009529,-0.024174,-0.032477,-0.04507,-0.022489,-0.066364,-0.11269,-0.154052,-0.185641,0.000919,0.000153,-0.01584,-0.031527,-0.047674,-0.018138,-0.056804,-0.10022,-0.136037,-0.174795,-0.009008,-0.017342,-0.041791,-0.052301,-0.069949,-0.016974,-0.059378,-0.105153,-0.148108,-0.182791,0.003922,0.008885,0.001961,-0.016821,-0.043936,0.00257,0.008185,0.017198,0.014216,0.0035,-0.007203,-0.007546,-0.017561,-0.019624,-0.025278,-0.007225,-0.009673,-0.011368,-0.008792,-0.003364,-0.001066,-0.002848,-0.001982,-0.003158,0.000884,0.09611,-0.964853,-0.11926,-0.925907,1,0,0,0,0,0,0,0,0,0,0
394,-0.019078,-0.062912,-0.098474,-0.134677,-0.163951,-0.002625,-0.014133,-0.028419,-0.035928,-0.0442,-0.020635,-0.066362,-0.111539,-0.147772,-0.176649,-6.1e-05,-0.006593,-0.025336,-0.039103,-0.055342,-0.015934,-0.061508,-0.099329,-0.137607,-0.170819,-0.003419,-0.021093,-0.041575,-0.049848,-0.062393,-0.020116,-0.065476,-0.109433,-0.150733,-0.180739,0.001832,0.003785,-0.013767,-0.034036,-0.052503,0.001851,0.010292,0.011399,0.005271,0.003137,-0.000362,-0.006709,-0.013154,-0.014183,-0.018917,-0.000821,-0.002027,-0.003873,0.003728,0.005379,-0.003519,-0.002524,-0.001111,0.00074,0.003781,0.099994,-0.96779,-0.113722,-0.926015,1,0,0,0,0,0,0,0,0,0,0
395,-0.020895,-0.061772,-0.098238,-0.131846,-0.155539,-0.00511,-0.019648,-0.02789,-0.04039,-0.042915,-0.022993,-0.06898,-0.110039,-0.141396,-0.164177,-0.0007,-0.016576,-0.032148,-0.048176,-0.058396,-0.022507,-0.065604,-0.101158,-0.139632,-0.166579,-0.004866,-0.029137,-0.039569,-0.057088,-0.059764,-0.02205,-0.067489,-0.11013,-0.144559,-0.172054,0.003102,-0.003771,-0.022415,-0.049332,-0.06022,0.003729,0.012675,0.009716,-0.000922,-0.001206,2.1e-05,-0.009921,-0.011969,-0.017581,-0.018132,-0.001525,-0.003135,-0.000688,0.004468,0.01041,0.001738,0.002561,0.001444,0.005283,0.008091,0.099207,-0.968706,-0.111759,-0.927683,1,0,0,0,0,0,0,0,0,0,0
396,-0.022625,-0.057817,-0.093643,-0.122612,-0.144301,-0.006313,-0.02045,-0.027881,-0.036068,-0.043529,-0.022414,-0.067121,-0.102977,-0.131553,-0.148681,-0.00577,-0.024317,-0.037941,-0.054011,-0.060294,-0.022746,-0.060173,-0.098053,-0.130919,-0.156626,-0.012657,-0.032926,-0.041112,-0.053528,-0.063224,-0.022988,-0.066487,-0.107357,-0.137051,-0.158378,-0.001148,-0.018517,-0.038575,-0.05685,-0.068269,0.00465,0.005745,-0.000319,-0.002431,-0.007197,-0.006301,-0.012679,-0.013697,-0.018382,-0.021074,0.000333,-0.001383,0.005682,0.007216,0.012711,-0.000733,0.000581,0.002301,0.005127,0.008223,0.097717,-0.968125,-0.108561,-0.922916,1,0,0,0,0,0,0,0,0,0,0
397,-0.017821,-0.053731,-0.086827,-0.110158,-0.130135,-0.008057,-0.016173,-0.028483,-0.030969,-0.039505,-0.023062,-0.063495,-0.094374,-0.116807,-0.135856,-0.009914,-0.025248,-0.041032,-0.051096,-0.057565,-0.019887,-0.054899,-0.092787,-0.119323,-0.143643,-0.011351,-0.021624,-0.038876,-0.041512,-0.053761,-0.021954,-0.063945,-0.097849,-0.124924,-0.144122,-0.005631,-0.02399,-0.050497,-0.061219,-0.071282,0.0042,0.001286,-0.00919,-0.00947,-0.013038,-0.003543,-0.005559,-0.011086,-0.011629,-0.015817,-0.001759,0.000438,0.005068,0.010405,0.010933,0.001429,0.000426,0.003873,0.006395,0.009421,0.099527,-0.966217,-0.10552,-0.91945,1,0,0,0,0,0,0,0,0,0,0
398,-0.016925,-0.052141,-0.080616,-0.101936,-0.118326,-0.005909,-0.013213,-0.02126,-0.028594,-0.033553,-0.021082,-0.056327,-0.084417,-0.101253,-0.119484,-0.008403,-0.021795,-0.037591,-0.043767,-0.047805,-0.017073,-0.054308,-0.086614,-0.111883,-0.129966,-0.00867,-0.016717,-0.028921,-0.038452,-0.044688,-0.020993,-0.061167,-0.090355,-0.111318,-0.12955,-0.011491,-0.031207,-0.049171,-0.060395,-0.068353,-0.003087,-0.009048,-0.011124,-0.015809,-0.019713,-0.002757,-0.003758,-0.008362,-0.011009,-0.012467,0.000135,0.006399,0.007759,0.012631,0.012966,-0.00018,0.001345,0.003851,0.006596,0.007714,0.099548,-0.965878,-0.105308,-0.917729,1,0,0,0,0,0,0,0,0,0,0
399,-0.018643,-0.051394,-0.074483,-0.094252,-0.107293,-0.002134,-0.014316,-0.016776,-0.025223,-0.028957,-0.018969,-0.049527,-0.071726,-0.090576,-0.10421,-0.006787,-0.022407,-0.032366,-0.038768,-0.041702,-0.017605,-0.055099,-0.081359,-0.105426,-0.118556,-0.001512,-0.018584,-0.021192,-0.033314,-0.036811,-0.020599,-0.05415,-0.080944,-0.099942,-0.11574,-0.006698,-0.032929,-0.04354,-0.053498,-0.061501,0.000197,-0.010169,-0.010446,-0.013977,-0.01883,0.000756,-0.004713,-0.00525,-0.009395,-0.009169,0.001909,0.006212,0.011172,0.011662,0.014232,-0.000754,0.00245,0.004794,0.007605,0.007687,0.100944,-0.966841,-0.106065,-0.919892,1,0,0,0,0,0,0,0,0,0,0
400,-0.016429,-0.044715,-0.065892,-0.082174,-0.092792,-0.005132,-0.013125,-0.020411,-0.025336,-0.027873,-0.016134,-0.044036,-0.06076,-0.07887,-0.089577,-0.006548,-0.022239,-0.028374,-0.032386,-0.036397,-0.019467,-0.051558,-0.076658,-0.094621,-0.10633,-0.006489,-0.018611,-0.028079,-0.034273,-0.036397,-0.019408,-0.048402,-0.069225,-0.087335,-0.100313,-0.012919,-0.030764,-0.041913,-0.049817,-0.053711,-0.006118,-0.00818,-0.012833,-0.016711,-0.016386,-0.001747,-0.006321,-0.00895,-0.010398,-0.010106,0.004133,0.005431,0.01008,0.0104,0.012527,0.002185,0.004576,0.007196,0.008263,0.009049,0.102222,-0.971776,-0.103081,-0.921094,1,0,0,0,0,0,0,0,0,0,0
401,-0.016149,-0.039106,-0.058762,-0.071728,-0.081954,-0.006984,-0.00943,-0.017829,-0.021542,-0.023752,-0.014263,-0.036336,-0.055078,-0.068634,-0.080746,-0.008988,-0.01889,-0.025255,-0.028173,-0.031739,-0.017829,-0.043939,-0.067868,-0.080923,-0.091709,-0.010491,-0.013084,-0.025137,-0.028615,-0.029735,-0.013968,-0.040609,-0.059499,-0.075206,-0.087229,-0.013173,-0.023723,-0.033625,-0.041581,-0.042348,-0.004195,-0.00447,-0.007981,-0.012806,-0.010027,-0.003693,-0.004226,-0.008348,-0.008123,-0.007101,2.6e-05,0.004791,0.005262,0.00773,0.007386,0.000906,0.003158,0.005859,0.005937,0.006401,0.104144,-0.972566,-0.102662,-0.922776,1,0,0,0,0,0,0,0,0,0,0
402,-0.012136,-0.033336,-0.049635,-0.060265,-0.068001,-0.001004,-0.008297,-0.013228,-0.015767,-0.015945,-0.013641,-0.030383,-0.048513,-0.059231,-0.06927,-0.006703,-0.012844,-0.01686,-0.020876,-0.024507,-0.014262,-0.039389,-0.057371,-0.069093,-0.077184,-0.001624,-0.011102,-0.017303,-0.019429,-0.018956,-0.015029,-0.035875,-0.054005,-0.066997,-0.074762,-0.004665,-0.015826,-0.02374,-0.027637,-0.029675,0.002139,-0.00252,-0.006402,-0.006076,-0.004696,-0.000879,-0.003511,-0.004961,-0.004669,-0.004061,0.001281,0.005966,0.006288,0.008431,0.006085,0.001491,0.00413,0.005205,0.005997,0.006297,0.102796,-0.975677,-0.101997,-0.922295,1,0,0,0,0,0,0,0,0,0,0
403,-0.010864,-0.030556,-0.043546,-0.053791,-0.058928,-0.001447,-0.009861,-0.013581,-0.015795,-0.013315,-0.008473,-0.02725,-0.04083,-0.052964,-0.060079,-0.003218,-0.009595,-0.012518,-0.01609,-0.01792,-0.011898,-0.03587,-0.048949,-0.059754,-0.064862,-0.000974,-0.013049,-0.016533,-0.017655,-0.015677,-0.011662,-0.030586,-0.046321,-0.058367,-0.064065,-0.005905,-0.015824,-0.023795,-0.024563,-0.024386,-0.002414,-0.005931,-0.010766,-0.007981,-0.006109,0.000344,-0.003784,-0.003559,-0.002535,-0.003031,0.003545,0.004023,0.006522,0.006174,0.004619,0.000791,0.003527,0.003606,0.004076,0.004019,0.103805,-0.977429,-0.103686,-0.923529,1,0,0,0,0,0,0,0,0,0,0
404,-0.010337,-0.02664,-0.037273,-0.045011,-0.050652,-0.005848,-0.01078,-0.01332,-0.013497,-0.011282,-0.00827,-0.026404,-0.037125,-0.047167,-0.055791,-0.002924,-0.006941,-0.010957,-0.01459,-0.015092,-0.013232,-0.031218,-0.042943,-0.051036,-0.056086,-0.008506,-0.014708,-0.016835,-0.016362,-0.014354,-0.009185,-0.02732,-0.040315,-0.048082,-0.055732,-0.005257,-0.013172,-0.017071,-0.019109,-0.017987,-0.002244,-0.006128,-0.005802,-0.004421,-0.002889,-0.002977,-0.004427,-0.004135,-0.003527,-0.003669,0.001138,0.00146,0.003607,0.001258,0.000149,0.001851,0.002928,0.003721,0.004022,0.003591,0.105079,-0.980373,-0.102591,-0.924768,1,0,0,0,0,0,0,0,0,0,0
405,-0.009367,-0.022368,-0.032621,-0.037763,-0.041604,-0.002571,-0.006294,-0.00851,-0.006028,-0.001211,-0.010519,-0.024112,-0.036256,-0.043377,-0.050085,-0.003457,-0.006382,-0.009958,-0.01179,-0.013563,-0.010756,-0.023846,-0.03466,-0.039772,-0.044707,-0.003575,-0.007062,-0.008185,-0.006205,0.000827,-0.009751,-0.0255,-0.037556,-0.043259,-0.047218,-0.004669,-0.012647,-0.013415,-0.013238,-0.01377,-0.001274,-0.006113,-0.003326,-0.001453,-0.000451,-0.001154,-0.000929,9.6e-05,-0.0004,0.001686,-0.000661,0.001853,0.001503,-6.1e-05,-0.002915,0.000895,0.000975,0.001448,0.001391,0.002333,0.105003,-0.980047,-0.101539,-0.930787,1,0,0,0,0,0,0,0,0,0,0
406,-0.006938,-0.017567,-0.025302,-0.030942,-0.031857,-0.002362,-0.004901,-0.005078,-0.002864,0.012696,-0.007617,-0.018335,-0.028373,-0.036994,-0.041482,-0.000561,-0.004576,-0.008208,-0.00871,-0.012135,-0.007233,-0.018955,-0.027044,-0.032093,-0.03354,-0.002628,-0.004753,-0.004281,-0.002273,0.018423,-0.008385,-0.021376,-0.029141,-0.036787,-0.037614,-0.003248,-0.007145,-0.009182,-0.00806,-0.01119,-0.002609,-0.002283,-0.000903,0.000629,0.000621,-0.000297,-4e-06,0.000603,0.000461,0.005513,0.000979,0.003121,0.000777,-0.000329,-0.004001,0.000184,0.000976,0.001275,0.000846,0.001616,0.104367,-0.977842,-0.100554,-0.942816,1,0,0,0,0,0,0,0,0,0,0
407,-0.006056,-0.016306,-0.021446,-0.025286,-0.025817,-0.001359,-0.003574,-0.001093,0.003722,0.017576,-0.005967,-0.018108,-0.025227,-0.031932,-0.03654,-0.002363,-0.005937,-0.007769,-0.009541,-0.01344,-0.005849,-0.01666,-0.021771,-0.026704,-0.026349,-0.000857,-0.001979,0.0,0.00703,0.023129,-0.007355,-0.019407,-0.025108,-0.029067,-0.030544,-0.004726,-0.005494,-0.005317,-0.005849,-0.008744,-0.002227,0.000559,0.002432,0.003433,0.004187,0.000522,0.001547,0.001051,0.003136,0.005463,0.001527,0.001177,-0.000384,-0.003231,-0.006444,-0.000105,0.000366,0.00031,0.00125,0.000767,0.105375,-0.977732,-0.100532,-0.943415,1,0,0,0,0,0,0,0,0,0,0
408,-0.004588,-0.012344,-0.017998,-0.018916,-0.021491,-0.001184,-0.001362,0.000858,0.016459,0.019271,-0.004766,-0.014831,-0.023475,-0.027974,-0.031053,-0.001658,-0.005299,-0.005802,-0.009236,-0.012344,-0.005891,-0.014002,-0.019064,-0.020514,-0.022735,-0.001273,-0.000799,0.001214,0.021965,0.024659,-0.005654,-0.013439,-0.021106,-0.021935,-0.023593,0.000829,-0.001214,-8.9e-05,-0.003227,-0.004352,0.002559,0.003942,0.005478,0.00547,0.007338,-0.00023,0.000379,0.000237,0.005302,0.005221,0.000632,-0.001756,-0.002882,-0.006622,-0.008222,0.000913,0.001218,0.000781,0.001565,0.001289,0.105889,-0.977889,-0.098536,-0.943075,1,0,0,0,0,0,0,0,0,0,0
409,-0.005691,-0.010848,-0.014701,-0.015234,-0.016864,-0.001037,0.001452,0.006283,0.020184,0.021843,-0.00741,-0.014552,-0.02128,-0.025904,-0.025904,-0.001926,-0.003764,-0.005542,-0.009455,-0.011737,-0.00495,-0.010077,-0.015027,-0.014671,-0.018139,0.000148,0.002134,0.009188,0.025341,0.032928,-0.006431,-0.012152,-0.016123,-0.017605,-0.01799,-0.0016,-0.001423,-0.001956,-0.004861,-0.005098,0.000234,0.002113,0.003117,0.003874,0.005942,0.001259,0.000761,0.002853,0.005188,0.010891,-0.000996,-0.002593,-0.005508,-0.008797,-0.008554,-0.000438,-0.000496,0.000466,-2.7e-05,0.001877,0.106972,-0.978138,-0.097226,-0.949165,1,0,0,0,0,0,0,0,0,0,0
410,-0.002075,-0.007735,-0.008654,-0.011232,-0.009869,0.000859,0.003082,0.018701,0.021516,0.024599,-0.002667,-0.011321,-0.015826,-0.018908,-0.017901,-0.001719,-0.002223,-0.005661,-0.008773,-0.00978,-0.003171,-0.008239,-0.009691,-0.011914,-0.012359,0.000326,0.002341,0.023117,0.025814,0.04324,-0.001363,-0.009039,-0.009869,-0.011529,-0.012151,-0.000445,0.000682,-0.00246,-0.003586,-0.003438,0.001151,0.002689,0.002681,0.004552,0.005829,-0.000648,-0.000791,0.004279,0.004199,0.018283,-0.001412,-0.002547,-0.006319,-0.007932,-0.006311,0.000746,0.000305,0.001096,0.000817,0.00346,0.107981,-0.975456,-0.09723,-0.955309,1,0,0,0,0,0,0,0,0,0,0
411,-0.003079,-0.006928,-0.007461,-0.009089,-0.006839,0.001628,0.006454,0.02034,0.021998,0.027357,-0.004471,-0.011192,-0.01581,-0.01581,-0.014152,-0.000118,-0.001895,-0.005803,-0.008083,-0.007994,-0.001954,-0.006898,-0.006543,-0.010007,-0.008024,0.001658,0.008705,0.02484,0.03242,0.049059,-0.004352,-0.00832,-0.0098,-0.010185,-0.011961,0.000622,8.9e-05,-0.002813,-0.00305,-0.003938,0.000727,0.00173,0.002486,0.004552,0.003852,0.000151,0.002241,0.004573,0.01027,0.021466,-0.000184,-0.003077,-0.006342,-0.006101,-0.002434,-0.000798,0.000157,-0.000333,0.001558,0.002736,0.109011,-0.96715,-0.097195,-0.952672,1,0,0,0,0,0,0,0,0,0,0
412,-0.002575,-0.003493,-0.006068,-0.004706,-0.003286,0.000592,0.016191,0.019003,0.022081,0.026521,-0.004174,-0.008673,-0.011751,-0.010745,-0.008791,-0.000385,-0.003818,-0.006926,-0.007933,-0.007844,-0.003108,-0.004558,-0.006778,-0.007222,-0.005328,0.000355,0.021104,0.023798,0.041202,0.047981,-0.003315,-0.004144,-0.005801,-0.006423,-0.010271,0.000503,-0.002634,-0.003759,-0.003611,-0.010952,0.000809,0.000801,0.002669,0.003946,-0.002961,-0.000293,0.004771,0.004691,0.018756,0.02113,-0.000942,-0.004679,-0.006278,-0.004672,0.001881,0.00036,0.001143,0.000868,0.003487,0.003268,0.111338,-0.956925,-0.097348,-0.94923,1,0,0,0,0,0,0,0,0,0,0
413,-0.001274,-0.001807,-0.003436,-0.001185,0.000563,0.004236,0.01813,0.019789,0.025151,0.02681,-0.002548,-0.007169,-0.007169,-0.00551,-0.003111,-0.001392,-0.005303,-0.007584,-0.007495,-0.007288,-0.001837,-0.001481,-0.004947,-0.002962,0.000504,0.006695,0.022841,0.030425,0.047074,0.048437,-0.000652,-0.002133,-0.002518,-0.004296,-0.012591,-0.001037,-0.00394,-0.004177,-0.005066,-0.019523,0.000194,0.00095,0.003018,0.002317,-0.011248,0.002385,0.004718,0.010418,0.021622,0.0215,-0.001958,-0.005236,-0.004995,-0.001312,0.010294,0.000597,0.000105,0.002004,0.003187,0.001601,0.116593,-0.94538,-0.098613,-0.946019,1,0,0,0,0,0,0,0,0,0,0
414,0.000355,-0.00222,-0.000858,0.000562,0.003878,0.011368,0.01418,0.017259,0.021699,0.024956,-0.001954,-0.005033,-0.004026,-0.002072,0.006394,-0.002043,-0.005151,-0.006157,-0.006069,-0.004885,0.000385,-0.001835,-0.002279,-0.000385,0.006069,0.014062,0.016755,0.034162,0.040941,0.041149,-0.000178,-0.001835,-0.002457,-0.006306,-0.018206,-0.002102,-0.003227,-0.003079,-0.01042,-0.039254,-0.000202,0.001666,0.002943,-0.003965,-0.031365,0.002682,0.002602,0.016669,0.019043,0.016334,-0.001793,-0.003394,-0.001786,0.004773,0.024969,0.00019,-8.6e-05,0.002536,0.002317,-0.00078,0.122978,-0.922784,-0.100139,-0.942927,1,0,0,0,0,0,0,0,0,0,0
415,-0.000887,-0.002512,-0.000266,0.001478,0.007242,0.002512,0.004168,0.009517,0.011173,0.014424,-0.00266,-0.00266,-0.001005,0.001389,0.01336,-0.001862,-0.004138,-0.004049,-0.003842,-0.000443,-3e-05,-0.003488,-0.001507,0.001951,0.012059,0.002069,0.009636,0.026247,0.027606,0.026779,-0.001301,-0.001685,-0.003458,-0.011734,-0.034139,-0.000798,-0.001035,-0.001921,-0.016345,-0.03872,0.000956,0.003019,0.00232,-0.011214,-0.03149,-0.00035,0.005338,0.016515,0.016394,0.012807,-0.001452,-0.001215,0.002409,0.013832,0.041755,-0.000672,0.001196,0.00236,0.000799,-0.003365,0.13978,-0.919905,-0.103858,-0.941412,1,0,0,0,0,0,0,0,0,0,0
416,-0.001683,-0.000325,0.001093,0.0044,0.014826,0.000295,0.003367,0.007797,0.011045,0.011902,-0.000413,0.000591,0.00254,0.010986,0.018754,-0.00124,-0.002245,-0.002156,-0.000975,0.01013,-0.002185,-0.002628,-0.000738,0.0057,0.021116,0.00062,0.017986,0.024749,0.024956,0.022947,-0.000354,-0.000975,-0.004814,-0.016686,-0.066155,-0.000325,-0.000177,-0.007501,-0.036267,-0.036474,0.000908,0.002182,-0.00471,-0.032044,-0.031018,0.000269,0.014304,0.016672,0.013969,0.011686,-0.00013,0.001452,0.007903,0.027768,0.069104,0.000397,0.002976,0.00276,-0.000286,-0.004828,0.172993,-0.917478,-0.109725,-0.936222,1,0,0,0,0,0,0,0,0,0,0
417,5.9e-05,0.002303,0.004045,0.009803,0.022235,0.001358,0.006703,0.008357,0.011605,0.011546,0.000413,0.002067,0.004459,0.016418,0.020965,-0.001033,-0.000945,-0.000738,0.002658,0.019105,-0.00127,0.000709,0.004163,0.014262,0.030414,0.006939,0.023534,0.024892,0.024066,0.019164,-3e-05,-0.001801,-0.010069,-0.032452,-0.089796,8.9e-05,-0.000797,-0.015207,-0.03756,-0.053387,0.001152,0.000454,-0.013067,-0.033323,-0.047598,0.005412,0.016579,0.016458,0.012875,0.008504,0.000366,0.003965,0.01531,0.043042,0.090262,0.001459,0.002616,0.001065,-0.00307,-0.006677,0.196145,-0.895672,-0.1131,-0.928855,1,0,0,0,0,0,0,0,0,0,0
418,0.001299,0.002717,0.006025,0.01645,0.027732,0.001713,0.006143,0.009392,0.010248,0.007561,0.000591,0.00254,0.010987,0.018754,0.022475,3e-05,0.000118,0.001299,0.012404,0.028766,0.000827,0.002717,0.009156,0.024572,0.03928,0.010426,0.017189,0.017396,0.015387,0.003928,-0.000591,-0.00443,-0.016303,-0.065772,-0.110605,5.9e-05,-0.007265,-0.036032,-0.036238,-0.088041,0.000121,-0.006771,-0.034106,-0.033079,-0.079611,0.008621,0.01099,0.008287,0.006003,-0.002278,0.001216,0.007668,0.027535,0.068878,0.108719,0.001118,0.000903,-0.002144,-0.006687,-0.010322,0.216231,-0.857056,-0.118558,-0.917679,1,0,0,0,0,0,0,0,0,0,0
419,0.000943,0.00268,0.008424,0.020825,0.030721,0.003623,0.005272,0.008512,0.008454,-0.001031,0.00106,0.003446,0.015375,0.019911,0.02377,5.9e-05,0.000265,0.003652,0.020059,0.031723,0.001149,0.004595,0.014669,0.03078,0.045979,0.006156,0.007511,0.006686,0.001797,-0.012636,-0.001178,-0.009426,-0.031752,-0.088954,-0.133578,-0.000943,-0.015317,-0.037614,-0.053402,-0.12265,-0.000817,-0.014304,-0.03451,-0.048749,-0.100243,0.002541,0.00242,-0.001154,-0.005514,-0.009737,0.002344,0.013493,0.040745,0.087149,0.119783,3.9e-05,-0.001484,-0.005548,-0.009092,-0.013632,0.239831,-0.819813,-0.124829,-0.911934,1,0,0,0,0,0,0,0,0,0,0
420,0.000468,0.003744,0.014069,0.025242,0.034221,0.00079,0.004007,0.004855,0.002194,-0.009184,0.000877,0.009243,0.016935,0.020621,0.02258,2.9e-05,0.001199,0.012197,0.028401,0.033285,0.000731,0.007108,0.022376,0.036942,0.049987,0.000585,0.00079,-0.001199,-0.012548,-0.025388,-0.002632,-0.014391,-0.063383,-0.107783,-0.146977,-0.006318,-0.034806,-0.035011,-0.086314,-0.155868,-0.006014,-0.033085,-0.032069,-0.078152,-0.120208,-0.000178,-0.002854,-0.005116,-0.013317,-0.014224,0.003797,0.022361,0.060991,0.098217,0.120283,-0.000239,-0.003085,-0.00733,-0.010726,-0.013824,0.25553,-0.783221,-0.128735,-0.90645,1,0,0,0,0,0,0,0,0,0,0
421,0.001253,0.006937,0.019207,0.029,0.036928,0.000845,0.004051,0.003993,-0.005392,-0.01571,0.001486,0.013291,0.017779,0.021597,0.021597,0.000175,0.003527,0.019761,0.031303,0.033314,0.002681,0.012649,0.028592,0.043632,0.053425,0.000758,-5.8e-05,-0.004897,-0.019178,-0.032644,-0.005538,-0.027631,-0.084232,-0.128389,-0.159895,-0.007928,-0.029991,-0.045614,-0.114136,-0.181901,-0.007353,-0.027347,-0.041437,-0.092391,-0.128628,5.7e-05,-0.00348,-0.007794,-0.011972,-0.014832,0.006651,0.031966,0.075071,0.105384,0.119984,-0.001182,-0.004958,-0.008249,-0.012467,-0.014081,0.27202,-0.749578,-0.131792,-0.900976,1,0,0,0,0,0,0,0,0,0,0
422,0.002004,0.012258,0.023353,0.032271,0.038342,0.002353,0.003195,0.000552,-0.010747,-0.020536,0.006826,0.014465,0.018125,0.020071,0.01888,0.000988,0.011909,0.028001,0.032852,0.03352,0.00366,0.018822,0.033287,0.046242,0.052255,-0.000552,-0.002527,-0.013797,-0.026549,-0.042786,-0.006158,-0.054811,-0.098904,-0.137826,-0.17123,-0.020391,-0.020594,-0.071542,-0.140615,-0.193596,-0.019556,-0.018546,-0.06431,-0.106075,-0.123781,-0.002715,-0.004961,-0.013106,-0.014006,-0.0204,0.011189,0.047985,0.083445,0.104463,0.114874,-0.001557,-0.005601,-0.008836,-0.011787,-0.012378,0.289853,-0.728775,-0.131073,-0.892624,1,0,0,0,0,0,0,0,0,0,0
423,0.003652,0.015854,0.025593,0.033476,0.038751,0.000841,0.000783,-0.00855,-0.01881,-0.026955,0.004927,0.009391,0.013188,0.013188,0.010289,0.002348,0.018492,0.029969,0.031969,0.033708,0.00626,0.022115,0.03707,0.046809,0.050866,-0.000261,-0.005072,-0.019274,-0.032665,-0.046432,-0.015825,-0.072111,-0.116022,-0.147353,-0.174627,-0.001594,-0.017129,-0.08527,-0.152657,-0.19622,-0.000368,-0.014381,-0.06505,-0.101086,-0.113566,-0.000808,-0.005098,-0.009253,-0.012097,-0.017835,0.013324,0.054775,0.083925,0.097965,0.105611,-0.002096,-0.005262,-0.009318,-0.01087,-0.0106,0.301224,-0.705438,-0.130504,-0.890456,1,0,0,0,0,0,0,0,0,0,0
424,0.006571,0.017628,0.026515,0.032564,0.037022,0.0,-0.002634,-0.013894,-0.023649,-0.034677,0.002692,0.006339,0.008279,0.007092,0.002287,0.008539,0.024575,0.029409,0.030075,0.033317,0.008857,0.023273,0.036183,0.042174,0.046111,-0.001708,-0.012939,-0.025646,-0.041827,-0.055808,-0.03268,-0.07662,-0.115408,-0.148696,-0.167511,0.001389,-0.049382,-0.118216,-0.171013,-0.214172,0.001374,-0.044231,-0.085851,-0.103496,-0.121068,-0.001431,-0.009548,-0.010445,-0.016817,-0.019813,0.022711,0.05732,0.077834,0.087994,0.094078,-0.001869,-0.005026,-0.007906,-0.008484,-0.008419,0.311134,-0.684813,-0.129243,-0.882944,1,0,0,0,0,0,0,0,0,0,0
425,0.005594,0.015284,0.023127,0.028376,0.032384,-5.8e-05,-0.009343,-0.019551,-0.027655,-0.038843,0.001759,0.005537,0.005537,0.002653,-0.004095,0.007555,0.018975,0.020965,0.022695,0.025521,0.00695,0.02183,0.031519,0.035556,0.038786,-0.003086,-0.017216,-0.030538,-0.044236,-0.058626,-0.023444,-0.067133,-0.098305,-0.125441,-0.139254,-0.016841,-0.084637,-0.151683,-0.195025,-0.227755,-0.01531,-0.065724,-0.101577,-0.113994,-0.128411,-0.002842,-0.006977,-0.009806,-0.015515,-0.018793,0.017886,0.046019,0.059569,0.066948,0.070838,-0.001235,-0.005149,-0.006648,-0.006387,-0.006196,0.316889,-0.670727,-0.129022,-0.878986,1,0,0,0,0,0,0,0,0,0,0
426,0.005397,0.014209,0.020209,0.024629,0.028246,-0.002555,-0.013721,-0.023395,-0.034332,-0.041881,0.001866,0.003789,0.002612,-0.002153,-0.008698,0.008382,0.013176,0.013836,0.017051,0.01863,0.007377,0.02018,0.026122,0.030026,0.032839,-0.008066,-0.020668,-0.036714,-0.050579,-0.060081,-0.020237,-0.058703,-0.091714,-0.110373,-0.118095,-0.033586,-0.101847,-0.154206,-0.197006,-0.219425,-0.029986,-0.071261,-0.088759,-0.106185,-0.117842,-0.005219,-0.00611,-0.012428,-0.0154,-0.017445,0.015323,0.034674,0.044258,0.049996,0.052121,-0.001782,-0.004499,-0.005043,-0.004983,-0.004682,0.319865,-0.659766,-0.128122,-0.874067,1,0,0,0,0,0,0,0,0,0,0
427,0.004234,0.012016,0.017223,0.0212,0.023775,-0.006666,-0.016794,-0.024833,-0.035934,-0.039796,0.001888,0.001888,-0.000973,-0.007667,-0.015821,0.002975,0.004949,0.006666,0.00947,0.010242,0.00741,0.017023,0.021028,0.024232,0.025234,-0.005979,-0.019197,-0.032787,-0.047063,-0.055102,-0.023174,-0.054101,-0.081022,-0.094726,-0.102022,-0.033788,-0.100305,-0.143305,-0.175777,-0.190282,-0.020129,-0.0557,-0.068019,-0.082323,-0.090757,0.0011,-0.001707,-0.007371,-0.010623,-0.014977,0.011648,0.024467,0.031448,0.035129,0.036296,-0.001962,-0.00338,-0.003133,-0.002952,-0.002417,0.324415,-0.653726,-0.126116,-0.871012,1,0,0,0,0,0,0,0,0,0,0
428,0.004542,0.010512,0.014911,0.01851,0.020081,-0.004456,-0.014082,-0.024966,-0.032478,-0.033821,2.9e-05,-0.001143,-0.005884,-0.012397,-0.02071,0.0018,0.002457,0.005656,0.007227,0.007198,0.005342,0.011255,0.015139,0.017939,0.017653,-0.00657,-0.022538,-0.036335,-0.04579,-0.049046,-0.015139,-0.047989,-0.066556,-0.07424,-0.079839,-0.034192,-0.086295,-0.128885,-0.151194,-0.160021,-0.020974,-0.038386,-0.055727,-0.067327,-0.073981,-0.001984,-0.008272,-0.011229,-0.013264,-0.015414,0.007175,0.016435,0.02198,0.024032,0.024569,-0.000684,-0.00121,-0.001151,-0.000861,-2.1e-05,0.326184,-0.649483,-0.124083,-0.871095,1,0,0,0,0,0,0,0,0,0,0
429,0.003223,0.008415,0.01238,0.014947,0.01586,-0.005648,-0.013664,-0.024731,-0.028582,-0.030408,-2.9e-05,-0.002881,-0.009556,-0.017686,-0.023134,0.000171,0.001883,0.004678,0.005448,0.005448,0.00425,0.008244,0.011439,0.012437,0.01218,-0.006618,-0.020167,-0.034402,-0.042417,-0.042902,-0.015717,-0.04256,-0.056223,-0.063497,-0.067462,-0.032177,-0.07505,-0.107426,-0.121889,-0.124428,-0.014521,-0.026803,-0.041065,-0.049475,-0.051998,-0.000817,-0.006464,-0.009707,-0.014049,-0.012878,0.005452,0.01229,0.015896,0.017039,0.017162,-0.000711,-0.00047,-0.000292,0.000232,0.00094,0.32977,-0.649794,-0.122184,-0.870517,1,0,0,0,0,0,0,0,0,0,0
430,0.002736,0.007124,0.010714,0.012282,0.012709,-0.003961,-0.014818,-0.022312,-0.023651,-0.025846,-0.00114,-0.00587,-0.012367,-0.020659,-0.024506,0.000484,0.003676,0.005243,0.005215,0.004958,0.001653,0.005528,0.008321,0.008036,0.007865,-0.009318,-0.023081,-0.032514,-0.035762,-0.036902,-0.017069,-0.035591,-0.043256,-0.048842,-0.053144,-0.019833,-0.06232,-0.084575,-0.09338,-0.089932,-0.002865,-0.020163,-0.031735,-0.038373,-0.036189,-0.005456,-0.008406,-0.010436,-0.01258,-0.011616,0.003692,0.009143,0.011161,0.011689,0.011449,0.000189,0.000247,0.000532,0.001358,0.001746,0.332431,-0.651509,-0.120748,-0.869798,1,0,0,0,0,0,0,0,0,0,0
431,0.002449,0.006407,0.00897,0.009881,0.009995,-0.004044,-0.015092,-0.018936,-0.020759,-0.022012,-0.001709,-0.008372,-0.016487,-0.021926,-0.024176,0.001224,0.004015,0.004784,0.004784,0.004044,0.002335,0.005524,0.006521,0.006265,0.006122,-0.004214,-0.018424,-0.026425,-0.026909,-0.027735,-0.009739,-0.023378,-0.03064,-0.034598,-0.037531,-0.02298,-0.0553,-0.069737,-0.072271,-0.066434,-0.009399,-0.023635,-0.032031,-0.03455,-0.030743,-0.000185,-0.003422,-0.007756,-0.006588,-0.006199,0.003081,0.006643,0.007772,0.007894,0.007456,5.1e-05,0.000226,0.000744,0.001443,0.001607,0.334702,-0.654786,-0.119883,-0.870169,1,0,0,0,0,0,0,0,0,0,0
432,0.001937,0.005525,0.007092,0.007519,0.007605,-0.006807,-0.014298,-0.015637,-0.01783,-0.01914,-0.003019,-0.009513,-0.017801,-0.021646,-0.022216,0.001965,0.003532,0.003503,0.003247,0.002222,0.001538,0.004329,0.004044,0.003874,0.00393,-0.009541,-0.018969,-0.022216,-0.023355,-0.023811,-0.008772,-0.016434,-0.022016,-0.026317,-0.026431,-0.019482,-0.041726,-0.050527,-0.04708,-0.039647,-0.00789,-0.019456,-0.02609,-0.023907,-0.020089,-0.002763,-0.004792,-0.006936,-0.005971,-0.005128,0.002346,0.004358,0.004884,0.004645,0.00401,7e-06,0.000291,0.001115,0.001501,0.001576,0.334548,-0.658401,-0.119756,-0.871106,1,0,0,0,0,0,0,0,0,0,0
433,0.002019,0.004579,0.005489,0.005603,0.006371,-0.004238,-0.008078,-0.009898,-0.01115,-0.013112,-0.003641,-0.011747,-0.017179,-0.019426,-0.017492,0.000825,0.001593,0.001593,0.000853,-0.000398,0.00165,0.002645,0.002389,0.002247,0.002958,-0.004665,-0.012657,-0.01314,-0.013965,-0.014819,-0.004864,-0.012117,-0.01607,-0.019,-0.014932,-0.012828,-0.027248,-0.029779,-0.023949,-0.018601,-0.006342,-0.014727,-0.017243,-0.013441,-0.011938,-0.000474,-0.004803,-0.003636,-0.003247,-0.002155,0.001209,0.002329,0.00245,0.002016,0.001442,0.000167,0.000681,0.001374,0.001537,0.001645,0.3328,-0.660012,-0.120002,-0.871653,1,0,0,0,0,0,0,0,0,0,0
434,0.001562,0.003124,0.00355,0.003635,0.004601,-0.003238,-0.004572,-0.006759,-0.008066,-0.01011,-0.00284,-0.011104,-0.014939,-0.015507,-0.004118,0.000738,0.00071,0.000454,-0.000568,-0.001903,0.001136,0.000852,0.000682,0.000738,0.002158,-0.004743,-0.00798,-0.009116,-0.009571,-0.0119,-0.002783,-0.00835,-0.012638,-0.012752,-0.002357,-0.009372,-0.018148,-0.014711,-0.007299,-0.001704,-0.005201,-0.011816,-0.00964,-0.005833,-0.001396,-0.00155,-0.003687,-0.002726,-0.001885,-0.002106,0.000775,0.00129,0.001056,0.000433,-3.3e-05,0.000113,0.000921,0.001299,0.001373,0.001116,0.326945,-0.665601,-0.121024,-0.87271,1,0,0,0,0,0,0,0,0,0,0
435,0.000992,0.001899,0.002012,0.002777,0.003486,-0.000595,-0.002409,-0.003656,-0.005611,-0.007397,-0.005243,-0.010656,-0.012894,-0.010967,0.014623,2.8e-05,2.8e-05,-0.000708,-0.001955,-0.002664,-0.000142,-0.000397,-0.000538,0.00017,0.001899,-0.003231,-0.003712,-0.004534,-0.005384,-0.007085,-0.004449,-0.008388,-0.011307,-0.007255,0.031683,-0.005016,-0.007538,-0.001729,0.003599,0.02219,-0.003165,-0.005672,-0.001884,-0.000387,-0.000879,-0.002767,-0.001604,-0.001217,-0.000129,9.2e-05,0.000329,0.000446,2.3e-05,-0.000536,-0.002582,0.00039,0.001065,0.001224,0.001329,0.00081,0.297955,-0.682156,-0.12223,-0.876413,1,0,0,0,0,0,0,0,0,0,0
436,0.000566,0.00099,0.001075,0.002037,0.002971,-0.000736,-0.002915,-0.004216,-0.006253,-0.006678,-0.002999,-0.006819,-0.007385,0.003961,0.04417,-5.7e-05,-0.000311,-0.00133,-0.00266,-0.00348,-0.000141,-0.000311,-0.000255,0.00116,0.003141,0.0,-0.001132,-0.001585,-0.003905,-0.003763,-0.001104,-0.005376,-0.005489,0.004867,0.093773,-0.003735,-0.000311,0.007074,0.012648,0.035342,-0.003431,-0.001262,0.002531,0.006952,-0.018151,0.000633,0.001591,0.002428,0.002208,0.00291,0.000177,-5.1e-05,-0.000658,-0.001113,-0.00479,0.000401,0.00077,0.000842,0.000592,9.5e-05,0.242345,-0.690484,-0.123402,-0.877192,1,0,0,0,0,0,0,0,0,0,0
437,0.000339,0.000452,0.001216,0.001923,0.002404,-0.001075,-0.002319,-0.00427,-0.006051,-0.002545,-0.002404,-0.004638,-0.002715,0.02282,0.065887,5.7e-05,-0.000679,-0.001923,-0.00263,-0.006787,-0.000113,-0.000254,0.000452,0.002177,0.004779,-0.000481,-0.001301,-0.002149,-0.003846,-0.00263,-0.002828,-0.00574,-0.001697,0.037157,0.149504,0.001216,0.007013,0.012329,0.030879,0.040437,0.000927,0.004707,0.006201,0.00571,-0.036845,0.000528,0.000914,0.002,0.00222,0.000243,-6.1e-05,-0.000478,-0.001028,-0.003043,-0.006254,0.000266,0.000422,0.000526,1.5e-05,-0.00122,0.188555,-0.692781,-0.125153,-0.879345,1,0,0,0,0,0,0,0,0,0,0
438,8.5e-05,0.00017,0.00113,0.002062,0.001865,-0.001102,-0.002401,-0.004435,-0.004859,0.000706,-0.001413,-0.001978,0.009351,0.049495,0.084837,-0.000311,-0.001328,-0.002656,-0.003475,-0.035935,-5.7e-05,0.0,0.001413,0.00339,0.005848,-0.00065,-0.001102,-0.003418,-0.003277,-0.001045,-0.001441,-0.001554,0.008786,0.09755,0.24903,0.002204,0.009577,0.015142,0.037799,0.012826,0.001239,0.005026,0.00944,-0.015623,-0.079457,0.000429,0.001265,0.001046,0.001747,-0.001182,-0.000166,-0.000765,-0.001215,-0.004851,-0.007746,0.000101,0.000172,-7.6e-05,-0.000567,-0.002122,0.092343,-0.669969,-0.126685,-0.882854,0,0,1,0,0,0,0,0,0,0,0
439,2.8e-05,0.00079,0.001496,0.001976,0.001666,-0.000141,-0.002089,-0.003868,-0.000367,0.002569,-0.000819,0.001101,0.026595,0.069592,0.084244,-0.000423,-0.001666,-0.002371,-0.006522,-0.060699,-8.5e-05,0.000621,0.002343,0.004941,0.006663,-0.000169,-0.001016,-0.00271,-0.001496,0.006691,-0.001468,0.002569,0.04136,0.153525,0.339687,0.003585,0.008893,0.027413,0.036956,-0.042066,0.002535,0.004027,0.003537,-0.038949,-0.124913,-4.3e-05,0.001041,0.00126,-0.000713,0.004774,-0.000247,-0.000792,-0.002784,-0.005959,-0.008213,5.4e-05,0.000157,-0.000348,-0.001569,-0.00219,0.002086,-0.617026,-0.127658,-0.888288,0,0,1,0,0,0,0,0,0,0,0
440,5.6e-05,0.001016,0.001947,0.00175,0.000198,-0.001157,-0.003189,-0.003612,0.001947,0.003048,0.000254,0.011571,0.051673,0.086977,0.086498,-0.000593,-0.001919,-0.002737,-0.035163,-0.089094,0.000141,0.001552,0.003528,0.005983,0.007394,-0.000282,-0.002596,-0.002455,-0.000226,0.010357,0.001355,0.011684,0.100354,0.251676,0.423457,0.003782,0.009341,0.031974,0.007027,-0.10027,0.001248,0.005658,-0.019379,-0.083146,-0.124371,0.000878,0.000659,0.001359,-0.001567,0.008246,-0.000349,-0.000795,-0.004405,-0.007278,-0.008303,1.6e-05,-0.000229,-0.000717,-0.00226,-0.00311,-0.081005,-0.564349,-0.128653,-0.889427,0,0,1,0,0,0,0,0,0,0,0
441,0.000705,0.001411,0.001891,0.00158,-0.000395,-0.00079,-0.002568,0.000931,0.003866,0.004656,0.001665,0.027145,0.070121,0.084766,0.096702,-0.000649,-0.001354,-0.005502,-0.059652,-0.094896,0.000564,0.002286,0.004882,0.006603,0.007337,-0.000564,-0.002257,-0.001044,0.007139,0.011428,0.002681,0.041452,0.15356,0.339627,0.524763,0.001524,0.020034,0.029572,-0.049409,-0.133074,0.000243,-0.000247,-0.042712,-0.128632,-0.071451,0.000205,0.000425,-0.001548,0.003936,0.007793,-0.000194,-0.002179,-0.005343,-0.007589,-0.008714,8.6e-05,-0.000417,-0.001634,-0.002253,-0.003436,-0.183796,-0.538984,-0.129299,-0.888297,0,0,1,0,0,0,0,0,0,0,0
442,0.000254,0.001185,0.000988,-0.000564,-0.013406,-0.001242,-0.001665,0.003895,0.004995,0.006519,0.009652,0.049756,0.085063,0.084583,0.118393,-0.000677,-0.001496,-0.033923,-0.087857,-0.100134,0.000847,0.002822,0.005278,0.006689,0.005532,-0.00175,-0.001609,0.000621,0.011204,0.011882,0.007648,0.096323,0.247653,0.419443,0.607321,0.004036,0.02667,0.001722,-0.10558,-0.205912,0.004166,-0.020871,-0.084641,-0.125869,-0.035092,-0.000425,0.000276,-0.00265,0.007163,0.008212,-0.000252,-0.003863,-0.006738,-0.007763,-0.010922,-0.000332,-0.000819,-0.002364,-0.003213,-0.009733,-0.267139,-0.475398,-0.128481,-0.885631,0,0,1,0,0,0,0,0,0,0,0
443,0.000453,0.000934,0.000622,-0.001358,-0.013494,-0.000538,0.00297,0.005913,0.006705,-0.002518,0.015871,0.058956,0.073638,0.085605,0.137234,-2.8e-05,-0.004187,-0.058475,-0.093809,-0.116073,0.000877,0.00348,0.005205,0.005941,0.001556,5.7e-05,0.001273,0.009477,0.013777,0.008459,0.031204,0.143599,0.330141,0.51575,0.670269,0.014513,0.024075,-0.055108,-0.138988,-0.278315,-0.004668,-0.047241,-0.13338,-0.076053,-0.001643,0.000646,-0.001332,0.004166,0.008033,0.013107,-0.001764,-0.004985,-0.007271,-0.008416,-0.014187,-0.000175,-0.001414,-0.002044,-0.003248,-0.007131,-0.335167,-0.412673,-0.127711,-0.880285,0,0,1,0,0,0,0,0,0,0,0
444,0.000482,0.000284,-0.001277,-0.01419,-0.023271,0.000114,0.005704,0.006811,0.008344,-0.008826,0.024406,0.059909,0.059426,0.093425,0.140194,-0.000795,-0.033403,-0.087636,-0.099981,-0.152142,0.001107,0.003576,0.004995,0.003831,-0.002696,8.5e-05,0.002327,0.012969,0.01365,0.008457,0.057866,0.210036,0.382781,0.571703,0.679063,0.008202,-0.016886,-0.124784,-0.225673,-0.345973,-0.020495,-0.084619,-0.126076,-0.034795,0.023544,5.6e-05,-0.002886,0.006982,0.008037,0.020275,-0.00195,-0.004939,-0.006004,-0.009288,-0.014305,-0.000328,-0.001933,-0.002816,-0.009594,-0.010083,-0.371058,-0.366294,-0.126007,-0.881345,0,0,1,0,0,0,0,0,0,0,0
445,0.0,-0.000312,-0.0023,-0.014484,-0.031383,0.003408,0.006362,0.007157,-0.002102,-0.016899,0.01883,0.03357,0.045584,0.097415,0.165918,-0.00338,-0.057881,-0.093354,-0.115706,-0.174439,0.001505,0.003238,0.003976,-0.000426,-0.003749,0.001136,0.009372,0.013689,0.00835,0.00852,0.054927,0.242203,0.428542,0.583668,0.661998,0.001392,-0.078103,-0.162312,-0.302186,-0.411076,-0.022231,-0.108709,-0.051156,0.023547,0.039274,-0.002042,0.003478,0.00736,0.012453,0.029594,-0.00135,-0.0037,-0.004877,-0.010808,-0.016596,-0.000943,-0.001591,-0.002829,-0.00682,-0.014106,-0.407832,-0.315161,-0.129343,-0.876699,0,0,1,0,0,0,0,0,0,0,0
446,-0.000199,-0.001764,-0.014706,-0.023808,-0.042552,0.00219,0.003299,0.004835,-0.012373,-0.021987,0.016725,0.016241,0.050317,0.097193,0.173167,-0.029297,-0.083654,-0.096027,-0.148307,-0.19467,0.000967,0.002389,0.001223,-0.005319,-0.005234,0.001109,0.011776,0.012458,0.007253,0.007424,0.097506,0.270644,0.459996,0.567599,0.618627,-0.026538,-0.134682,-0.2358,-0.356374,-0.442815,-0.042006,-0.083557,0.007932,0.066403,0.0481,-0.000904,0.008986,0.010043,0.02231,0.035572,-0.001672,-0.002754,-0.006091,-0.011188,-0.016398,-0.000678,-0.001575,-0.008461,-0.008958,-0.021472,-0.413144,-0.293254,-0.131252,-0.872372,0,0,1,0,0,0,0,0,0,0,0
447,-0.000114,-0.002114,-0.014371,-0.031371,-0.049686,0.000771,0.001571,-0.007743,-0.022628,-0.023686,-0.001971,0.010114,0.062257,0.131171,0.171771,-0.0254,-0.061085,-0.083571,-0.142657,-0.189485,0.000771,0.001514,-0.002914,-0.006257,-0.0068,0.007171,0.011514,0.006143,0.006314,0.006657,0.090457,0.277913,0.43397,0.51277,0.533598,-0.053314,-0.138028,-0.278742,-0.388284,-0.440998,-0.044802,0.013095,0.088247,0.104067,0.086027,0.006461,0.010367,0.01549,0.032734,0.037807,-0.000726,-0.001953,-0.008137,-0.014172,-0.015243,2.4e-05,-0.001267,-0.005429,-0.013026,-0.026734,-0.419593,-0.278321,-0.133325,-0.867688,0,0,1,0,0,0,0,0,0,0,0
448,-0.001457,-0.01446,-0.023605,-0.042438,-0.056327,0.000343,0.001886,-0.015404,-0.025063,-0.019519,0.001486,0.035722,0.082819,0.15915,0.182956,-0.029207,-0.041638,-0.094164,-0.140746,-0.174297,0.000657,-0.000514,-0.007087,-0.007002,-0.007573,0.003544,0.00423,-0.001,-0.000829,0.002401,0.083476,0.273719,0.38183,0.433098,0.442243,-0.055327,-0.156921,-0.278063,-0.364912,-0.410408,0.003066,0.094986,0.153733,0.135343,0.124226,0.003474,0.004537,0.016861,0.030186,0.030963,-0.000392,-0.00384,-0.009108,-0.014491,-0.015766,-0.000951,-0.008068,-0.008581,-0.021513,-0.032569,-0.412849,-0.262179,-0.135652,-0.865188,0,0,1,0,0,0,0,0,0,0,0
449,-0.000543,-0.012805,-0.029812,-0.048134,-0.057052,0.000457,-0.008861,-0.023753,-0.02481,-0.018093,0.010604,0.062769,0.131712,0.172329,0.187792,-0.006488,-0.028983,-0.088094,-0.134942,-0.151863,8.6e-05,-0.004345,-0.007689,-0.008232,-0.009061,0.0008,-0.004573,-0.004402,-0.004059,-0.000343,0.104043,0.260165,0.338998,0.359835,0.351832,-0.029412,-0.170185,-0.279773,-0.33251,-0.361036,0.054855,0.130038,0.145865,0.127817,0.108203,0.000432,0.005558,0.022809,0.027884,0.026879,-0.000838,-0.007041,-0.013094,-0.014168,-0.015604,-0.000342,-0.004516,-0.012136,-0.025884,-0.032917,-0.402557,-0.263357,-0.13702,-0.861688,0,0,1,0,0,0,0,0,0,0,0
450,-0.012434,-0.021559,-0.040353,-0.054212,-0.059089,0.001084,-0.01617,-0.025809,-0.020276,-0.011493,0.023584,0.070581,0.146752,0.170507,0.181629,-0.005932,-0.058347,-0.104831,-0.138311,-0.142161,-0.001255,-0.007814,-0.007728,-0.008299,-0.009297,-0.000114,-0.005333,-0.005162,-0.001939,0.002966,0.086038,0.19392,0.245081,0.254207,0.244254,-0.072036,-0.192922,-0.279587,-0.324988,-0.333971,0.036996,0.09562,0.077269,0.066175,0.047624,0.000628,0.012927,0.026224,0.027,0.024201,-0.002573,-0.007763,-0.013068,-0.014324,-0.015003,-0.006676,-0.007181,-0.019924,-0.030818,-0.034579,-0.397107,-0.261446,-0.138001,-0.864792,0,0,1,0,0,0,0,0,0,0,0
451,0.000199,-0.016718,-0.034942,-0.043812,-0.0464,-0.010349,-0.025162,-0.026214,-0.019532,-0.000455,0.028374,0.09695,0.137351,0.152732,0.159499,-0.016462,-0.075257,-0.121856,-0.138687,-0.13357,-0.003156,-0.006482,-0.007023,-0.007847,-0.008302,-0.005231,-0.005061,-0.00472,-0.001024,0.006113,0.069514,0.147927,0.168654,0.160693,0.153983,-0.068206,-0.177212,-0.229667,-0.258041,-0.264438,0.037898,0.053641,0.035689,0.01618,0.007089,0.004472,0.021631,0.026679,0.02568,0.014656,-0.003457,-0.009288,-0.010322,-0.011706,-0.012543,0.002514,-0.004826,-0.01807,-0.024846,-0.028718,-0.390628,-0.260518,-0.140026,-0.866429,0,0,1,0,0,0,0,0,0,0,0
452,-0.00927,-0.027952,-0.041729,-0.046577,-0.04584,-0.006832,-0.016414,-0.010914,-0.002183,0.020468,0.018427,0.094146,0.117761,0.128817,0.132559,-0.035691,-0.0819,-0.115181,-0.119008,-0.114529,-0.003374,-0.003288,-0.003855,-0.004848,-0.005613,2.8e-05,0.000198,0.003402,0.008278,0.01219,0.037931,0.088788,0.09786,0.087966,0.078158,-0.052162,-0.138314,-0.183445,-0.192375,-0.195181,0.020487,0.002245,-0.008783,-0.027223,-0.037463,0.007766,0.020985,0.021756,0.018974,0.000475,-0.001592,-0.00668,-0.007885,-0.008536,-0.00911,-0.002949,-0.015172,-0.025622,-0.02923,-0.031536,-0.382784,-0.261665,-0.142011,-0.866066,1,0,0,0,0,0,0,0,0,0,0
453,-0.007555,-0.025624,-0.034419,-0.036985,-0.036562,-0.007893,-0.008936,-0.002312,0.016604,0.03425,0.04967,0.089727,0.104978,0.111687,0.113801,-0.022805,-0.069008,-0.085696,-0.080622,-0.079494,5.6e-05,-0.000479,-0.001297,-0.001748,-0.002481,0.000141,0.000479,0.004144,0.011219,0.012291,0.040029,0.060579,0.052686,0.046033,0.038084,-0.05621,-0.10822,-0.136353,-0.142695,-0.146416,-0.004763,-0.022563,-0.041906,-0.05092,-0.058546,0.00929,0.014296,0.013305,0.002375,-0.01393,-0.003962,-0.004937,-0.00624,-0.007028,-0.007383,-0.00408,-0.016556,-0.022938,-0.026586,-0.028478,-0.379796,-0.258646,-0.144003,-0.865318,1,0,0,0,0,0,0,0,0,0,0
454,-0.010937,-0.024531,-0.029315,-0.028587,-0.029119,-0.001622,0.003804,0.01242,0.034769,0.04414,0.025427,0.048727,0.059636,0.063329,0.064196,-0.022965,-0.055804,-0.05958,-0.055161,-0.056364,2.8e-05,-0.000531,-0.00151,-0.002266,-0.002657,2.8e-05,0.003189,0.008,0.01186,0.011748,0.010462,0.019413,0.00965,-2.8e-05,-0.002434,-0.029231,-0.073762,-0.082573,-0.085343,-0.089818,-0.013273,-0.024155,-0.04235,-0.052454,-0.054277,0.003824,0.004585,0.00184,-0.016413,-0.025525,-0.00088,-0.001977,-0.002571,-0.003093,-0.003263,-0.007266,-0.016782,-0.020067,-0.022168,-0.023565,-0.378445,-0.258155,-0.144906,-0.863775,1,0,0,0,0,0,0,0,0,0,0
455,-0.006945,-0.015611,-0.018139,-0.017722,-0.017778,0.000583,0.007111,0.02575,0.043139,0.045445,0.014222,0.02925,0.035862,0.037945,0.039306,-0.022723,-0.039167,-0.034167,-0.033056,-0.034139,-0.000556,-0.001361,-0.001806,-0.002528,-0.002667,0.000306,0.003917,0.010889,0.011945,0.011583,0.009861,0.002083,-0.004472,-0.012306,-0.011333,-0.022222,-0.049945,-0.056195,-0.059862,-0.061223,-0.004359,-0.02342,-0.032302,-0.039816,-0.040071,0.001135,0.000158,-0.010612,-0.026679,-0.029273,-4e-05,-0.001217,-0.001928,-0.002248,-0.002263,-0.004335,-0.010093,-0.013384,-0.015091,-0.015401,-0.379466,-0.257174,-0.14544,-0.863491,1,0,0,0,0,0,0,0,0,0,0
456,-0.006512,-0.01123,-0.010513,-0.011037,-0.010292,0.004773,0.013272,0.035318,0.044561,0.045637,0.008857,0.019618,0.02326,0.024115,0.026185,-0.009823,-0.013548,-0.009188,-0.010375,-0.011285,0.0,-0.000966,-0.001711,-0.002097,-0.001987,0.002814,0.00756,0.011368,0.011258,0.01192,-0.000966,-0.010595,-0.020142,-0.022515,-0.016721,-0.021853,-0.030544,-0.033276,-0.037691,-0.038601,-0.006405,-0.024353,-0.034319,-0.036118,-0.032667,-0.000377,-0.003084,-0.021089,-0.030077,-0.030645,-0.000958,-0.001497,-0.001972,-0.002127,-0.002074,-0.004511,-0.007497,-0.009405,-0.010675,-0.010442,-0.382691,-0.256857,-0.14581,-0.862832,1,0,0,0,0,0,0,0,0,0,0
457,-0.002083,-0.004577,-0.004165,-0.00422,-0.003398,0.001699,0.020088,0.037243,0.039517,0.040531,0.006029,0.012551,0.014607,0.015949,0.019704,-0.006467,-0.001535,-0.000438,-0.001507,-0.000767,-0.000795,-0.001233,-0.001946,-0.002083,-0.001452,0.000767,0.007646,0.008687,0.008331,0.009153,-0.006714,-0.013182,-0.02091,-0.01995,-0.011291,-0.005645,-0.011811,-0.015429,-0.016772,-0.016059,-0.012443,-0.021207,-0.02862,-0.028871,-0.024314,-0.000589,-0.011215,-0.027066,-0.029624,-0.02986,-0.000156,-0.000803,-0.001094,-0.001108,-0.001042,-0.000936,-0.00393,-0.005483,-0.005765,-0.005705,-0.386273,-0.25675,-0.146317,-0.862269,1,0,0,0,0,0,0,0,0,0,0
458,-0.002589,-0.00188,-0.002398,-0.001662,-0.001063,0.006704,0.028478,0.037607,0.03867,0.038479,0.004633,0.00823,0.009075,0.011119,0.014934,0.002752,0.007058,0.005886,0.004987,0.006595,-0.000164,-0.000899,-0.001281,-0.001172,0.000191,0.003924,0.007685,0.007576,0.00823,0.008584,-0.002834,-0.012263,-0.014607,-0.008884,-0.002562,-0.00297,-0.005668,-0.010029,-0.010928,-0.009701,-0.005353,-0.015196,-0.016972,-0.013564,-0.011096,-0.002088,-0.01987,-0.028748,-0.029308,-0.02858,-0.000344,-0.000779,-0.000921,-0.000873,-0.000852,-0.001836,-0.003586,-0.004749,-0.004536,-0.004791,-0.387671,-0.256999,-0.146938,-0.861826,1,0,0,0,0,0,0,0,0,0,0
459,0.000109,0.000517,0.000463,0.001279,0.001714,0.011564,0.028596,0.030854,0.031861,0.031616,0.00185,0.003891,0.005224,0.008952,0.010421,0.002149,0.003238,0.002177,0.002911,0.004571,-0.000272,-0.00098,-0.001116,-0.00049,0.001578,0.002911,0.003945,0.003592,0.004408,0.006095,-0.003592,-0.011264,-0.010312,-0.001714,0.000435,-0.003156,-0.006748,-0.008081,-0.007373,-0.006421,-0.003356,-0.010716,-0.010966,-0.006442,-0.005547,-0.008464,-0.024202,-0.026742,-0.026976,-0.024679,-0.000275,-0.000552,-0.000565,-0.000502,-0.000517,-0.001031,-0.002507,-0.002775,-0.002719,-0.003174,-0.3872,-0.256489,-0.147936,-0.862628,1,0,0,0,0,0,0,0,0,0,0
460,0.000598,8.2e-05,0.000815,0.001413,0.00201,0.010161,0.019262,0.020322,0.020132,0.019942,0.001739,0.002581,0.004619,0.008422,0.007716,0.002146,0.000978,8.2e-05,0.001684,0.003043,-0.000462,-0.000842,-0.000734,0.000625,0.002391,0.000842,0.000734,0.001386,0.001739,0.004184,-0.005814,-0.008151,-0.002445,0.003858,0.005135,0.000462,-0.003885,-0.004782,-0.003559,-0.003749,-0.006462,-0.008233,-0.004835,-0.002374,4.4e-05,-0.009276,-0.018127,-0.018685,-0.017959,-0.015108,-0.000154,-0.000292,-0.000246,-0.000225,-0.000251,-0.000693,-0.001832,-0.001623,-0.001872,-0.002052,-0.387786,-0.254635,-0.148319,-0.863162,1,0,0,0,0,0,0,0,0,0,0
461,-0.00019,-0.000244,0.00057,0.001004,0.001845,0.006837,0.009089,0.010093,0.009849,0.009632,0.000298,0.001628,0.005345,0.00681,0.004667,-0.001058,-0.002116,-0.001384,0.000271,0.001058,-0.000244,-0.00038,0.000244,0.002306,0.003337,0.00019,-0.000163,0.000651,0.002333,0.005779,-0.001845,-0.000895,0.007678,0.009822,0.012237,-0.004043,-0.005372,-0.004667,-0.003717,-0.003581,-0.000886,-0.001135,0.003377,0.004269,0.008743,-0.00643,-0.008963,-0.009196,-0.006906,-0.003325,-0.000119,-0.000132,-7e-05,-8.5e-05,-4.1e-05,-0.000762,-0.001025,-0.000969,-0.001416,-0.001065,-0.388913,-0.254597,-0.148701,-0.865512,1,0,0,0,0,0,0,0,0,0,0
462,-0.000325,0.000407,0.001003,0.001599,0.002765,0.00225,0.003307,0.003118,0.002928,0.00263,0.000542,0.002575,0.006371,0.005666,0.003524,-0.000108,-0.001003,0.000596,0.001952,0.006723,-0.000136,-2.7e-05,0.001328,0.00309,0.00366,-0.000298,0.000352,0.000705,0.003145,0.0061,-0.000488,0.005205,0.011494,0.012768,0.014015,-0.000298,-0.001193,2.7e-05,-0.000163,0.001654,-0.000882,0.002508,0.004964,0.007377,0.011629,-0.002407,-0.002964,-0.00224,0.000605,0.003583,-1.8e-05,2.8e-05,4.8e-05,2.3e-05,-4e-05,-0.000364,-0.000159,-0.000404,-0.000581,6.1e-05,-0.388917,-0.25487,-0.148403,-0.865637,1,0,0,0,0,0,0,0,0,0,0
463,0.000271,0.001083,0.001516,0.002356,0.003954,0.0,0.001002,0.000758,0.000542,-0.000623,0.000785,0.004495,0.005958,0.003818,0.001273,-0.000948,-0.000217,0.001435,0.002221,0.019227,0.0,0.000623,0.002681,0.00371,0.003954,-5.4e-05,0.000758,0.002437,0.005876,0.006228,0.001435,0.009993,0.012132,0.014542,0.012917,-0.001029,-0.000325,0.000623,0.000758,0.005876,0.000632,0.005135,0.006026,0.010492,0.015964,-0.000124,-0.000357,0.001929,0.005503,0.006609,6e-06,6.6e-05,5.2e-05,9.5e-05,-0.000353,0.000102,0.000157,-0.000283,6.3e-05,0.000827,-0.388608,-0.256027,-0.148349,-0.865784,1,0,0,0,0,0,0,0,0,0,0
464,0.00046,0.001056,0.001652,0.002816,0.003763,0.001056,0.000866,0.000677,0.000379,-0.003574,0.001245,0.005036,0.004332,0.002193,-0.010071,5.4e-05,0.001652,0.003005,0.00777,0.032597,0.000108,0.001462,0.003222,0.00379,0.004251,0.000704,0.001056,0.003493,0.006444,0.005848,0.004251,0.010532,0.011804,0.01305,0.010965,0.000135,0.001354,0.001164,0.002978,0.019195,0.002754,0.005206,0.007616,0.011863,0.024582,-0.000433,0.000291,0.003132,0.006106,0.009218,4e-05,6e-05,3.5e-05,-2.7e-05,-0.000168,0.000102,-0.000141,-0.000317,0.00032,0.000929,-0.390023,-0.267667,-0.14871,-0.866014,1,0,0,0,0,0,0,0,0,0,0
465,0.000351,0.000784,0.001622,0.003217,0.004325,-5.4e-05,-0.000297,-0.000514,-0.001676,-0.004704,0.00246,0.00392,0.001784,-0.000757,-0.028735,0.000676,0.002325,0.003109,0.020085,0.055199,0.000514,0.002568,0.003595,0.003839,0.004298,0.000108,0.001784,0.005217,0.005569,0.005136,0.004298,0.006434,0.008839,0.007218,0.002811,0.000568,0.001514,0.001649,0.006758,0.044954,0.001746,0.002635,0.007092,0.012555,0.033098,0.000199,0.002481,0.006049,0.007153,0.00949,2e-05,6e-06,4.8e-05,-0.000393,0.000268,-4.6e-05,-0.000482,-0.00014,0.000615,0.001212,-0.389145,-0.292629,-0.14864,-0.867128,1,0,0,0,0,0,0,0,0,0,0
466,0.000243,0.000837,0.001998,0.002943,0.011043,-0.000135,-0.000324,-0.000621,-0.004563,-0.006399,0.001323,0.000621,-0.001512,-0.013743,-0.055028,0.000918,0.002268,0.00702,0.03178,0.071201,0.000837,0.002592,0.003159,0.003618,0.004617,0.000243,0.002673,0.005616,0.005022,0.006102,0.001971,0.00324,0.004482,0.002403,-0.010773,0.000648,0.000459,0.002268,0.018442,0.082622,0.000702,0.003105,0.007341,0.020026,0.038144,0.000522,0.003356,0.006322,0.009426,0.010462,-0.0,-2.5e-05,-8.6e-05,-0.000225,0.001963,-0.000193,-0.000365,0.00026,0.000858,0.004353,-0.383777,-0.331255,-0.149722,-0.869422,1,0,0,0,0,0,0,0,0,0,0
467,0.000189,0.001025,0.002617,0.003723,0.018452,-0.000108,-0.000324,-0.001484,-0.004505,-0.006474,0.000135,-0.001996,-0.004532,-0.032452,-0.079282,0.000728,0.001511,0.018452,0.053493,0.118208,0.001214,0.002239,0.002482,0.00294,0.004559,0.00143,0.004856,0.005206,0.004775,0.005098,0.000162,0.002563,0.000944,-0.003453,-0.035231,0.000297,0.000432,0.00553,0.043647,0.145292,0.000186,0.004634,0.010085,0.030586,0.033957,0.001755,0.005316,0.006417,0.008749,0.007793,-1.4e-05,2.8e-05,-0.000407,0.000244,0.003004,-0.000238,9.9e-05,0.000843,0.001432,0.007499,-0.364448,-0.390471,-0.150587,-0.868335,1,0,0,0,0,0,0,0,0,0,0
468,0.000404,0.001563,0.002507,0.010594,0.026094,-8.1e-05,-0.000377,-0.004313,-0.006146,-0.004744,-0.000836,-0.002965,-0.015176,-0.056393,-0.099334,0.00062,0.005364,0.030083,0.069439,0.148529,0.000539,0.001105,0.001563,0.002561,0.003504,0.000997,0.003936,0.003343,0.004421,0.005149,0.001105,0.002345,0.00027,-0.012885,-0.049626,-0.000485,0.001321,0.017468,0.081543,0.233738,0.002213,0.006442,0.019107,0.037195,0.032225,0.001075,0.004036,0.007135,0.008169,0.004229,-1.1e-05,-7.1e-05,-0.000208,0.001955,0.006879,6.6e-05,0.000684,0.001275,0.00473,0.010998,-0.351754,-0.475741,-0.150191,-0.870196,1,0,0,0,0,0,0,0,0,0,0
469,0.000431,0.002021,0.003125,0.017836,0.03322,-0.000135,-0.001293,-0.004311,-0.006278,0.009726,-0.001293,-0.003826,-0.031712,-0.078484,-0.120973,0.000162,0.017082,0.05208,0.116716,0.174077,0.000485,0.000727,0.001185,0.002802,0.001697,0.002425,0.002775,0.002344,0.002667,0.00485,0.001293,-0.000323,-0.004715,-0.036453,-0.070778,0.00062,0.005712,0.043782,0.145302,0.295561,0.002231,0.007675,0.02815,0.031517,0.034008,0.002481,0.003581,0.005911,0.004955,-0.012027,5.2e-05,-0.000379,0.000266,0.003003,0.009254,0.000268,0.001006,0.001589,0.007605,0.013219,-0.333841,-0.533451,-0.147333,-0.870104,1,0,0,0,0,0,0,0,0,0,0
470,0.000727,0.00167,0.009752,0.025242,0.032973,-0.000162,-0.004095,-0.005927,-0.004526,0.020231,-0.000835,-0.013038,-0.054228,-0.097141,-0.144984,0.00458,0.029282,0.068613,0.147651,0.181351,8.1e-05,0.000539,0.001536,0.002478,0.002424,0.000512,-8.1e-05,0.000997,0.001724,0.003421,-5.4e-05,-0.002128,-0.015274,-0.051992,-0.128578,0.001185,0.017322,0.081355,0.23345,0.383283,0.001996,0.014652,0.032728,0.027762,0.022807,0.000478,0.003575,0.004608,0.000671,-0.023494,-0.000112,-0.000249,0.001904,0.006806,0.014825,0.000347,0.000935,0.004374,0.010614,0.011971,-0.280276,-0.620814,-0.148042,-0.8692,1,0,0,0,0,0,0,0,0,0,0
471,0.000862,0.001966,0.016672,0.032051,0.032051,-0.000997,-0.004013,-0.005979,0.010019,0.020227,-0.001697,-0.029573,-0.076329,-0.118803,-0.157156,0.012335,0.047322,0.111935,0.169276,0.186944,0.000162,0.000619,0.002235,0.001131,0.001778,-0.000162,-0.000593,-0.000269,0.001912,0.003421,-0.001562,-0.005952,-0.03768,-0.071993,-0.156348,0.003905,0.041962,0.143447,0.293654,0.453827,0.003447,0.023915,0.027281,0.029771,0.039436,0.000622,0.00295,0.001995,-0.014982,-0.023384,-0.000319,0.000326,0.003055,0.009292,0.019218,0.00039,0.000972,0.006972,0.012573,0.01177,-0.254701,-0.690172,-0.145591,-0.86759,1,0,0,0,0,0,0,0,0,0,0
472,8.1e-05,0.008167,0.023665,0.0314,0.030511,-0.002938,-0.004771,-0.003369,0.021401,0.026441,-0.010512,-0.051723,-0.094659,-0.142527,-0.172607,0.012371,0.051723,0.130803,0.164521,0.180962,0.000296,0.001294,0.002237,0.002183,0.002857,-0.000431,0.000647,0.001375,0.003073,0.011482,-0.000512,-0.013665,-0.050402,-0.127029,-0.186218,0.012237,0.076304,0.228481,0.378393,0.520193,0.009213,0.027299,0.022331,0.017373,0.068288,0.002476,0.00351,-0.000429,-0.024607,-0.020991,0.000183,0.002344,0.007265,0.015313,0.025907,0.000199,0.003651,0.009914,0.011276,0.010992,-0.223691,-0.758265,-0.143281,-0.872778,1,0,0,0,0,0,0,0,0,0,0
473,0.001025,0.015753,0.031155,0.031155,0.029942,-8.1e-05,-0.00205,0.013973,0.024196,0.029213,-0.017399,-0.064226,-0.106765,-0.145176,-0.176062,0.022659,0.08737,0.144799,0.162494,0.172879,0.000162,0.00178,0.000674,0.001322,0.002428,0.0,0.000324,0.002509,0.004019,0.009657,-0.003884,-0.03566,-0.070026,-0.15451,-0.22556,0.025868,0.127508,0.277945,0.438361,0.568675,0.011279,0.01465,0.017143,0.026823,0.087706,-0.000146,-0.001103,-0.018105,-0.02652,-0.025442,0.000467,0.003226,0.009529,0.019562,0.035655,0.000388,0.006453,0.012114,0.011302,0.010589,-0.183198,-0.820574,-0.139168,-0.872685,1,0,0,0,0,0,0,0,0,0,0
474,0.007083,0.022628,0.030388,0.029495,0.028603,-0.001757,-0.000351,0.024494,0.02955,0.028495,-0.023899,-0.066966,-0.114981,-0.145152,-0.163888,0.016762,0.096083,0.129904,0.146396,0.154236,0.000838,0.001784,0.00173,0.002406,-0.000108,0.001081,0.001811,0.003515,0.01195,0.009679,-0.0093,-0.046149,-0.12301,-0.18238,-0.256402,0.038336,0.190977,0.341347,0.483579,0.588044,0.006837,0.001853,-0.00312,0.04795,0.09727,0.001184,-0.002767,-0.027019,-0.023393,-0.024911,0.001733,0.00676,0.014981,0.025804,0.047446,0.003132,0.00953,0.010922,0.010631,0.011076,-0.147766,-0.86342,-0.134591,-0.871582,1,0,0,0,0,0,0,0,0,0,0
475,0.007709,0.023207,0.023207,0.021986,0.022312,-0.000217,0.015906,0.026193,0.031242,0.027333,-0.023126,-0.065931,-0.104583,-0.135661,-0.147984,0.048288,0.106075,0.123881,0.134331,0.145514,0.000787,-0.000326,0.000326,0.001439,-0.001113,-0.00076,0.001439,0.002959,0.008632,0.008767,-0.022637,-0.057218,-0.14223,-0.213725,-0.29453,0.063786,0.215164,0.376584,0.507713,0.600461,-0.003472,-0.000963,0.008778,0.070041,0.114256,-0.002151,-0.01926,-0.027727,-0.026643,-0.023259,0.0011,0.007685,0.018165,0.034976,0.065303,0.003115,0.009029,0.00818,0.007435,0.008686,-0.100583,-0.90865,-0.133266,-0.872233,1,0,0,0,0,0,0,0,0,0,0
476,0.007913,0.015717,0.014819,0.013922,0.01569,0.001631,0.026621,0.031705,0.030645,0.016397,-0.020149,-0.068441,-0.098787,-0.117631,-0.132668,0.031406,0.065423,0.08201,0.089895,0.095932,0.000163,0.000109,0.000789,-0.00174,-0.001169,0.001496,0.003209,0.011692,0.009408,0.009164,-0.014384,-0.09169,-0.151403,-0.225853,-0.313709,0.089623,0.240863,0.383917,0.488986,0.54258,-0.001534,-0.006536,0.044829,0.094435,0.114963,-0.001819,-0.026211,-0.022564,-0.024091,-0.01059,0.00412,0.01268,0.023948,0.046481,0.079,0.003507,0.004956,0.004654,0.005117,0.00657,-0.058658,-0.911395,-0.13422,-0.873043,1,0,0,0,0,0,0,0,0,0,0
477,0.007635,0.007635,0.006408,0.006735,0.008889,0.014561,0.024895,0.029967,0.026041,0.004826,-0.022796,-0.061625,-0.092847,-0.105226,-0.117797,0.026559,0.044446,0.054945,0.066179,0.063807,-0.001282,-0.000627,0.000491,-0.002072,-0.001336,0.000709,0.002236,0.007935,0.008071,0.00709,-0.020314,-0.105717,-0.17754,-0.258717,-0.326831,0.062198,0.224359,0.35609,0.449264,0.472959,0.004059,0.013844,0.075389,0.119807,0.131762,-0.015363,-0.023869,-0.02278,-0.01938,0.000217,0.002598,0.01342,0.030779,0.062093,0.08764,0.00253,0.001654,0.000885,0.002176,0.004377,-0.031912,-0.925657,-0.133782,-0.871894,1,0,0,0,0,0,0,0,0,0,0
478,0.000191,-0.00071,-0.001611,0.000164,0.002102,0.01051,0.015615,0.01455,0.000246,-0.013841,-0.025661,-0.056127,-0.075045,-0.090142,-0.10016,0.007562,0.024214,0.032131,0.038191,0.039529,0.001228,0.001911,-0.000628,-5.5e-05,-0.000928,0.00101,0.009527,0.007234,0.006989,0.006361,-0.057273,-0.117222,-0.191967,-0.280171,-0.330374,0.089568,0.233189,0.338672,0.392479,0.42977,-0.009085,0.042483,0.092285,0.112894,0.141336,-0.009108,-0.005446,-0.006979,0.006576,0.019288,0.006181,0.017765,0.040929,0.074359,0.096783,-0.00106,-0.001371,-0.000896,0.000599,0.003034,-0.008691,-0.943495,-0.132789,-0.874362,1,0,0,0,0,0,0,0,0,0,0
479,-0.000192,-0.00143,-0.0011,0.001072,0.003684,-0.000165,0.004948,0.00099,-0.020399,-0.026144,-0.013306,-0.044784,-0.057265,-0.069938,-0.080248,0.010419,0.021004,0.03233,0.029938,0.03123,-0.000577,0.00055,-0.002034,-0.001292,-0.003436,0.000522,0.006268,0.006406,0.005416,0.004481,-0.028426,-0.100839,-0.182681,-0.251355,-0.301665,0.073292,0.206104,0.300043,0.323933,0.341033,0.019015,0.081065,0.125847,0.1379,0.148865,0.000596,0.001695,0.005122,0.02488,0.028775,0.004966,0.023347,0.056506,0.083557,0.107869,0.000186,-0.000628,0.000739,0.003069,0.005902,0.018117,-0.944223,-0.130555,-0.878131,1,0,0,0,0,0,0,0,0,0,0
480,-0.00072,-0.001634,0.000166,0.002133,0.005374,0.005346,0.004266,-0.010249,-0.024542,-0.02673,-0.017506,-0.036702,-0.05202,-0.062186,-0.072075,0.006399,0.014432,0.020581,0.021938,0.033268,0.001274,-0.001302,-0.00072,-0.001607,-0.004654,0.008116,0.005789,0.00554,0.004903,0.003767,-0.032187,-0.10803,-0.197528,-0.248469,-0.289104,0.071881,0.178914,0.233511,0.271349,0.31686,0.033167,0.0837,0.104612,0.133471,0.165053,0.003115,0.001559,0.015313,0.028213,0.028182,0.007593,0.033245,0.070266,0.0951,0.11682,-0.000541,-1.4e-05,0.001641,0.004338,0.007782,0.030651,-0.990689,-0.128665,-0.881791,1,0,0,0,0,0,0,0,0,0,0
481,-0.000528,-0.000195,0.002001,0.004642,0.008116,-0.000195,-0.004197,-0.025821,-0.03163,-0.032131,-0.014259,-0.026877,-0.039691,-0.050114,-0.059064,0.00428,0.015732,0.013314,0.01462,0.024154,-0.000139,-0.002752,-0.002001,-0.004169,-0.007366,-0.002335,-0.002196,-0.003196,-0.004141,-0.003752,-0.040914,-0.123658,-0.193089,-0.243953,-0.277612,0.062149,0.157123,0.181276,0.198565,0.239117,0.029454,0.07473,0.086916,0.098001,0.128021,-0.002015,0.00145,0.021425,0.025364,0.025161,0.012071,0.047875,0.077083,0.103335,0.125755,-0.000326,0.001151,0.003667,0.006726,0.010431,0.050379,-0.985654,-0.126442,-0.884557,1,0,0,0,0,0,0,0,0,0,0
482,-0.00039,0.001421,0.0034,0.00666,0.010868,-0.000892,-0.015494,-0.029873,-0.032075,-0.030459,-0.005016,-0.020427,-0.030654,-0.040602,-0.046259,0.00379,0.009976,0.011342,0.02274,0.019674,-0.002452,-0.001867,-0.002759,-0.005824,-0.007803,0.0,-0.000251,-0.000892,-0.002034,0.003623,-0.03528,-0.125318,-0.176566,-0.217447,-0.254008,0.045368,0.100294,0.13836,0.184146,0.175702,0.021307,0.042345,0.071379,0.103151,0.097439,0.000455,0.014292,0.02727,0.027239,0.030276,0.014462,0.053076,0.078977,0.101631,0.129421,0.000881,0.002608,0.00542,0.009013,0.012806,0.066446,-0.983269,-0.124781,-0.890057,1,0,0,0,0,0,0,0,0,0,0
483,0.000724,0.002925,0.005571,0.009053,0.013454,-0.00312,-0.02479,-0.030612,-0.031113,-0.026991,-0.007632,-0.020473,-0.030918,-0.039887,-0.046349,0.007688,0.005264,0.006574,0.016128,0.017297,-0.000167,0.000585,-0.001588,-0.004791,-0.005543,0.000139,-0.000863,-0.001811,-0.001421,0.007381,-0.047658,-0.117238,-0.168211,-0.201942,-0.234531,0.049831,0.074036,0.091361,0.132,0.136262,0.024076,0.036288,0.047397,0.077481,0.081032,0.003018,0.023036,0.026983,0.026779,0.030649,0.021928,0.051577,0.078224,0.100982,0.12417,0.00062,0.003175,0.006279,0.010041,0.013363,0.081148,-0.987397,-0.123545,-0.894745,1,0,0,0,0,0,0,0,0,0,0
484,0.001087,0.003065,0.006325,0.010532,0.013875,-0.011479,-0.025856,-0.028057,-0.026441,-0.022039,-0.007774,-0.017999,-0.027946,-0.033602,-0.042407,-0.001505,-0.000139,0.011256,0.008192,0.010978,0.000752,-0.000139,-0.003204,-0.005182,-0.0056,-0.00039,-0.001031,-0.002173,0.003483,0.01368,-0.042351,-0.09359,-0.134464,-0.17102,-0.199216,0.005071,0.043131,0.088909,0.080467,0.08799,-0.003048,0.02598,0.057747,0.052036,0.057613,0.010816,0.023791,0.023761,0.026798,0.032004,0.016594,0.042466,0.065093,0.092851,0.110464,0.001103,0.003912,0.0075,0.011289,0.013962,0.092212,-0.987422,-0.122545,-0.901508,1,0,0,0,0,0,0,0,0,0,0
485,0.001116,0.003766,0.007252,0.011659,0.012942,-0.010209,-0.016038,-0.01654,-0.012412,-0.010627,-0.005076,-0.015536,-0.024518,-0.030989,-0.035284,-0.00092,0.00039,0.009958,0.011129,0.011631,0.0,-0.002176,-0.005383,-0.006136,-0.007336,-0.000614,-0.001562,-0.001171,0.007643,0.014476,-0.027279,-0.078323,-0.112101,-0.144735,-0.16083,0.019162,0.036512,0.077207,0.081475,0.075366,0.015281,0.026405,0.056531,0.060087,0.054182,0.009218,0.013171,0.012967,0.016842,0.021504,0.013217,0.040124,0.063104,0.086519,0.09789,0.001468,0.004603,0.008401,0.011756,0.013682,0.095356,-0.979388,-0.121495,-0.903397,1,0,0,0,0,0,0,0,0,0,0
486,0.000864,0.004125,0.008333,0.011678,0.011929,-0.004181,-0.006382,-0.004766,-0.000362,-0.00053,-0.005156,-0.015106,-0.020764,-0.029571,-0.033863,0.002285,0.013685,0.010619,0.013406,0.011901,-0.000892,-0.003958,-0.005937,-0.006355,-0.008975,-2.8e-05,-0.001171,0.004487,0.014688,0.014827,-0.023997,-0.064884,-0.101451,-0.129657,-0.137711,0.018925,0.064717,0.056272,0.063797,0.058948,0.013769,0.045546,0.039833,0.045412,0.042333,0.003768,0.003738,0.006776,0.011984,0.011907,0.012782,0.03546,0.063278,0.08093,0.084514,0.001355,0.004951,0.008749,0.011428,0.013212,0.098682,-0.983488,-0.11999,-0.905859,1,0,0,0,0,0,0,0,0,0,0
487,0.001788,0.005281,0.009697,0.010982,0.011094,-0.001649,-0.002152,0.001984,0.003772,0.003241,-0.005309,-0.014307,-0.02079,-0.025094,-0.032247,-0.000978,0.008607,0.00978,0.010283,0.009166,-0.001285,-0.004499,-0.005253,-0.006455,-0.010451,-0.000922,-0.000531,0.008299,0.015146,0.01495,-0.027078,-0.060918,-0.093612,-0.109735,-0.117727,-0.001593,0.039177,0.043453,0.037333,0.042251,-0.00266,0.027521,0.031083,0.025168,0.031249,0.000182,-2.3e-05,0.00386,0.00853,0.008335,0.014237,0.037513,0.06123,0.072747,0.073108,0.001795,0.005642,0.00904,0.010991,0.013572,0.101006,-0.98668,-0.117816,-0.908372,1,0,0,0,0,0,0,0,0,0,0
488,0.001489,0.00573,0.009101,0.009353,0.009185,-0.000562,0.001067,0.005505,0.005337,0.001854,-0.004691,-0.010393,-0.019269,-0.023594,-0.028819,0.012471,0.009382,0.01219,0.010674,0.009859,-0.001798,-0.003792,-0.004213,-0.006854,-0.011853,-0.000225,0.005477,0.015758,0.015898,0.015842,-0.013988,-0.05084,-0.079266,-0.087383,-0.093057,0.04775,0.03924,0.046824,0.041936,0.044492,0.034699,0.028941,0.034564,0.031461,0.034855,-0.000214,0.002848,0.008097,0.00802,0.010826,0.009184,0.038557,0.057195,0.060979,0.061176,0.001936,0.005945,0.008774,0.010658,0.014056,0.101479,-0.98807,-0.115474,-0.911126,1,0,0,0,0,0,0,0,0,0,0
489,0.00203,0.006485,0.007782,0.007895,0.007247,5.6e-05,0.00423,0.006034,0.005499,8.5e-05,-0.004371,-0.010912,-0.015255,-0.022473,-0.024927,-0.002848,-0.001664,-0.001156,-0.002284,-0.002876,-0.001438,-0.002199,-0.003412,-0.007444,-0.012914,0.00062,0.009531,0.016439,0.016242,0.015424,-0.020105,-0.053096,-0.069366,-0.07743,-0.079883,-0.006796,-0.002481,-0.008657,-0.003694,-0.003102,-0.004378,-0.000784,-0.006752,-0.000617,0.000565,8e-06,0.003926,0.008638,0.008442,0.01244,0.01536,0.040625,0.052894,0.053279,0.053191,0.002109,0.005729,0.007807,0.010557,0.014182,0.101045,-0.990124,-0.112966,-0.913461,1,0,0,0,0,0,0,0,0,0,0
490,0.002232,0.005623,0.005877,0.005708,0.004351,0.001582,0.006047,0.005877,0.002373,-0.001752,-0.001356,-0.010285,-0.014636,-0.019892,-0.020315,-0.000254,0.002571,0.001045,0.000226,-0.000254,-0.000565,-0.000989,-0.003645,-0.008674,-0.01458,0.005114,0.015456,0.015597,0.01554,0.014354,-0.016925,-0.045519,-0.053685,-0.059392,-0.05863,-0.001752,0.005877,0.000961,0.003532,0.000932,-0.001404,0.004251,0.00113,0.004545,0.002346,0.003072,0.008352,0.008274,0.011097,0.013509,0.015034,0.03446,0.038404,0.03861,0.037564,0.002039,0.004988,0.006952,0.010493,0.013895,0.099358,-0.99153,-0.11036,-0.917681,1,0,0,0,0,0,0,0,0,0,0
491,0.002233,0.003533,0.003646,0.002996,0.001611,0.0026,0.004409,0.003872,-0.001554,-0.003505,-0.0052,-0.009553,-0.016788,-0.019247,-0.018117,0.001441,0.00195,0.00082,0.000226,-0.000565,-0.000198,-0.001413,-0.005455,-0.010938,-0.016449,0.003816,0.01074,0.010542,0.009722,0.008988,-0.016138,-0.032446,-0.040529,-0.042988,-0.039144,0.006077,-0.000113,0.004861,0.005455,0.000367,0.005007,-0.000975,0.005175,0.006359,0.001883,0.000854,0.005578,0.005381,0.009388,0.010157,0.010616,0.023087,0.023478,0.023388,0.020994,0.001636,0.003748,0.006543,0.010228,0.013231,0.096411,-0.989458,-0.107957,-0.918133,1,0,0,0,0,0,0,0,0,0,0
492,0.001159,0.001413,0.001244,-0.000113,-0.001385,0.001865,0.001696,-0.001809,-0.005936,-0.006614,-0.003731,-0.008084,-0.013341,-0.013765,-0.012041,0.001385,-0.000141,-0.000961,-0.001441,-0.002516,-0.000226,-0.002883,-0.007914,-0.013821,-0.018287,0.006529,0.00667,0.006614,0.005427,0.004183,-0.012465,-0.020633,-0.026343,-0.025579,-0.019672,0.001555,-0.003363,-0.000791,-0.003392,-0.00749,0.00065,-0.002472,0.000943,-0.001257,-0.004554,0.004428,0.00435,0.007174,0.009587,0.008697,0.008851,0.012805,0.013011,0.011963,0.008077,0.001319,0.003287,0.006837,0.010247,0.012461,0.0931,-0.989603,-0.106094,-0.91975,1,0,0,0,0,0,0,0,0,0,0
493,0.000141,0.000254,-0.000395,-0.001779,-0.003276,-5.6e-05,-0.000593,-0.006016,-0.007964,-0.00884,-0.000621,-0.007851,-0.010309,-0.009179,-0.00771,-0.000876,-0.002005,-0.002598,-0.003389,-0.005084,-0.000988,-0.005027,-0.010506,-0.016014,-0.019742,0.000395,0.000198,-0.000621,-0.001356,-0.003446,-0.003841,-0.011918,-0.014376,-0.010535,-0.005027,-0.007739,-0.002768,-0.002175,-0.007258,-0.010619,-0.006627,-0.000482,0.000701,-0.003771,-0.005691,0.000296,9.9e-05,0.004104,0.004872,0.003441,0.003605,0.003994,0.003905,0.001522,-0.002258,0.00079,0.00357,0.007237,0.010225,0.011699,0.090909,-0.989198,-0.10446,-0.920444,1,0,0,0,0,0,0,0,0,0,0
494,0.000113,-5.6e-05,-0.001411,-0.002682,-0.003613,-0.000113,-0.003613,-0.007735,-0.008412,-0.00988,-0.003726,-0.008977,-0.0094,-0.007678,-0.006662,-0.000649,-0.001468,-0.001948,-0.00302,-0.006747,-0.001665,-0.00669,-0.01259,-0.01705,-0.019421,-0.000254,-0.000311,-0.001496,-0.002738,-0.004855,-0.004319,-0.010021,-0.009259,-0.003359,0.000706,0.002823,0.005392,0.002795,-0.001299,-0.004008,0.003506,0.006917,0.00472,0.001427,0.002261,-0.000373,0.002447,0.004857,0.003968,0.003182,0.000326,0.00053,-0.000508,-0.004359,-0.007325,0.001163,0.004682,0.008061,0.010255,0.011207,0.089042,-0.988703,-0.103625,-0.92102,1,0,0,0,0,0,0,0,0,0,0
495,0.0,-0.00065,-0.002035,-0.003532,-0.003843,-0.000424,-0.00585,-0.0078,-0.008676,-0.010541,-0.003504,-0.005963,-0.004832,-0.003363,-0.002459,-0.00048,-0.001074,-0.001865,-0.003561,-0.009439,-0.002374,-0.007856,-0.013367,-0.017097,-0.018001,5.7e-05,-0.000763,-0.001498,-0.003589,-0.004889,-0.003759,-0.006217,-0.002374,0.003137,0.006302,0.002148,0.002741,-0.002346,-0.005708,-0.007461,0.00264,0.003823,-0.000652,-0.002572,0.001419,0.000177,0.004183,0.004952,0.003521,0.004026,6.2e-05,-2.8e-05,-0.00242,-0.006216,-0.008636,0.00162,0.005301,0.008302,0.009782,0.010232,0.088449,-0.989683,-0.102614,-0.922266,1,0,0,0,0,0,0,0,0,0,0
496,-0.00017,-0.001528,-0.002802,-0.003736,-0.003538,-0.003085,-0.007217,-0.007896,-0.009368,-0.011377,-0.001755,-0.002179,-0.000453,0.000566,0.002264,-0.00034,-0.000821,-0.001896,-0.005632,-0.011462,-0.00266,-0.008575,-0.013047,-0.015424,-0.015594,-0.000113,-0.001302,-0.002547,-0.00467,-0.005066,-0.001953,-0.001189,0.004726,0.008802,0.010952,0.000425,-0.002179,-0.006283,-0.009,-0.0105,0.000777,-0.001426,-0.004728,-0.003892,0.000407,0.00265,0.005067,0.004176,0.003387,0.004958,0.000145,-0.000912,-0.004832,-0.007852,-0.008531,0.001946,0.005386,0.00762,0.008589,0.008958,0.089807,-0.990909,-0.100743,-0.922917,1,0,0,0,0,0,0,0,0,0,0
497,-0.000482,-0.00187,-0.003371,-0.003683,-0.001388,-0.002351,-0.004306,-0.005184,-0.007054,-0.008244,-0.000708,0.000425,0.001898,0.002805,0.005439,-0.000255,-0.001048,-0.002748,-0.008641,-0.012097,-0.002833,-0.008357,-0.012097,-0.013004,-0.01238,-0.000708,-0.001445,-0.003541,-0.004844,-0.003145,-0.00051,0.003343,0.008867,0.01204,0.013768,0.00017,-0.004929,-0.008301,-0.010057,-0.012437,0.000409,-0.004077,-0.006003,-0.002001,-0.000877,0.001364,0.002134,0.0007,0.001206,0.003927,-0.000238,-0.002672,-0.006535,-0.008998,-0.008127,0.001787,0.00484,0.006346,0.006804,0.008209,0.090836,-0.992003,-0.098888,-0.926183,1,0,0,0,0,0,0,0,0,0,0
498,-0.00088,-0.002157,-0.003094,-0.002895,0.001646,-0.001788,-0.002469,-0.003945,-0.005961,-0.007295,0.000284,0.002015,0.003037,0.00474,0.009622,-0.000227,-0.001306,-0.005052,-0.010899,-0.013539,-0.003094,-0.007578,-0.009963,-0.010133,-0.007947,-0.000483,-0.001731,-0.00386,-0.004258,-0.002498,0.001277,0.007209,0.011297,0.013454,0.017711,-0.002782,-0.006897,-0.009622,-0.011126,-0.015895,-0.002619,-0.00593,-0.005092,-0.000781,-0.002872,0.001057,0.000164,-0.000627,0.000948,0.003813,-0.000838,-0.004839,-0.007921,-0.008615,-0.007843,0.001701,0.003981,0.004969,0.005346,0.007295,0.089429,-0.989989,-0.098103,-0.926496,1,0,0,0,0,0,0,0,0,0,0
499,-0.000513,-0.002024,-0.002337,-2.9e-05,0.005045,-0.000171,-0.001055,-0.002936,-0.004133,-0.00513,0.000855,0.002337,0.003249,0.0059,0.012797,-0.00057,-0.00228,-0.008209,-0.011686,-0.014394,-0.002451,-0.006213,-0.007126,-0.006498,0.000485,-0.000257,-0.002366,-0.003677,-0.001967,0.000143,0.002594,0.008152,0.011344,0.013082,0.020293,-0.002337,-0.005729,-0.007496,-0.00989,-0.015249,-0.001884,-0.003821,0.000205,0.001337,-0.001327,-0.000286,-0.00173,-0.00122,0.001518,0.004788,-0.001676,-0.005706,-0.008276,-0.007367,-0.007537,0.001434,0.003005,0.003483,0.004949,0.003669,0.087754,-0.988395,-0.097044,-0.928368,1,0,0,0,0,0,0,0,0,0,0
500,-0.00077,-0.00171,-0.001511,0.00305,0.008552,-0.000513,-0.001996,-0.00402,-0.005359,-0.005131,0.000884,0.00191,0.00362,0.008524,0.016705,-0.000513,-0.004276,-0.010149,-0.0128,-0.015109,-0.002053,-0.004447,-0.004618,-0.002423,0.007583,-0.000998,-0.003136,-0.003535,-0.001767,0.000399,0.003364,0.007469,0.009635,0.013912,0.021723,-0.001796,-0.004533,-0.006044,-0.010833,-0.016648,-0.001442,-0.0006,0.00373,0.00163,-0.00185,-0.000611,-0.001405,0.000177,0.003054,0.005406,-0.002446,-0.005624,-0.006338,-0.005543,-0.004969,0.000914,0.001934,0.002322,0.004331,0.000946,0.087562,-0.986187,-0.09724,-0.92749,1,0,0,0,0,0,0,0,0,0,0
501,-0.000743,-0.001057,0.001257,0.00634,0.013679,-0.000371,-0.002256,-0.003456,-0.004455,-0.001456,0.0006,0.001514,0.00417,0.011081,0.021133,-0.001199,-0.00714,-0.010624,-0.013337,-0.015936,-0.001714,-0.002627,-0.001999,0.004998,0.019534,-0.001114,-0.002427,-0.000714,0.001399,0.010167,0.002199,0.005398,0.00714,0.014365,0.023418,-0.001599,-0.00337,-0.005769,-0.011138,-0.01762,-0.000497,0.003537,0.004671,0.002001,-0.00182,-0.000834,-0.000323,0.00242,0.005697,0.01217,-0.001609,-0.004214,-0.003292,-0.003465,-0.002211,0.000667,0.001152,0.002637,0.00134,-0.004062,0.087871,-0.984669,-0.098829,-0.936039,1,0,0,0,0,0,0,0,0,0,0
502,-0.0002,0.0,0.004574,0.010092,0.021126,-0.001115,-0.003145,-0.004488,-0.00426,0.00303,0.000429,0.002144,0.007061,0.015266,0.027044,-0.002573,-0.008462,-0.011121,-0.013436,-0.014751,-0.000686,-0.000858,0.001344,0.011378,0.034191,-0.001029,-0.001429,0.000343,0.002516,0.020926,0.001915,0.004088,0.008376,0.016209,0.027016,-0.001144,-0.002659,-0.007461,-0.013293,-0.016581,0.001341,0.005683,0.003577,8.8e-05,-0.001825,3.9e-05,0.001625,0.004511,0.006869,0.019216,-0.00162,-0.002349,-0.001538,-0.000952,0.000147,0.000368,0.000764,0.002813,-0.00064,-0.009732,0.088122,-0.98368,-0.104001,-0.945307,1,0,0,0,0,0,0,0,0,0,0
503,-0.000114,0.002202,0.007292,0.01464,0.02745,-0.000772,-0.001973,-0.002974,2.9e-05,0.005004,0.000486,0.003145,0.010065,0.02013,0.033455,-0.003374,-0.006863,-0.009579,-0.012181,-0.012238,-0.000229,0.0004,0.007406,0.02196,0.043578,-0.000286,0.00143,0.003546,0.012324,0.025334,0.001287,0.003031,0.010265,0.01933,0.031568,-0.000629,-0.003031,-0.008407,-0.014898,-0.015698,0.002697,0.003832,0.001159,-0.002666,-0.003344,0.000473,0.003219,0.006501,0.012982,0.021998,-0.001006,-7.6e-05,-0.000249,0.001016,0.002156,0.00012,0.001619,0.00031,-0.00514,-0.012225,0.089052,-0.982167,-0.103368,-0.947986,1,0,0,0,0,0,0,0,0,0,0
504,0.000315,0.004893,0.010416,0.021461,0.03534,-0.001259,-0.002604,-0.002375,0.004922,0.005523,0.00123,0.006152,0.014365,0.026154,0.042064,-0.002518,-0.005179,-0.007497,-0.008813,-0.009014,5.7e-05,0.002261,0.012305,0.035139,0.05331,-0.000114,0.00166,0.003834,0.022263,0.029073,0.000887,0.005179,0.01302,0.023836,0.035912,-0.000887,-0.005694,-0.011532,-0.014823,-0.015166,0.001647,-0.000461,-0.003954,-0.005868,-0.005767,0.001115,0.004003,0.006363,0.018723,0.02542,0.000277,0.001093,0.001683,0.002789,0.006673,0.000278,0.00234,-0.001135,-0.010289,-0.013617,0.093315,-0.982032,-0.103244,-0.951647,1,0,0,0,0,0,0,0,0,0,0
505,0.002004,0.0071,0.014457,0.027283,0.045433,5.7e-05,-0.000945,0.002061,0.007043,0.00793,0.001431,0.008359,0.018437,0.031777,0.050214,-0.000973,-0.003693,-0.006298,-0.006355,-0.008417,0.000573,0.007586,0.022158,0.043801,0.064757,0.001832,0.003951,0.01274,0.025765,0.032264,0.000859,0.008102,0.017177,0.02943,0.041368,-0.001517,-0.006899,-0.013398,-0.0142,-0.015774,-0.000512,-0.003187,-0.007018,-0.007696,-0.006774,0.001634,0.00492,0.011408,0.020435,0.02636,0.00066,0.000485,0.00176,0.00291,0.009474,0.001232,-8.8e-05,-0.005583,-0.012728,-0.014781,0.097618,-0.981326,-0.103224,-0.955342,1,0,0,0,0,0,0,0,0,0,0
506,0.002579,0.008109,0.01917,0.033068,0.05347,-0.001404,-0.001175,0.006132,0.006734,0.009313,0.003496,0.01172,0.023526,0.039458,0.058599,-0.001691,-0.004012,-0.00533,-0.00553,-0.00745,0.001633,0.011691,0.034558,0.052754,0.074331,-5.7e-05,0.00212,0.020574,0.027394,0.03175,0.003439,0.01129,0.022122,0.034214,0.047997,-0.003295,-0.009141,-0.012436,-0.01278,-0.016161,-0.001599,-0.005097,-0.007014,-0.006912,-0.007976,0.001256,0.00362,0.015997,0.022703,0.024617,0.00016,0.000756,0.001873,0.005794,0.011381,0.000842,-0.002668,-0.011911,-0.015271,-0.016225,0.100608,-0.978806,-0.101432,-0.955858,1,0,0,0,0,0,0,0,0,0,0
507,0.002519,0.009876,0.022701,0.04085,0.069047,0.000401,0.003407,0.008388,0.009275,0.017548,0.003435,0.013512,0.026852,0.045287,0.068503,-0.001031,-0.003636,-0.003693,-0.005754,-0.005754,0.005382,0.019953,0.041594,0.062549,0.09338,0.002176,0.010964,0.023989,0.030487,0.042195,0.003807,0.012882,0.025134,0.037071,0.051757,-0.00209,-0.008588,-0.009389,-0.010964,-0.01314,-0.001078,-0.004908,-0.005587,-0.004665,-0.006122,0.00203,0.008518,0.017544,0.023469,0.027223,-0.000334,0.000941,0.00209,0.008651,0.017397,-0.002156,-0.007649,-0.014791,-0.016842,-0.01909,0.10519,-0.977267,-0.104111,-0.96514,1,0,0,0,0,0,0,0,0,0,0
508,0.003001,0.014035,0.027898,0.048251,0.083753,-0.000172,0.007118,0.007718,0.01029,0.017894,0.004774,0.01655,0.032443,0.051538,0.07895,-0.001286,-0.002601,-0.002801,-0.004716,-0.004831,0.004659,0.02747,0.045621,0.067145,0.104648,0.0,0.018408,0.025212,0.029556,0.040133,0.00403,0.014835,0.026898,0.040647,0.058141,-0.003745,-0.007032,-0.007375,-0.010748,-0.011405,-0.002413,-0.004325,-0.004224,-0.005284,-0.004934,0.000331,0.012677,0.019367,0.021277,0.024488,0.000916,0.002014,0.005869,0.01136,0.021272,-0.001316,-0.010401,-0.013704,-0.014642,-0.016279,0.109163,-0.970979,-0.100952,-0.959552,1,0,0,0,0,0,0,0,0,0,0
509,0.00434,0.01713,0.03523,0.063351,0.099552,0.003169,0.008137,0.009022,0.017272,0.018072,0.005282,0.018586,0.036972,0.060125,0.090474,-0.001313,-0.00137,-0.003426,-0.003426,-0.003826,0.009878,0.031462,0.05236,0.083108,0.117624,0.008765,0.021755,0.028236,0.039912,0.046336,0.005025,0.017244,0.029149,0.043795,0.065207,-0.002741,-0.00354,-0.00511,-0.00728,-0.007794,-0.00141,-0.002087,-0.001167,-0.00262,-0.001822,0.00614,0.015142,0.021051,0.024795,0.030147,0.000343,0.00147,0.00791,0.016492,0.025344,-0.004085,-0.011094,-0.013108,-0.015313,-0.012735,0.113221,-0.970216,-0.102035,-0.965707,1,0,0,0,0,0,0,0,0,0,0
510,0.006678,0.020519,0.040839,0.076284,0.114925,0.00411,0.004709,0.007277,0.014869,0.014897,0.006478,0.022346,0.04141,0.068778,0.099257,0.0,-0.0002,-0.002112,-0.002226,-0.002911,0.012899,0.031022,0.052511,0.089954,0.128167,0.009618,0.01641,0.020748,0.031307,0.039811,0.005765,0.017808,0.031535,0.049001,0.071061,-0.000542,-0.000885,-0.004252,-0.004909,-0.005051,-0.000499,-0.000398,-0.001458,-0.001107,0.000352,0.006189,0.012868,0.014774,0.017981,0.026325,0.000744,0.004555,0.009985,0.019786,0.028069,-0.004909,-0.008175,-0.009102,-0.010721,-0.009089,0.117803,-0.969139,-0.103643,-0.966638,1,0,0,0,0,0,0,0,0,0,0
511,0.006101,0.024176,0.052257,0.088407,0.131114,0.000855,0.001739,0.009978,0.010776,0.013285,0.006814,0.025174,0.048295,0.0786,0.109361,-5.7e-05,-0.00211,-0.00211,-0.002509,-0.003991,0.008667,0.029535,0.06024,0.094707,0.137243,0.003364,0.009836,0.021496,0.02791,0.032729,0.006443,0.018331,0.032957,0.054338,0.08128,-0.000257,-0.001825,-0.003991,-0.004504,-0.004447,-0.000177,0.000742,-0.00071,8.7e-05,0.002057,0.002807,0.008707,0.012446,0.01779,0.020058,0.000378,0.006754,0.015252,0.024016,0.027619,-0.002066,-0.00406,-0.006243,-0.00369,-0.003154,0.118435,-0.969232,-0.105359,-0.967832,1,0,0,0,0,0,0,0,0,0,0
512,0.007713,0.027977,0.063324,0.10186,0.147595,-0.000256,0.002305,0.009876,0.009904,0.011669,0.009022,0.028033,0.055327,0.085723,0.120757,-0.000142,-0.002049,-0.002163,-0.002846,-0.006887,0.00942,0.030851,0.068191,0.106299,0.149445,0.003415,0.007741,0.018272,0.026753,0.028603,0.005578,0.019268,0.036685,0.058685,0.089792,-8.5e-05,-0.003444,-0.004098,-0.004241,-0.005123,0.000277,-0.000779,-0.00043,0.001026,0.00464,0.003859,0.00576,0.008958,0.017279,0.017032,0.003365,0.008692,0.018306,0.026432,0.029992,-0.001162,-0.002072,-0.00366,-0.002059,0.000816,0.121718,-0.969594,-0.109215,-0.965946,1,0,0,0,0,0,0,0,0,0,0
513,0.010327,0.03835,0.074425,0.117043,0.161851,0.001138,0.00936,0.010157,0.01266,0.006629,0.009303,0.032376,0.062618,0.093315,0.130869,-0.001906,-0.001906,-0.002304,-0.003784,-0.012689,0.011408,0.042049,0.076445,0.118892,0.161737,0.003044,0.01468,0.021081,0.025889,0.022902,0.006287,0.020882,0.04222,0.069105,0.103415,-0.001479,-0.003642,-0.004154,-0.004097,-0.007824,0.00064,-0.000809,-1.4e-05,0.001952,0.007487,0.00203,0.005761,0.011094,0.013357,0.016128,0.002927,0.011302,0.019939,0.02349,0.026087,-0.000806,-0.002958,-0.000441,8.7e-05,0.002685,0.119464,-0.967258,-0.110793,-0.965545,1,0,0,0,0,0,0,0,0,0,0
514,0.009933,0.04528,0.083814,0.12955,0.175285,0.001423,0.008993,0.009022,0.010786,-0.006005,0.009705,0.036998,0.067393,0.102427,0.138344,0.0,-0.000114,-0.000797,-0.004838,-0.015938,0.010018,0.047357,0.085465,0.12861,0.175171,0.001281,0.011811,0.020292,0.022142,0.011782,0.0074,0.024817,0.046817,0.077923,0.11273,-0.001878,-0.002533,-0.002675,-0.003557,-0.008709,-0.001696,-0.001347,0.000108,0.003723,0.009763,-0.00013,0.003068,0.011389,0.011142,0.017627,0.002392,0.012005,0.02013,0.02369,0.02409,-0.000102,-0.00169,-8.9e-05,0.002786,0.002743,0.120833,-0.963791,-0.115504,-0.960321,1,0,0,0,0,0,0,0,0,0,0
515,0.018085,0.054143,0.09674,0.141528,0.189101,0.006796,0.007592,0.010095,0.004066,-0.013422,0.013365,0.043593,0.074276,0.111812,0.146333,0.0,-0.000398,-0.001877,-0.010777,-0.025251,0.020616,0.054996,0.097423,0.140248,0.188277,0.010351,0.016749,0.021555,0.018569,0.004237,0.007194,0.028522,0.055394,0.089688,0.121139,-0.000284,-0.000796,-0.000739,-0.004465,-0.022749,0.000247,0.001042,0.003007,0.008539,0.005154,0.003859,0.00919,0.011451,0.014221,0.01741,0.005969,0.014577,0.018117,0.020705,0.024464,-0.002043,0.000464,0.000991,0.00358,0.003525,0.124001,-0.949101,-0.11764,-0.95576,1,0,0,0,0,0,0,0,0,0,0
516,0.01721,0.055662,0.101299,0.146936,0.194675,0.000767,0.000795,0.002556,-0.0142,-0.021612,0.013887,0.044217,0.079176,0.115016,0.15077,-0.000114,-0.000795,-0.004828,-0.015903,-0.032574,0.01667,0.054696,0.097749,0.14421,0.191211,0.00017,0.008633,0.010479,0.000142,-0.010621,0.010195,0.032148,0.063188,0.09792,0.12967,-0.000369,-0.000511,-0.001392,-0.006532,-0.026752,0.000102,0.001554,0.00516,0.011188,0.008193,-0.000664,0.00764,0.007394,0.013864,0.010447,0.003556,0.01156,0.015067,0.01546,0.020053,0.00046,0.002037,0.00487,0.004827,0.005203,0.126002,-0.947792,-0.117521,-0.949483,1,0,0,0,0,0,0,0,0,0,0
517,0.018678,0.060944,0.105382,0.152585,0.19928,2.8e-05,0.002511,-0.00347,-0.020822,-0.028694,0.016195,0.046639,0.083882,0.118135,0.153967,-0.000282,-0.001749,-0.01058,-0.024942,-0.040291,0.01755,0.059646,0.102137,0.149792,0.194766,0.006179,0.010947,0.007985,-0.006235,-0.024095,0.011032,0.037695,0.071722,0.102927,0.134725,-0.000141,-8.5e-05,-0.003781,-0.021923,-0.032052,0.000687,0.002637,0.008126,0.004767,0.010486,0.005948,0.008192,0.01094,0.014104,0.00398,0.004752,0.008103,0.010553,0.014112,0.017423,0.001934,0.002433,0.004884,0.004832,0.005307,0.125528,-0.945523,-0.118384,-0.940085,1,0,0,0,0,0,0,0,0,0,0
518,0.0195,0.064783,0.110065,0.157434,0.201167,0.0,0.001747,-0.014878,-0.022233,-0.040662,0.01392,0.048608,0.084169,0.119646,0.154475,-0.000394,-0.004396,-0.015385,-0.031926,-0.042155,0.020204,0.062923,0.109023,0.155658,0.197588,0.002226,0.004058,-0.006199,-0.016879,-0.047002,0.010764,0.041563,0.076026,0.107529,0.142893,0.0,-0.000874,-0.005974,-0.026037,-0.035082,0.000754,0.004333,0.010313,0.007342,0.008442,0.002299,0.002054,0.008475,0.005084,-0.006744,0.002869,0.00619,0.006563,0.010912,0.010195,-0.000424,0.002258,0.002218,0.002573,0.002953,0.122597,-0.942519,-0.118917,-0.926768,1,0,0,0,0,0,0,0,0,0,0
519,0.022645,0.066894,0.113897,0.160395,0.195064,0.002472,-0.003484,-0.020762,-0.028601,-0.047284,0.016436,0.053521,0.087628,0.123309,0.156321,-0.001068,-0.009861,-0.024162,-0.039445,-0.044587,0.021774,0.064085,0.111537,0.156321,0.197396,0.002529,-0.000421,-0.014581,-0.032365,-0.055291,0.015818,0.0497,0.080773,0.112436,0.149578,5.6e-05,-0.003624,-0.021689,-0.031776,-0.036776,0.001189,0.006655,0.003311,0.009005,0.008588,-5.7e-05,0.002679,0.005829,-0.004252,-0.007621,0.000443,0.002821,0.006276,0.00949,0.005381,0.000899,0.003278,0.003228,0.003689,-0.002812,0.119227,-0.946702,-0.120572,-0.925798,1,0,0,0,0,0,0,0,0,0,0
520,0.022427,0.067421,0.114487,0.157941,0.185604,-0.000728,-0.017247,-0.024555,-0.042866,-0.061765,0.018087,0.053422,0.088672,0.123278,0.150941,-0.002912,-0.013831,-0.030267,-0.04043,-0.050062,0.020747,0.066553,0.112891,0.154553,0.193387,-0.0007,-0.010892,-0.021503,-0.051434,-0.070529,0.014839,0.049082,0.080384,0.115523,0.149877,-0.000924,-0.005992,-0.025927,-0.034914,-0.043426,0.00237,0.008313,0.00536,0.006454,0.006715,-0.000186,0.006194,0.002825,-0.008928,-0.007602,0.002743,0.0031,0.007258,0.006572,-7.8e-05,0.001687,0.001648,0.001988,0.002351,-0.007957,0.115991,-0.942498,-0.123841,-0.916585,1,0,0,0,0,0,0,0,0,0,0
521,0.021553,0.068141,0.114227,0.14859,0.174543,-0.005179,-0.022305,-0.030074,-0.048592,-0.066721,0.018769,0.052575,0.08794,0.12066,0.143884,-0.00582,-0.019994,-0.035143,-0.040238,-0.048787,0.021303,0.068336,0.112723,0.153435,0.18674,-0.002228,-0.016262,-0.033889,-0.056612,-0.076968,0.018824,0.049623,0.081006,0.117819,0.148033,-0.002729,-0.020634,-0.030631,-0.035588,-0.042271,0.00306,-0.000255,0.005389,0.004976,0.00597,0.002897,0.00602,-0.003972,-0.007312,-0.008441,-0.000405,0.002841,0.005861,0.002,-0.0048,0.000612,0.000564,0.000998,-0.005111,-0.011956,0.115304,-0.943567,-0.123265,-0.912744,1,0,0,0,0,0,0,0,0,0,0
522,0.023004,0.069425,0.112284,0.139568,0.163732,-0.011157,-0.018364,-0.036425,-0.055065,-0.066553,0.016238,0.051006,0.085138,0.112422,0.137663,-0.004998,-0.021209,-0.031233,-0.040733,-0.056087,0.024053,0.069757,0.110848,0.149151,0.17707,-0.007843,-0.018309,-0.04783,-0.066664,-0.075721,0.015106,0.04598,0.080637,0.114521,0.145064,-0.002292,-0.021954,-0.030819,-0.039214,-0.051033,0.002827,-8.5e-05,0.000993,0.001251,0.00416,0.003419,9.6e-05,-0.011495,-0.010187,-0.007216,0.000706,0.004482,0.003859,-0.002179,-0.007377,-0.000612,-0.000304,2.6e-05,-0.009334,-0.012181,0.110639,-0.936269,-0.125184,-0.910078,1,0,0,0,0,0,0,0,0,0,0
523,0.022953,0.068177,0.101896,0.127363,0.151464,-0.005766,-0.013389,-0.031561,-0.04935,-0.05834,0.017106,0.051809,0.083916,0.106705,0.129194,-0.008963,-0.023828,-0.028828,-0.037217,-0.054405,0.022352,0.065909,0.105858,0.138539,0.166493,-0.006012,-0.023308,-0.045606,-0.065581,-0.067302,0.015275,0.04607,0.082195,0.111842,0.14037,-0.015302,-0.025112,-0.029976,-0.036534,-0.050716,-0.00605,-0.000512,-0.000917,5.8e-05,0.002393,-0.000319,-0.010124,-0.013401,-0.014509,-0.006725,0.002188,0.004834,0.001451,-0.004506,-0.010013,0.000527,0.000906,-0.004445,-0.010442,-0.012698,0.111005,-0.938036,-0.128332,-0.909202,1,0,0,0,0,0,0,0,0,0,0
524,0.022765,0.064775,0.091518,0.115203,0.135884,-0.001353,-0.019056,-0.037327,-0.048588,-0.055626,0.017134,0.050591,0.077335,0.102075,0.119886,-0.007011,-0.016837,-0.026148,-0.041198,-0.045989,0.022656,0.062934,0.100478,0.127844,0.153641,-0.004304,-0.03324,-0.051701,-0.060579,-0.061039,0.015131,0.049102,0.082315,0.112253,0.136669,-0.004114,-0.012803,-0.021032,-0.032617,-0.040494,0.003138,0.004195,0.004448,0.0073,0.003565,-0.002941,-0.014303,-0.013021,-0.010108,-0.002799,0.001234,0.000693,-0.004556,-0.009075,-0.014216,-0.000225,6.2e-05,-0.008075,-0.01055,-0.013817,0.106885,-0.933341,-0.130765,-0.90967,1,0,0,0,0,0,0,0,0,0,0
525,0.021846,0.054963,0.079976,0.103646,0.121654,-0.006146,-0.023993,-0.041464,-0.050293,-0.055044,0.017095,0.048629,0.071012,0.093099,0.107752,-0.007649,-0.01256,-0.020799,-0.03768,-0.039451,0.020316,0.059552,0.09165,0.119105,0.140118,-0.012721,-0.03462,-0.054239,-0.055929,-0.056869,0.015244,0.050723,0.079841,0.10786,0.130108,-0.005555,-0.010332,-0.016773,-0.030702,-0.038485,0.002328,0.001929,0.002888,0.005181,-0.001516,-0.006714,-0.009932,-0.011021,-0.003376,0.000873,0.00117,-0.001812,-0.007064,-0.011918,-0.017201,0.000547,-0.004171,-0.009458,-0.011446,-0.013321,0.105097,-0.930607,-0.133263,-0.909775,1,0,0,0,0,0,0,0,0,0,0
526,0.019673,0.04601,0.069335,0.089701,0.107268,-0.011329,-0.029323,-0.040412,-0.047343,-0.047343,0.015968,0.042305,0.066669,0.084209,0.096738,-0.002079,-0.011249,-0.026071,-0.030789,-0.032148,0.019486,0.056459,0.08341,0.108814,0.126701,-0.015861,-0.034041,-0.042784,-0.043238,-0.042998,0.018313,0.051021,0.080504,0.104549,0.122249,-0.003039,-0.011143,-0.022552,-0.030309,-0.034068,-0.001271,-0.001022,0.001787,-0.001892,-0.004738,-0.00452,-0.003258,-0.000389,0.006809,0.007098,-0.001602,-0.006318,-0.010377,-0.014995,-0.018501,-0.000264,-0.007574,-0.009797,-0.012732,-0.012947,0.102478,-0.927947,-0.133063,-0.909844,1,0,0,0,0,0,0,0,0,0,0
527,0.013131,0.037803,0.061153,0.078916,0.091967,-0.006354,-0.023587,-0.032297,-0.036983,-0.03505,0.015248,0.037327,0.059114,0.073569,0.085111,-0.00278,-0.010907,-0.027558,-0.029306,-0.032085,0.019352,0.051014,0.078095,0.098824,0.114046,-0.005851,-0.025202,-0.02687,-0.027797,-0.025308,0.01681,0.045534,0.073171,0.095118,0.107983,-0.001694,-0.008048,-0.021787,-0.029464,-0.032668,0.000869,0.001814,0.004076,-0.002529,-0.003063,0.001314,0.000241,0.007782,0.011973,0.012885,-0.001183,-0.005956,-0.010367,-0.015167,-0.016031,-0.004036,-0.00884,-0.010646,-0.01235,-0.013894,0.103258,-0.927437,-0.135149,-0.910563,1,0,0,0,0,0,0,0,0,0,0
528,0.012969,0.036034,0.056174,0.073545,0.083246,-0.011467,-0.022433,-0.029286,-0.029286,-0.027441,0.01086,0.034954,0.052299,0.064688,0.072833,-0.0063,-0.020956,-0.025622,-0.026967,-0.032133,0.017292,0.043943,0.069064,0.086752,0.099879,-0.012152,-0.020798,-0.021246,-0.021009,-0.016502,0.015605,0.04476,0.068537,0.08604,0.095635,-0.006326,-0.017609,-0.025279,-0.028996,-0.033583,-0.000619,0.002158,-0.00148,-0.004294,-0.003833,-6e-05,0.002776,0.009894,0.01018,0.013379,-0.003212,-0.006965,-0.011235,-0.014476,-0.015455,-0.002842,-0.004898,-0.007611,-0.00781,-0.009968,0.10236,-0.926152,-0.136334,-0.91233,1,0,0,0,0,0,0,0,0,0,0
529,0.011552,0.034708,0.052325,0.065268,0.072619,-0.005671,-0.014309,-0.018955,-0.017039,-0.015752,0.011079,0.032686,0.047021,0.058468,0.064375,-0.001785,-0.018299,-0.020032,-0.022789,-0.029746,0.014177,0.041035,0.061592,0.076688,0.084958,-0.007089,-0.008743,-0.009662,-0.007194,-0.000578,0.012943,0.040353,0.062117,0.074877,0.082727,0.0,-0.013626,-0.02124,-0.024416,-0.02867,0.001554,0.003797,-0.002753,-0.003283,-0.000744,-0.001005,0.006474,0.010631,0.011535,0.016943,-0.001381,-0.005543,-0.010072,-0.010887,-0.012268,-0.00177,-0.003475,-0.005082,-0.006538,-0.006525,0.102816,-0.926393,-0.136156,-0.914981,1,0,0,0,0,0,0,0,0,0,0
530,0.011392,0.031399,0.048657,0.058294,0.063086,-0.005238,-0.012046,-0.012046,-0.010213,-0.00982,0.012884,0.030116,0.042424,0.050516,0.055675,-0.01278,-0.017415,-0.01875,-0.023883,-0.030797,0.012334,0.037291,0.054863,0.067905,0.072906,-0.001519,-0.001964,-0.001728,0.00275,0.008354,0.016053,0.039674,0.057063,0.066595,0.071073,-0.011208,-0.018829,-0.022521,-0.027078,-0.030561,0.001209,-0.002405,-0.005201,-0.004743,-0.001269,0.00382,0.010891,0.011175,0.014354,0.019525,-0.002228,-0.006306,-0.009402,-0.010337,-0.010063,-0.000224,-0.002816,-0.003006,-0.005067,-0.00456,0.102473,-0.925789,-0.136376,-0.916023,1,0,0,0,0,0,0,0,0,0,0
531,0.011672,0.029194,0.042067,0.049379,0.053348,-0.003369,-0.00799,-0.006084,-0.004805,-0.003055,0.008643,0.022901,0.034286,0.040161,0.044809,-0.003682,-0.005405,-0.008147,-0.015067,-0.019663,0.014414,0.03486,0.049875,0.058101,0.060372,-0.000131,-0.001045,0.00141,0.00799,0.014075,0.011255,0.032902,0.045593,0.0534,0.054967,-0.002376,-0.009949,-0.013109,-0.017339,-0.019428,0.001026,-0.00549,-0.006016,-0.003491,-0.000742,0.00363,0.007764,0.008663,0.014042,0.018033,-0.001824,-0.006185,-0.006969,-0.008299,-0.006441,-0.001421,-0.002969,-0.004371,-0.004358,-0.002521,0.103006,-0.926009,-0.132338,-0.919103,1,0,0,0,0,0,0,0,0,0,0
532,0.008272,0.025468,0.035071,0.039846,0.042847,-0.003418,-0.003418,-0.001592,-0.0012,0.000574,0.008533,0.020797,0.02886,0.034001,0.037002,-0.000939,-0.00227,-0.007385,-0.014274,-0.018162,0.010464,0.027973,0.040968,0.045952,0.045117,-0.000313,-7.8e-05,0.004384,0.009968,0.017327,0.01229,0.029617,0.039115,0.043577,0.043943,-0.005219,-0.008898,-0.013439,-0.016909,-0.019101,-0.004626,-0.007412,-0.006956,-0.003494,-0.001585,0.003419,0.003702,0.006869,0.012022,0.0169,-0.002163,-0.005182,-0.006093,-0.005826,-0.004209,-0.001113,-0.001298,-0.003308,-0.002814,0.000824,0.103473,-0.924848,-0.130937,-0.92261,1,0,0,0,0,0,0,0,0,0,0
533,0.009229,0.022081,0.02938,0.033343,0.033578,-0.001199,0.000704,0.001981,0.003728,0.004354,0.005709,0.017076,0.022941,0.027582,0.028885,-0.000782,-0.003519,-0.010428,-0.015016,-0.019187,0.009959,0.024949,0.03316,0.035428,0.030553,-0.0006,0.001851,0.00842,0.014495,0.021403,0.009333,0.022003,0.029797,0.031362,0.03144,-0.002346,-0.005501,-0.009724,-0.011809,-0.014834,-0.001883,-0.002409,0.000112,0.002857,0.004105,0.000712,0.001609,0.006979,0.010963,0.01636,-0.002163,-0.002938,-0.004252,-0.002416,-0.001682,-0.000424,-0.00181,-0.001797,1.9e-05,0.004811,0.104175,-0.926033,-0.125558,-0.928138,1,0,0,0,0,0,0,0,0,0,0
534,0.007932,0.017503,0.022263,0.025253,0.023641,0.001196,0.003017,0.003407,0.005176,0.006112,0.006528,0.014564,0.019688,0.022679,0.022471,-0.000546,-0.005644,-0.01251,-0.016385,-0.022133,0.007516,0.020468,0.025436,0.024603,0.017763,0.000832,0.00528,0.010845,0.018179,0.025097,0.007958,0.017425,0.021872,0.022237,0.021222,-0.001326,-0.005852,-0.009311,-0.011495,-0.013082,-0.000898,-0.000444,0.003007,0.004909,0.009125,-0.000428,0.002729,0.007864,0.012726,0.017841,-0.000822,-0.001713,-0.001452,0.000127,0.000412,0.000236,-0.001727,-0.001244,0.00231,0.007177,0.105445,-0.9275,-0.122627,-0.93122,1,0,0,0,0,0,0,0,0,0,0
535,0.004869,0.01212,0.016057,0.01629,0.014762,0.000699,0.001968,0.003703,0.004325,0.00448,0.004791,0.010618,0.015228,0.016523,0.01458,-0.002175,-0.009038,-0.013596,-0.01774,-0.02323,0.007407,0.015565,0.017818,0.012975,0.008469,0.001606,0.008132,0.014166,0.021029,0.023722,0.004662,0.012405,0.013959,0.014037,0.012509,-0.001813,-0.006008,-0.00808,-0.011084,-0.012638,0.000372,0.002877,0.005603,0.006843,0.010729,0.001318,0.006653,0.01061,0.015971,0.018041,5.8e-05,-0.001197,0.000557,0.001258,0.00076,-0.001553,-0.00154,0.000194,0.004769,0.007414,0.105059,-0.927032,-0.121436,-0.93047,1,0,0,0,0,0,0,0,0,0,0
536,0.004644,0.009366,0.012333,0.010733,0.008747,0.001109,0.001496,0.003251,0.00418,0.003535,0.003199,0.008282,0.011249,0.011043,0.008644,-0.00289,-0.009701,-0.013546,-0.019248,-0.021286,0.00547,0.010398,0.009572,0.002787,0.000387,0.002812,0.008334,0.01561,0.022473,0.02206,0.004747,0.00916,0.009521,0.008515,0.006863,-0.002683,-0.006115,-0.008282,-0.009856,-0.010243,8e-05,0.003503,0.005391,0.009573,0.011153,0.001819,0.006913,0.011737,0.016811,0.01698,-0.000899,-0.000652,0.000842,0.001111,0.000536,-0.000344,0.000113,0.003474,0.008078,0.008425,0.104865,-0.929214,-0.12209,-0.931664,1,0,0,0,0,0,0,0,0,0,0
537,0.002574,0.006486,0.006718,0.005199,0.00314,0.000154,0.001879,0.002497,0.002651,0.002651,0.0026,0.007181,0.008468,0.006537,0.00489,-0.003938,-0.008468,-0.012586,-0.018042,-0.019098,0.002651,0.00489,7.7e-05,-0.004401,-0.005688,0.003681,0.009677,0.016498,0.019175,0.020796,0.00296,0.004504,0.004581,0.003063,0.001235,-0.001493,-0.003552,-0.006537,-0.008082,-0.006692,0.002409,0.005119,0.006351,0.010213,0.012664,0.003488,0.007421,0.012749,0.014806,0.016522,-0.000318,0.001361,0.002032,0.001556,0.001539,0.00035,0.002011,0.006392,0.008925,0.008514,0.105289,-0.929771,-0.122362,-0.933029,1,0,0,0,0,0,0,0,0,0,0
538,0.002129,0.005078,0.003488,0.001513,7.7e-05,0.000231,0.001975,0.002898,0.002257,0.002539,0.002462,0.005411,0.005206,0.002821,-0.002385,-0.002847,-0.006668,-0.012336,-0.014362,-0.014952,0.002257,0.001436,-0.005309,-0.007694,-0.010848,0.001821,0.009053,0.015875,0.015465,0.01708,0.001436,0.001795,0.000795,-0.000846,-0.004232,-0.001923,-0.004078,-0.005642,-0.006027,0.002898,0.001002,0.002878,0.007035,0.008606,0.01794,0.001589,0.006383,0.011426,0.011595,0.012669,0.000546,0.001979,0.002237,0.001686,-7.1e-05,9.6e-05,0.003319,0.007732,0.008064,0.009523,0.106416,-0.93563,-0.121164,-0.931369,1,0,0,0,0,0,0,0,0,0,0
539,0.001764,0.001994,0.000486,-0.00156,-0.007184,0.001483,0.002097,0.00225,0.00225,0.003043,0.002097,0.003375,0.001457,-0.000179,-0.011505,-0.001662,-0.005753,-0.011173,-0.012221,-0.013346,-2.6e-05,-0.004807,-0.009255,-0.010534,-0.018408,0.004142,0.010917,0.013576,0.015187,0.015494,0.000102,0.000179,-0.001329,-0.003145,-0.008923,-0.000128,-0.003094,-0.004628,-0.003247,0.005727,0.001693,0.002917,0.006753,0.009189,0.018823,0.002323,0.007616,0.00966,0.011364,0.010562,0.001068,0.001708,0.001254,0.001238,-0.003084,0.001491,0.005673,0.00809,0.007699,0.009328,0.102891,-0.936399,-0.121811,-0.930831,1,0,0,0,0,0,0,0,0,0,0
540,0.001172,-0.000408,-0.00237,-0.003797,-0.020209,0.000255,0.001172,0.000535,0.000815,-0.003389,0.000841,0.000637,-0.001733,-0.006906,-0.022095,-0.002141,-0.007773,-0.009786,-0.010372,-0.011621,-0.00079,-0.007492,-0.009862,-0.012997,-0.029052,0.003058,0.009837,0.009429,0.011035,0.007925,0.000255,-0.000739,-0.00237,-0.005734,-0.013659,-0.002013,-0.003568,-0.00395,0.004918,0.010856,0.000177,0.004307,0.005869,0.015143,0.021801,0.002449,0.00746,0.007628,0.008695,0.00983,0.000326,0.000573,4.6e-05,-0.001634,-0.007037,0.001625,0.005846,0.006164,0.007559,0.007411,0.095979,-0.9394,-0.120446,-0.930297,1,0,0,0,0,0,0,0,0,0,0
541,-0.000941,-0.002441,-0.004476,-0.01007,-0.031075,0.000356,0.000509,0.000509,0.001297,-0.009282,0.000432,-0.001475,-0.003102,-0.014368,-0.03194,-0.001933,-0.007324,-0.008366,-0.009485,-0.00979,-0.003967,-0.008392,-0.009663,-0.017496,-0.035805,0.003687,0.006332,0.007934,0.008239,-0.002543,-0.000178,-0.001678,-0.003484,-0.009231,-0.019886,-0.000941,-0.002467,-0.001093,0.007832,0.01925,0.001041,0.004857,0.007279,0.016862,0.02813,0.002821,0.004854,0.006549,0.005751,0.005937,0.000295,-0.000142,-0.000158,-0.004319,-0.009818,0.002425,0.004753,0.004376,0.005945,0.003964,0.090967,-0.948757,-0.123524,-0.930034,1,0,0,0,0,0,0,0,0,0,0
542,-0.000634,-0.002587,-0.004008,-0.020343,-0.037185,0.000558,-7.6e-05,0.000203,-0.003982,-0.018999,-0.000634,-0.002993,-0.008142,-0.02326,-0.03853,-0.003678,-0.005682,-0.006265,-0.007508,-0.00624,-0.002714,-0.005073,-0.008193,-0.024173,-0.036298,0.003069,0.002663,0.004261,0.001167,-0.01494,-0.000812,-0.002435,-0.005783,-0.013672,-0.024655,-0.000609,-0.000989,0.007838,0.013748,0.027471,0.003073,0.004627,0.013859,0.020486,0.03268,0.002174,0.002341,0.003403,0.004533,0.004146,-5.1e-05,-0.000561,-0.002188,-0.007416,-0.011147,0.001703,0.00201,0.00336,0.003217,-0.000261,0.087716,-0.953973,-0.126297,-0.924039,1,0,0,0,0,0,0,0,0,0,0
543,-0.00086,-0.002885,-0.008452,-0.029354,-0.04274,-0.000405,-0.000405,0.00038,-0.010147,-0.023989,-0.001265,-0.002885,-0.014095,-0.03158,-0.042639,-0.001695,-0.002733,-0.003846,-0.00415,-0.001645,-0.001695,-0.002961,-0.010755,-0.028974,-0.040311,-0.00043,0.001164,0.001468,-0.009262,-0.027076,-0.000683,-0.00248,-0.008199,-0.018802,-0.027785,-0.000911,0.000455,0.009338,0.020699,0.030568,0.000731,0.003142,0.012678,0.02389,0.031138,-0.000146,0.001541,0.000747,0.000932,-0.00269,-0.000372,-0.000387,-0.004408,-0.009721,-0.011651,0.000575,0.00021,0.001727,-0.000187,-0.002056,0.084104,-0.95335,-0.125581,-0.915581,1,0,0,0,0,0,0,0,0,0,0
544,-0.001087,-0.002502,-0.018778,-0.035559,-0.046173,-0.000227,5.1e-05,-0.004119,-0.019081,-0.025702,-0.001087,-0.006217,-0.02128,-0.036494,-0.045339,-0.000303,-0.000885,-0.002123,-0.000859,0.000152,-0.000657,-0.003766,-0.019688,-0.031768,-0.041574,2.5e-05,0.001617,-0.001466,-0.017514,-0.029519,-0.000935,-0.004271,-0.012131,-0.023074,-0.031768,0.000531,0.009326,0.015214,0.028887,0.031111,0.000818,0.010016,0.016619,0.028768,0.029972,0.000312,0.001371,0.002497,0.002111,-0.003084,-0.000128,-0.001713,-0.00681,-0.010447,-0.010613,-0.00027,0.001046,0.000907,-0.002484,-0.003574,0.083443,-0.950758,-0.126613,-0.913106,1,0,0,0,0,0,0,0,0,0,0
545,-0.000934,-0.006491,-0.027353,-0.040714,-0.048063,0.000227,0.00101,-0.009496,-0.023312,-0.027732,-0.00053,-0.011719,-0.029171,-0.040208,-0.048669,-0.000732,-0.001844,-0.002147,0.000354,0.001465,-0.000606,-0.008385,-0.02657,-0.037885,-0.044679,0.001566,0.001869,-0.00884,-0.02662,-0.032834,-0.000859,-0.006567,-0.017149,-0.026115,-0.032657,0.000833,0.009699,0.021039,0.030889,0.033086,0.001588,0.011106,0.022297,0.029531,0.030526,0.001372,0.000579,0.000764,-0.002851,-0.004538,0.000113,-0.003854,-0.009097,-0.011001,-0.012592,-9.1e-05,0.001405,-0.000484,-0.002327,-0.002883,0.081115,-0.951243,-0.125944,-0.911769,1,0,0,0,0,0,0,0,0,0,0
546,-0.00048,-0.016744,-0.033514,-0.044121,-0.049071,5.1e-05,-0.004117,-0.019068,-0.025685,-0.029069,-0.004596,-0.019649,-0.034852,-0.043692,-0.050788,0.000152,-0.001086,0.000177,0.001187,0.002854,-0.0025,-0.018411,-0.030483,-0.040282,-0.046369,2.5e-05,-0.003056,-0.019093,-0.031089,-0.035231,-0.002475,-0.010329,-0.021265,-0.029953,-0.033615,0.007955,0.01384,0.027503,0.029725,0.036469,0.007603,0.014202,0.026343,0.027546,0.032458,-0.000314,0.000811,0.000425,-0.004766,-0.00569,-0.00169,-0.006762,-0.010382,-0.010547,-0.013517,0.001401,0.001262,-0.002112,-0.003197,-0.002533,0.07891,-0.954474,-0.125908,-0.912323,1,0,0,0,0,0,0,0,0,0,0
547,-0.005067,-0.025892,-0.039228,-0.046565,-0.051052,0.000731,-0.009757,-0.023547,-0.027959,-0.032799,-0.00658,-0.024001,-0.035018,-0.043464,-0.047699,-0.001261,-0.001563,0.000933,0.002042,0.003681,-0.005269,-0.023421,-0.034716,-0.041497,-0.044901,0.000277,-0.010412,-0.028161,-0.034363,-0.036581,-0.003227,-0.01379,-0.02274,-0.02927,-0.0329,0.000908,0.012227,0.02206,0.024253,0.03227,0.001911,0.013082,0.020302,0.021296,0.027642,-0.000478,-0.000294,-0.003902,-0.005586,-0.002828,-0.002248,-0.007424,-0.009304,-0.010875,-0.011592,9.4e-05,-0.001771,-0.003592,-0.004141,-0.004586,0.077189,-0.956539,-0.1274,-0.913097,1,0,0,0,0,0,0,0,0,0,0
548,-0.011161,-0.027889,-0.038471,-0.043409,-0.047742,-0.004888,-0.019802,-0.026403,-0.029779,-0.036052,-0.00844,-0.023606,-0.032424,-0.039504,-0.04157,2.5e-05,0.001285,0.002293,0.003955,0.005417,-0.010607,-0.022649,-0.032424,-0.038496,-0.039831,-0.003351,-0.019349,-0.031316,-0.035448,-0.039075,-0.00461,-0.015519,-0.024186,-0.027839,-0.033835,0.004963,0.018593,0.02081,0.027537,0.034717,0.004673,0.016785,0.017985,0.022885,0.028779,0.0016,0.001215,-0.003963,-0.004885,-0.001804,-0.002749,-0.006307,-0.006469,-0.00939,-0.006191,-0.00023,-0.003547,-0.004613,-0.00396,-0.00566,0.079208,-0.957545,-0.129409,-0.912686,1,0,0,0,0,0,0,0,0,0,0
549,-0.009631,-0.022932,-0.03025,-0.034726,-0.037366,-0.005582,-0.019337,-0.023737,-0.028565,-0.034952,-0.008952,-0.01994,-0.028364,-0.032588,-0.033116,-0.000327,0.002162,0.003269,0.004903,0.007217,-0.007518,-0.018783,-0.025548,-0.028942,-0.029043,-0.007317,-0.025019,-0.031205,-0.033418,-0.040408,-0.005934,-0.014861,-0.021373,-0.024994,-0.031658,0.006337,0.016143,0.018331,0.026327,0.033091,0.006478,0.013679,0.014671,0.021,0.025745,-0.001413,-0.005012,-0.006691,-0.00394,-0.004134,-0.00237,-0.004216,-0.005759,-0.006462,-0.001315,-0.001604,-0.003392,-0.003931,-0.004368,-0.006094,0.081927,-0.959073,-0.131804,-0.909195,1,0,0,0,0,0,0,0,0,0,0
550,-0.007081,-0.017664,-0.022603,-0.026937,-0.027517,-0.009324,-0.015926,-0.019302,-0.025577,-0.035404,-0.006199,-0.015018,-0.022099,-0.024166,-0.023788,0.001588,0.002595,0.004259,0.00572,0.008013,-0.004511,-0.014288,-0.020361,-0.021696,-0.02152,-0.008668,-0.020638,-0.02477,-0.028399,-0.038781,-0.004964,-0.013633,-0.017286,-0.023284,-0.029961,0.007282,0.0095,0.016228,0.02341,0.026484,0.005622,0.006823,0.011724,0.01762,0.018806,0.001031,-0.004148,-0.00507,-0.001988,-0.002415,-0.001157,-0.001319,-0.004244,-0.001041,0.00526,-0.001693,-0.002761,-0.002108,-0.003809,-0.00437,0.086865,-0.959715,-0.133549,-0.90722,1,0,0,0,0,0,0,0,0,0,0
551,-0.006233,-0.013547,-0.018021,-0.02066,-0.01978,-0.004449,-0.008847,-0.013673,-0.020057,-0.034207,-0.004801,-0.01322,-0.017443,-0.017971,-0.017166,0.000905,0.002011,0.003644,0.005957,0.006535,-0.006761,-0.013522,-0.016915,-0.017015,-0.016664,-0.009048,-0.015231,-0.017443,-0.02443,-0.037801,-0.003971,-0.010481,-0.0141,-0.02076,-0.033176,0.002538,0.004725,0.012718,0.019479,0.009802,0.00159,0.002581,0.008908,0.013651,0.004347,-0.004626,-0.006305,-0.003555,-0.003748,-0.003064,-0.000704,-0.002241,-0.002943,0.002188,0.014158,-0.000119,-0.000657,-0.001092,-0.002813,-0.002386,0.095629,-0.949805,-0.133796,-0.901471,1,0,0,0,0,0,0,0,0,0,0
552,-0.004308,-0.009217,-0.013525,-0.014101,-0.013149,-0.002129,-0.005485,-0.011722,-0.021489,-0.036667,-0.003982,-0.01102,-0.013074,-0.012698,-0.008666,0.0001,0.001753,0.003206,0.005485,0.005435,-0.00298,-0.009017,-0.010344,-0.010169,-0.009392,-0.00288,-0.006988,-0.010594,-0.020913,-0.03812,-0.004659,-0.00829,-0.014251,-0.020888,-0.036692,-0.000326,0.006362,0.0135,0.016555,-0.014226,-0.000392,0.00448,0.010339,0.011519,-0.017315,-0.000538,-0.001454,0.001609,0.001185,-0.000846,0.000531,-0.002271,0.000798,0.006837,0.023895,-0.000907,-0.000281,-0.001912,-0.002449,-0.002544,0.103811,-0.929447,-0.133957,-0.894893,1,0,0,0,0,0,0,0,0,0,0
553,-0.002971,-0.007416,-0.010037,-0.009163,-0.00744,-0.002247,-0.007041,-0.013383,-0.02744,-0.034481,-0.004394,-0.008589,-0.009113,-0.008314,0.001049,0.000999,0.002622,0.004919,0.005493,0.005044,-0.003745,-0.007116,-0.007216,-0.006866,-0.001748,-0.003271,-0.005468,-0.012409,-0.025692,-0.038401,-0.001823,-0.005418,-0.012035,-0.024369,-0.044743,0.002497,0.010437,0.017153,0.00754,-0.034356,0.001375,0.00766,0.012371,0.003129,-0.034325,-0.001131,0.0016,0.001409,0.002088,-0.002942,-0.001987,-0.002657,0.002241,0.01367,0.034685,0.000375,-4.1e-05,-0.001684,-0.001277,-0.003896,0.117075,-0.91122,-0.138453,-0.894534,1,0,0,0,0,0,0,0,0,0,0
554,-0.001918,-0.006201,-0.006774,-0.005828,-0.000374,-0.001096,-0.007297,-0.01701,-0.032102,-0.03138,-0.002615,-0.004657,-0.004284,-0.000274,0.009464,0.000648,0.002092,0.004358,0.004309,0.004234,-0.002266,-0.003586,-0.003412,-0.00264,0.010086,-0.000822,-0.004408,-0.014669,-0.031779,-0.034842,-0.001793,-0.007721,-0.01432,-0.030035,-0.060369,0.004159,0.011257,0.014295,-0.016313,-0.058925,0.003473,0.0093,0.010472,-0.018199,-0.05336,0.000217,0.003263,0.002841,0.000822,-0.001671,-0.000741,0.002209,0.008014,0.024411,0.047414,0.000234,-0.001333,-0.00185,-0.001941,-0.006596,0.135333,-0.891033,-0.146563,-0.897258,1,0,0,0,0,0,0,0,0,0,0
555,-0.00251,-0.00512,-0.00425,-0.002535,0.008028,-0.003678,-0.009991,-0.023984,-0.030992,-0.032707,-0.001566,-0.002088,-0.001292,0.008028,0.014316,0.000969,0.003256,0.003827,0.00338,0.00594,-0.001094,-0.001193,-0.000845,0.00425,0.019734,-0.001367,-0.008276,-0.021498,-0.034149,-0.038821,-0.001789,-0.008376,-0.020653,-0.040934,-0.079283,0.003753,0.010438,0.00087,-0.040834,-0.079009,0.002791,0.007481,-0.001719,-0.039001,-0.068553,0.002502,0.002312,0.002988,-0.002019,-0.004065,8.2e-05,0.004826,0.015892,0.036242,0.057379,-0.000633,-0.002224,-0.00183,-0.004366,-0.007504,0.156496,-0.874824,-0.154029,-0.895012,1,0,0,0,0,0,0,0,0,0,0
556,-0.00176,-0.002331,-0.001389,0.004042,0.015869,-0.002504,-0.012175,-0.027201,-0.026482,-0.031391,-0.000471,-9.9e-05,0.003893,0.013588,0.020481,0.000471,0.002728,0.002678,0.002604,0.006596,-0.000223,-5e-05,0.000719,0.01339,0.026482,-0.002207,-0.012423,-0.029457,-0.032507,-0.042177,-0.004116,-0.010687,-0.026333,-0.056534,-0.093628,0.003323,0.006348,-0.024126,-0.066551,-0.129036,0.003017,0.004185,-0.024361,-0.059368,-0.109424,0.000536,0.000116,-0.001894,-0.004377,-0.008829,0.00278,0.008409,0.024308,0.046614,0.065718,-0.000897,-0.001397,-0.001486,-0.005999,-0.007191,0.173888,-0.827262,-0.158691,-0.893105,1,0,0,0,0,0,0,0,0,0,0
557,-0.000841,2.5e-05,0.001731,0.012241,0.022974,-0.003784,-0.017706,-0.02468,-0.026386,-0.031876,-4.9e-05,0.000742,0.010015,0.016272,0.022133,0.001805,0.002374,0.001929,0.004476,0.007765,0.000124,0.00047,0.005539,0.020946,0.03247,-0.004674,-0.01783,-0.030417,-0.035066,-0.044983,-0.002448,-0.014664,-0.034844,-0.073001,-0.112494,0.003338,-0.006182,-0.047678,-0.085662,-0.161829,0.001657,-0.007496,-0.044592,-0.073997,-0.130013,-0.000724,-5.1e-05,-0.005033,-0.007069,-0.011275,0.001851,0.012537,0.032185,0.052594,0.0679,-0.000656,-0.000275,-0.002724,-0.005754,-0.006613,0.199373,-0.795923,-0.161843,-0.889774,1,0,0,0,0,0,0,0,0,0,0
558,0.000272,0.00121,0.006617,0.018395,0.028445,-0.005852,-0.020815,-0.020099,-0.024988,-0.028074,0.00042,0.004395,0.01405,0.020914,0.022025,0.000444,0.000395,0.000321,0.004296,0.005852,4.9e-05,0.000815,0.013432,0.026469,0.037186,-0.005506,-0.022469,-0.025506,-0.035136,-0.041976,-0.004099,-0.019679,-0.049754,-0.086692,-0.126495,-0.000321,-0.030667,-0.072914,-0.135137,-0.194817,-0.000492,-0.028918,-0.063778,-0.113625,-0.148426,0.000305,-0.001696,-0.004169,-0.008602,-0.012167,0.003634,0.019073,0.040732,0.059283,0.069212,0.000163,7.7e-05,-0.004306,-0.005463,-0.006171,0.218079,-0.765454,-0.163043,-0.888663,1,0,0,0,0,0,0,0,0,0,0
559,0.000593,0.0023,0.012808,0.02354,0.032145,-0.008061,-0.015034,-0.01674,-0.022229,-0.022378,0.000371,0.009643,0.015899,0.021759,0.020696,0.000124,-0.000321,0.002225,0.005514,0.005514,0.000297,0.005366,0.02077,0.032293,0.040873,-0.007641,-0.020226,-0.024875,-0.03479,-0.039043,-0.00811,-0.028287,-0.06644,-0.105929,-0.145862,-0.009198,-0.05069,-0.08867,-0.164828,-0.212204,-0.00866,-0.045751,-0.075153,-0.131163,-0.148956,0.000367,-0.004614,-0.00665,-0.010855,-0.014892,0.007007,0.026641,0.047034,0.062328,0.069486,0.000216,-0.002231,-0.005258,-0.006117,-0.006502,0.243516,-0.74751,-0.163604,-0.886665,1,0,0,0,0,0,0,0,0,0,0
560,0.000346,0.005763,0.017562,0.02763,0.033839,-0.006926,-0.006209,-0.011106,-0.014198,-0.014198,0.003611,0.013283,0.02016,0.021273,0.017142,-0.000173,-0.000247,0.003735,0.005293,0.006184,0.00047,0.01311,0.02617,0.036906,0.043016,-0.00935,-0.012393,-0.02204,-0.028891,-0.034754,-0.007495,-0.037623,-0.074628,-0.114502,-0.163776,-0.021199,-0.063522,-0.125856,-0.185642,-0.217353,-0.019814,-0.054736,-0.104672,-0.139535,-0.136511,-0.002373,-0.004849,-0.009291,-0.012862,-0.018638,0.008608,0.03054,0.049324,0.059378,0.065823,-0.000304,-0.004741,-0.005913,-0.006631,-0.00713,0.27133,-0.732613,-0.163797,-0.883358,1,0,0,0,0,0,0,0,0,0,0
561,0.001362,0.01189,0.02264,0.03126,0.035446,-5e-05,-0.001759,-0.007258,-0.007406,-0.007134,0.005672,0.011939,0.01781,0.016745,0.008521,-0.000272,0.002279,0.005573,0.005573,0.00649,0.004607,0.020039,0.031582,0.040177,0.045057,-0.003245,-0.007902,-0.017834,-0.022095,-0.026157,-0.012707,-0.050927,-0.090485,-0.130489,-0.177626,-0.020336,-0.058383,-0.134675,-0.182134,-0.211289,-0.017316,-0.046769,-0.102878,-0.120702,-0.115687,-0.002614,-0.004654,-0.008866,-0.01291,-0.017036,0.011185,0.03183,0.047313,0.05456,0.060484,-0.002171,-0.005235,-0.006105,-0.006495,-0.007233,0.293788,-0.717204,-0.164235,-0.883304,1,0,0,0,0,0,0,0,0,0,0
562,0.004072,0.015916,0.026022,0.032254,0.035582,0.00077,-0.004147,-0.00725,-0.00725,-0.007176,0.004022,0.010925,0.012043,0.007896,-0.003675,0.000199,0.004196,0.005761,0.006655,0.007002,0.00807,0.02118,0.031957,0.03809,0.042137,0.000199,-0.009485,-0.016363,-0.022248,-0.025451,-0.017505,-0.054651,-0.094678,-0.14414,-0.176096,-0.022099,-0.084671,-0.144686,-0.176518,-0.204949,-0.017698,-0.067825,-0.102821,-0.099785,-0.104389,0.000135,-0.004324,-0.007909,-0.013707,-0.016787,0.011149,0.030441,0.040766,0.047386,0.051737,-0.00235,-0.003553,-0.00429,-0.004803,-0.005455,0.305773,-0.703792,-0.163322,-0.881543,1,0,0,0,0,0,0,0,0,0,0
563,0.006499,0.017306,0.025971,0.030179,0.032595,-0.00249,-0.008018,-0.008167,-0.007893,-0.007869,0.002266,0.008167,0.007097,-0.00117,-0.012873,0.002366,0.005677,0.005677,0.006599,0.006748,0.00742,0.019024,0.027664,0.03257,0.036031,-0.00488,-0.014865,-0.019148,-0.023232,-0.026145,-0.020866,-0.060632,-0.100846,-0.148232,-0.16494,-0.016086,-0.092779,-0.140488,-0.169795,-0.196314,-0.01186,-0.068264,-0.086182,-0.081141,-0.094393,-0.002185,-0.00642,-0.010485,-0.014632,-0.017314,0.010046,0.026108,0.033626,0.039772,0.042559,-0.000783,-0.001685,-0.002089,-0.002855,-0.00363,0.312807,-0.690407,-0.162656,-0.881383,1,0,0,0,0,0,0,0,0,0,0
564,0.005384,0.015528,0.021783,0.025123,0.027441,-0.002443,-0.005558,-0.005558,-0.005483,-0.005334,0.004661,0.005782,0.00162,-0.009994,-0.022182,0.001645,0.003215,0.004112,0.004461,0.004412,0.005732,0.016549,0.022706,0.026768,0.030332,-0.004835,-0.011739,-0.017646,-0.020861,-0.021459,-0.0164,-0.056577,-0.106225,-0.138302,-0.148845,-0.046707,-0.106948,-0.1389,-0.167438,-0.199938,-0.038445,-0.073572,-0.070526,-0.075147,-0.096124,-0.002289,-0.005887,-0.011707,-0.014798,-0.01529,0.009693,0.020294,0.02709,0.031557,0.03407,-0.000448,-0.001204,-0.001731,-0.0024,-0.003065,0.31741,-0.669899,-0.162118,-0.880529,1,0,0,0,0,0,0,0,0,0,0
565,0.005431,0.0141,0.018311,0.020727,0.023667,-0.003089,-0.003239,-0.002965,-0.00294,-0.003214,0.001246,0.000174,-0.008096,-0.019805,-0.033308,0.001669,0.001669,0.002591,0.00274,0.002765,0.005879,0.014524,0.019432,0.022894,0.02546,-0.005157,-0.009442,-0.013527,-0.016442,-0.016666,-0.023393,-0.063626,-0.111034,-0.12775,-0.138712,-0.030044,-0.077776,-0.107098,-0.133629,-0.166065,-0.018004,-0.035931,-0.030887,-0.044145,-0.064969,-0.001949,-0.006017,-0.010166,-0.012849,-0.012872,0.006453,0.013997,0.020163,0.02296,0.025128,-0.000459,-0.000865,-0.001633,-0.00241,-0.002228,0.324329,-0.657001,-0.160725,-0.881578,1,0,0,0,0,0,0,0,0,0,0
566,0.004704,0.01095,0.014285,0.0166,0.019611,-2.5e-05,-2.5e-05,5e-05,0.000199,-0.001842,-0.000124,-0.004281,-0.015878,-0.028048,-0.038078,-0.0001,0.000796,0.001145,0.001095,0.00107,0.004928,0.011075,0.015132,0.01869,0.020408,-0.001742,-0.00764,-0.010851,-0.011448,-0.011523,-0.016749,-0.066325,-0.098355,-0.108882,-0.118464,-0.030139,-0.062044,-0.09054,-0.122993,-0.147806,-0.01709,-0.014048,-0.018663,-0.039609,-0.053442,-0.001645,-0.007457,-0.010544,-0.011035,-0.009357,0.004085,0.010812,0.015233,0.01772,0.01923,-0.000293,-0.000814,-0.001476,-0.002135,-0.001337,0.328061,-0.645074,-0.159313,-0.88207,1,0,0,0,0,0,0,0,0,0,0
567,0.003956,0.008161,0.010574,0.01351,0.015575,-0.000124,0.000149,0.000174,-0.0001,-0.005747,-0.000945,-0.009206,-0.0209,-0.034385,-0.039013,0.0001,0.00102,0.001169,0.001194,0.000995,0.003707,0.008609,0.012067,0.01463,0.0157,-0.002538,-0.006618,-0.009529,-0.009753,-0.010226,-0.023438,-0.070785,-0.08748,-0.098428,-0.102459,-0.017541,-0.046825,-0.073323,-0.105718,-0.120796,-0.000819,0.004219,-0.009023,-0.02982,-0.038116,-0.002417,-0.006561,-0.009241,-0.009264,-0.004375,0.003399,0.009512,0.012283,0.014433,0.01527,-0.00011,-0.000871,-0.001642,-0.001461,-0.000491,0.32994,-0.641857,-0.157771,-0.882672,1,0,0,0,0,0,0,0,0,0,0
568,0.002288,0.005621,0.007934,0.010943,0.012013,0.000124,0.000199,0.000348,-0.001691,-0.009153,-0.003208,-0.014798,-0.026961,-0.036984,-0.038153,0.000796,0.001144,0.001094,0.001069,0.000721,0.002437,0.006491,0.010048,0.011764,0.01251,-0.003358,-0.006566,-0.007163,-0.007238,-0.008058,-0.026115,-0.058124,-0.068645,-0.078221,-0.08021,-0.014351,-0.042829,-0.075261,-0.100058,-0.099884,0.003858,-0.000753,-0.021686,-0.03551,-0.034537,-0.003392,-0.006477,-0.006967,-0.00529,0.001168,0.003306,0.007708,0.010183,0.011686,0.011683,-0.000409,-0.001069,-0.001724,-0.00093,-0.000135,0.332527,-0.644782,-0.156785,-0.883273,1,0,0,0,0,0,0,0,0,0,0
569,0.001914,0.004326,0.00726,0.009324,0.009647,0.000149,0.000174,-9.9e-05,-0.005743,-0.009821,-0.005047,-0.016733,-0.030209,-0.034833,-0.034137,0.000124,0.000273,0.000298,9.9e-05,-7.5e-05,0.002461,0.005917,0.008478,0.009547,0.010915,-0.000721,-0.00363,-0.003854,-0.004326,-0.004475,-0.021208,-0.037891,-0.048831,-0.052859,-0.049975,-0.014918,-0.041397,-0.073769,-0.088836,-0.081302,0.001177,-0.012055,-0.032838,-0.041128,-0.039022,-0.00075,-0.003428,-0.003452,0.001434,0.005489,0.002784,0.005541,0.00768,0.008514,0.00801,-0.000349,-0.001116,-0.000936,2.9e-05,-0.000127,0.330092,-0.649165,-0.156472,-0.884282,1,0,0,0,0,0,0,0,0,0,0
570,0.001417,0.003729,0.006737,0.007807,0.007608,-7.5e-05,7.5e-05,-0.001964,-0.009423,-0.009969,-0.006539,-0.018696,-0.028715,-0.029884,-0.027348,0.000224,0.000174,0.000149,-0.000199,-0.000174,0.001591,0.005146,0.006862,0.007608,0.008925,-0.002486,-0.003083,-0.003157,-0.003978,-0.003307,-0.01079,-0.021306,-0.030878,-0.032867,-0.024215,-0.01355,-0.045969,-0.070756,-0.070582,-0.062228,-0.005786,-0.026711,-0.040529,-0.039557,-0.040357,-0.002334,-0.002824,-0.001148,0.005308,0.006792,0.001607,0.004076,0.005574,0.005571,0.004901,-0.000309,-0.000962,-0.00017,0.000623,-4.6e-05,0.327598,-0.65321,-0.155794,-0.884854,1,0,0,0,0,0,0,0,0,0,0
571,0.000995,0.003931,0.005996,0.006319,0.00612,0.0001,-0.000174,-0.005821,-0.009901,-0.010225,-0.00515,-0.018633,-0.023261,-0.022564,-0.011767,-7.5e-05,-5e-05,-0.000249,-0.000423,-0.000174,0.001866,0.004428,0.005498,0.006866,0.007588,-0.000423,-0.000647,-0.001119,-0.001269,-0.000647,-0.005896,-0.016842,-0.020872,-0.017987,0.001244,-0.012936,-0.045327,-0.060403,-0.052865,-0.047069,-0.00745,-0.028245,-0.03654,-0.034433,-0.03851,-0.000344,-0.000368,0.004521,0.008578,0.009682,0.001155,0.003303,0.00414,0.003635,0.003042,-0.00046,-0.00028,0.00069,0.000532,0.000144,0.31555,-0.654805,-0.15487,-0.885137,1,0,0,0,0,0,0,0,0,0,0
572,0.001318,0.004326,0.005395,0.005196,0.005047,5e-05,-0.001989,-0.009448,-0.009995,-0.010293,-0.007011,-0.017031,-0.0182,-0.015664,0.008578,2.5e-05,0.0,-0.000348,-0.000323,-0.000547,0.001691,0.003406,0.004152,0.00547,0.00629,-0.000174,-0.000249,-0.001069,-0.000398,0.000373,-0.004625,-0.014197,-0.016186,-0.007534,0.058454,-0.019493,-0.044282,-0.044108,-0.035754,-0.035555,-0.013481,-0.0273,-0.026328,-0.027128,-0.060857,-0.000147,0.00153,0.007986,0.00947,0.010705,0.00132,0.002819,0.002816,0.002146,0.000946,-0.000196,0.000597,0.00139,0.000721,0.000317,0.268239,-0.654015,-0.154579,-0.886206,1,0,0,0,0,0,0,0,0,0,0
573,0.001614,0.003674,0.003997,0.003798,0.003699,-0.000323,-0.005958,-0.01003,-0.010353,-0.011768,-0.006455,-0.011073,-0.010378,0.000397,0.033466,0.0,-0.000199,-0.000372,-0.000124,-0.003352,0.000869,0.001936,0.003302,0.004022,0.004841,-5e-05,-0.000521,-0.00067,-5e-05,0.000596,-0.006306,-0.010328,-0.007448,0.011743,0.113284,-0.01286,-0.027905,-0.020383,-0.014598,-0.019489,-0.007291,-0.015569,-0.013466,-0.017536,-0.072267,0.000123,0.005001,0.00905,0.010152,0.01235,0.000811,0.001636,0.001138,0.000553,-0.000906,0.000372,0.001327,0.001172,0.000789,0.000518,0.219574,-0.651187,-0.154572,-0.887124,1,0,0,0,0,0,0,0,0,0,0
574,0.00139,0.002458,0.002259,0.00211,0.002011,-0.001713,-0.009161,-0.009707,-0.010005,-0.011867,-0.00355,-0.004717,-0.002185,0.022021,0.056157,-2.5e-05,-0.000372,-0.000348,-0.000571,-0.00648,0.000844,0.001589,0.002905,0.003724,0.005114,-2.5e-05,-0.000844,-0.000174,0.000596,0.000794,-0.003252,-0.005238,0.003401,0.06929,0.169017,-0.011892,-0.011718,-0.003376,-0.003178,-0.013505,-0.006507,-0.005537,-0.006336,-0.040014,-0.090606,0.001551,0.007998,0.009479,0.010713,0.013023,0.000673,0.00067,7e-06,-0.001181,-0.002028,0.000413,0.001198,0.000536,0.000136,-0.00045,0.171026,-0.645489,-0.156078,-0.889261,0,0,1,0,0,0,0,0,0,0,0
575,0.00067,0.000993,0.000794,0.000695,0.000571,-0.003923,-0.007994,-0.008317,-0.009732,-0.010676,-0.001068,-0.000372,0.010402,0.043472,0.07957,-0.000174,-0.000348,-9.9e-05,-0.003327,-0.018719,0.000223,0.001589,0.002309,0.003128,0.004866,-0.000447,-0.000596,2.5e-05,0.00067,0.002061,-0.00077,0.00211,0.021301,0.122843,0.247622,-0.003153,0.00437,0.010154,0.005263,-0.026316,-0.00177,0.000332,-0.003737,-0.058468,-0.125789,0.003327,0.007376,0.008477,0.010676,0.013327,0.000152,-0.000346,-0.000931,-0.00239,-0.002933,0.000543,0.000388,5e-06,-0.000266,-0.001025,0.096449,-0.622226,-0.157029,-0.892179,0,0,1,0,0,0,0,0,0,0,0
576,0.000397,0.000199,5e-05,-5e-05,-0.000397,-0.003525,-0.004072,-0.004369,-0.006231,-0.006927,-9.9e-05,0.002433,0.026639,0.060775,0.09352,-0.000174,-0.000149,-0.000372,-0.006281,-0.019116,0.000521,0.001837,0.002656,0.004047,0.005511,-0.000372,0.000298,0.001068,0.001266,0.006306,-0.001216,0.007423,0.073312,0.173039,0.324801,0.003327,0.011668,0.011867,0.001539,-0.07711,0.002741,0.001942,-0.031737,-0.082328,-0.194426,0.00312,0.004601,0.005835,0.008145,0.014124,-0.000155,-0.000818,-0.002006,-0.002853,-0.003124,0.000242,-0.00042,-0.000819,-0.001406,-0.001779,0.02061,-0.571854,-0.158759,-0.898224,0,0,1,0,0,0,0,0,0,0,0
577,-7.4e-05,-0.000273,-0.000372,-0.000496,-0.003771,-0.000546,-0.000868,-0.002283,-0.003226,-0.006674,0.000794,0.011562,0.044611,0.080688,0.107534,0.0,0.000248,-0.002977,-0.018361,-0.088776,0.000844,0.001563,0.002382,0.004119,0.005062,0.000223,0.000844,0.001489,0.002878,0.006774,0.004094,0.023273,0.124753,0.249457,0.400883,0.004193,0.009974,0.005086,-0.026474,-0.125225,-0.000638,-0.004705,-0.059403,-0.126683,-0.159294,0.000929,0.002029,0.004227,0.006876,0.014912,-0.000342,-0.000923,-0.002376,-0.002918,-0.002978,-0.000396,-0.000777,-0.001047,-0.001802,-0.003416,-0.053625,-0.530407,-0.158894,-0.897609,0,0,1,0,0,0,0,0,0,0,0
578,-0.000124,-0.000273,-0.000372,-0.00072,-0.009703,0.0,-0.000298,-0.002159,-0.002854,-0.012706,0.001737,0.025934,0.060057,0.092791,0.109096,2.5e-05,-0.000199,-0.006105,-0.018935,-0.126691,0.000472,0.00129,0.00268,0.004144,0.004269,0.000447,0.001216,0.001415,0.006452,0.006378,0.004542,0.070406,0.170096,0.321803,0.47964,0.004144,0.004343,-0.005981,-0.084601,-0.158929,-0.000161,-0.033827,-0.0844,-0.196456,-0.101085,0.000552,0.001785,0.004094,0.010071,0.021504,-0.000319,-0.001504,-0.002348,-0.002619,-0.002801,-0.000264,-0.000663,-0.001248,-0.00162,-0.006,-0.135878,-0.5086,-0.160025,-0.90069,0,0,1,0,0,0,0,0,0,0,0
579,-7.4e-05,-0.000174,-0.000298,-0.003574,-0.009928,-0.000323,-0.001737,-0.002681,-0.006131,-0.013701,0.009034,0.042095,0.078183,0.105038,0.13852,0.000223,-0.003003,-0.018392,-0.08883,-0.147852,0.000248,0.001067,0.002805,0.003748,0.003673,0.000174,0.000819,0.002209,0.006106,0.006081,0.014644,0.116157,0.240902,0.392378,0.578403,0.001638,-0.003251,-0.034822,-0.133605,-0.20258,-0.003908,-0.058623,-0.125925,-0.158548,-0.049683,0.000549,0.002747,0.005397,0.013436,0.022117,-0.000264,-0.00172,-0.002262,-0.002323,-0.003201,-0.000118,-0.000388,-0.001146,-0.002763,-0.005724,-0.234994,-0.473325,-0.159515,-0.898748,0,0,1,0,0,0,0,0,0,0,0
580,-7.4e-05,-0.000174,-0.000521,-0.009507,-0.010674,2.5e-05,-0.001837,-0.002532,-0.012387,-0.013305,0.015167,0.049298,0.08204,0.098349,0.16336,-0.000447,-0.006355,-0.019188,-0.126969,-0.137494,0.000571,0.001961,0.003426,0.00355,0.003227,0.000596,0.000794,0.005833,0.005759,0.014273,0.051235,0.150948,0.302691,0.460565,0.644925,-0.00144,-0.011766,-0.090405,-0.16475,-0.258804,-0.029766,-0.080351,-0.192434,-0.09704,-0.017925,0.000684,0.002994,0.008972,0.020408,0.029807,-0.000923,-0.001768,-0.002039,-0.002221,-0.005384,-0.000281,-0.000867,-0.00124,-0.005627,-0.004793,-0.315449,-0.422797,-0.158574,-0.904437,0,0,1,0,0,0,0,0,0,0,0
581,-2.5e-05,-0.000149,-0.003428,-0.009788,0.000671,-0.001441,-0.002385,-0.005838,-0.013416,-0.012894,0.017912,0.054035,0.080917,0.114431,0.169535,-0.002783,-0.018186,-0.088693,-0.147771,-0.149883,0.000248,0.001988,0.002932,0.002857,0.002907,5e-05,0.001441,0.005341,0.005317,0.016993,0.050334,0.175199,0.326821,0.513026,0.656127,-0.003453,-0.035055,-0.133933,-0.202975,-0.314225,-0.024978,-0.092345,-0.124999,-0.016028,0.050965,0.001515,0.004168,0.012215,0.020905,0.029772,-0.000538,-0.001084,-0.001145,-0.00203,-0.007301,1e-05,-0.000752,-0.00238,-0.005361,0.00407,-0.37637,-0.369605,-0.158821,-0.905941,0,0,1,0,0,0,0,0,0,0,0
582,-7.5e-05,-0.000423,-0.009425,-0.010593,-0.002885,-0.000423,-0.001119,-0.010991,-0.011911,-0.012682,0.016263,0.049062,0.0654,0.130526,0.180608,-0.003133,-0.015989,-0.123961,-0.134505,-0.182796,0.001144,0.002611,0.002735,0.002412,0.002735,0.000149,0.005197,0.005123,0.013652,0.019073,0.04951,0.201521,0.359674,0.54436,0.648974,-0.006888,-0.085666,-0.160142,-0.254363,-0.368651,-0.025674,-0.137955,-0.042393,0.036862,0.091476,0.000797,0.006786,0.018242,0.027657,0.032243,-0.000315,-0.000589,-0.000774,-0.003975,-0.008888,-0.000604,-0.000981,-0.005423,-0.004579,0.001774,-0.416608,-0.317006,-0.158775,-0.905073,0,0,1,0,0,0,0,0,0,0,0
583,-5e-05,-0.003338,-0.009716,0.000772,-0.009218,-0.000523,-0.003986,-0.011584,-0.011061,-0.018734,0.01993,0.046886,0.080493,0.13575,0.18981,-0.012307,-0.083009,-0.142252,-0.144369,-0.206826,0.000598,0.001545,0.00147,0.00152,0.002342,0.001246,0.005157,0.005132,0.016841,0.019831,0.07561,0.227653,0.414374,0.557871,0.62678,-0.024788,-0.123941,-0.193173,-0.304733,-0.406377,-0.041832,-0.074577,0.034695,0.101874,0.120782,0.001861,0.00993,0.018644,0.027536,0.040095,-0.000238,-0.0003,-0.001202,-0.006576,-0.010658,-0.000166,-0.001826,-0.004865,0.004751,-0.00229,-0.439139,-0.281577,-0.158372,-0.904102,0,0,1,0,0,0,0,0,0,0,0
584,-0.0003,-0.009335,-0.010509,-0.002771,-0.018147,-0.000175,-0.010084,-0.011008,-0.011782,-0.022315,0.012955,0.029354,0.094727,0.144998,0.189528,-0.000574,-0.108954,-0.119538,-0.168012,-0.216985,0.000874,0.000998,0.000674,0.000998,0.002446,0.003819,0.003744,0.012306,0.017747,0.018895,0.07683,0.235581,0.420966,0.525977,0.56514,-0.05424,-0.128998,-0.223575,-0.338296,-0.414576,-0.070792,0.025132,0.104686,0.159506,0.158481,0.004146,0.015646,0.025097,0.0297,0.044599,-4e-05,-0.00023,-0.003517,-0.008562,-0.011876,-0.00022,-0.00478,-0.003914,0.00261,-0.010033,-0.447871,-0.260294,-0.158169,-0.899703,0,0,1,0,0,0,0,0,0,0,0
585,-0.003009,-0.009427,0.001128,-0.008926,-0.020785,-0.00331,-0.010957,-0.01043,-0.018153,-0.022565,0.014116,0.047939,0.10355,0.157957,0.188871,-0.070579,-0.130202,-0.132333,-0.19519,-0.234328,7.5e-05,0.0,5e-05,0.000878,0.00351,0.0001,7.5e-05,0.011859,0.014868,0.015896,0.075844,0.263763,0.408181,0.477531,0.492926,-0.045306,-0.114983,-0.227257,-0.329553,-0.381905,0.038154,0.148128,0.215737,0.234766,0.222047,0.003956,0.012726,0.021675,0.034314,0.042762,-2.4e-05,-0.000966,-0.006587,-0.010855,-0.01274,-0.00151,-0.004688,0.005368,-0.001995,-0.014516,-0.446487,-0.249304,-0.161478,-0.896589,0,0,1,0,0,0,0,0,0,0,0
586,-0.006067,-0.007245,0.000526,-0.014917,-0.02146,-0.006644,-0.007571,-0.008348,-0.018928,-0.019154,0.002357,0.068015,0.118506,0.163231,0.18592,-0.038282,-0.048912,-0.097598,-0.146785,-0.175415,5e-05,-0.000276,5e-05,0.001504,0.004939,-0.000175,0.008424,0.013889,0.015042,0.015794,0.083609,0.269804,0.375274,0.414609,0.425865,-0.029783,-0.124774,-0.239996,-0.31661,-0.35602,0.058193,0.138095,0.193155,0.192125,0.183359,0.007594,0.017086,0.02171,0.036674,0.039924,-0.000172,-0.003561,-0.008762,-0.01218,-0.013531,-0.003194,-0.0023,0.004426,-0.008609,-0.018113,-0.45156,-0.236218,-0.164964,-0.892839,0,0,1,0,0,0,0,0,0,0,0
587,-0.000352,0.010237,0.000151,-0.011747,-0.018463,-0.001006,-0.000478,-0.008225,-0.012652,-0.012225,0.031567,0.087357,0.14194,0.172954,0.189253,-0.021405,-0.023543,-0.086603,-0.125867,-0.141135,-0.000126,-7.5e-05,0.000755,0.003396,0.005785,0.000151,0.011973,0.014991,0.016023,0.01562,0.104638,0.249521,0.319095,0.334539,0.340199,-0.040019,-0.152655,-0.255281,-0.307801,-0.34216,0.051942,0.119769,0.138859,0.126099,0.120563,0.001179,0.010157,0.022836,0.031312,0.03268,-0.000789,-0.006537,-0.010902,-0.01283,-0.014968,1.8e-05,0.010303,0.002772,-0.010034,-0.019374,-0.444893,-0.229964,-0.167511,-0.890215,0,0,1,0,0,0,0,0,0,0,0
588,-0.000828,0.006951,-0.008506,-0.015056,-0.020149,7.5e-05,-0.000703,-0.011292,-0.011518,-0.011041,0.034227,0.084763,0.129529,0.152238,0.161071,0.010715,-0.038016,-0.087248,-0.115904,-0.125338,-0.000201,0.000125,0.001581,0.005019,0.006624,0.008456,0.013926,0.015081,0.015834,0.012546,0.081978,0.187543,0.226914,0.238181,0.234065,-0.055154,-0.17048,-0.247164,-0.28661,-0.314086,0.028158,0.083268,0.082237,0.073463,0.06598,0.008325,0.012953,0.027931,0.031183,0.029194,-0.002635,-0.00787,-0.011309,-0.012669,-0.014664,0.000882,0.00765,-0.005468,-0.015031,-0.02259,-0.440709,-0.225167,-0.169954,-0.884572,0,0,1,0,0,0,0,0,0,0,0
589,0.011339,0.001324,-0.01049,-0.017159,-0.020006,0.00045,-0.007243,-0.011639,-0.011214,-0.006044,0.02133,0.075528,0.106324,0.122508,0.131999,-0.012788,-0.075403,-0.114391,-0.129551,-0.143688,0.00025,0.001074,0.003696,0.006069,0.007743,0.003322,0.006319,0.007343,0.006943,0.003597,0.062266,0.13135,0.146685,0.152305,0.150157,-0.056946,-0.158848,-0.210999,-0.245116,-0.269168,0.039322,0.058278,0.045608,0.04011,0.032043,0.000628,0.013219,0.021635,0.022994,0.015908,-0.00292,-0.007075,-0.008909,-0.010944,-0.012077,0.008935,0.001768,-0.010421,-0.019309,-0.025641,-0.436818,-0.219649,-0.172242,-0.88214,0,0,1,0,0,0,0,0,0,0,0
590,-0.003582,-0.018904,-0.025396,-0.030446,-0.032187,-0.001219,-0.011716,-0.01194,-0.011467,-0.004477,0.028854,0.073229,0.095741,0.104496,0.117854,-0.03557,-0.084373,-0.112779,-0.122132,-0.136559,7.5e-05,0.001517,0.004925,0.006517,0.008358,0.002114,0.003259,0.004005,0.000746,0.000249,0.042634,0.081662,0.09283,0.088751,0.087234,-0.057608,-0.133624,-0.172726,-0.199963,-0.217723,0.015468,0.014446,0.005748,-0.00167,-0.014681,0.003962,0.018809,0.022033,0.020061,0.013765,-0.002086,-0.00532,-0.0066,-0.008476,-0.0091,-0.002317,-0.014655,-0.02365,-0.03076,-0.035684,-0.431742,-0.22061,-0.174348,-0.879171,0,0,1,0,0,0,0,0,0,0,0
591,-0.006355,-0.018051,-0.024653,-0.027472,-0.029055,-0.006404,-0.010756,-0.010336,-0.005217,-0.000767,0.024975,0.055464,0.071487,0.080883,0.093692,-0.026631,-0.065231,-0.080241,-0.094236,-0.108306,0.000742,0.003338,0.005687,0.007344,0.008605,0.000865,0.001879,0.001484,-0.00183,-0.003116,0.026013,0.041196,0.04676,0.044633,0.044262,-0.043619,-0.09525,-0.129028,-0.15284,-0.163374,0.00339,-0.009154,-0.014597,-0.022583,-0.036194,0.008527,0.016859,0.018204,0.011189,0.006413,-0.001873,-0.003583,-0.00548,-0.006536,-0.006622,-0.00446,-0.015823,-0.024111,-0.030014,-0.033657,-0.427924,-0.220704,-0.175888,-0.875454,0,0,1,0,0,0,0,0,0,0,0
592,-0.008804,-0.015204,-0.020183,-0.021899,-0.023027,-0.003997,-0.004218,-0.003752,0.003139,0.007553,0.018981,0.041175,0.049807,0.062976,0.070456,-0.021703,-0.049709,-0.05893,-0.073153,-0.089339,0.000687,0.004046,0.005616,0.007431,0.007921,0.00027,0.001005,-0.002207,-0.002698,-0.005837,0.012679,0.02369,0.019668,0.018172,0.016823,-0.031684,-0.070235,-0.097088,-0.114598,-0.120704,-0.00437,-0.012945,-0.020258,-0.033086,-0.0447,0.006181,0.00936,0.007416,0.001208,-0.005629,-0.001162,-0.00232,-0.004018,-0.004584,-0.004221,-0.006962,-0.015106,-0.021543,-0.026001,-0.028832,-0.424099,-0.221767,-0.177231,-0.872245,1,0,0,0,0,0,0,0,0,0,0
593,-0.002771,-0.00926,-0.01203,-0.013586,-0.014485,-0.000316,9.7e-05,0.005128,0.009503,0.012298,0.011155,0.026904,0.03614,0.048729,0.050601,-0.016429,-0.031182,-0.044938,-0.058767,-0.073373,0.001871,0.00418,0.005809,0.007048,0.00717,0.000729,0.00034,-0.002916,-0.00418,-0.007461,0.002357,0.007826,0.005736,0.005371,0.004642,-0.019346,-0.052545,-0.075949,-0.086303,-0.089244,-0.007998,-0.013348,-0.021197,-0.034575,-0.040672,0.002064,0.003386,-0.00351,-0.008204,-0.013771,-0.000425,-0.002106,-0.003042,-0.003118,-0.002619,-0.003531,-0.010875,-0.016105,-0.019333,-0.02124,-0.421142,-0.224,-0.177694,-0.869351,1,0,0,0,0,0,0,0,0,0,0
594,-0.003544,-0.008438,-0.010126,-0.011234,-0.011476,9.6e-05,0.000554,0.007329,0.011668,0.013838,0.010752,0.019238,0.032185,0.039538,0.038887,-0.011234,-0.020299,-0.034282,-0.050194,-0.056245,0.001447,0.002989,0.004773,0.005256,0.005015,0.0,-0.003158,-0.00364,-0.006726,-0.007859,0.008486,0.004532,0.003062,0.001736,0.000988,-0.018708,-0.045107,-0.06232,-0.068323,-0.065478,-0.000496,-0.007685,-0.020296,-0.031713,-0.034439,0.001078,-0.000833,-0.006936,-0.013657,-0.016833,-0.000627,-0.002134,-0.002636,-0.002314,-0.001934,-0.00389,-0.009602,-0.013557,-0.016069,-0.016683,-0.417593,-0.22936,-0.177187,-0.868932,1,0,0,0,0,0,0,0,0,0,0
595,-0.002876,-0.005608,-0.007142,-0.008029,-0.007789,0.000312,0.005273,0.009587,0.012343,0.015459,0.004841,0.013949,0.026364,0.028209,0.02888,-0.003379,-0.016945,-0.030582,-0.044986,-0.044722,0.000839,0.002445,0.003667,0.003787,0.003403,-0.000383,-0.003595,-0.004841,-0.008077,-0.006591,-0.003044,-0.005105,-0.005464,-0.006183,-0.006591,-0.01414,-0.037221,-0.04743,-0.05033,-0.043476,-0.004782,-0.012523,-0.025716,-0.031727,-0.034614,0.000232,-0.006568,-0.011197,-0.016687,-0.018425,-0.000923,-0.001772,-0.001841,-0.001389,-0.001136,-0.002927,-0.00767,-0.010598,-0.012327,-0.012232,-0.416465,-0.233151,-0.176848,-0.869835,1,0,0,0,0,0,0,0,0,0,0
596,-0.001978,-0.003646,-0.004742,-0.00498,-0.004813,0.000143,0.006839,0.011128,0.013272,0.019491,0.003574,0.01637,0.023637,0.022994,0.026425,-0.0056,-0.01942,-0.035146,-0.041127,-0.040984,0.000691,0.002454,0.002931,0.002693,0.002526,-0.00274,-0.003217,-0.006267,-0.007387,-7.1e-05,-0.000882,-0.002335,-0.003646,-0.004384,-0.000977,-0.012033,-0.029046,-0.03498,-0.032168,-0.026449,-0.002351,-0.014815,-0.0261,-0.028794,-0.030324,-0.00212,-0.008151,-0.014794,-0.017933,-0.016971,-0.000502,-0.000965,-0.000668,-0.000318,-0.000106,-0.002453,-0.006098,-0.008412,-0.008978,-0.008596,-0.417482,-0.23657,-0.176359,-0.876147,1,0,0,0,0,0,0,0,0,0,0
597,-0.000735,-0.002252,-0.003129,-0.002892,-0.002276,0.004765,0.009032,0.011759,0.01484,0.024513,0.005453,0.017733,0.019558,0.020222,0.02622,-0.007847,-0.021336,-0.035584,-0.035323,-0.034707,0.000901,0.00211,0.002228,0.001849,0.001825,-0.00045,-0.001683,-0.004884,-0.003414,0.008724,-0.001162,-0.001517,-0.002228,-0.002631,0.003912,-0.010858,-0.020957,-0.023825,-0.017045,-0.01311,-0.005318,-0.018367,-0.024314,-0.027169,-0.027517,-0.004617,-0.009196,-0.014626,-0.016345,-0.014149,-0.000302,-0.000366,5.4e-05,0.000287,0.000415,-0.002028,-0.00474,-0.006342,-0.006254,-0.005477,-0.419242,-0.237674,-0.175703,-0.882977,1,0,0,0,0,0,0,0,0,0,0
598,-0.000921,-0.002008,-0.002244,-0.002079,-0.001039,0.00189,0.006141,0.008267,0.014432,0.023503,0.007252,0.014456,0.013818,0.01722,0.021826,-0.005882,-0.021471,-0.0274,-0.027258,-0.026715,0.00085,0.001323,0.001087,0.000921,0.000921,-2.4e-05,-0.003047,-0.004157,0.003094,0.01259,-0.000283,-0.001583,-0.002315,0.001063,0.007677,-0.006047,-0.011928,-0.009141,-0.003472,-0.001417,-0.007058,-0.018244,-0.020914,-0.022431,-0.020878,-0.001379,-0.007964,-0.011076,-0.010122,-0.009996,-0.000141,0.000138,0.000467,0.000667,0.000741,-0.001451,-0.003629,-0.004161,-0.003801,-0.003141,-0.42033,-0.239684,-0.175196,-0.887254,1,0,0,0,0,0,0,0,0,0,0
599,-0.000588,-0.001458,-0.001223,-0.000611,0.000706,0.002352,0.005057,0.008114,0.01771,0.024107,0.004963,0.006774,0.007432,0.013382,0.015405,-0.007526,-0.021661,-0.021402,-0.020791,-0.020085,0.000353,0.00047,9.4e-05,7.1e-05,9.4e-05,-0.001199,-0.004375,-0.002916,0.009125,0.017945,-7.1e-05,-0.000776,-0.001176,0.005315,0.012794,-0.003998,-0.006844,-0.000118,0.003787,0.004798,-0.005919,-0.011818,-0.014651,-0.014996,-0.009795,-0.003169,-0.008557,-0.010263,-0.008084,-0.006102,7.6e-05,0.000473,0.000694,0.000814,0.000877,-0.001157,-0.002673,-0.002589,-0.001854,-0.000749,-0.42355,-0.241083,-0.174582,-0.892916,1,0,0,0,0,0,0,0,0,0,0
600,-0.000492,-0.000727,-0.000563,0.000469,0.002064,0.001876,0.003987,0.010108,0.019113,0.023546,0.002204,0.001571,0.004948,0.009521,0.010459,-0.007974,-0.01386,-0.013719,-0.01318,-0.012148,0.000117,-0.000117,-0.000281,-0.000281,0.000281,-0.001806,-0.002908,0.004292,0.013719,0.024202,-0.001219,-0.001946,0.001407,0.007974,0.015291,-0.001853,0.000915,0.006543,0.008583,0.009217,-0.005204,-0.007856,-0.009362,-0.007819,-0.001544,-0.003378,-0.006467,-0.00552,-0.005396,0.000155,0.000191,0.000504,0.000694,0.000764,0.000812,-0.000936,-0.001442,-0.0011,-0.000472,0.001049,-0.424593,-0.243476,-0.173918,-0.897193,1,0,0,0,0,0,0,0,0,0,0
601,-0.000375,-0.00014,0.000468,0.00178,0.004215,0.00082,0.003864,0.013417,0.019786,0.02187,-0.000398,0.000258,0.006182,0.008195,0.008102,-0.006111,-0.005854,-0.005245,-0.004543,-0.003583,0.0,-0.000375,-0.000398,-0.000375,0.001873,-0.001358,9.4e-05,0.012082,0.020863,0.030768,0.000515,0.000117,0.00658,0.014026,0.015712,-0.000983,0.005713,0.0096,0.010607,0.011825,-0.000677,-0.003497,-0.003841,0.001337,0.002996,-0.001991,-0.003689,-0.00152,0.000453,0.007943,0.000196,0.00041,0.000527,0.000588,0.000615,-0.000543,-0.000462,0.000251,0.001322,0.002676,-0.421976,-0.246532,-0.173203,-0.90108,1,0,0,0,0,0,0,0,0,0,0
602,0.00014,0.000304,0.001332,0.002922,0.006709,0.001286,0.007386,0.016362,0.02078,0.020944,-0.000234,0.003132,0.00769,0.008625,0.007854,0.000234,0.000374,0.000912,0.00194,0.004371,-0.000234,-0.000397,-0.000397,0.000164,0.003787,0.000257,0.007433,0.01683,0.027278,0.035343,-0.001239,0.002104,0.008649,0.015942,0.013464,0.00374,0.00935,0.011383,0.012015,0.013137,-0.001967,-0.003468,-0.001931,0.004325,0.003002,-0.001092,-0.000148,-2.4e-05,0.005509,0.013088,0.000112,0.000298,0.000367,0.000413,0.000346,4.2e-05,0.000376,0.00099,0.002477,0.003862,-0.418696,-0.246484,-0.170928,-0.904171,1,0,0,0,0,0,0,0,0,0,0
603,9.3e-05,0.000701,0.002008,0.004437,0.009505,0.001752,0.01128,0.017632,0.019711,0.01908,0.000887,0.006796,0.008804,0.008711,0.005278,2.3e-05,0.000631,0.001331,0.002289,0.004741,-0.00014,-0.000163,-0.00014,0.002102,0.007613,0.001191,0.013148,0.021906,0.031785,0.034611,0.000841,0.007286,0.014713,0.016395,0.014082,0.002943,0.006819,0.007824,0.009038,0.016044,-0.000848,-0.00119,0.003974,0.005629,0.005629,-0.000603,0.00156,0.003529,0.010999,0.014451,9.9e-05,0.000213,0.000273,0.0003,0.000486,3.8e-05,0.000738,0.001789,0.003118,0.003411,-0.416924,-0.25273,-0.17068,-0.903347,1,0,0,0,0,0,0,0,0,0,0
604,7e-05,0.001097,0.002684,0.006466,0.013422,0.004342,0.013306,0.017717,0.017881,0.017134,0.002474,0.007026,0.00796,0.00719,0.00063,0.000117,0.000654,0.001681,0.004108,0.013166,-2.3e-05,-2.3e-05,0.000537,0.004155,0.011928,0.005976,0.01536,0.025794,0.033848,0.033194,0.002498,0.009034,0.016317,0.013842,0.013422,0.002661,0.004692,0.005322,0.006443,0.019865,-0.000651,0.000884,0.00713,0.005809,0.010701,0.001546,0.00167,0.007195,0.014763,0.015067,8.5e-05,0.000154,0.0002,0.000133,0.000356,0.000293,0.000901,0.002374,0.003746,0.003257,-0.413811,-0.255597,-0.169552,-0.899117,1,0,0,0,0,0,0,0,0,0,0
605,0.000537,0.001844,0.004272,0.009339,0.01786,0.005183,0.011533,0.013611,0.012981,0.014335,0.003432,0.00544,0.005346,0.001914,-0.009899,0.00049,0.001191,0.002148,0.004599,0.030817,0.0,2.3e-05,0.002265,0.007774,0.014942,0.005977,0.014732,0.024607,0.027432,0.027969,0.003946,0.01137,0.013051,0.010739,0.010086,0.001214,0.002218,0.003432,0.010436,0.037168,0.000309,0.005471,0.007126,0.007126,0.017886,0.000617,0.002585,0.010053,0.013503,0.012361,2.9e-05,8.8e-05,0.000116,0.000301,0.000444,0.000404,0.001454,0.00278,0.003072,0.003768,-0.411484,-0.27151,-0.16727,-0.896463,1,0,0,0,0,0,0,0,0,0,0
606,0.000491,0.00208,0.005865,0.012829,0.030191,0.003786,0.008202,0.008366,0.007618,0.00909,0.001122,0.002056,0.001285,-0.005281,-0.018648,4.7e-05,0.001075,0.003505,0.012572,0.045848,0.0,0.000561,0.004183,0.011964,0.017269,0.003412,0.013857,0.021919,0.021265,0.024606,0.002594,0.009885,0.007408,0.006987,0.005702,0.000818,0.001449,0.00257,0.016007,0.072207,0.001227,0.007481,0.006158,0.011055,0.018649,-0.000493,0.005038,0.012614,0.012918,0.011721,4e-05,8.6e-05,1.9e-05,0.000243,0.001474,0.000206,0.001689,0.003072,0.002579,0.010301,-0.410024,-0.300355,-0.162592,-0.893371,1,0,0,0,0,0,0,0,0,0,0
607,0.000819,0.003251,0.008327,0.016865,0.041378,0.002573,0.004655,0.004023,0.00538,0.006994,0.000889,0.000795,-0.002643,-0.014479,-0.027367,0.000655,0.001614,0.00407,0.030338,0.077914,2.3e-05,0.002269,0.007789,0.01497,0.020537,0.005356,0.015251,0.018081,0.018619,0.021215,0.004842,0.006526,0.00421,0.003555,0.002713,0.000187,0.001403,0.008421,0.035203,0.129654,0.003944,0.005601,0.005602,0.016382,0.022206,0.002466,0.009947,0.013404,0.01226,0.008675,2e-05,4.8e-05,0.000235,0.000381,0.002851,0.000856,0.0022,0.002496,0.003202,0.015051,-0.409277,-0.354814,-0.159233,-0.888331,1,0,0,0,0,0,0,0,0,0,0
608,0.000772,0.004563,0.011536,0.028921,0.058381,0.001849,0.002012,0.001264,0.002738,0.008447,4.7e-05,-0.000725,-0.007301,-0.020685,-0.046565,0.000374,0.002808,0.011887,0.045207,0.111334,0.000538,0.004165,0.011957,0.017269,0.023259,0.005101,0.013174,0.012519,0.015865,0.018813,0.002457,-2.3e-05,-0.000445,-0.001732,-0.016169,0.000445,0.001568,0.015022,0.071298,0.203386,0.002317,0.000992,0.005896,0.0135,0.023729,0.003072,0.010659,0.010963,0.009765,0.0021,2.7e-05,-4.1e-05,0.000185,0.001427,0.005143,0.000639,0.002034,0.001537,0.009332,0.022981,-0.396154,-0.426631,-0.15833,-0.889661,1,0,0,0,0,0,0,0,0,0,0
609,0.001659,0.006731,0.015263,0.039757,0.061751,0.000234,-0.000397,0.000958,0.002571,0.014748,-0.00014,-0.003576,-0.015403,-0.028281,-0.06507,0.000584,0.003038,0.029286,0.076827,0.150194,0.001706,0.007222,0.014398,0.01996,0.02356,0.004791,0.00762,0.008157,0.010752,0.023513,-0.000771,-0.003085,-0.00374,-0.004581,-0.033026,0.000771,0.007783,0.034545,0.128925,0.287651,-0.000658,-0.000657,0.010115,0.015935,0.033595,0.004408,0.007862,0.006719,0.003136,5e-05,1e-06,0.000188,0.000332,0.002789,0.008056,0.000703,0.000997,0.001699,0.013486,0.024274,-0.380401,-0.508173,-0.15399,-0.89979,1,0,0,0,0,0,0,0,0,0,0
610,0.002124,0.009082,0.026428,0.05582,0.062193,-7e-05,-0.000817,0.000654,0.00635,0.036443,-0.00063,-0.007191,-0.020544,-0.046365,-0.080497,0.001844,0.010903,0.044147,0.110122,0.195381,0.001914,0.009689,0.014988,0.020965,0.021478,0.003268,0.002615,0.005953,0.008895,0.016389,-0.001704,-0.002124,-0.003408,-0.017813,-0.048233,0.00035,0.013774,0.069921,0.201708,0.344538,-0.000664,0.004228,0.011815,0.022021,0.037154,0.003167,0.003471,0.002275,-0.005373,-0.028665,-6.8e-05,0.000155,0.001377,0.005034,0.008884,0.000676,0.000187,0.007858,0.02129,0.022409,-0.363055,-0.557513,-0.147452,-0.896877,1,0,0,0,0,0,0,0,0,0,0
611,0.002941,0.011461,0.035922,0.057886,0.066499,-0.00056,0.000794,0.002404,0.014565,0.053592,-0.002801,-0.014612,-0.027473,-0.064212,-0.095513,0.000607,0.026819,0.074295,0.147564,0.22536,0.003595,0.01076,0.016316,0.01991,0.024672,-0.000443,9.3e-05,0.002684,0.015429,0.01921,-0.000607,-0.00126,-0.002101,-0.030507,-0.066849,0.006652,0.033378,0.12763,0.286141,0.432047,0.000665,0.011422,0.017234,0.03487,0.054704,0.000284,-0.000858,-0.004436,-0.007518,-0.042877,0.000253,0.000395,0.00283,0.008047,0.013793,-0.000384,0.000311,0.011987,0.022674,0.021409,-0.342309,-0.644515,-0.148734,-0.910805,1,0,0,0,0,0,0,0,0,0,0
612,0.004013,0.021347,0.050719,0.057088,0.066746,-0.000187,0.001283,0.006976,0.037047,0.051045,-0.003756,-0.017101,-0.042903,-0.077011,-0.100901,0.008445,0.041667,0.107596,0.192796,0.237122,0.004176,0.009472,0.015444,0.015957,0.021697,-0.00021,0.003126,0.006066,0.013555,0.027622,0.000187,-0.001096,-0.015491,-0.045889,-0.106873,0.006766,0.062873,0.194569,0.3373,0.489992,0.004224,0.011806,0.022005,0.037128,0.055292,2e-05,-0.001175,-0.008817,-0.032093,-0.032724,-3e-05,0.001187,0.004825,0.008657,0.019933,-0.000104,0.007529,0.020896,0.02201,0.023569,-0.300485,-0.709868,-0.144753,-0.920736,1,0,0,0,0,0,0,0,0,0,0
613,0.004493,0.028891,0.050798,0.059389,0.06046,0.001537,0.003143,0.015272,0.054197,0.037435,-0.008032,-0.020859,-0.057503,-0.088722,-0.104599,0.017716,0.065069,0.138147,0.215741,0.237345,0.00298,0.008521,0.012106,0.016855,0.018764,0.000745,0.003329,0.01604,0.019812,0.024933,-0.000838,-0.001676,-0.030009,-0.066256,-0.139986,0.019905,0.113912,0.27201,0.417536,0.540993,0.006514,0.012311,0.029901,0.049683,0.066691,-0.001159,-0.004727,-0.007802,-0.043068,-0.021394,0.00017,0.00256,0.007683,0.013325,0.026003,0.000785,0.01225,0.022743,0.021502,0.022653,-0.264721,-0.767362,-0.145276,-0.922349,1,0,0,0,0,0,0,0,0,0,0
614,0.01282,0.042167,0.048531,0.058181,0.058064,-7e-05,0.005618,0.035664,0.049649,0.035151,-0.005291,-0.031072,-0.06515,-0.089019,-0.110557,0.015454,0.081327,0.166454,0.210742,0.221837,0.002308,0.008275,0.008788,0.014522,0.018624,0.002587,0.005524,0.013007,0.027062,0.025104,-0.000443,-0.014825,-0.045197,-0.106128,-0.177479,0.03613,0.167712,0.31032,0.462882,0.548731,0.001053,0.011243,0.026353,0.044502,0.06466,-3.3e-05,-0.007669,-0.030925,-0.031555,-0.018468,0.001038,0.004655,0.008463,0.019672,0.030877,0.006795,0.020082,0.021189,0.02274,0.021818,-0.223467,-0.788839,-0.143956,-0.92669,1,0,0,0,0,0,0,0,0,0,0
615,0.01161,0.033549,0.042152,0.043224,0.047141,0.001679,0.013825,0.052806,0.03602,0.036626,-0.007554,-0.04425,-0.075514,-0.091414,-0.115987,0.031964,0.105146,0.182852,0.204488,0.214419,0.003241,0.006831,0.011587,0.013499,0.017019,0.0,0.012729,0.016506,0.021635,0.031591,-0.000396,-0.02877,-0.06507,-0.138905,-0.218523,0.058005,0.216331,0.362067,0.485702,0.56448,0.004752,0.022367,0.042178,0.05921,0.084937,-0.00354,-0.006619,-0.041936,-0.020231,-0.011095,0.001375,0.00655,0.01225,0.025056,0.03817,0.004776,0.015376,0.014122,0.015284,0.016376,-0.17659,-0.833163,-0.13953,-0.931082,1,0,0,0,0,0,0,0,0,0,0
616,0.017765,0.024138,0.033803,0.033686,0.038565,0.004015,0.034106,0.048113,0.033593,0.034783,-0.018255,-0.052385,-0.07629,-0.09786,-0.1188,0.033966,0.119221,0.163575,0.174687,0.176135,0.002731,0.003245,0.008988,0.013096,0.01361,0.002941,0.010435,0.024512,0.022551,0.032379,-0.014007,-0.044425,-0.105447,-0.176905,-0.256673,0.073699,0.216521,0.369311,0.455289,0.541921,0.005447,0.02058,0.038756,0.058944,0.106665,-0.004103,-0.027394,-0.028025,-0.014918,-0.007158,0.002267,0.006116,0.017443,0.028766,0.047255,0.008607,0.009726,0.011292,0.010361,0.013543,-0.132753,-0.862783,-0.13394,-0.927281,1,0,0,0,0,0,0,0,0,0,0
617,0.004213,0.012851,0.013928,0.01786,0.025117,0.008169,0.047307,0.030454,0.031062,0.029143,-0.018539,-0.049929,-0.065893,-0.090565,-0.108612,0.039419,0.117437,0.139159,0.149131,0.152338,0.000866,0.005641,0.007561,0.011095,0.010627,0.009831,0.013623,0.018773,0.028768,0.028815,-0.014443,-0.050889,-0.125021,-0.204959,-0.295594,0.085064,0.231386,0.355518,0.434613,0.515721,0.012224,0.032115,0.049216,0.075046,0.123557,0.001023,-0.034437,-0.012644,-0.003472,-0.002796,0.003012,0.008874,0.022045,0.035533,0.063585,0.00213,0.00084,0.002036,0.003158,0.007677,-0.076511,-0.905816,-0.127114,-0.92644,1,0,0,0,0,0,0,0,0,0,0
618,0.002187,0.011921,0.011804,0.016718,0.024971,0.022103,0.036211,0.021585,0.022785,0.016318,-0.015754,-0.039832,-0.061558,-0.08265,-0.098568,0.046274,0.09095,0.102142,0.1036,0.114252,-0.000353,0.005432,0.00957,0.010087,0.009641,-0.002328,0.011851,0.009876,0.019775,0.015895,-0.01613,-0.077594,-0.149569,-0.229915,-0.326908,0.058407,0.212303,0.298903,0.386162,0.425829,0.002962,0.02127,0.041604,0.08967,0.097756,-0.024487,-0.025122,-0.01192,-0.004105,-0.002898,0.00094,0.012853,0.024762,0.044208,0.074935,-0.001022,0.000626,-0.000354,0.002994,0.008275,-0.027544,-0.893404,-0.119832,-0.922158,1,0,0,0,0,0,0,0,0,0,0
619,0.006506,0.007591,0.011551,0.018859,0.027251,0.017256,0.000283,0.000896,-0.001037,-0.007567,-0.015818,-0.031895,-0.056741,-0.074917,-0.089839,0.032178,0.054054,0.064096,0.067326,0.083262,0.005163,0.007096,0.010655,0.010184,0.009854,0.006153,0.011339,0.021405,0.021452,0.017916,-0.020533,-0.09519,-0.175693,-0.26697,-0.351717,0.088801,0.213812,0.293466,0.375149,0.400184,0.017061,0.034283,0.060297,0.10915,0.108523,-0.011161,0.010786,0.020023,0.020704,0.022407,0.005202,0.01904,0.03321,0.062682,0.08802,-0.000315,0.000941,0.00212,0.006867,0.012319,0.015788,-0.918975,-0.114541,-0.923801,1,0,0,0,0,0,0,0,0,0,0
620,0.003302,0.003182,0.008183,0.016582,0.024861,-0.003158,-0.018041,-0.016821,-0.023401,-0.029551,-0.008446,-0.030556,-0.052019,-0.068218,-0.079081,0.012801,0.024191,0.025674,0.036514,0.052354,0.000646,0.004857,0.005384,0.004929,0.004666,0.008183,0.006173,0.016247,0.012299,0.010361,-0.041706,-0.114948,-0.196709,-0.29541,-0.369682,0.066471,0.154596,0.243392,0.283758,0.320726,0.001313,0.022005,0.070918,0.079146,0.096548,0.010682,0.024116,0.03207,0.033298,0.036319,0.007688,0.021145,0.043119,0.077841,0.105091,0.002212,0.001104,0.004887,0.010855,0.016865,0.053773,-0.9213,-0.109663,-0.924972,1,0,0,0,0,0,0,0,0,0,0
621,-0.00222,0.001834,0.009314,0.017904,0.025143,-0.014188,-0.013561,-0.015539,-0.022223,-0.028666,-0.007939,-0.033371,-0.051975,-0.067249,-0.072751,0.009483,0.019762,0.023068,0.039379,0.035253,0.001327,0.004971,0.004488,0.00415,0.003499,-0.002944,0.00736,0.007408,0.003788,0.002075,-0.03436,-0.116763,-0.210193,-0.296938,-0.359651,0.060927,0.142461,0.22607,0.251695,0.250923,0.016304,0.042931,0.092937,0.092295,0.096658,0.011692,0.021147,0.021844,0.023587,0.027294,0.008137,0.02482,0.059516,0.089346,0.116439,-0.000867,0.000522,0.00611,0.012529,0.018544,0.086665,-0.918054,-0.105173,-0.927369,1,0,0,0,0,0,0,0,0,0,0
622,0.002112,0.007186,0.015708,0.024108,0.031366,-0.000825,0.000413,-0.006264,-0.012503,-0.016242,-0.014445,-0.036222,-0.052658,-0.06368,-0.070016,0.002015,0.00352,0.014518,0.03059,0.023161,0.002938,0.003472,0.00301,0.002743,0.002088,0.000923,0.011143,0.007138,0.005171,0.004783,-0.039742,-0.122698,-0.222843,-0.2982,-0.359282,0.028113,0.118207,0.159163,0.196672,0.205193,0.004591,0.054218,0.062567,0.080223,0.100673,0.001867,0.009936,0.011182,0.014248,0.016659,0.006404,0.030727,0.069163,0.099327,0.127099,-0.000321,0.003866,0.010472,0.017126,0.023342,0.120117,-0.931744,-0.102347,-0.928034,1,0,0,0,0,0,0,0,0,0,0
623,0.001978,0.009548,0.018242,0.025568,0.034164,0.001465,-0.000537,-0.007302,-0.013822,-0.015433,-0.011209,-0.030037,-0.045494,-0.051062,-0.061001,0.008376,0.011722,0.02823,0.024054,0.018755,0.000733,0.000244,-9.8e-05,-0.000757,-0.000781,0.009499,0.009548,0.005885,0.004151,0.00525,-0.043419,-0.137973,-0.225763,-0.28923,-0.340268,0.054237,0.138852,0.164786,0.164005,0.163712,0.02233,0.072938,0.072288,0.076704,0.087129,0.007691,0.008396,0.01016,0.013911,0.015692,0.011468,0.049196,0.081632,0.111091,0.135294,0.001844,0.00792,0.0149,0.02144,0.028437,0.140688,-0.917191,-0.098884,-0.928002,1,0,0,0,0,0,0,0,0,0,0
624,0.003115,0.011656,0.020075,0.027351,0.03307,-0.000219,-0.006911,-0.013165,-0.016912,-0.016133,-0.010658,-0.027132,-0.03818,-0.044531,-0.057087,-0.006838,0.004185,0.020294,0.012848,0.012264,-0.000195,-0.000657,-0.000925,-0.001582,-0.00146,0.000779,-0.003236,-0.005207,-0.005597,-0.00438,-0.039883,-0.14026,-0.215792,-0.277015,-0.315828,0.036257,0.077308,0.114904,0.123445,0.105049,0.027492,0.03586,0.053557,0.074054,0.06116,0.000424,0.001673,0.004746,0.007163,0.007034,0.013534,0.052598,0.083254,0.11148,0.128349,0.002457,0.00917,0.015933,0.022251,0.026612,0.162295,-0.911641,-0.098383,-0.927936,1,0,0,0,0,0,0,0,0,0,0
625,0.00441,0.013035,0.020304,0.028833,0.030529,-0.001769,-0.00848,-0.01495,-0.016549,-0.014586,-0.008068,-0.023406,-0.02893,-0.038791,-0.048967,0.010128,0.026507,0.022364,0.017106,0.017639,-0.000291,-0.00063,-0.001284,-0.001308,-0.001308,-0.000727,-0.004361,-0.006082,-0.004991,-0.005234,-0.054104,-0.141209,-0.204181,-0.25482,-0.288402,0.047853,0.073585,0.072809,0.072518,0.05878,0.022839,0.022194,0.026576,0.036919,0.027843,0.000277,0.002027,0.005749,0.007516,0.00516,0.022581,0.053285,0.081172,0.104083,0.117881,0.003368,0.009975,0.016166,0.022789,0.023902,0.177289,-0.902957,-0.098037,-0.926562,1,0,0,0,0,0,0,0,0,0,0
626,0.004096,0.012481,0.019727,0.025423,0.026513,-0.004896,-0.011124,-0.014856,-0.014081,-0.00887,-0.008337,-0.01934,-0.025665,-0.03817,-0.043139,0.000848,0.016892,0.009476,0.008894,0.007319,-0.00017,-0.000436,-0.001091,-0.000969,-0.000994,-0.003272,-0.005235,-0.005623,-0.004411,-0.003756,-0.045853,-0.121079,-0.182055,-0.22071,-0.24434,-0.00698,0.030464,0.03897,0.020648,0.008288,-0.014511,0.003115,0.023529,0.010688,0.004554,0.000967,0.004027,0.006434,0.006306,0.001665,0.015351,0.045149,0.072584,0.088982,0.099523,0.003152,0.009725,0.015866,0.020105,0.020615,0.187763,-0.90068,-0.098428,-0.926365,1,0,0,0,0,0,0,0,0,0,0
627,0.004526,0.011787,0.020307,0.022001,0.022655,-0.001815,-0.008278,-0.009875,-0.007915,0.000242,-0.006995,-0.012513,-0.022364,-0.03253,-0.035797,0.015515,0.011376,0.006124,0.006656,0.006995,-0.000169,-0.000823,-0.000847,-0.000847,-0.001041,-0.000363,-0.002082,-0.000992,-0.001234,0.0,-0.041219,-0.104124,-0.15471,-0.188256,-0.200817,0.032675,0.0319,0.03161,0.017886,0.010287,0.013848,0.018224,0.028557,0.01949,0.014138,0.000783,0.004501,0.006266,0.003912,-0.003059,0.015266,0.042946,0.065687,0.079383,0.084813,0.003435,0.00958,0.016154,0.017259,0.017399,0.190788,-0.896125,-0.098137,-0.925401,1,0,0,0,0,0,0,0,0,0,0
628,0.003856,0.011107,0.016807,0.017898,0.017971,-0.004414,-0.008149,-0.007373,-0.002158,0.010647,-0.004002,-0.010331,-0.022845,-0.027817,-0.029563,0.000509,-0.006912,-0.007494,-0.00907,-0.006742,-9.7e-05,-0.000752,-0.000631,-0.000655,-0.001116,-0.001601,-0.001989,-0.000776,-0.000121,0.000946,-0.033977,-0.094994,-0.133676,-0.157322,-0.164379,0.004729,0.013241,-0.005093,-0.017461,-0.024567,0.003762,0.024191,0.01134,0.005202,-0.002481,0.002278,0.004686,0.004558,-8.6e-05,-0.011822,0.014461,0.042029,0.058505,0.069096,0.072695,0.003122,0.009292,0.013552,0.014064,0.013697,0.196156,-0.894839,-0.099091,-0.924482,1,0,0,0,0,0,0,0,0,0,0
629,0.003429,0.01199,0.013693,0.014349,0.014033,-0.002067,-0.003672,-0.001702,0.006494,0.018995,-0.001532,-0.011431,-0.021646,-0.024929,-0.028261,-0.00467,-0.009947,-0.009412,-0.009072,-0.00608,-0.000559,-0.000584,-0.000584,-0.000778,-0.001338,-0.000122,0.000973,0.00073,0.00197,0.003186,-0.029136,-0.079967,-0.113676,-0.126298,-0.142666,-0.005521,-0.005813,-0.019603,-0.027239,-0.027507,0.000625,0.011007,0.001896,-0.003481,-0.00297,0.001452,0.003225,0.00086,-0.006145,-0.017403,0.01388,0.037405,0.051571,0.057188,0.063522,0.003173,0.009973,0.011115,0.01126,0.010716,0.206467,-0.896021,-0.099911,-0.92439,1,0,0,0,0,0,0,0,0,0,0
630,0.003853,0.009583,0.010681,0.010754,0.007486,-0.001683,-0.000902,0.004341,0.017216,0.02341,-0.004828,-0.017411,-0.02241,-0.024166,-0.028799,-0.00278,-0.003365,-0.00495,-0.002609,0.001024,-9.8e-05,2.4e-05,0.0,-0.000463,-0.001975,-0.000268,0.000951,0.001609,0.002682,0.007169,-0.03214,-0.071034,-0.09481,-0.101906,-0.120658,0.014095,-0.004341,-0.016777,-0.023922,-0.02024,0.019915,0.006993,0.000822,-0.006904,-0.00276,0.000966,0.000837,-0.003832,-0.015633,-0.017162,0.014507,0.031628,0.042634,0.046373,0.052935,0.00318,0.007607,0.008139,0.007758,0.006549,0.208632,-0.895477,-0.10247,-0.924266,1,0,0,0,0,0,0,0,0,0,0
631,0.004735,0.006444,0.007103,0.006786,-0.000122,7.3e-05,0.00205,0.010276,0.022823,0.025312,-0.005102,-0.015353,-0.018649,-0.021993,-0.027094,-0.002514,-0.001977,-0.001635,0.001367,0.007909,7.3e-05,7.3e-05,-0.000122,-0.000683,-0.00537,0.001367,0.001123,0.002368,0.003588,0.008177,-0.018844,-0.052675,-0.065343,-0.08177,-0.096147,-0.014401,-0.028241,-0.035906,-0.036174,-0.034344,-0.009514,-0.018658,-0.024055,-0.023542,-0.025185,0.000813,-0.001561,-0.008591,-0.01989,-0.017585,0.009521,0.024051,0.029813,0.036309,0.041393,0.003773,0.004945,0.005093,0.004535,0.003254,0.209566,-0.89306,-0.106245,-0.922775,1,0,0,0,0,0,0,0,0,0,0
632,0.001001,0.002099,0.002172,-0.001098,-0.012202,0.000708,0.005955,0.01884,0.025038,0.025575,-0.007492,-0.012495,-0.014252,-0.018889,-0.026454,0.001928,0.000342,0.002684,0.006321,0.013227,4.9e-05,2.4e-05,-0.000439,-0.001952,-0.015082,-0.000146,0.000512,0.001586,0.006077,0.006613,-0.020084,-0.043878,-0.050979,-0.069746,-0.084217,-0.004051,-0.016497,-0.023647,-0.019962,-0.01718,-0.003419,-0.009596,-0.017327,-0.01318,-0.014923,-0.000941,-0.005614,-0.017424,-0.018954,-0.01915,0.007705,0.018771,0.02253,0.029127,0.032964,0.000683,0.001219,0.000835,-0.00038,0.00092,0.209469,-0.894893,-0.106027,-0.919871,1,0,0,0,0,0,0,0,0,0,0
633,0.000708,0.001368,0.001051,-0.005863,-0.025701,0.00127,0.009504,0.022061,0.024553,0.024333,-0.002761,-0.006059,-0.009406,-0.014512,-0.027705,-0.001393,-0.001051,0.001954,0.008502,0.014048,-4.9e-05,-0.000244,-0.000806,-0.005497,-0.027265,-9.8e-05,0.001148,0.00237,0.006963,0.006719,-0.013755,-0.026434,-0.042876,-0.057266,-0.072707,-0.009797,-0.017468,-0.017737,-0.015905,-0.010212,-0.005729,-0.011131,-0.010617,-0.012261,-0.011402,-0.001433,-0.00847,-0.019779,-0.017472,-0.017684,0.006856,0.012653,0.019191,0.024306,0.025323,0.000491,0.00064,7.9e-05,-0.001211,3.4e-05,0.207801,-0.894744,-0.106548,-0.917466,1,0,0,0,0,0,0,0,0,0,0
634,0.000391,0.000465,-0.002813,-0.013942,-0.042635,0.003987,0.016902,0.023115,0.023653,0.023702,-0.00225,-0.004012,-0.008659,-0.016242,-0.033119,-0.000196,0.002153,0.005797,0.012719,0.019471,2.4e-05,-0.00044,-0.001957,-0.015117,-0.039675,0.000758,0.001835,0.006335,0.006873,0.006409,-0.010078,-0.017196,-0.036006,-0.050511,-0.064502,-0.002666,-0.009833,-0.00614,-0.003351,0.000196,-0.000455,-0.008204,-0.004047,-0.005795,-0.009757,-0.003249,-0.015086,-0.01662,-0.016816,-0.016918,0.004332,0.008153,0.014858,0.018759,0.017931,4.9e-05,-0.000341,-0.001576,-0.000254,-0.002973,0.203191,-0.893106,-0.107124,-0.91794,1,0,0,0,0,0,0,0,0,0,0
635,0.00027,-4.9e-05,-0.006985,-0.026886,-0.057277,0.004265,0.016862,0.019362,0.019142,0.020367,-0.001054,-0.004412,-0.009534,-0.022769,-0.039999,0.000539,0.003554,0.010122,0.015686,0.020048,-0.000221,-0.000784,-0.00549,-0.027327,-0.05267,0.00049,0.001716,0.006323,0.006078,0.00375,-0.002622,-0.019117,-0.033553,-0.049042,-0.059312,-0.005024,-0.005294,-0.003456,0.002255,0.0025,-0.004963,-0.004448,-0.006098,-0.005236,-0.011346,-0.003804,-0.015149,-0.012834,-0.013047,-0.016073,0.001535,0.00822,0.013451,0.014492,0.011974,0.000103,-0.000472,-0.00179,-0.000518,-0.00406,0.195855,-0.892134,-0.107615,-0.916116,1,0,0,0,0,0,0,0,0,0,0
636,-0.000197,-0.003493,-0.014687,-0.043545,-0.068935,0.008709,0.014958,0.015499,0.015548,0.015917,-0.000713,-0.005388,-0.013014,-0.02999,-0.048835,0.001821,0.005486,0.012449,0.019239,0.021231,-0.000246,-0.001771,-0.015007,-0.039707,-0.067065,0.00059,0.005117,0.005658,0.005191,-0.000615,-0.004527,-0.023446,-0.038035,-0.052107,-0.061775,-0.002165,0.00155,0.004355,0.007922,0.007085,-0.002812,0.001369,-0.000389,-0.004373,-0.009913,-0.008088,-0.00963,-0.009828,-0.00993,-0.016274,0.002402,0.009383,0.013444,0.012582,0.008856,-0.000511,-0.001797,-0.000422,-0.003252,-0.002447,0.188974,-0.889603,-0.109272,-0.91565,1,0,0,0,0,0,0,0,0,0,0
637,-0.000124,-0.00712,-0.027196,-0.057853,-0.081538,0.003956,0.006478,0.006255,0.007491,0.007318,-0.00267,-0.007837,-0.021188,-0.038569,-0.059806,0.001211,0.007837,0.01345,0.01785,0.029742,-0.000321,-0.005068,-0.027097,-0.052661,-0.079807,0.000643,0.005291,0.005044,0.002695,-0.008109,-0.01209,-0.026652,-0.042277,-0.052636,-0.06611,0.001904,0.003758,0.009519,0.009766,0.014982,0.003345,0.001681,0.002551,-0.003613,-0.012336,-0.003317,-0.000982,-0.001197,-0.004249,-0.015183,0.004619,0.010179,0.011285,0.008609,0.006055,-8.1e-05,-0.001482,-0.00013,-0.003895,-0.002319,0.184627,-0.890736,-0.113291,-0.912055,1,0,0,0,0,0,0,0,0,0,0
638,-0.003199,-0.014482,-0.04357,-0.069161,-0.09877,0.002331,0.002877,0.002926,0.003298,0.004464,-0.002033,-0.009721,-0.026831,-0.045826,-0.069161,0.00248,0.009498,0.016342,0.01835,0.038585,-0.001215,-0.014556,-0.039453,-0.067029,-0.092149,0.003918,0.004464,0.003992,-0.00186,-0.00987,-0.006943,-0.021649,-0.035833,-0.045578,-0.061077,0.001835,0.004662,0.008258,0.007415,0.021202,0.000859,-0.000913,-0.004929,-0.010513,-0.018985,0.001772,0.001573,0.001469,-0.004925,-0.013569,0.002662,0.006955,0.006044,0.002106,-0.000381,-0.001277,0.000178,-0.002815,-0.001964,-0.005227,0.179276,-0.893392,-0.119943,-0.914472,1,0,0,0,0,0,0,0,0,0,0
639,-0.003815,-0.023933,-0.054654,-0.078389,-0.114164,0.000198,-2.5e-05,0.001214,0.001041,0.004831,-0.003146,-0.016525,-0.033942,-0.055224,-0.078513,0.004162,0.009786,0.014196,0.026113,0.042985,-0.003543,-0.025618,-0.051235,-0.078438,-0.106112,0.000743,0.000496,-0.001858,-0.012685,-0.014023,-0.007656,-0.023314,-0.033694,-0.047197,-0.061889,2.5e-05,0.005797,0.006045,0.011273,0.020712,-0.002525,-0.001654,-0.007831,-0.016572,-0.026186,0.000569,0.000355,-0.002704,-0.013661,-0.017853,0.002997,0.004119,0.001403,-0.001188,-0.003809,-0.000153,0.001219,-0.002602,-0.001003,-0.006107,0.17356,-0.892236,-0.123064,-0.913771,1,0,0,0,0,0,0,0,0,0,0
640,-0.00746,-0.03653,-0.062107,-0.091698,-0.126295,0.000347,0.000397,0.000768,0.001933,0.012788,-0.004535,-0.021636,-0.04062,-0.06394,-0.091202,0.00285,0.00969,0.011698,0.031921,0.052144,-0.009789,-0.034672,-0.06223,-0.087336,-0.117893,-0.000198,-0.000669,-0.006518,-0.014523,-0.0143,-0.007038,-0.021214,-0.030954,-0.046444,-0.063594,0.0028,0.006394,0.005551,0.019331,0.029071,0.000756,-0.003259,-0.008838,-0.017306,-0.030205,-0.000768,-0.000872,-0.007262,-0.015901,-0.025976,0.001272,0.000365,-0.003557,-0.006033,-0.008671,0.001602,-0.001378,-0.00053,-0.00378,-0.006828,0.167314,-0.893453,-0.126706,-0.909081,1,0,0,0,0,0,0,0,0,0,0
641,-0.0127,-0.043519,-0.067329,-0.103219,-0.13625,-0.000572,0.000671,0.000497,0.0043,0.027861,-0.008873,-0.026345,-0.047695,-0.071058,-0.101877,0.002784,0.007208,0.019162,0.036088,0.061215,-0.012328,-0.038027,-0.065316,-0.093078,-0.12176,-5e-05,-0.002411,-0.013272,-0.014614,-0.004921,-0.008649,-0.019063,-0.032608,-0.047347,-0.067976,0.002982,0.003231,0.008475,0.017945,0.038002,0.000116,-0.00608,-0.014849,-0.024494,-0.032161,0.000555,-0.002514,-0.013506,-0.017711,-0.030905,-0.00015,-0.002927,-0.005576,-0.008256,-0.011453,-0.000231,-0.004137,-0.002503,-0.007722,-0.010935,0.161945,-0.898218,-0.130754,-0.909315,1,0,0,0,0,0,0,0,0,0,0
642,-0.016457,-0.042112,-0.071794,-0.106498,-0.14421,0.000621,0.000994,0.002163,0.013051,0.045742,-0.008278,-0.027321,-0.050713,-0.078059,-0.108611,0.004077,0.006091,0.026376,0.046661,0.06998,-0.012629,-0.040272,-0.065455,-0.096107,-0.128051,-0.000423,-0.006289,-0.014319,-0.014095,0.00169,-0.005569,-0.015338,-0.030876,-0.048078,-0.070551,0.000621,-0.000224,0.013598,0.023368,0.045692,-0.004143,-0.00974,-0.018233,-0.031172,-0.034257,-0.000659,-0.007069,-0.015734,-0.025841,-0.041815,-0.000776,-0.004784,-0.007314,-0.010009,-0.012776,-0.002813,-0.001947,-0.005267,-0.008382,-0.012384,0.15661,-0.900428,-0.130292,-0.907234,1,0,0,0,0,0,0,0,0,0,0
643,-0.014426,-0.038337,-0.074378,-0.107548,-0.14878,0.000624,0.000449,0.004268,0.027929,0.056807,-0.009235,-0.030675,-0.054136,-0.085085,-0.11853,0.000349,0.012355,0.029352,0.054585,0.072531,-0.013128,-0.040533,-0.068412,-0.097215,-0.134229,-0.001947,-0.012854,-0.014202,-0.004468,0.015,-0.004867,-0.01847,-0.03327,-0.053986,-0.079419,-0.000374,0.004892,0.014401,0.034543,0.053861,-0.002063,-0.010869,-0.020554,-0.028254,-0.02896,-0.00242,-0.013458,-0.017681,-0.030931,-0.039645,-0.002061,-0.00479,-0.00755,-0.010843,-0.013847,-0.00113,0.000553,-0.004822,-0.008132,-0.010735,0.154581,-0.909409,-0.134324,-0.918961,1,0,0,0,0,0,0,0,0,0,0
644,-0.011365,-0.041254,-0.076199,-0.114173,-0.159282,-0.00025,0.000926,0.01189,0.044808,0.059427,-0.009913,-0.033468,-0.061004,-0.091769,-0.12709,0.001677,0.022104,0.04253,0.066011,0.077751,-0.014669,-0.040027,-0.070892,-0.103059,-0.144413,-0.003955,-0.012041,-0.011815,0.00408,0.016296,-0.004956,-0.020602,-0.037924,-0.060554,-0.086387,-0.000476,0.013442,0.02328,0.045759,0.057525,-0.003567,-0.01212,-0.025148,-0.028255,-0.030531,-0.004028,-0.012753,-0.02293,-0.039016,-0.040832,-0.002103,-0.004759,-0.007588,-0.010492,-0.013951,0.002063,-0.001423,-0.004692,-0.008893,-0.010789,0.148891,-0.912182,-0.132336,-0.917461,1,0,0,0,0,0,0,0,0,0,0
645,-0.012684,-0.049024,-0.08247,-0.124045,-0.170451,7.5e-05,0.003926,0.027784,0.056901,0.063042,-0.011652,-0.035308,-0.066515,-0.100237,-0.131645,0.010419,0.027557,0.053,0.071095,0.078796,-0.012885,-0.040996,-0.070038,-0.107359,-0.152558,-0.007021,-0.00838,0.001434,0.021064,0.019856,-0.008733,-0.023656,-0.044544,-0.070189,-0.091404,0.005788,0.015377,0.035686,0.055165,0.057304,-0.005293,-0.015059,-0.022823,-0.023534,-0.03132,-0.007081,-0.011339,-0.024699,-0.033485,-0.040565,-0.000708,-0.003633,-0.007122,-0.010305,-0.013555,-0.000357,-0.006053,-0.00956,-0.012318,-0.01342,0.14211,-0.908599,-0.130628,-0.916369,1,0,0,0,0,0,0,0,0,0,0
646,-0.017492,-0.052881,-0.091337,-0.137019,-0.182979,0.001115,0.012219,0.045555,0.060359,0.066621,-0.012117,-0.040003,-0.071158,-0.106928,-0.1357,0.010191,0.030877,0.054655,0.066545,0.071564,-0.012701,-0.043958,-0.076533,-0.118412,-0.161304,-0.001115,-0.000887,0.01521,0.027581,0.026745,-0.007047,-0.02459,-0.047507,-0.073668,-0.091185,0.008264,0.018227,0.040992,0.052906,0.051056,-0.00333,-0.016524,-0.01967,-0.021975,-0.031148,-0.001704,-0.01201,-0.028299,-0.030139,-0.036659,-0.002155,-0.005246,-0.008418,-0.012197,-0.015682,-0.003431,-0.007003,-0.011591,-0.013662,-0.015565,0.133462,-0.906528,-0.131552,-0.916346,1,0,0,0,0,0,0,0,0,0,0
647,-0.019267,-0.053226,-0.095439,-0.142557,-0.186584,0.002785,0.027009,0.056573,0.062808,0.070729,-0.011805,-0.04349,-0.077731,-0.10962,-0.139644,0.007129,0.032963,0.051335,0.059154,0.066258,-0.01574,-0.045228,-0.083122,-0.129015,-0.168314,-0.000256,0.00971,0.029641,0.028414,0.027622,-0.008049,-0.029258,-0.055296,-0.076836,-0.097994,0.001405,0.022026,0.041804,0.043976,0.045381,-0.00656,-0.014443,-0.015165,-0.023071,-0.03053,-0.002606,-0.016171,-0.025092,-0.032281,-0.040115,-0.000976,-0.004857,-0.008398,-0.012013,-0.014807,-0.002709,-0.006611,-0.009679,-0.010905,-0.013788,0.131456,-0.906982,-0.132349,-0.918677,1,0,0,0,0,0,0,0,0,0,0
648,-0.016498,-0.05548,-0.101787,-0.148376,-0.18574,0.008454,0.042246,0.057254,0.063601,0.069871,-0.016395,-0.047977,-0.084236,-0.113402,-0.13874,0.013799,0.037904,0.049956,0.055044,0.061674,-0.015855,-0.048876,-0.091328,-0.134808,-0.169911,0.000488,0.016806,0.029346,0.028498,0.027753,-0.009688,-0.032918,-0.059438,-0.077195,-0.098061,0.008686,0.031762,0.04384,0.041964,0.043351,-0.006778,-0.009967,-0.012304,-0.021602,-0.027645,-0.007826,-0.024339,-0.026203,-0.032813,-0.039349,-0.002384,-0.005873,-0.010029,-0.013862,-0.015069,-0.00111,-0.006156,-0.008434,-0.010526,-0.012118,0.126357,-0.90384,-0.131199,-0.922039,1,0,0,0,0,0,0,0,0,0,0
649,-0.017747,-0.060421,-0.108055,-0.152564,-0.180669,0.01599,0.045878,0.052181,0.060189,0.064244,-0.015551,-0.050166,-0.082404,-0.112757,-0.13598,0.012244,0.030818,0.038722,0.045904,0.05169,-0.013872,-0.052181,-0.098575,-0.138305,-0.168037,0.009584,0.029733,0.028493,0.027692,0.027253,-0.011702,-0.038025,-0.059801,-0.08119,-0.097929,0.012115,0.032109,0.034305,0.035726,0.035597,-0.001156,-0.001886,-0.009878,-0.017419,-0.024499,-0.005846,-0.014865,-0.022132,-0.030052,-0.034757,-0.001715,-0.005537,-0.009439,-0.012453,-0.014317,-0.003059,-0.006371,-0.007693,-0.010804,-0.010438,0.12154,-0.903065,-0.129177,-0.923194,1,0,0,0,0,0,0,0,0,0,0
650,-0.02152,-0.068242,-0.115249,-0.152948,-0.174546,0.018046,0.033188,0.039592,0.045918,0.049522,-0.016257,-0.052841,-0.082269,-0.107834,-0.130391,0.012031,0.024191,0.029324,0.036014,0.04177,-0.019394,-0.062227,-0.106097,-0.141514,-0.166742,0.006845,0.019498,0.018642,0.01789,0.016957,-0.011693,-0.038451,-0.056367,-0.077421,-0.094766,0.011123,0.023309,0.021416,0.022816,0.024631,-0.002057,-0.004416,-0.013797,-0.019894,-0.02477,-0.010793,-0.012674,-0.019343,-0.025938,-0.031022,-0.001954,-0.006377,-0.010457,-0.011743,-0.013304,-0.002232,-0.004657,-0.006884,-0.008579,-0.007272,0.119374,-0.906351,-0.130035,-0.925753,1,0,0,0,0,0,0,0,0,0,0
651,-0.021356,-0.069264,-0.114028,-0.142294,-0.163391,0.011977,0.018316,0.02637,0.030449,0.030475,-0.018524,-0.050948,-0.081474,-0.104831,-0.120705,0.006625,0.014575,0.021798,0.027617,0.031436,-0.019096,-0.065756,-0.105714,-0.135618,-0.156142,0.013406,0.012159,0.011353,0.010912,0.008989,-0.014757,-0.036658,-0.05817,-0.075005,-0.090775,0.008963,0.011172,0.0126,0.012471,0.015718,0.001327,-0.006711,-0.014295,-0.021415,-0.021996,0.001745,-0.005565,-0.01353,-0.018262,-0.020087,-0.001996,-0.006057,-0.009195,-0.011135,-0.011134,-0.001183,-0.002559,-0.005797,-0.005416,-0.005815,0.119629,-0.910146,-0.132765,-0.926085,1,0,0,0,0,0,0,0,0,0,0
652,-0.025715,-0.073289,-0.111442,-0.133301,-0.15285,0.003228,0.009709,0.016112,0.019759,0.010811,-0.018316,-0.048098,-0.073971,-0.0968,-0.108818,0.005615,0.010811,0.017581,0.023406,0.024954,-0.024062,-0.068461,-0.104305,-0.129837,-0.147943,-0.000735,-0.001601,-0.002362,-0.003306,-0.01291,-0.012175,-0.030308,-0.051615,-0.069169,-0.08124,0.00328,0.001364,0.002781,0.004618,0.007741,-0.003727,-0.013222,-0.019392,-0.024327,-0.022771,-0.003666,-0.010415,-0.017089,-0.022235,-0.022641,-0.002671,-0.007108,-0.008506,-0.010203,-0.010301,-0.001369,-0.003791,-0.005633,-0.004212,-0.004951,0.116649,-0.913023,-0.130097,-0.920711,1,0,0,0,0,0,0,0,0,0,0
653,-0.022923,-0.068635,-0.097501,-0.119044,-0.134113,0.00321,0.011435,0.0156,0.015627,-2.7e-05,-0.014592,-0.045766,-0.069617,-0.085827,-0.096599,0.002441,0.009816,0.015759,0.019659,0.019129,-0.023321,-0.064125,-0.094662,-0.115621,-0.130983,-0.000531,-0.001353,-0.001804,-0.003767,-0.016794,-0.010055,-0.032023,-0.049215,-0.065319,-0.074578,-0.001061,0.000398,0.000265,0.003582,0.004298,-0.00444,-0.012185,-0.019456,-0.020049,-0.019111,-0.003757,-0.011892,-0.016723,-0.018587,-0.016047,-0.001819,-0.005453,-0.007699,-0.007698,-0.008396,-0.000115,-0.003865,-0.003423,-0.003885,-0.003506,0.115671,-0.914634,-0.132176,-0.918167,1,0,0,0,0,0,0,0,0,0,0
654,-0.02534,-0.064166,-0.086409,-0.106302,-0.117757,0.003364,0.00988,0.013591,0.004486,-0.009373,-0.015621,-0.041949,-0.06518,-0.07741,-0.087477,0.00283,0.00972,0.015648,0.017223,0.015407,-0.021709,-0.058184,-0.084166,-0.10259,-0.114072,-0.000347,-0.001121,-0.002083,-0.011856,-0.02008,-0.008331,-0.030013,-0.047877,-0.06016,-0.068438,-0.000881,0.000561,0.00243,0.005607,0.005207,-0.005193,-0.011472,-0.016494,-0.01491,-0.013851,-0.003086,-0.009877,-0.015114,-0.015527,-0.009977,-0.003111,-0.004691,-0.006609,-0.006719,-0.007578,-0.002616,-0.004698,-0.003093,-0.003927,-0.003396,0.115117,-0.917197,-0.135493,-0.91775,1,0,0,0,0,0,0,0,0,0,0
655,-0.020818,-0.050082,-0.071922,-0.087199,-0.09707,0.004949,0.009172,0.009199,-0.00667,-0.019177,-0.015869,-0.040049,-0.056483,-0.067403,-0.078458,0.004626,0.010651,0.014605,0.014067,0.012238,-0.0195,-0.050458,-0.071707,-0.08728,-0.097555,-0.000484,-0.000941,-0.002932,-0.016138,-0.024745,-0.013879,-0.031308,-0.047634,-0.057021,-0.065574,0.002367,0.002232,0.005595,0.006321,0.006401,-0.002621,-0.009992,-0.010594,-0.009642,-0.008223,-0.005138,-0.010036,-0.011925,-0.00935,-0.005571,-0.000727,-0.003199,-0.003198,-0.003966,-0.00522,-0.001375,-0.000889,-0.001397,-0.00098,-0.000357,0.11507,-0.918619,-0.138245,-0.915455,1,0,0,0,0,0,0,0,0,0,0
656,-0.018408,-0.040958,-0.061126,-0.072739,-0.079697,0.001624,0.005387,-0.003844,-0.017894,-0.025988,-0.01072,-0.034272,-0.04667,-0.056876,-0.06543,0.002328,0.008338,0.009935,0.008094,0.007201,-0.017352,-0.043692,-0.062371,-0.074012,-0.081619,-0.000298,-0.001272,-0.01118,-0.019518,-0.026611,-0.008013,-0.026123,-0.038576,-0.046968,-0.054006,-0.00092,0.000975,0.004196,0.00379,0.003357,-0.003728,-0.008819,-0.007214,-0.00614,-0.005961,-0.001714,-0.007023,-0.007441,-0.001815,-0.000935,-0.000979,-0.00309,-0.003211,-0.004157,-0.004892,-0.000853,0.000914,-4e-06,0.00058,0.001082,0.11337,-0.918728,-0.140529,-0.915472,1,0,0,0,0,0,0,0,0,0,0
657,-0.011099,-0.033187,-0.048639,-0.058622,-0.066293,0.002639,0.002666,-0.013384,-0.026033,-0.030168,-0.013683,-0.030304,-0.041348,-0.052529,-0.054514,0.003754,0.007753,0.007209,0.005359,0.004597,-0.013873,-0.035364,-0.051114,-0.061506,-0.068279,-0.000163,-0.002176,-0.015533,-0.024238,-0.032725,-0.009575,-0.026087,-0.035581,-0.044232,-0.046626,0.000789,0.004189,0.004924,0.005005,0.0034,-0.00371,-0.004318,-0.003355,-0.001921,-0.002676,-0.003232,-0.005142,-0.002538,0.001284,-0.002858,-0.001664,-0.001663,-0.002493,-0.003852,-0.003588,0.001409,0.000858,0.00131,0.001984,0.000974,0.113035,-0.919864,-0.140435,-0.912211,1,0,0,0,0,0,0,0,0,0,0
658,-0.011592,-0.031912,-0.043614,-0.050623,-0.060633,0.001146,-0.008155,-0.022311,-0.030467,-0.033494,-0.01001,-0.022502,-0.032785,-0.041404,-0.040477,0.002291,0.0039,0.002046,0.001146,0.000409,-0.012629,-0.031449,-0.043177,-0.050842,-0.058479,-0.000818,-0.010801,-0.019202,-0.026348,-0.035431,-0.008646,-0.021193,-0.029648,-0.03674,-0.036631,0.001118,0.004364,0.003955,0.003519,0.001991,-0.00141,0.000207,0.001289,0.001469,0.000839,-0.002109,-0.00253,0.003139,0.004025,-0.001543,-0.00053,-0.000658,-0.001655,-0.00243,-0.001969,0.000427,-0.000541,7.5e-05,0.000604,-0.001503,0.111719,-0.921143,-0.140988,-0.911892,1,0,0,0,0,0,0,0,0,0,0
659,-0.010606,-0.026171,-0.036229,-0.043957,-0.049821,-0.001124,-0.017292,-0.030035,-0.034201,-0.035187,-0.006687,-0.017813,-0.029076,-0.031077,-0.03146,0.001726,0.001178,-0.000685,-0.001452,-0.001781,-0.008961,-0.024829,-0.035297,-0.042121,-0.046451,-0.001206,-0.014661,-0.023431,-0.031981,-0.036201,-0.007947,-0.017512,-0.026226,-0.028638,-0.027624,0.002302,0.003042,0.003124,0.001507,-8.2e-05,0.000804,0.001774,0.003219,0.002458,0.000967,0.000194,0.002818,0.006668,0.002495,-0.000428,0.000549,-0.000326,-0.001756,-0.001478,-0.002045,-0.001021,-0.000545,0.000164,-0.000899,-0.002208,0.109337,-0.920603,-0.143626,-0.912755,1,0,0,0,0,0,0,0,0,0,0
660,-0.009839,-0.021628,-0.028691,-0.038777,-0.040151,-0.008245,-0.022508,-0.030725,-0.033775,-0.035342,-0.005881,-0.016242,-0.024926,-0.023992,-0.024624,-0.00011,-0.001979,-0.002886,-0.003628,-0.003793,-0.009976,-0.021793,-0.029516,-0.03721,-0.036881,-0.008849,-0.017314,-0.024514,-0.033665,-0.038585,-0.004672,-0.013191,-0.020337,-0.020227,-0.018166,0.000962,0.00055,0.00011,-0.001429,-0.008382,0.000823,0.001914,0.002095,0.001459,-0.005702,-0.000619,0.005093,0.005986,0.000376,-0.002627,-0.000695,-0.001746,-0.002563,-0.002077,-0.002794,2.1e-05,0.00067,0.001228,-0.000993,-0.002409,0.107598,-0.918834,-0.147196,-0.915008,1,0,0,0,0,0,0,0,0,0,0
661,-0.005787,-0.0159,-0.023672,-0.029569,-0.028494,-0.007992,-0.020806,-0.024994,-0.025986,-0.027171,-0.005291,-0.016617,-0.018629,-0.019014,-0.018849,-0.000441,-0.002315,-0.003086,-0.003417,-0.003886,-0.005952,-0.016479,-0.023341,-0.027695,-0.025738,-0.004657,-0.013475,-0.022073,-0.026317,-0.029541,-0.004933,-0.013696,-0.016121,-0.015101,-0.012401,-0.00022,-0.000138,-0.001764,-0.003362,-0.014826,0.000149,0.001603,0.000837,-0.000662,-0.011933,0.003259,0.007131,0.002935,-5e-06,-0.001859,-0.000201,-0.001688,-0.001399,-0.001989,-0.002245,0.000474,0.001211,0.000105,-0.001255,-0.002038,0.107354,-0.916485,-0.150689,-0.919481,1,0,0,0,0,0,0,0,0,0,0
662,-0.006044,-0.013138,-0.023267,-0.024647,-0.02288,-0.00632,-0.014573,-0.017636,-0.01921,-0.019127,-0.005106,-0.013828,-0.012889,-0.013524,-0.013607,-0.001435,-0.002346,-0.003091,-0.003257,-0.003284,-0.005906,-0.013662,-0.02139,-0.021059,-0.019596,-0.003836,-0.011068,-0.020258,-0.025199,-0.024674,-0.003616,-0.010792,-0.010681,-0.008611,-0.006679,-0.000193,-0.000635,-0.00218,-0.009163,-0.018437,0.000945,0.001127,0.000489,-0.006703,-0.01616,0.002472,0.003369,-0.002265,-0.00528,-0.004899,-0.00088,-0.001722,-0.001221,-0.001959,-0.002114,0.00019,0.000765,-0.001523,-0.002983,-0.002745,0.107469,-0.91119,-0.151602,-0.920877,1,0,0,0,0,0,0,0,0,0,0
663,-0.004097,-0.011905,-0.01783,-0.01675,-0.018051,-0.006534,-0.010742,-0.011739,-0.012929,-0.012985,-0.006257,-0.008278,-0.008666,-0.008499,-0.007614,-0.000443,-0.001218,-0.00155,-0.002021,-0.001107,-0.004651,-0.011545,-0.015919,-0.013954,-0.015725,-0.005011,-0.013649,-0.017913,-0.021152,-0.024391,-0.005177,-0.007614,-0.006589,-0.003876,-0.001883,0.000277,-0.001357,-0.002962,-0.01448,-0.01938,0.000512,-0.000257,-0.001764,-0.013087,-0.019005,0.00141,-0.002805,-0.005759,-0.007621,-0.010838,-0.000637,-0.000338,-0.000947,-0.001212,-0.00124,0.000568,-0.000575,-0.001981,-0.002789,-0.002856,0.107642,-0.909489,-0.149246,-0.917586,1,0,0,0,0,0,0,0,0,0,0
664,-0.003025,-0.013211,-0.014599,-0.012823,-0.012934,-0.001749,-0.004829,-0.006411,-0.006328,-0.006467,-0.002498,-0.001554,-0.002193,-0.002276,-0.000666,-0.000472,-0.001221,-0.001388,-0.001415,0.001443,-0.003136,-0.010908,-0.010574,-0.009103,-0.011685,-0.002248,-0.01149,-0.016458,-0.015931,-0.020233,-0.002026,-0.001915,0.000167,0.002109,0.004774,-0.000722,-0.002276,-0.009298,-0.018623,-0.01904,-0.00033,-0.000972,-0.008204,-0.017714,-0.021124,-0.000511,-0.006177,-0.009209,-0.008826,-0.013357,-0.000228,0.000293,-0.000474,-0.000636,-0.00083,2e-05,-0.00236,-0.003878,-0.00363,-0.00256,0.107377,-0.910046,-0.147884,-0.916716,1,0,0,0,0,0,0,0,0,0,0
665,-0.004814,-0.010769,-0.009684,-0.010992,-0.009072,-0.002477,-0.003478,-0.004675,-0.004731,-0.004786,0.000473,8.3e-05,0.00025,0.001141,0.002338,-0.000306,-0.00064,-0.001113,-0.000195,0.003562,-0.003785,-0.008181,-0.006206,-0.007987,-0.009294,-0.006428,-0.010714,-0.013969,-0.017225,-0.017837,-0.000417,0.000612,0.003339,0.005343,0.00935,-0.000918,-0.002532,-0.014109,-0.019034,-0.018311,-0.000442,-0.001956,-0.013338,-0.019286,-0.022763,-0.003724,-0.006693,-0.008565,-0.011799,-0.012905,0.000541,-9e-05,-0.000365,-0.000393,-0.001339,-0.001204,-0.002661,-0.003499,-0.003569,-0.00161,0.105341,-0.908292,-0.146271,-0.915219,1,0,0,0,0,0,0,0,0,0,0
666,-0.005419,-0.006815,-0.005027,-0.005139,-0.003771,-0.000614,-0.002207,-0.002123,-0.002262,-0.002318,0.000475,-0.000168,-0.000251,0.001369,0.003408,-0.000447,-0.000614,-0.000642,0.002234,0.007793,-0.004022,-0.003687,-0.002207,-0.004804,-0.006536,-0.002849,-0.007848,-0.007318,-0.011647,-0.012541,0.000531,0.002625,0.004581,0.007262,0.015613,-0.000642,-0.007709,-0.017093,-0.017512,-0.017289,-0.000202,-0.00748,-0.01705,-0.020482,-0.026807,-0.001963,-0.005015,-0.00463,-0.009189,-0.010541,-1.1e-05,-0.000813,-0.000982,-0.001185,-0.003412,-0.001251,-0.002838,-0.002579,-0.001461,0.000421,0.099521,-0.902415,-0.1438,-0.908197,1,0,0,0,0,0,0,0,0,0,0
667,-0.000561,0.000533,-0.000785,0.001149,0.002551,-0.000392,-0.001598,-0.001654,-0.00171,-0.001682,-0.000869,-0.000701,0.000196,0.001402,0.005971,0.000112,-0.000364,0.000561,0.004345,0.011663,-0.000392,0.001598,-0.000196,-0.001514,-0.001906,-0.001458,-0.004738,-0.008018,-0.008635,-0.009728,0.000505,0.003252,0.005271,0.009308,0.022372,-0.000981,-0.012644,-0.017606,-0.016877,-0.016485,-0.001323,-0.012789,-0.018782,-0.022284,-0.030497,-0.00102,-0.002906,-0.006164,-0.007278,-0.008684,-0.000654,-0.000943,-0.000973,-0.001969,-0.004955,-0.000251,-0.001133,-0.001206,0.000856,0.001894,0.094941,-0.89833,-0.143327,-0.904743,1,0,0,0,0,0,0,0,0,0,0
668,-0.000844,0.000956,0.000844,0.002222,0.005119,-0.00121,-0.001125,-0.001266,-0.001322,0.000366,0.000225,0.000141,0.001772,0.003826,0.010802,-0.000281,-0.000309,0.002588,0.008186,0.01353,0.000731,0.002222,-0.000394,-0.002138,-0.001041,-0.003572,-0.003038,-0.007398,-0.008298,-0.003713,0.001603,0.003572,0.006273,0.014683,0.028945,-0.006132,-0.015583,-0.016005,-0.01578,-0.015527,-0.006003,-0.015641,-0.019096,-0.025467,-0.031622,-0.00205,-0.001661,-0.006254,-0.007615,-0.005052,-0.000174,-0.000351,-0.000564,-0.002904,-0.005483,-0.001411,-0.001139,3.6e-05,0.002014,0.00353,0.092848,-0.895408,-0.140317,-0.903105,1,0,0,0,0,0,0,0,0,0,0
669,0.001956,0.000624,0.002579,0.003997,0.009524,0.0,-5.7e-05,-0.000113,-8.5e-05,0.002636,-5.7e-05,0.00085,0.002069,0.006689,0.017404,-0.000198,0.000737,0.004564,0.011962,0.015987,0.001276,-0.000539,-0.001871,-0.002268,-0.001531,0.000283,-0.003033,-0.003657,-0.004762,-0.000765,0.001162,0.003203,0.007285,0.020493,0.033674,-0.005612,-0.010629,-0.009892,-0.009496,-0.009014,-0.005544,-0.011603,-0.015145,-0.023448,-0.027323,0.000159,-0.003135,-0.004262,-0.005683,-0.005192,-0.000129,-0.000162,-0.001237,-0.004463,-0.005258,0.000535,0.000456,0.002684,0.003805,0.007307,0.092516,-0.897341,-0.136748,-0.899094,1,0,0,0,0,0,0,0,0,0,0
670,-0.000143,-0.000257,0.001141,0.00408,0.012895,8.6e-05,-5.7e-05,-0.000114,0.001598,0.003281,-2.9e-05,0.001626,0.003709,0.010784,0.02385,0.000171,0.00311,0.008787,0.014207,0.019913,0.000228,-0.002425,-0.004194,-0.003081,-0.002596,0.000257,-0.004165,-0.005078,-0.000428,-0.001027,0.000827,0.003566,0.012096,0.02656,0.038628,-0.003937,-0.004365,-0.004137,-0.00388,-0.003766,-0.004195,-0.0077,-0.014161,-0.020404,-0.025785,0.000234,-0.004424,-0.005804,-0.003205,-0.00673,-6.1e-05,-0.000296,-0.002879,-0.005726,-0.004979,-0.000259,0.001038,0.003221,0.004894,0.010627,0.094102,-0.895292,-0.131817,-0.897078,1,0,0,0,0,0,0,0,0,0,0
671,-0.001204,0.000774,0.002207,0.007795,0.018599,-0.000143,-0.000201,-0.000172,0.002579,0.00364,0.000946,0.002178,0.006849,0.017682,0.031438,0.000774,0.004643,0.012122,0.016192,0.022611,-0.002063,-0.00341,-0.003812,-0.003066,-0.001519,-0.003611,-0.004241,-0.005359,-0.001318,-0.00129,0.001232,0.005359,0.018714,0.03204,0.043475,-0.001118,-0.000373,2.9e-05,0.000516,0.000172,-0.001912,-0.005493,-0.013888,-0.017805,-0.024135,-0.003565,-0.004704,-0.006142,-0.005644,-0.008002,2.8e-05,-0.001134,-0.004618,-0.005477,-0.00414,0.000182,0.002589,0.003799,0.007581,0.014227,0.097533,-0.895363,-0.127285,-0.893395,1,0,0,0,0,0,0,0,0,0,0
672,0.001091,0.002498,0.005455,0.014327,0.025525,0.0,-5.7e-05,0.001665,0.003359,0.00491,0.000718,0.002814,0.009934,0.023085,0.037211,0.002182,0.007896,0.013351,0.019094,0.022424,-0.000603,-0.002383,-0.001263,-0.000775,0.005082,-0.000833,-0.001751,0.002929,0.002326,0.00224,0.001522,0.010107,0.024664,0.036809,0.049356,0.000689,0.000919,0.001177,0.001292,0.000833,-0.001611,-0.008114,-0.014397,-0.019813,-0.023315,-0.001116,-0.002506,0.000111,-0.003437,-0.005794,-0.000274,-0.002976,-0.005953,-0.005172,-0.004306,0.001171,0.003455,0.005205,0.011201,0.014945,0.098467,-0.895303,-0.126783,-0.890884,1,0,0,0,0,0,0,0,0,0,0
673,0.000891,0.002329,0.007935,0.018773,0.029554,-5.7e-05,-2.9e-05,0.002731,0.003795,0.008452,0.000517,0.005204,0.016071,0.02987,0.046171,0.001696,0.0092,0.013282,0.019722,0.022827,-0.000747,-0.00115,-0.000402,0.00115,0.011615,0.000201,-0.00092,0.003134,0.003162,0.002674,0.002616,0.016013,0.029381,0.040852,0.05629,5.7e-05,0.00046,0.000949,0.000604,0.000747,-0.001978,-0.0104,-0.01433,-0.020679,-0.023466,-2.6e-05,-0.001468,-0.000969,-0.003334,-0.008476,-0.000911,-0.004473,-0.005351,-0.003984,-0.003472,0.001278,0.002515,0.006382,0.013177,0.01293,0.101197,-0.896772,-0.124944,-0.888603,1,0,0,0,0,0,0,0,0,0,0
674,0.000517,0.003478,0.012359,0.023569,0.035554,0.0,0.001725,0.00342,0.004972,0.012532,0.001581,0.008709,0.021873,0.036014,0.055186,0.004024,0.009485,0.015234,0.018568,0.028742,-0.001035,8.6e-05,0.000575,0.006438,0.019545,-0.001121,0.003564,0.00296,0.002874,-0.001063,0.005978,0.020551,0.032709,0.045269,0.059439,0.000172,0.000431,0.000546,8.6e-05,0.008422,-0.004532,-0.010821,-0.016243,-0.019749,-0.020749,-0.001366,0.001254,-0.002298,-0.004657,-0.015897,-0.001812,-0.004811,-0.004025,-0.003152,-0.001128,0.001024,0.002787,0.008828,0.0126,0.010752,0.106954,-0.903716,-0.12422,-0.883945,1,0,0,0,0,0,0,0,0,0,0
675,0.000916,0.006497,0.017288,0.028022,0.042533,2.9e-05,0.002776,0.003835,0.008472,0.020494,0.003091,0.013911,0.027649,0.043879,0.063685,0.003463,0.007528,0.013939,0.01703,0.032,0.00063,0.001374,0.00292,0.013338,0.029825,0.0,0.004036,0.004064,0.003578,0.002547,0.007385,0.020694,0.032115,0.047485,0.063113,0.000229,0.000716,0.000372,0.000515,0.012708,-0.003872,-0.007784,-0.014106,-0.016881,-0.018924,-7.6e-05,0.000421,-0.001934,-0.007053,-0.019702,-0.001694,-0.002545,-0.00122,-0.000723,0.001006,0.000205,0.003955,0.010543,0.010304,0.007962,0.106549,-0.907119,-0.125149,-0.885577,1,0,0,0,0,0,0,0,0,0,0
676,0.002033,0.01088,0.022046,0.033985,0.049131,0.001689,0.003378,0.004925,0.012455,0.029433,0.004008,0.017121,0.031208,0.050305,0.071578,0.001976,0.007702,0.011023,0.021158,0.032897,0.000487,0.000973,0.006814,0.01987,0.036705,0.004667,0.004066,0.00398,5.7e-05,0.00607,0.007129,0.01924,0.031752,0.045867,0.066739,2.9e-05,0.000143,-0.000315,0.007988,0.017837,-0.002392,-0.007793,-0.011285,-0.012281,-0.014075,0.002685,-0.000853,-0.003203,-0.0144,-0.025015,-0.001222,-0.000456,0.000393,0.002363,0.002631,0.001511,0.007389,0.01106,0.009262,0.007324,0.106371,-0.91309,-0.123013,-0.889779,1,0,0,0,0,0,0,0,0,0,0
677,0.003548,0.014335,0.025065,0.039571,0.0592,0.001059,0.002117,0.006753,0.01877,0.042318,0.00681,0.020544,0.036767,0.056567,0.08003,0.002089,0.008498,0.011588,0.026553,0.033391,0.000258,0.001803,0.012218,0.028699,0.049128,-0.000629,-0.000601,-0.001087,-0.002117,0.011045,0.00618,0.017597,0.032962,0.048584,0.070674,0.000458,0.000114,0.000258,0.012447,0.020258,-0.00152,-0.00784,-0.010614,-0.012657,-0.01146,-0.002187,-0.004541,-0.009658,-0.022303,-0.032459,0.000367,0.001689,0.002185,0.003909,0.004348,0.002237,0.008809,0.008571,0.006235,0.004974,0.109262,-0.91694,-0.124797,-0.897491,1,0,0,0,0,0,0,0,0,0,0
678,0.005317,0.016526,0.028511,0.043715,0.066305,0.000632,0.002184,0.009743,0.026786,0.049865,0.006323,0.020463,0.039633,0.060988,0.084325,0.00365,0.006984,0.017158,0.028942,0.032276,0.00023,0.006093,0.019199,0.036098,0.061074,2.9e-05,-5.7e-05,-0.003995,0.002041,0.015635,0.005949,0.018509,0.032678,0.05363,0.074898,-0.000345,-0.000805,0.00753,0.017417,0.025321,-0.003894,-0.0074,-0.0084,-0.0102,-0.005341,-0.001355,-0.003714,-0.014954,-0.025609,-0.034627,0.000408,0.00128,0.003304,0.003579,0.004048,0.00373,0.0075,0.005654,0.003663,0.001656,0.1114,-0.923167,-0.128268,-0.900472,1,0,0,0,0,0,0,0,0,0,0
679,0.005532,0.016337,0.030945,0.05071,0.070504,0.000432,0.0051,0.017201,0.040914,0.050249,0.007491,0.023828,0.043766,0.067393,0.089665,0.002795,0.005907,0.020976,0.027862,0.029418,0.001325,0.011813,0.028409,0.048981,0.071714,0.0,-0.00049,-0.001527,0.011727,0.022099,0.005532,0.021004,0.036736,0.058979,0.08128,0.0,0.000144,0.012418,0.020284,0.028697,-0.00246,-0.005253,-0.00731,-0.006105,0.000643,-0.001012,-0.006165,-0.018898,-0.029126,-0.027652,0.000973,0.001493,0.003304,0.003765,0.003259,0.003105,0.002855,0.000402,-0.000922,-0.002362,0.109677,-0.925408,-0.129088,-0.907037,1,0,0,0,0,0,0,0,0,0,0
680,0.00573,0.017799,0.033109,0.055857,0.075624,0.001129,0.00874,0.025903,0.049143,0.051834,0.006714,0.026018,0.047522,0.071022,0.094928,0.00055,0.010795,0.022661,0.026018,0.027465,0.004573,0.01777,0.034788,0.059938,0.082396,-8.7e-05,-0.004052,0.002026,0.015715,0.028102,0.007091,0.021359,0.042457,0.063874,0.087519,-0.000463,0.00793,0.017886,0.025845,0.031286,-0.001059,-0.002066,-0.003879,0.001014,0.004992,-0.001359,-0.012677,-0.023407,-0.032488,-0.022491,-8.8e-05,0.002036,0.002325,0.002817,0.002639,0.000755,-0.001184,-0.003273,-0.005381,-0.00603,0.110131,-0.926736,-0.1325,-0.914019,1,0,0,0,0,0,0,0,0,0,0
681,0.005146,0.019885,0.039829,0.059801,0.079716,0.003576,0.015786,0.039712,0.049132,0.050905,0.009739,0.029857,0.053696,0.076169,0.099601,0.002587,0.017792,0.02474,0.02631,0.027589,0.005989,0.022734,0.043492,0.06643,0.089135,-0.000407,-0.001454,0.01192,0.022385,0.032299,0.008489,0.024362,0.046806,0.069308,0.09335,0.000611,0.012995,0.020932,0.029421,0.031107,-0.001754,-0.00383,-0.002614,0.004195,0.004492,-0.003835,-0.016682,-0.027002,-0.025514,-0.017036,0.000645,0.002573,0.003064,0.002525,0.002221,-0.001046,-0.003658,-0.005067,-0.006601,-0.007503,0.105585,-0.924441,-0.137085,-0.918147,1,0,0,0,0,0,0,0,0,0,0
682,0.007028,0.022517,0.045533,0.065532,0.084301,0.004099,0.021463,0.044976,0.047699,0.047114,0.009721,0.031478,0.055254,0.07944,0.099,0.00776,0.019765,0.023162,0.024626,0.025006,0.00732,0.024538,0.049983,0.072706,0.094784,-0.003602,0.002547,0.016398,0.02893,0.032619,0.005886,0.027232,0.0489,0.072823,0.096365,0.007877,0.017949,0.026002,0.031507,0.028725,0.000748,-0.001086,0.003864,0.007889,0.004098,-0.007589,-0.018445,-0.027633,-0.017518,-0.012767,0.001627,0.001941,0.002475,0.002281,0.00071,-0.001004,-0.003272,-0.005559,-0.006263,-0.007989,0.104352,-0.921373,-0.141482,-0.917684,1,0,0,0,0,0,0,0,0,0,0
683,0.007867,0.028079,0.048321,0.068503,0.086889,0.00825,0.032499,0.042045,0.043842,0.043253,0.010607,0.034767,0.057543,0.081291,0.097231,0.007602,0.014644,0.016235,0.017531,0.01759,0.009605,0.030642,0.053889,0.076901,0.098085,0.002563,0.016117,0.026724,0.036771,0.036152,0.010165,0.032911,0.055716,0.080083,0.099853,0.004626,0.012669,0.021273,0.022982,0.020831,-0.002857,-0.001625,0.005276,0.005577,0.002761,-0.005384,-0.015843,-0.014336,-0.005743,-0.005317,0.000418,0.000957,0.000365,3.2e-05,-0.001582,-0.001819,-0.003367,-0.005051,-0.006043,-0.007977,0.103077,-0.916829,-0.145223,-0.91643,1,0,0,0,0,0,0,0,0,0,0
684,0.007785,0.031139,0.051432,0.070478,0.087028,0.0093,0.033159,0.035922,0.035328,0.035298,0.01138,0.035506,0.060049,0.079897,0.094159,0.004516,0.007963,0.009449,0.009835,0.010607,0.007785,0.033605,0.056661,0.079065,0.097367,0.003655,0.017709,0.030425,0.034169,0.034437,0.01141,0.033397,0.057672,0.08156,0.098883,0.005556,0.013727,0.019313,0.01649,0.016312,0.001019,0.006043,0.010127,0.00628,0.004847,-0.005586,-0.014909,-0.004646,0.000175,0.000758,-9.6e-05,0.000496,0.000281,-0.001459,-0.002865,-0.000582,-0.003115,-0.003895,-0.005808,-0.007045,0.101974,-0.915619,-0.146836,-0.916939,1,0,0,0,0,0,0,0,0,0,0
685,0.012737,0.033374,0.053952,0.072696,0.087596,0.01532,0.025053,0.026886,0.026285,0.026165,0.013127,0.036348,0.06056,0.076812,0.088347,0.002613,0.004236,0.005557,0.005617,0.004716,0.013578,0.037279,0.060741,0.082339,0.09844,0.010123,0.020938,0.031181,0.03055,0.030941,0.011655,0.034906,0.059749,0.079906,0.096037,0.002583,0.011355,0.013097,0.010904,0.010634,0.000225,0.007261,0.007568,0.004697,0.004602,-0.005016,-0.003479,0.005282,0.005716,0.00642,0.000721,4.3e-05,-0.000339,-0.002187,-0.004603,-0.001144,-0.003073,-0.004208,-0.006422,-0.007291,0.103077,-0.915746,-0.147582,-0.916207,1,0,0,0,0,0,0,0,0,0,0
686,0.010984,0.031708,0.051157,0.068057,0.081651,0.00889,0.011712,0.011105,0.011075,0.01238,0.011378,0.036441,0.056709,0.071274,0.081135,0.00088,0.002397,0.002791,0.00358,0.00267,0.012653,0.036198,0.059076,0.077767,0.092726,0.004127,0.017113,0.020936,0.021209,0.022787,0.01068,0.03547,0.059865,0.077555,0.095123,0.005735,0.011439,0.008556,0.008374,0.009163,0.004902,0.009073,0.005144,0.003681,0.004215,-0.004454,0.006026,0.010949,0.011545,0.012044,-8.8e-05,-0.000337,-0.002352,-0.00398,-0.00835,-0.001707,-0.002611,-0.004825,-0.006258,-0.007354,0.099192,-0.915282,-0.149371,-0.915313,1,0,0,0,0,0,0,0,0,0,0
687,0.009914,0.030809,0.049843,0.064973,0.076565,0.000946,0.002806,0.002196,0.002074,0.008328,0.012141,0.036727,0.053229,0.064943,0.075375,0.000763,0.002105,0.002166,0.001251,0.00122,0.011347,0.035171,0.057103,0.073453,0.086082,0.006833,0.017235,0.016594,0.016991,0.020407,0.012873,0.038099,0.058567,0.074948,0.091908,0.003142,0.004911,0.002684,0.00241,0.003325,0.002216,0.002527,-0.000387,-0.000484,-0.00048,0.006039,0.014935,0.015376,0.016091,0.013471,-0.000663,-0.001089,-0.003146,-0.005835,-0.009616,-0.000375,-0.001639,-0.004105,-0.005072,-0.006377,0.097106,-0.915822,-0.148623,-0.913672,1,0,0,0,0,0,0,0,0,0,0
688,0.010943,0.030537,0.047563,0.061258,0.069694,0.001895,0.001284,0.001253,0.002568,0.010485,0.013083,0.033502,0.048175,0.058109,0.066791,0.000764,0.001162,0.001956,0.001039,-0.000917,0.012349,0.035397,0.054227,0.069297,0.080332,0.006236,0.010087,0.010362,0.011952,0.018157,0.012074,0.036651,0.054472,0.07217,0.074646,0.002598,-0.000306,-0.000489,0.000306,-0.00052,0.001981,-0.001977,-0.003452,-0.002913,-0.000886,0.004507,0.009467,0.010067,0.01057,0.009335,0.000411,-0.001712,-0.003427,-0.008029,-0.004502,-0.00057,-0.002903,-0.004412,-0.005566,-0.008026,0.10788,-0.914414,-0.149006,-0.914598,1,0,0,0,0,0,0,0,0,0,0
689,0.01002,0.029141,0.04434,0.055985,0.062757,-3.1e-05,-0.000644,-0.000766,0.005516,0.013452,0.011583,0.028161,0.039928,0.050408,0.05433,0.000582,0.000644,-0.000276,-0.000306,-0.004137,0.011552,0.033585,0.050009,0.062696,0.072011,0.004198,0.003555,0.003953,0.007385,0.016455,0.013238,0.033799,0.050255,0.067292,0.057302,-0.000827,-0.003064,-0.00334,-0.002421,-0.008304,-0.001673,-0.004601,-0.004698,-0.004695,-0.004614,0.004418,0.004861,0.005579,0.002948,0.004507,-0.000857,-0.002981,-0.005758,-0.009661,-0.001253,-0.000724,-0.00327,-0.004268,-0.005615,-0.007638,0.117186,-0.907649,-0.149386,-0.914603,1,0,0,0,0,0,0,0,0,0,0
690,0.00964,0.026742,0.040496,0.04897,0.054527,-0.000583,-0.000614,0.000706,0.008658,0.021154,0.008904,0.023641,0.033619,0.042338,0.042093,-0.000184,0.000614,-0.000307,-0.002272,-0.004851,0.011575,0.030487,0.045623,0.056707,0.062786,-0.000338,-6.1e-05,0.001535,0.007768,0.013233,0.011421,0.029321,0.047097,0.049584,0.042983,-0.002088,-0.002272,-0.001474,-0.002303,-0.007522,-0.002299,-0.00378,-0.003239,-0.001203,-0.002783,0.000555,0.001157,0.001663,0.000422,-0.006403,-0.00132,-0.003088,-0.007834,-0.004197,-0.000157,-0.001671,-0.003228,-0.004417,-0.006954,-0.008477,0.121402,-0.907296,-0.147893,-0.911676,1,0,0,0,0,0,0,0,0,0,0
691,0.009528,0.024774,0.036454,0.043247,0.046351,-3.1e-05,-0.000154,0.006147,0.014108,0.025266,0.007715,0.019518,0.03003,0.033964,0.031659,0.000246,-0.000676,-0.000707,-0.004549,-0.004979,0.010512,0.026987,0.039712,0.049056,0.052806,-0.000307,9.2e-05,0.003535,0.012633,0.013432,0.00919,0.025696,0.042786,0.032766,0.009283,-0.000154,-0.00043,0.000492,-0.00541,-0.007838,-0.000636,-0.000733,-0.000729,-0.000649,0.001485,-0.000111,0.00061,-0.00203,-0.000466,-0.010541,-0.000839,-0.003676,-0.007664,0.000926,0.013833,-0.000916,-0.001937,-0.003313,-0.005379,-0.007502,0.145807,-0.904379,-0.148011,-0.9105,1,0,0,0,0,0,0,0,0,0,0
692,0.007582,0.021334,0.029806,0.035362,0.03748,0.0,0.00132,0.00927,0.021763,0.025693,0.007029,0.017006,0.025723,0.025478,0.022746,0.000553,-0.000368,-0.002333,-0.004911,-0.005709,0.008411,0.023544,0.034625,0.040703,0.043711,0.000583,0.002179,0.008411,0.013875,0.012677,0.008718,0.026491,0.028977,0.022377,-0.025907,-3.1e-05,0.000767,-6.1e-05,-0.00528,-0.057678,-0.000846,-0.000306,0.00173,0.00015,-0.039154,0.000713,0.001219,-2.2e-05,-0.006846,-0.011724,-0.000934,-0.005673,-0.002042,0.001993,0.032123,-0.000647,-0.001834,-0.004368,-0.005888,-0.007333,0.172158,-0.854636,-0.14923,-0.908695,1,0,0,0,0,0,0,0,0,0,0
693,0.007646,0.019314,0.0261,0.029201,0.031873,-0.000123,0.006172,0.014125,0.025271,0.026622,0.004759,0.015261,0.019191,0.016888,0.014708,-0.001474,-0.001505,-0.005343,-0.005773,-0.007185,0.008045,0.020757,0.030092,0.033838,0.035496,-0.000184,0.003255,0.012344,0.013142,0.011791,0.007769,0.024841,0.014831,-0.008628,-0.060982,-0.000246,0.000676,-0.00522,-0.007646,-0.118985,0.000749,0.000753,0.000833,0.002965,-0.085211,6e-06,-0.00263,-0.001068,-0.011133,-0.013974,-0.00188,-0.00584,0.002689,0.015505,0.045263,-0.000365,-0.001732,-0.003783,-0.005891,-0.005513,0.199632,-0.793965,-0.148292,-0.907581,1,0,0,0,0,0,0,0,0,0,0
694,0.006112,0.014589,0.020149,0.022268,0.025585,0.001444,0.009399,0.021899,0.025831,0.026445,0.005221,0.013944,0.013699,0.010965,0.006112,0.000553,-0.001413,-0.003993,-0.004791,-0.010904,0.007095,0.018183,0.024264,0.027274,0.027428,0.001781,0.008016,0.013484,0.012286,0.008938,0.010013,0.012501,0.005897,-0.042416,-0.105841,0.001044,0.000215,-0.005006,-0.057436,-0.15394,-0.000208,0.001828,0.000248,-0.03908,-0.095948,0.000499,-0.000742,-0.00757,-0.012451,-0.016922,-0.002875,0.000772,0.004823,0.035079,0.054842,-0.000827,-0.003371,-0.004898,-0.006349,-0.004498,0.237778,-0.759559,-0.147446,-0.905225,1,0,0,0,0,0,0,0,0,0,0
695,0.005555,0.012338,0.015437,0.018107,0.020593,0.004849,0.012798,0.023939,0.025289,0.025013,0.005279,0.009207,0.006905,0.004726,-0.008716,-0.000583,-0.004419,-0.004849,-0.006261,-0.016143,0.005616,0.014946,0.01869,0.020348,0.020133,0.001657,0.010742,0.01154,0.010189,0.005187,0.007059,-0.002946,-0.026394,-0.078721,-0.14934,-0.000123,-0.006015,-0.00844,-0.119724,-0.186721,0.000212,0.000292,0.002423,-0.085708,-0.103392,-0.003134,-0.001573,-0.011632,-0.014472,-0.019605,-0.001086,0.007413,0.020184,0.049838,0.062755,-0.000539,-0.002583,-0.004684,-0.004307,-0.002957,0.273236,-0.72988,-0.14717,-0.90569,1,0,0,0,0,0,0,0,0,0,0
696,0.002918,0.008479,0.010598,0.013916,0.01536,0.003103,0.015606,0.019538,0.020152,0.019999,0.003441,0.003195,0.000461,-0.004393,-0.028354,-0.001382,-0.003963,-0.004762,-0.010875,-0.02516,0.005468,0.011551,0.014561,0.014715,0.015022,0.004577,0.010045,0.008847,0.005499,0.000584,-0.004577,-0.011182,-0.059504,-0.122941,-0.192368,-0.000707,-0.005929,-0.058368,-0.15489,-0.214364,0.001825,0.000244,-0.039091,-0.095969,-0.102687,0.001896,-0.004933,-0.009815,-0.014287,-0.019175,0.004745,0.008802,0.039096,0.058885,0.068305,-0.002004,-0.003533,-0.004986,-0.003133,-0.002918,0.309297,-0.704004,-0.148004,-0.904888,1,0,0,0,0,0,0,0,0,0,0
697,0.003867,0.006967,0.009637,0.012123,0.013228,0.004849,0.01599,0.017341,0.017064,0.016788,0.000491,-0.001811,-0.00399,-0.017433,-0.05196,-0.002455,-0.002885,-0.004297,-0.014179,-0.029126,0.003867,0.007611,0.009269,0.009054,0.010159,0.004512,0.00531,0.003959,-0.001044,-0.005279,-0.005432,-0.02888,-0.081209,-0.151829,-0.217693,-0.005187,-0.007611,-0.118898,-0.185897,-0.235494,-0.001743,0.000388,-0.087745,-0.10543,-0.108768,-0.000332,-0.010392,-0.013232,-0.018365,-0.022261,0.003787,0.01656,0.046218,0.059137,0.065779,-5.3e-05,-0.002154,-0.001777,-0.000427,-0.00093,0.338411,-0.681569,-0.148248,-0.903139,1,0,0,0,0,0,0,0,0,0,0
698,0.001685,0.003799,0.007108,0.008548,0.009528,0.007629,0.01155,0.012163,0.01201,0.011734,-0.000735,-0.003462,-0.008303,-0.032199,-0.078032,-0.000123,-0.000919,-0.007016,-0.021262,-0.035998,0.002206,0.005208,0.005361,0.005668,0.006342,0.00095,-0.000245,-0.003585,-0.008486,-0.009834,-0.001164,-0.049356,-0.112621,-0.181861,-0.24436,-3.1e-05,-0.052328,-0.148589,-0.207902,-0.264427,0.000163,-0.039066,-0.09579,-0.10249,-0.117662,-0.006479,-0.011347,-0.015807,-0.020682,-0.021792,0.00024,0.029967,0.049384,0.058628,0.064119,-0.001448,-0.002873,-0.001055,-0.000844,-0.000768,0.370379,-0.646416,-0.147474,-0.902493,1,0,0,0,0,0,0,0,0,0,0
699,0.001409,0.004073,0.006554,0.007657,0.00732,0.003491,0.004839,0.004563,0.004288,0.001991,-0.001562,-0.003736,-0.017151,-0.051605,-0.092919,-0.000306,-0.001715,-0.011577,-0.026492,-0.048634,0.001531,0.003185,0.002971,0.004073,0.003706,-0.000153,-0.001501,-0.006493,-0.010719,-0.012495,-0.022235,-0.074452,-0.144922,-0.210646,-0.260719,-0.002389,-0.113439,-0.180295,-0.229787,-0.300962,0.001963,-0.085983,-0.10363,-0.106961,-0.130029,-0.003562,-0.006396,-0.011518,-0.015406,-0.014899,0.012344,0.041565,0.054293,0.060837,0.065785,-0.000626,-0.000254,0.001076,0.00058,0.000665,0.387445,-0.60919,-0.146978,-0.900559,1,0,0,0,0,0,0,0,0,0,0
700,0.000704,0.004009,0.005448,0.006427,0.005662,0.000428,0.001041,0.000888,0.000612,-0.00453,-0.001163,-0.005999,-0.029872,-0.075658,-0.106326,-0.00049,-0.00658,-0.020812,-0.035534,-0.061702,0.001469,0.001622,0.001928,0.002602,0.001836,-0.001041,-0.004377,-0.009274,-0.01062,-0.013681,-0.025923,-0.089125,-0.158295,-0.220731,-0.256326,-0.049857,-0.146022,-0.205275,-0.261743,-0.33027,-0.041151,-0.097818,-0.104512,-0.119669,-0.139068,-0.001304,-0.005759,-0.010629,-0.011738,-0.00969,0.017229,0.03651,0.045689,0.051142,0.054655,-0.000793,0.001013,0.001223,0.001298,0.001554,0.404276,-0.577247,-0.146976,-0.89938,1,0,0,0,0,0,0,0,0,0,0
701,0.001959,0.004439,0.005541,0.005204,0.004714,0.000918,0.000643,0.000367,-0.001929,-0.006275,-0.00101,-0.014418,-0.048856,-0.09015,-0.119445,-0.000918,-0.010775,-0.025683,-0.047815,-0.067896,0.000184,-3.1e-05,0.001071,0.000704,0.000214,-0.000306,-0.005296,-0.00952,-0.011296,-0.012642,-0.026264,-0.096701,-0.162393,-0.212442,-0.246972,-0.061131,-0.127955,-0.177423,-0.248563,-0.305256,-0.046745,-0.064384,-0.067713,-0.09077,-0.104461,-0.001528,-0.006648,-0.010534,-0.010028,-0.007075,0.011872,0.024558,0.031079,0.036011,0.038742,0.001164,0.002489,0.001996,0.00208,0.00245,0.418302,-0.552273,-0.146909,-0.899354,1,0,0,0,0,0,0,0,0,0,0
702,0.001348,0.002788,0.003768,0.003002,0.002389,-0.000306,-0.000459,-0.000735,-0.005881,-0.009129,-0.003829,-0.027722,-0.073549,-0.104243,-0.124828,-0.005177,-0.019421,-0.034155,-0.060346,-0.073824,-3.1e-05,0.000276,0.00095,0.000184,-9.2e-05,-0.003033,-0.007934,-0.009282,-0.012345,-0.013356,-0.036973,-0.106203,-0.168693,-0.204319,-0.224935,-0.035074,-0.094379,-0.150896,-0.219482,-0.264328,-0.009938,-0.016637,-0.031808,-0.051223,-0.065396,-0.00293,-0.007804,-0.008914,-0.006864,-0.004603,0.007468,0.016702,0.022188,0.025723,0.027726,0.000648,0.000858,0.000934,0.001192,0.001237,0.419701,-0.531948,-0.147361,-0.8985,1,0,0,0,0,0,0,0,0,0,0
703,0.001135,0.002239,0.001902,0.001411,0.000276,3.1e-05,-0.000245,-0.002546,-0.006901,-0.011564,-0.009601,-0.044108,-0.085486,-0.11484,-0.126251,-0.004693,-0.019631,-0.041807,-0.061929,-0.076806,-0.000184,0.00092,0.000552,6.1e-05,-0.000521,-0.001963,-0.006196,-0.007975,-0.009325,-0.014999,-0.033556,-0.099381,-0.149532,-0.184131,-0.195265,-0.031839,-0.081406,-0.152691,-0.209497,-0.242256,-0.007723,-0.011059,-0.034162,-0.047881,-0.055566,-0.002197,-0.006091,-0.005583,-0.002625,-0.003523,0.005328,0.011943,0.016945,0.019715,0.020756,0.000691,0.00019,0.000275,0.000652,0.00013,0.42396,-0.51853,-0.147619,-0.893417,1,0,0,0,0,0,0,0,0,0,0
704,0.000308,0.001292,0.000523,-9.2e-05,-0.001384,-0.000185,-0.000461,-0.00563,-0.00889,-0.012274,-0.014366,-0.060388,-0.091212,-0.111885,-0.122498,-0.009598,-0.024395,-0.050697,-0.064233,-0.080137,0.000492,0.001169,0.0004,0.000123,-0.000769,-0.002953,-0.004307,-0.007383,-0.008398,-0.014705,-0.03587,-0.098626,-0.134403,-0.155107,-0.173441,-0.027625,-0.084383,-0.153261,-0.198298,-0.221462,0.001017,-0.014217,-0.033715,-0.047948,-0.043656,-0.002692,-0.003806,-0.001748,0.000523,-0.002282,0.004074,0.009726,0.013367,0.015431,0.016047,-0.000488,-0.00041,-0.000144,-9.8e-05,-0.000765,0.432729,-0.507808,-0.147724,-0.890967,1,0,0,0,0,0,0,0,0,0,0
705,0.000802,0.000463,-3.1e-05,-0.001172,-0.002158,-9.3e-05,-0.002405,-0.006784,-0.01147,-0.012303,-0.020289,-0.061884,-0.091392,-0.102863,-0.114179,-0.005396,-0.027689,-0.047916,-0.062871,-0.07579,0.000617,0.000247,-0.000247,-0.000833,-0.001758,-0.001295,-0.003083,-0.00444,-0.010144,-0.011717,-0.030217,-0.080631,-0.115412,-0.126605,-0.14529,-0.022139,-0.093797,-0.150902,-0.183833,-0.203474,-0.004373,-0.027598,-0.041389,-0.049115,-0.044778,-0.001216,-0.000706,0.002268,0.001365,0.000648,0.00272,0.007909,0.010782,0.011863,0.012472,-2.3e-05,6.5e-05,0.000455,-8.6e-05,-0.000227,0.43686,-0.498349,-0.147981,-0.890193,1,0,0,0,0,0,0,0,0,0,0
706,0.000185,-0.000586,-0.001202,-0.002496,-0.00413,-0.000185,-0.005363,-0.00863,-0.01202,-0.013006,-0.025828,-0.05671,-0.077422,-0.088055,-0.101832,-0.009431,-0.035783,-0.049344,-0.065278,-0.074524,6.2e-05,-0.000709,-0.000986,-0.00188,-0.003144,-6.2e-05,-0.003144,-0.004161,-0.010479,-0.010387,-0.03267,-0.068514,-0.089257,-0.107626,-0.129015,-0.034735,-0.103742,-0.148864,-0.172072,-0.18326,-0.010892,-0.030427,-0.044686,-0.040386,-0.034003,9.9e-05,0.002162,0.004436,0.001626,0.002754,0.003014,0.006704,0.008794,0.009419,0.009731,0.000102,0.000371,0.000418,-0.000257,-0.000382,0.447716,-0.49562,-0.147957,-0.888851,1,0,0,0,0,0,0,0,0,0,0
707,-0.000524,-0.001016,-0.002156,-0.003142,-0.005513,-0.002125,-0.006499,-0.011181,-0.012012,-0.013984,-0.015739,-0.045216,-0.056673,-0.067977,-0.082885,-0.012844,-0.033049,-0.047988,-0.060893,-0.068439,-0.000431,-0.000924,-0.001509,-0.002433,-0.00462,-0.001725,-0.00308,-0.008778,-0.010349,-0.010657,-0.01771,-0.052454,-0.063634,-0.0823,-0.107464,-0.036869,-0.093912,-0.126807,-0.146427,-0.149969,-0.012315,-0.026091,-0.033808,-0.029476,-0.018466,0.00041,0.003381,0.002479,0.001763,0.003432,0.002149,0.005001,0.006073,0.006677,0.00667,-1.4e-05,0.000373,-0.000164,-0.000304,-0.000217,0.455612,-0.493372,-0.148432,-0.887124,1,0,0,0,0,0,0,0,0,0,0
708,-0.000246,-0.000862,-0.002156,-0.003788,-0.007298,-0.003049,-0.006313,-0.0097,-0.010685,-0.013549,-0.01512,-0.035813,-0.046437,-0.060201,-0.073535,-0.013488,-0.027037,-0.042957,-0.052195,-0.059647,-0.000339,-0.000616,-0.001509,-0.002771,-0.005943,-0.001355,-0.002371,-0.008684,-0.008591,-0.009946,-0.018107,-0.038831,-0.057184,-0.078554,-0.095091,-0.032087,-0.077169,-0.100356,-0.111534,-0.115815,-0.007206,-0.021453,-0.017156,-0.010778,-0.00665,0.00165,0.003923,0.001115,0.002242,0.003787,0.001521,0.003599,0.00422,0.00453,0.004379,0.000282,0.000328,-0.000343,-0.000467,-0.000516,0.456271,-0.490168,-0.14933,-0.885395,1,0,0,0,0,0,0,0,0,0,0
709,-0.000246,-0.001386,-0.002372,-0.004743,-0.009209,-0.001324,-0.006006,-0.006838,-0.008809,-0.010903,-0.014353,-0.02581,-0.037114,-0.052021,-0.068098,-0.006714,-0.021652,-0.034557,-0.042103,-0.052267,-0.000154,-0.000739,-0.001663,-0.00385,-0.006437,0.0,-0.005698,-0.007269,-0.007577,-0.010349,-0.016632,-0.027812,-0.046477,-0.07164,-0.085438,-0.024948,-0.057842,-0.077461,-0.081003,-0.088518,-0.006569,-0.014285,-0.009953,0.001057,-0.000107,0.00132,0.000418,-0.000298,0.001371,0.001045,0.001328,0.0024,0.003004,0.002996,0.002723,0.000105,-0.000432,-0.000572,-0.000485,-0.001945,0.460073,-0.48512,-0.151569,-0.883111,1,0,0,0,0,0,0,0,0,0,0
710,-0.00037,-0.001663,-0.003296,-0.006808,-0.012507,-0.001941,-0.005329,-0.006315,-0.00918,-0.011121,-0.006346,-0.016974,-0.030743,-0.044082,-0.059084,-0.006839,-0.022765,-0.032006,-0.039461,-0.058345,-0.000123,-0.001017,-0.00228,-0.005452,-0.007116,-0.001017,-0.007332,-0.007239,-0.008595,-0.013061,-0.004097,-0.022457,-0.043836,-0.060378,-0.073932,-0.020147,-0.043343,-0.054525,-0.058807,-0.067247,-0.007683,-0.003384,0.002996,0.007126,0.009747,0.000953,-0.001855,-0.000728,0.000818,-0.000919,0.000754,0.001377,0.001687,0.001536,0.000679,-5.9e-05,-0.000732,-0.000856,-0.000905,-0.004165,0.461162,-0.481167,-0.154956,-0.879678,1,0,0,0,0,0,0,0,0,0,0
711,-0.000771,-0.001757,-0.004131,-0.008601,-0.017881,-0.002744,-0.003576,-0.005549,-0.007646,-0.011468,-0.005118,-0.016432,-0.031353,-0.047445,-0.053179,-0.008108,-0.021025,-0.028578,-0.038752,-0.06585,-0.000462,-0.001387,-0.003576,-0.006166,-0.008416,-0.004686,-0.006258,-0.006566,-0.009341,-0.015445,-0.007091,-0.025773,-0.05096,-0.064771,-0.073249,-0.012763,-0.032401,-0.035946,-0.043468,-0.050097,-3.5e-05,0.004301,0.015321,0.014156,0.0248,-0.001856,-0.002573,-0.000902,-0.001229,-0.002122,0.000321,0.000929,0.000921,0.000647,-0.000926,-0.000481,-0.000623,-0.000535,-0.002004,-0.00739,0.463426,-0.479375,-0.157047,-0.875635,1,0,0,0,0,0,0,0,0,0,0
712,-0.000524,-0.002158,-0.005672,-0.011374,-0.023088,-0.000647,-0.001634,-0.0045,-0.006442,-0.010049,-0.005518,-0.019296,-0.032643,-0.047655,-0.045589,-0.007829,-0.017077,-0.024536,-0.043432,-0.065564,-0.000432,-0.001695,-0.00487,-0.006535,-0.00897,-0.001634,-0.001541,-0.002898,-0.007367,-0.014118,-0.011282,-0.032674,-0.049227,-0.06279,-0.065625,-0.01045,-0.021639,-0.025923,-0.034369,-0.041243,0.004337,0.01072,0.014853,0.017476,0.028267,-0.000954,0.000174,0.001721,-1.8e-05,-0.001235,0.000305,0.000617,0.000465,-0.000396,-0.001522,-0.000195,-0.00032,-0.000369,-0.003644,-0.010738,0.462098,-0.478758,-0.159841,-0.869999,1,0,0,0,0,0,0,0,0,0,0
713,-0.000462,-0.002834,-0.007301,-0.016575,-0.028621,-0.000185,-0.002157,-0.004252,-0.008072,-0.008996,-0.005792,-0.020703,-0.036785,-0.042515,-0.036692,-0.005083,-0.012631,-0.022798,-0.049878,-0.066668,-0.000493,-0.00268,-0.005268,-0.007517,-0.010721,6.2e-05,-0.000246,-0.003019,-0.009119,-0.014449,-0.007394,-0.032564,-0.046366,-0.054838,-0.048769,-0.009181,-0.012724,-0.020241,-0.026865,-0.035059,-1e-06,0.011012,0.009847,0.020485,0.024021,0.000237,0.001907,0.00158,0.000688,-0.001755,0.000302,0.000294,2.1e-05,-0.001545,-0.002362,5.4e-05,0.000141,-0.001321,-0.006682,-0.013579,0.457532,-0.478977,-0.16024,-0.864954,1,0,0,0,0,0,0,0,0,0,0
714,-0.00117,-0.00468,-0.010376,-0.022077,-0.03387,-0.000801,-0.003664,-0.005604,-0.009206,-0.008529,-0.007975,-0.021307,-0.036302,-0.034239,-0.021738,-0.004157,-0.011608,-0.030483,-0.052591,-0.0771,-0.00077,-0.003941,-0.005604,-0.008036,-0.013456,3.1e-05,-0.001324,-0.005789,-0.012532,-0.01598,-0.013979,-0.030514,-0.044062,-0.046894,-0.025433,-0.002001,-0.006281,-0.014718,-0.021584,-0.039936,0.006378,0.010506,0.013126,0.023905,0.018653,0.00089,0.002435,0.000699,-0.000517,-0.003141,9e-06,-0.000142,-0.000996,-0.002113,-0.003094,-0.000178,-0.000227,-0.003476,-0.010516,-0.015561,0.446788,-0.469766,-0.159132,-0.857791,1,0,0,0,0,0,0,0,0,0,0
715,-0.001199,-0.005658,-0.014913,-0.026935,-0.038066,-0.001168,-0.003259,-0.007072,-0.007994,-0.005104,-0.006918,-0.022968,-0.028688,-0.022876,0.003413,-0.003382,-0.013529,-0.040556,-0.057314,-0.085325,-0.001414,-0.003997,-0.006242,-0.00944,-0.015466,-0.000338,-0.003106,-0.009194,-0.014513,-0.016019,-0.011161,-0.024936,-0.033392,-0.027335,0.029764,-0.001537,-0.00904,-0.015651,-0.023829,-0.064262,0.004622,0.00346,0.014077,0.017606,-0.015486,0.000778,0.000452,-0.000438,-0.002877,-0.005992,-1.7e-05,-0.000286,-0.00183,-0.002636,-0.002979,0.000262,-0.001181,-0.006468,-0.013271,-0.017388,0.410224,-0.447274,-0.158546,-0.852679,0,0,1,0,0,0,0,0,0,0,0
716,-0.002302,-0.007982,-0.019648,-0.031406,-0.042979,-0.001688,-0.003623,-0.007214,-0.006539,0.001934,-0.006385,-0.021336,-0.019279,-0.006815,0.036225,-0.004052,-0.022871,-0.044913,-0.06935,-0.086788,-0.00175,-0.003408,-0.005833,-0.011236,-0.016455,-0.001013,-0.005465,-0.012188,-0.015626,-0.014889,-0.005342,-0.01885,-0.021674,-0.000276,0.090011,-0.002732,-0.011144,-0.01799,-0.036287,-0.093173,-0.000499,0.002113,0.01286,0.007624,-0.052135,0.000764,-0.000968,-0.00218,-0.004796,-0.010804,-0.000131,-0.000968,-0.002062,-0.003023,-0.0024,-0.000307,-0.00349,-0.010385,-0.015326,-0.020633,0.364738,-0.42053,-0.158979,-0.848502,0,0,1,0,0,0,0,0,0,0,0
717,-0.002147,-0.011381,-0.023375,-0.03448,-0.046504,-0.000399,-0.004203,-0.005123,-0.002239,0.00408,-0.009632,-0.015338,-0.00954,0.016688,0.083131,-0.006074,-0.033038,-0.049756,-0.077702,-0.092733,-0.000828,-0.003068,-0.006258,-0.01227,-0.017884,-0.001749,-0.007822,-0.013129,-0.014632,-0.012638,-0.008405,-0.016841,-0.010798,0.046167,0.183932,-0.004755,-0.01135,-0.01951,-0.059848,-0.133225,-0.000661,0.009931,0.013452,-0.019562,-0.108618,-0.001088,-0.001976,-0.004409,-0.007517,-0.010152,-0.000135,-0.001654,-0.002447,-0.002784,-0.00208,-0.001114,-0.006315,-0.013008,-0.017058,-0.021749,0.280949,-0.382426,-0.159275,-0.847422,0,0,1,0,0,0,0,0,0,0,0
718,-0.003526,-0.015175,-0.026917,-0.038475,-0.051504,-0.001533,-0.00512,-0.004445,0.004016,0.009596,-0.005304,-0.00325,0.009197,0.052179,0.131243,-0.012723,-0.034735,-0.059138,-0.076551,-0.103775,-0.000828,-0.00325,-0.008645,-0.013857,-0.019406,-0.002698,-0.009412,-0.012845,-0.01211,-0.009289,-0.005089,-0.00791,0.013459,0.103621,0.274075,-0.003648,-0.010485,-0.028756,-0.085564,-0.17401,0.003269,0.014001,0.008772,-0.050905,-0.157978,-0.000641,-0.001852,-0.004464,-0.010465,-0.011222,-0.000695,-0.001778,-0.002729,-0.002112,-0.001895,-0.002043,-0.008872,-0.013766,-0.019022,-0.024078,0.202686,-0.343226,-0.159947,-0.846676,0,0,1,0,0,0,0,0,0,0,0
719,-0.005698,-0.017677,-0.028767,-0.040776,-0.056339,-0.002267,-0.003186,-0.000306,0.006005,0.017585,-0.000398,0.005392,0.031586,0.097943,0.158878,-0.014215,-0.030912,-0.058821,-0.073832,-0.153608,-0.001409,-0.004595,-0.0106,-0.016206,-0.022487,-0.00337,-0.00867,-0.010171,-0.00818,-0.001042,-0.003339,0.002696,0.059587,0.197172,0.366834,-0.002941,-0.01109,-0.051376,-0.124657,-0.238102,0.007311,0.010828,-0.022143,-0.111084,-0.224216,-0.000246,-0.002676,-0.00578,-0.008411,-0.010251,-0.000814,-0.0016,-0.001934,-0.001236,-0.0012,-0.003121,-0.009753,-0.013766,-0.018414,-0.024776,0.115691,-0.282265,-0.160992,-0.852806,0,0,1,0,0,0,0,0,0,0,0
720,-0.005939,-0.017664,-0.029205,-0.042216,-0.060676,-0.001316,-0.000643,0.007806,0.013378,0.019868,0.002449,0.014878,0.057798,0.13675,0.196354,-0.007776,-0.032144,-0.049533,-0.076717,-0.145995,-0.00101,-0.006398,-0.011602,-0.017144,-0.025991,-0.003337,-0.006766,-0.006031,-0.003214,0.008204,0.00052,0.021858,0.111892,0.282103,0.476253,-0.003888,-0.022133,-0.07886,-0.16718,-0.300011,0.003411,-0.001811,-0.061402,-0.168322,-0.251473,-0.000963,-0.003571,-0.009563,-0.010319,-0.002949,-0.000263,-0.001205,-0.000594,-0.000379,-0.000383,-0.003656,-0.008501,-0.013705,-0.01871,-0.023697,0.015105,-0.224228,-0.158784,-0.862047,0,0,1,0,0,0,0,0,0,0,0
721,-0.006022,-0.017088,-0.02907,-0.044599,-0.061809,0.000397,0.003271,0.009568,0.021123,0.024088,0.003332,0.029468,0.095678,0.156478,0.279117,-0.008895,-0.036743,-0.051721,-0.131321,-0.174758,-0.00217,-0.008162,-0.013756,-0.020022,-0.033747,-0.001956,-0.003454,-0.001467,0.005655,0.020389,0.005502,0.062267,0.199549,0.368835,0.60641,-0.004249,-0.044446,-0.117565,-0.230759,-0.560925,0.000103,-0.032795,-0.121539,-0.234421,-0.023315,-0.001463,-0.00456,-0.007185,-0.009022,0.003252,-0.000513,-0.000843,-0.000155,-0.00012,-0.000296,-0.002912,-0.006863,-0.01144,-0.017704,-0.01759,-0.120908,0.041024,-0.154482,-0.872792,0,0,1,0,0,0,0,0,0,0,0
722,-0.00569,-0.017223,-0.030225,-0.048672,-0.056136,0.000275,0.008719,0.014286,0.020772,0.027594,0.009086,0.051976,0.130872,0.190434,0.285422,-0.015449,-0.032825,-0.059991,-0.12922,-0.226624,-0.003212,-0.008413,-0.01395,-0.022791,-0.03668,-0.001468,-0.000734,0.00208,0.013491,0.032764,0.015816,0.105787,0.275877,0.469891,0.612908,-0.01398,-0.070667,-0.158925,-0.291663,-0.453218,-0.005321,-0.06487,-0.171715,-0.254807,-0.174795,-0.001142,-0.00713,-0.007885,-0.00052,0.009716,-0.000421,0.000187,0.000401,0.000397,0.001109,-0.001894,-0.007072,-0.012053,-0.017015,-0.010072,-0.133227,-0.068613,-0.155024,-0.882022,0,0,1,0,0,0,0,0,0,0,0
723,-0.005392,-0.017402,-0.032966,-0.050215,-0.053309,0.002604,0.008916,0.020497,0.023468,0.027206,0.017096,0.083457,0.144395,0.267313,0.286492,-0.012439,-0.027451,-0.107232,-0.150768,-0.223593,-0.002788,-0.008395,-0.014675,-0.028432,-0.040074,-3.1e-05,0.001961,0.009099,0.023867,0.041453,0.041054,0.178648,0.348319,0.586434,0.710486,-0.026287,-0.099572,-0.213023,-0.54394,-0.456286,-0.027644,-0.11659,-0.229728,-0.018142,-0.089528,-0.00196,-0.004591,-0.006432,0.005869,0.016993,9.1e-05,0.000789,0.000826,0.000646,0.001853,-0.002101,-0.006751,-0.013115,-0.013,-0.003887,-0.24365,-0.062873,-0.153725,-0.888627,0,0,1,0,0,0,0,0,0,0,0
724,-0.00617,-0.019216,-0.037726,-0.045215,-0.051017,0.005863,0.01145,0.017957,0.024803,0.045492,0.025908,0.105073,0.164839,0.26015,0.295911,-0.004973,-0.032231,-0.101696,-0.199433,-0.229761,-0.002425,-0.007981,-0.016852,-0.030788,-0.042453,0.000767,0.003591,0.015041,0.03438,0.049237,0.049145,0.219815,0.414491,0.557995,0.751013,-0.030543,-0.119101,-0.252292,-0.414399,-0.453567,-0.032055,-0.139264,-0.22264,-0.142356,-0.011779,-0.004044,-0.004802,0.002588,0.012859,0.005718,0.00053,0.00075,0.000746,0.001475,0.002344,-0.003173,-0.008274,-0.013356,-0.006246,-0.002795,-0.322617,-0.052318,-0.151611,-0.883845,0,0,1,0,0,0,0,0,0,0,0
725,-0.005874,-0.021499,-0.038814,-0.041921,-0.052778,0.000461,0.012087,0.015071,0.018823,0.038784,0.04066,0.101834,0.225228,0.244481,0.302979,-0.010088,-0.090177,-0.133882,-0.206989,-0.230518,-0.003199,-0.009504,-0.023313,-0.035001,-0.046934,0.00123,0.008396,0.023221,0.040875,0.05204,0.088885,0.259213,0.498251,0.622783,0.771397,-0.042966,-0.156857,-0.489054,-0.401061,-0.455346,-0.057172,-0.170749,0.041657,-0.030006,0.063885,0.001411,-0.000437,0.011912,0.023079,0.014293,0.00018,0.000217,3.3e-05,0.001272,0.001287,-0.001561,-0.008099,-0.00798,0.001383,0.000476,-0.38859,-0.030832,-0.144424,-0.882942,0,0,1,0,0,0,0,0,0,0,0
726,-0.007183,-0.025692,-0.033181,-0.038982,-0.053961,0.005126,0.011633,0.018478,0.039167,0.041653,0.038583,0.098346,0.193653,0.229413,0.282208,-0.017189,-0.086651,-0.184384,-0.21471,-0.249886,-0.002363,-0.011234,-0.02517,-0.036834,-0.048774,0.001596,0.013045,0.032383,0.047239,0.054146,0.081955,0.276621,0.42012,0.613128,0.73072,-0.045674,-0.178859,-0.340958,-0.380124,-0.453853,-0.050146,-0.133518,-0.053237,0.077334,0.152443,-0.002166,0.005224,0.015495,0.008354,0.0134,4.2e-05,3.8e-05,0.000767,0.001636,0.001345,-0.003561,-0.008641,-0.001533,0.001917,0.000535,-0.43707,0.00726,-0.141718,-0.884218,0,0,1,0,0,0,0,0,0,0,0
727,-0.008401,-0.025661,-0.028758,-0.039581,-0.050771,0.006469,0.009443,0.013183,0.033081,0.040255,0.022442,0.145446,0.164638,0.222951,0.269338,-0.062667,-0.106233,-0.179109,-0.202563,-0.259252,-0.003924,-0.01769,-0.029341,-0.041236,-0.049606,0.005549,0.020327,0.037925,0.049054,0.053009,0.08793,0.326211,0.450348,0.598492,0.696294,-0.067909,-0.399056,-0.311341,-0.365454,-0.454518,-0.063129,0.148604,0.077168,0.170761,0.231291,0.000322,0.012632,0.023763,0.015005,0.012614,-5e-06,-0.000185,0.001027,0.001041,-0.000306,-0.002864,-0.002747,0.00641,0.005524,0.002874,-0.483067,0.047362,-0.138611,-0.881255,0,0,1,0,0,0,0,0,0,0,0
728,-0.010091,-0.017574,-0.023371,-0.038339,-0.04754,3.1e-05,0.00687,0.027543,0.030027,0.03702,0.037265,0.132499,0.16823,0.220984,0.262053,-0.006717,-0.104373,-0.134676,-0.169825,-0.219267,-0.004938,-0.018863,-0.030518,-0.042449,-0.049564,0.005889,0.025212,0.040056,0.046957,0.048613,0.106551,0.249938,0.442797,0.560297,0.6363,-0.065145,-0.227118,-0.266255,-0.339926,-0.422523,-0.020153,0.060066,0.190535,0.265587,0.311883,0.007062,0.017325,0.01019,0.015233,0.010621,1e-06,0.000726,0.00159,0.001301,-0.001944,-0.002181,0.004889,0.008319,0.006945,0.004462,-0.507342,0.075286,-0.136114,-0.883258,0,0,1,0,0,0,0,0,0,0,0
729,-0.007213,-0.010327,-0.021208,-0.03246,-0.041183,0.002959,0.00672,0.026726,0.033939,0.041646,0.08622,0.105517,0.164148,0.210788,0.236558,-0.037053,-0.110326,-0.133908,-0.190905,-0.234955,-0.008878,-0.020592,-0.032552,-0.040968,-0.049229,0.00894,0.026634,0.037823,0.0418,0.044913,0.13249,0.257304,0.406255,0.504589,0.551784,-0.267476,-0.179284,-0.233691,-0.323241,-0.380577,0.233141,0.161316,0.25542,0.316279,0.341427,0.005279,0.016471,0.007665,0.005261,0.000948,-0.000188,0.001071,0.001086,-0.000314,-0.000567,0.00238,0.011893,0.010972,0.008219,0.006987,-0.522408,0.084561,-0.135773,-0.883077,0,0,1,0,0,0,0,0,0,0,0
730,-0.000309,-0.006152,-0.021239,-0.030513,-0.034501,0.003926,0.024763,0.027267,0.034316,0.046403,0.009522,0.045538,0.098712,0.140107,0.162056,-0.061273,-0.091817,-0.127246,-0.177081,-0.223268,-0.005132,-0.01688,-0.028905,-0.036078,-0.041766,0.010511,0.025474,0.03243,0.034099,0.039077,0.011655,0.206048,0.324484,0.401091,0.435437,0.104987,0.06554,-0.008718,-0.091972,-0.138468,-0.152958,-0.021451,0.054198,0.100863,0.11194,0.00505,-0.002142,0.002941,-0.001707,-0.009015,0.000958,0.001872,0.001566,-0.001864,0.000191,0.005044,0.008671,0.007218,0.004594,0.004433,-0.534856,0.099168,-0.13926,-0.883154,0,0,1,0,0,0,0,0,0,0,0
731,-0.002821,-0.013766,-0.025083,-0.033857,-0.037733,-0.000155,0.019967,0.027222,0.034973,0.044616,0.009859,0.06883,0.115741,0.141661,0.159767,-0.012247,-0.035965,-0.093293,-0.137599,-0.177812,-0.006635,-0.018665,-0.027129,-0.035438,-0.039004,0.007255,0.01851,0.022509,0.025641,0.029703,0.113849,0.263664,0.362569,0.410037,0.425261,-0.016588,-0.071311,-0.161379,-0.219048,-0.261928,0.081161,0.17581,0.237022,0.262316,0.261036,0.006192,-0.002665,-0.005083,-0.009421,-0.014719,0.000333,0.000349,-0.001108,-0.001372,-0.00283,0.004758,0.003799,0.000933,-0.00035,-0.001595,-0.531861,0.105273,-0.144137,-0.881255,0,0,1,0,0,0,0,0,0,0,0
732,-0.003026,-0.018096,-0.02736,-0.031344,-0.038663,0.020968,0.023469,0.03051,0.042585,0.047587,0.026156,0.079271,0.12062,0.142546,0.153478,-0.018312,-0.053702,-0.103482,-0.149618,-0.184389,-0.005126,-0.017139,-0.024303,-0.029985,-0.035081,0.00772,0.014668,0.016336,0.021308,0.022821,0.080784,0.199089,0.275611,0.30992,0.310908,-0.022883,-0.097058,-0.18022,-0.226665,-0.261283,0.050526,0.126091,0.172704,0.183769,0.174922,-0.013352,-0.008274,-0.012918,-0.020217,-0.022984,0.000582,0.000279,-0.003124,-0.001085,-0.002852,-0.001028,-0.002469,-0.005074,-0.005233,-0.007312,-0.52863,0.108776,-0.14762,-0.882033,0,0,1,0,0,0,0,0,0,0,0
733,-0.007875,-0.019148,-0.027888,-0.031749,-0.037061,-0.000927,0.0063,0.014021,0.023626,0.027425,0.032583,0.079311,0.10513,0.123166,0.120634,-0.005312,-0.062417,-0.106551,-0.146607,-0.196115,-0.006856,-0.015288,-0.023565,-0.027116,-0.030421,0.00349,0.007474,0.010593,0.014639,0.015041,0.068439,0.16696,0.214244,0.229408,0.213317,-0.031625,-0.121344,-0.178789,-0.221502,-0.250873,0.04375,0.104725,0.12992,0.128645,0.107298,0.004531,0.002122,-0.002199,-0.007477,-0.010205,-0.000568,-0.001986,-0.002242,-0.003661,-2.5e-05,9.5e-05,-0.002694,-0.003942,-0.005154,-0.007053,-0.509848,0.114708,-0.149795,-0.885949,0,0,1,0,0,0,0,0,0,0,0
734,-0.007155,-0.016368,-0.020329,-0.027607,-0.029419,0.003409,0.01041,0.022417,0.027392,0.027454,0.020421,0.061541,0.083344,0.094215,0.080611,-0.02991,-0.079413,-0.125292,-0.159871,-0.214379,-0.005128,-0.012253,-0.017903,-0.02297,-0.023799,0.003439,0.005098,0.010042,0.011547,0.011117,0.049595,0.125692,0.159809,0.160792,0.128332,-0.042317,-0.125016,-0.171202,-0.205627,-0.219876,0.031643,0.077997,0.089,0.080202,0.045503,0.000544,-0.004074,-0.011332,-0.014084,-0.014289,0.000254,-0.003019,-0.001058,-0.002757,0.004512,-0.001478,-0.003982,-0.004136,-0.006136,-0.006824,-0.495637,0.114089,-0.15161,-0.889126,0,0,1,0,0,0,0,0,0,0,0
735,-0.004044,-0.012714,-0.016543,-0.021812,-0.023283,0.003768,0.011427,0.020954,0.024722,0.023558,0.025978,0.051589,0.06948,0.066968,0.056552,-0.026806,-0.070583,-0.110317,-0.159425,-0.193368,-0.003247,-0.011457,-0.014981,-0.018258,-0.018473,0.000521,0.003615,0.007628,0.008026,0.007444,0.04825,0.095152,0.110194,0.094233,0.070369,-0.04678,-0.103761,-0.146129,-0.175263,-0.182707,0.028916,0.053908,0.052644,0.031469,0.008019,-0.002932,-0.007218,-0.012454,-0.01516,-0.014255,-0.00159,-0.001832,-0.003172,0.000263,0.004493,-0.001182,-0.002362,-0.003506,-0.005301,-0.005964,-0.487918,0.115886,-0.154192,-0.89453,0,0,1,0,0,0,0,0,0,0,0
736,-0.00512,-0.009052,-0.016275,-0.018073,-0.020085,0.0032,0.015117,0.020054,0.020115,0.019567,0.014964,0.036603,0.047392,0.033891,0.028314,-0.022462,-0.067995,-0.102313,-0.15641,-0.171253,-0.00384,-0.009448,-0.014477,-0.0153,-0.014903,0.001128,0.006035,0.007528,0.007101,0.006705,0.027521,0.061382,0.062357,0.030142,0.018926,-0.035537,-0.081375,-0.11554,-0.129681,-0.142086,0.017237,0.028158,0.019426,-0.015011,-0.021154,-0.001666,-0.008869,-0.011601,-0.011804,-0.010993,-0.001571,0.000289,-0.001322,0.005572,0.005577,-0.001235,-0.00138,-0.003277,-0.00393,-0.005325,-0.485251,0.117982,-0.159128,-0.89666,0,0,1,0,0,0,0,0,0,0,0
737,-0.003478,-0.007259,-0.012462,-0.013914,-0.017453,0.004386,0.013793,0.017513,0.016364,0.016243,0.010435,0.0281,0.02562,0.015335,0.013763,-0.020931,-0.060162,-0.108649,-0.142163,-0.14425,-0.004295,-0.007774,-0.01101,-0.011222,-0.010738,0.001936,0.005898,0.006291,0.005717,0.005414,0.018995,0.033847,0.018088,-0.005475,-0.00974,-0.020992,-0.062824,-0.09159,-0.09894,-0.107863,0.007569,0.00632,-0.014587,-0.03774,-0.037383,-0.002579,-0.007748,-0.01042,-0.009526,-0.008572,0.001268,4.2e-05,0.003184,0.007054,0.005777,9.2e-05,-0.000955,-0.002597,-0.003203,-0.005512,-0.482136,0.113683,-0.167816,-0.8967,0,0,1,0,0,0,0,0,0,0,0
738,-0.00042,-0.007535,-0.009306,-0.011287,-0.013838,0.007384,0.012247,0.012307,0.011767,0.011737,0.010957,0.021583,0.008285,0.002792,0.001831,-0.024075,-0.057875,-0.111158,-0.125777,-0.119443,-0.001261,-0.006214,-0.007024,-0.006634,-0.006154,0.002912,0.004383,0.003962,0.003572,0.003032,0.014499,0.015459,-0.01627,-0.027317,-0.03263,-0.024315,-0.057965,-0.071894,-0.084111,-0.08258,0.003245,-0.005356,-0.039274,-0.045324,-0.047297,-0.004536,-0.007226,-0.007427,-0.006628,-0.006262,0.00047,-0.000979,0.00522,0.005225,0.004195,-0.000218,-0.001924,-0.002511,-0.003765,-0.005491,-0.477092,0.109522,-0.168763,-0.896378,0,0,1,0,0,0,0,0,0,0,0
739,-0.003319,-0.008461,-0.009896,-0.013394,-0.012945,0.001943,0.005621,0.004485,0.004365,0.004425,0.006547,0.004096,-0.006069,-0.007624,-0.010045,-0.014799,-0.062724,-0.095849,-0.097912,-0.095252,-0.002182,-0.005381,-0.005591,-0.005112,-0.004694,0.001016,0.001405,0.000837,0.000538,-0.000448,0.000239,-0.015337,-0.038627,-0.042842,-0.048762,-0.017131,-0.045563,-0.052828,-0.061647,-0.056595,-0.004465,-0.02513,-0.048015,-0.047662,-0.051841,-0.000592,-0.003232,-0.002349,-0.001406,-0.002417,-0.001587,0.001309,0.004875,0.003699,0.003804,-0.000753,-0.002266,-0.002824,-0.004953,-0.005103,-0.474846,0.109019,-0.168334,-0.896414,1,0,0,0,0,0,0,0,0,0,0
740,-0.003744,-0.005497,-0.007458,-0.009984,-0.009211,0.002882,0.002942,0.002407,0.002377,0.002674,0.004011,-0.009152,-0.014589,-0.01554,-0.01759,-0.018749,-0.071489,-0.085959,-0.07969,-0.079868,-0.002734,-0.003536,-0.00315,-0.002674,-0.002347,0.000446,3e-05,-0.000357,-0.000891,-0.001545,0.000713,-0.030693,-0.041628,-0.046887,-0.050571,-0.016283,-0.030069,-0.042163,-0.040647,-0.038151,-0.004075,-0.037648,-0.043637,-0.045589,-0.048196,-0.002075,-0.002273,-0.001483,-0.00112,-0.002159,0.000171,0.005942,0.005947,0.004988,0.005245,-0.000867,-0.001413,-0.002581,-0.004188,-0.004106,-0.47288,0.108225,-0.167988,-0.897503,1,0,0,0,0,0,0,0,0,0,0
741,-0.001357,-0.002772,-0.006223,-0.005781,-0.005221,0.000767,-0.000354,-0.000472,-0.000413,-0.000265,-0.0064,-0.016428,-0.017962,-0.020351,-0.02218,-0.028669,-0.061349,-0.063384,-0.060759,-0.059756,-0.000442,-0.000649,-0.000177,0.000236,0.000678,-5.9e-05,-0.000619,-0.000914,-0.001888,-0.002212,-0.016075,-0.039051,-0.043209,-0.049049,-0.052353,-0.011886,-0.019053,-0.027754,-0.02277,-0.021649,-0.016342,-0.038919,-0.03857,-0.042693,-0.044081,-0.000546,0.000326,0.001256,0.000258,-0.000228,0.002471,0.005715,0.004645,0.00474,0.004671,-0.000553,-0.001061,-0.002997,-0.003133,-0.003144,-0.47073,0.107509,-0.167478,-0.897945,1,0,0,0,0,0,0,0,0,0,0
742,-0.000381,-0.002318,-0.004811,-0.004049,-0.003638,-0.000704,-0.001232,-0.001261,-0.000968,-0.001379,-0.00663,-0.011999,-0.012938,-0.014962,-0.015314,-0.023558,-0.037845,-0.031655,-0.031831,-0.030481,-0.000352,2.9e-05,0.000499,0.000821,0.00135,-0.000352,-0.000733,-0.001261,-0.001907,-0.0022,-0.015021,-0.025817,-0.031009,-0.034647,-0.036319,-0.00179,-0.01373,-0.012234,-0.009769,-0.007804,-0.016894,-0.022807,-0.024735,-0.027309,-0.028766,0.000347,0.001127,0.001485,0.00046,0.000606,0.002898,0.002903,0.002025,0.002261,0.00226,3.3e-05,-0.001035,-0.002505,-0.00243,-0.002468,-0.469833,0.10446,-0.167153,-0.898194,1,0,0,0,0,0,0,0,0,0,0
743,-0.001027,-0.004459,-0.004019,-0.003462,-0.002992,-0.000411,-0.000528,-0.000469,-0.000323,-0.001232,-0.003344,-0.00487,-0.007246,-0.009065,-0.008478,-0.008948,-0.010972,-0.008361,-0.007363,-0.005105,0.000147,0.000616,0.001027,0.001467,0.00179,-0.000205,-0.000499,-0.001467,-0.00179,-0.001907,-0.007833,-0.011969,-0.017778,-0.021063,-0.018951,-0.005339,-0.013993,-0.009036,-0.007921,-0.004635,-0.005562,-0.005216,-0.009317,-0.010697,-0.009742,0.00052,0.001446,0.000453,-3e-05,0.000687,0.000226,-0.000804,-0.000712,-0.00078,-0.000572,-0.000522,-0.002387,-0.002518,-0.002528,-0.002349,-0.471634,0.102087,-0.166902,-0.899088,1,0,0,0,0,0,0,0,0,0,0
744,-0.000909,-0.003402,-0.00264,-0.002229,-0.000909,-0.000117,-0.000147,0.000147,-0.000264,-0.003637,-0.002024,-0.002962,-0.004986,-0.005338,-0.003402,-0.005338,0.000851,0.000675,0.002024,0.005221,0.000235,0.000704,0.001027,0.001555,0.001789,-0.000176,-0.000704,-0.001349,-0.001643,-0.002933,-0.002962,-0.008154,-0.011791,-0.013463,-0.004781,-0.006599,-0.005104,-0.00264,-0.000675,0.001027,-0.00035,-0.002278,-0.004852,-0.006308,0.000449,0.000261,0.000619,-0.000406,-0.000261,0.001429,-0.000221,-0.001097,-0.000862,-0.000863,-0.000663,-0.000545,-0.002013,-0.001938,-0.001976,-0.001173,-0.477388,0.102152,-0.166222,-0.898829,1,0,0,0,0,0,0,0,0,0,0
745,-0.002524,-0.002084,-0.001526,-0.001057,0.001262,0.0,5.9e-05,0.000205,-0.000704,-0.007308,0.000499,-0.001878,-0.003698,-0.003111,0.000117,0.003316,0.005928,0.006926,0.009186,0.020808,0.000235,0.000646,0.001086,0.001409,0.00179,-0.000117,-0.001086,-0.001409,-0.001526,-0.004168,-0.001174,-0.006985,-0.010272,-0.008159,-0.001673,-0.002054,0.002906,0.004021,0.007308,0.00857,0.000697,-0.003405,-0.004786,-0.00383,0.003547,0.000665,-0.000328,-0.000811,-9.4e-05,0.003163,-0.000811,-0.000719,-0.000786,-0.000578,-0.001789,-0.001323,-0.001454,-0.001464,-0.001285,0.000203,-0.476446,0.101557,-0.162585,-0.89799,1,0,0,0,0,0,0,0,0,0,0
746,2.9e-05,0.00079,0.0012,0.002518,0.005036,-2.9e-05,0.000263,-0.000146,-0.003513,-0.007758,-0.001435,-0.003455,-0.003806,-0.001874,-0.000322,0.002869,0.002693,0.00404,0.007231,0.033698,0.000234,0.000556,0.001083,0.001317,0.001903,-0.00041,-0.001054,-0.001347,-0.002635,-0.004714,-0.004011,-0.007641,-0.00931,-0.000644,0.001347,0.003543,0.006002,0.007963,0.009661,0.016542,-0.00262,-0.005188,-0.006642,0.000103,0.009084,-0.000306,-0.00133,-0.001184,0.000502,0.002044,-6.7e-05,0.000165,0.000164,0.000361,-0.002288,-0.000149,-7.5e-05,-0.000113,0.00068,0.001909,-0.475892,0.095644,-0.157649,-0.896142,1,0,0,0,0,0,0,0,0,0,0
747,0.00041,0.000966,0.001435,0.003748,0.007731,8.8e-05,0.000234,-0.000674,-0.007262,-0.008199,-0.000937,-0.002753,-0.002167,0.001054,0.000996,-0.000264,0.000732,0.002987,0.014583,0.048992,0.000176,0.000615,0.000937,0.001318,0.002606,-0.000556,-0.000879,-0.000996,-0.003631,-0.004568,-0.001786,-0.005066,-0.002958,0.003514,0.007145,0.001406,0.002518,0.005798,0.007057,0.032651,-0.001473,-0.002851,-0.001897,0.005464,0.012711,-0.000684,-0.001167,-0.000451,0.002799,0.002059,0.000158,9.2e-05,0.000297,-0.000895,-0.001856,2e-05,9e-06,0.000186,0.001651,0.002949,-0.477502,0.076136,-0.152301,-0.894184,1,0,0,0,0,0,0,0,0,0,0
748,0.000352,0.000762,0.002081,0.004601,0.011254,0.000205,-0.000205,-0.003575,-0.007825,-0.008733,-0.001084,-0.001436,0.000498,0.002051,0.0017,8.8e-05,0.001436,0.00463,0.031123,0.073939,0.000147,0.000674,0.000908,0.001495,0.004367,-8.8e-05,-0.000381,-0.00167,-0.003751,-0.003839,-0.001846,-0.003517,0.005158,0.007151,0.008264,0.001055,0.003019,0.004718,0.011605,0.060927,-0.001097,-0.002552,0.0042,0.013189,0.011544,-0.000339,-0.000194,0.001494,0.003037,0.002802,7.5e-05,7.4e-05,0.000272,-0.002395,-0.001314,5.5e-05,1.7e-05,0.000815,0.002052,0.003992,-0.477157,0.047825,-0.141643,-0.894134,1,0,0,0,0,0,0,0,0,0,0
749,0.000205,0.000675,0.002994,0.006986,0.014295,-5.9e-05,-0.000969,-0.007573,-0.008512,-0.015293,-0.000734,-0.000147,0.003082,0.003023,0.002524,0.00091,0.00317,0.014794,0.049284,0.104086,0.000294,0.000616,0.000998,0.00229,0.006839,-0.000235,-0.000352,-0.002994,-0.003933,-0.003787,-0.001438,0.000675,0.007162,0.010802,0.009687,5.9e-05,0.003346,0.004608,0.030263,0.100006,-0.000283,0.000674,0.008052,0.015316,0.008213,-0.000144,0.000574,0.003832,0.00309,0.009032,-0.000143,6.5e-05,-0.001147,-0.002123,3e-06,-6.6e-05,0.000114,0.001603,0.002923,0.005244,-0.47787,0.01209,-0.141754,-0.893002,1,0,0,0,0,0,0,0,0,0,0
750,0.000206,0.001528,0.004055,0.010724,0.020332,-0.000353,-0.003732,-0.007992,-0.008903,-0.019539,0.000382,0.002321,0.003878,0.003526,0.003173,0.000441,0.003643,0.030205,0.073132,0.138742,0.000235,0.00047,0.001058,0.003937,0.012135,-5.9e-05,-0.001352,-0.003438,-0.003526,-0.002027,-0.000235,0.008462,0.01046,0.011577,0.010754,0.00191,0.003614,0.010519,0.059969,0.166156,-0.001176,0.005593,0.014606,0.012956,-0.003384,0.00029,0.001982,0.003529,0.003293,0.014637,0.000144,0.000345,-0.002371,-0.00127,0.004117,2.7e-05,0.00084,0.0021,0.004075,0.006553,-0.479718,-0.053332,-0.143124,-0.890815,1,0,0,0,0,0,0,0,0,0,0
751,0.000265,0.002587,0.006584,0.013902,0.025483,-0.000558,-0.007172,-0.008112,-0.014902,-0.025189,0.000206,0.003439,0.00338,0.00288,0.001646,0.001822,0.013462,0.047997,0.102872,0.196604,8.8e-05,0.00047,0.001764,0.006319,0.0179,-5.9e-05,-0.002704,-0.003645,-0.003498,-0.002498,0.002351,0.008847,0.012492,0.011375,0.007466,0.001381,0.002645,0.028334,0.09817,0.231875,0.002134,0.009522,0.016796,0.009683,-0.007482,0.000429,0.003691,0.002948,0.008898,0.019803,6.7e-05,-0.001156,-0.002142,4e-06,0.004968,0.000154,0.001657,0.002989,0.005332,0.007008,-0.477388,-0.120529,-0.145528,-0.889332,1,0,0,0,0,0,0,0,0,0,0
752,0.001058,0.003586,0.010259,0.019871,0.032716,-0.002822,-0.007084,-0.007995,-0.018636,-0.024721,0.001734,0.003292,0.002939,0.002587,-0.023075,0.001382,0.027954,0.070899,0.136537,0.25191,0.000147,0.000735,0.003616,0.011817,0.023251,-0.001235,-0.003322,-0.00341,-0.001911,-0.000235,0.006349,0.008348,0.009465,0.008642,-0.031041,0.000323,0.007231,0.056702,0.162933,0.301969,0.004638,0.013655,0.012005,-0.004343,-0.024975,0.001264,0.002812,0.002576,0.013925,0.021078,0.000136,-0.002589,-0.001485,0.003918,0.005965,0.000661,0.001925,0.003906,0.006391,0.008482,-0.441119,-0.191257,-0.14654,-0.891205,1,0,0,0,0,0,0,0,0,0,0
753,0.001266,0.005268,0.012596,0.024192,0.046706,-0.003797,-0.004738,-0.011537,-0.021837,-0.022249,0.001501,0.001442,0.000942,-0.000294,-0.046088,0.010271,0.044852,0.099798,0.193651,0.313697,0.000235,0.00153,0.006092,0.017688,0.031019,-0.001413,-0.002354,-0.002207,-0.001207,0.006239,0.000147,0.003797,0.002678,-0.001236,-0.062127,0.000942,0.026664,0.09659,0.230468,0.377384,0.002754,0.010037,0.002915,-0.014272,-0.036222,0.002,0.001257,0.007214,0.018134,0.023536,-0.001371,-0.002366,-0.0002,0.004809,0.006842,0.00085,0.002194,0.004559,0.00625,0.013311,-0.414887,-0.267621,-0.149784,-0.897563,1,0,0,0,0,0,0,0,0,0,0
754,0.001267,0.007953,0.017584,0.030455,0.062148,-0.000471,-0.001384,-0.012047,-0.018144,-0.017496,5.9e-05,-0.000295,-0.000648,-0.026361,-0.068215,0.016347,0.059379,0.12515,0.240756,0.355479,0.000353,0.00324,0.011458,0.022915,0.036965,-0.000677,-0.000766,0.000736,0.002415,0.016317,0.001856,0.002975,0.00215,-0.037613,-0.079584,0.005979,0.05555,0.161996,0.301313,0.45194,0.006279,0.004625,-0.011755,-0.032429,-0.040417,-0.000451,-0.000688,0.010684,0.017852,0.026784,-0.001384,-0.000265,0.005215,0.007291,0.010161,0.000427,0.002436,0.004957,0.007078,0.020835,-0.398059,-0.337541,-0.150876,-0.908803,1,0,0,0,0,0,0,0,0,0,0
755,0.002739,0.010074,0.02168,0.044214,0.087337,-0.000471,-0.007276,-0.017585,-0.017998,-0.030428,-0.000118,-0.000619,-0.001856,-0.047689,-0.090224,0.018263,0.073257,0.167193,0.287344,0.390764,0.000943,0.005508,0.017114,0.030458,0.041975,-0.000265,-0.000118,0.000884,0.008336,0.027541,0.001797,0.000677,-0.00324,-0.064185,-0.108074,0.019765,0.089753,0.223748,0.370793,0.542758,0.00101,-0.006118,-0.02332,-0.04529,-0.054919,-0.000294,0.005669,0.016599,0.022005,0.047125,0.000384,0.002563,0.007603,0.009648,0.014858,0.000925,0.003305,0.005006,0.01211,0.040478,-0.373035,-0.423821,-0.145828,-0.925122,1,0,0,0,0,0,0,0,0,0,0
756,0.003954,0.013604,0.0265,0.058253,0.09458,-0.000443,-0.011125,-0.017234,-0.016585,-0.029776,-0.000236,-0.00059,-0.026352,-0.068286,-0.120873,0.024818,0.090714,0.206541,0.321483,0.427542,0.001948,0.010181,0.02166,0.035737,0.048633,0.000177,0.001682,0.003364,0.017293,0.03255,-0.000679,-0.001505,-0.041344,-0.083395,-0.152124,0.029864,0.136514,0.276096,0.42701,0.63845,-0.002669,-0.019081,-0.039794,-0.047797,-0.060473,5.7e-05,0.01145,0.018632,0.027581,0.051582,0.000745,0.006299,0.008402,0.011311,0.018736,0.001099,0.003653,0.005803,0.019744,0.042773,-0.329407,-0.524194,-0.139017,-0.932996,1,0,0,0,0,0,0,0,0,0,0
757,0.003399,0.015045,0.037657,0.08093,0.089768,-0.006385,-0.01673,-0.017144,-0.029617,-0.009488,-0.000266,-0.001507,-0.0475,-0.090182,-0.13848,0.030327,0.124588,0.245155,0.348934,0.438377,0.002631,0.014277,0.027666,0.039224,0.052111,-3e-05,0.000975,0.008454,0.027726,0.044308,-0.000443,-0.004375,-0.06553,-0.109572,-0.200995,0.040317,0.174777,0.322332,0.494892,0.696893,-0.00448,-0.021742,-0.043787,-0.05345,-0.070163,0.005927,0.016894,0.022319,0.047526,0.044638,0.001478,0.006642,0.008738,0.014074,0.021651,0.001326,0.003069,0.010348,0.03941,0.035253,-0.280161,-0.600831,-0.133896,-0.954171,1,0,0,0,0,0,0,0,0,0,0
758,0.006298,0.019279,0.051242,0.087809,0.095592,-0.004337,-0.010486,-0.009832,-0.023111,-0.001753,-8.9e-05,-0.026022,-0.068233,-0.121168,-0.155537,0.035854,0.152448,0.26815,0.374911,0.423272,0.005644,0.017199,0.031369,0.04435,0.051836,0.001545,0.003238,0.017259,0.032616,0.042716,-0.000386,-0.040488,-0.082819,-0.152002,-0.262506,0.066837,0.207343,0.359257,0.572095,0.73595,-0.012018,-0.032868,-0.040925,-0.053685,-0.06645,0.005513,0.012741,0.02175,0.04591,0.034725,0.004285,0.006488,0.009534,0.017311,0.024935,0.001302,0.003553,0.018154,0.042271,0.0406,-0.214395,-0.670042,-0.127124,-0.958741,1,0,0,0,0,0,0,0,0,0,0
759,0.005435,0.028278,0.071995,0.080923,0.096063,-0.006092,-0.00651,-0.019111,0.001224,0.00857,-0.001165,-0.047628,-0.090748,-0.139541,-0.171313,0.059185,0.180988,0.28583,0.37619,0.404408,0.006092,0.019619,0.031294,0.044314,0.048405,-0.000537,0.007017,0.026487,0.043239,0.040044,-0.003583,-0.065366,-0.109859,-0.202219,-0.323545,0.068651,0.217717,0.392046,0.596116,0.744974,-0.005358,-0.027629,-0.037391,-0.054275,-0.038174,0.005538,0.011019,0.036484,0.033566,0.021513,0.001101,0.003351,0.009083,0.01722,0.025913,0.000521,0.008339,0.039551,0.035086,0.043574,-0.146529,-0.736986,-0.120877,-0.956159,1,0,0,0,0,0,0,0,0,0,0
760,0.007634,0.039847,0.076701,0.084544,0.093795,-9e-05,0.000569,-0.012813,0.008712,0.01455,-0.024968,-0.06751,-0.120859,-0.155497,-0.187381,0.058169,0.174777,0.282373,0.331112,0.355631,0.005538,0.019819,0.032902,0.040446,0.044607,0.002245,0.016376,0.031854,0.042033,0.025687,-0.036823,-0.079485,-0.14921,-0.260578,-0.376258,0.072779,0.225881,0.440385,0.605521,0.748953,-0.015642,-0.023761,-0.036621,-0.049486,0.006258,0.001733,0.010812,0.035161,0.023888,0.001206,0.001206,0.004422,0.012635,0.020687,0.031706,0.001846,0.017265,0.042735,0.040971,0.042819,-0.088049,-0.800925,-0.118698,-0.941698,1,0,0,0,0,0,0,0,0,0,0
761,0.015296,0.059204,0.068171,0.083377,0.087096,-0.00033,-0.012986,0.007438,0.014816,0.012986,-0.021654,-0.064962,-0.113969,-0.14588,-0.171103,0.064062,0.169363,0.260118,0.288461,0.307625,0.008038,0.019765,0.032841,0.03695,0.041958,0.005339,0.024893,0.041719,0.038509,0.014276,-0.025163,-0.069851,-0.162615,-0.284472,-0.386654,0.076809,0.251901,0.456864,0.606373,0.740376,-0.006699,-0.016503,-0.033461,-0.01729,0.063676,0.003769,0.029345,0.026415,0.014309,-0.007685,0.001099,0.007009,0.015398,0.024362,0.041132,0.00619,0.038371,0.033768,0.04252,0.039363,-0.038441,-0.862125,-0.119045,-0.935504,1,0,0,0,0,0,0,0,0,0,0
762,0.016962,0.053854,0.061706,0.070966,0.079327,0.000989,-0.012407,0.00914,0.014984,0.00929,-0.020948,-0.074352,-0.109026,-0.140943,-0.152211,0.052715,0.160422,0.209212,0.233756,0.261297,0.006263,0.01936,0.026912,0.031078,0.036652,0.008811,0.024305,0.034494,0.018131,0.003476,-0.017562,-0.087359,-0.198842,-0.314641,-0.390282,0.07651,0.291236,0.456543,0.600123,0.729588,-0.001434,-0.014307,-0.027186,0.028616,0.114726,0.005323,0.029697,0.018412,-0.004293,-0.013553,0.002147,0.010419,0.01853,0.029628,0.051883,0.009374,0.035028,0.033252,0.035113,0.035958,-0.007367,-0.925503,-0.1153,-0.932086,1,0,0,0,0,0,0,0,0,0,0
763,0.026984,0.035969,0.051204,0.05493,0.071366,-0.013672,0.006791,0.014183,0.01235,-0.000481,-0.022387,-0.071487,-0.103459,-0.12873,-0.139878,0.052646,0.143574,0.171971,0.191172,0.213198,0.005469,0.01857,0.022687,0.027705,0.034496,0.010758,0.027615,0.0244,0.00012,-0.009315,-0.027164,-0.120106,-0.242195,-0.344572,-0.406623,0.098711,0.304066,0.45386,0.58812,0.675682,-0.008385,-0.025376,-0.009174,0.071947,0.131543,0.020288,0.017353,0.005223,-0.016813,-0.014755,0.003802,0.012304,0.021388,0.038384,0.064671,0.023063,0.018398,0.027267,0.024067,0.030684,0.029139,-0.941169,-0.112693,-0.929614,1,0,0,0,0,0,0,0,0,0,0
764,0.010067,0.017987,0.027328,0.035762,0.051481,0.000242,0.021977,0.027872,0.022128,0.008857,-0.031348,-0.066324,-0.098519,-0.109885,-0.118138,0.055683,0.104897,0.129655,0.157437,0.185339,0.007709,0.015326,0.019528,0.025151,0.030955,0.004807,0.015085,-0.001421,-0.016203,-0.020617,-0.043077,-0.155532,-0.27234,-0.34864,-0.402328,0.117292,0.284039,0.42887,0.559462,0.62104,-0.00455,-0.017541,0.038747,0.125607,0.157282,0.004176,-0.007207,-0.03011,-0.03945,-0.031888,0.004825,0.013443,0.025237,0.048884,0.077676,0.003208,0.00132,0.003299,0.004196,0.011928,0.05299,-0.974429,-0.107268,-0.929731,1,0,0,0,0,0,0,0,0,0,0
765,-0.001031,0.014344,0.018105,0.034694,0.048098,0.02041,0.02787,0.02602,0.013071,0.001607,-0.018105,-0.050372,-0.075877,-0.087128,-0.089645,0.035907,0.064565,0.083944,0.106173,0.126765,0.005489,0.009644,0.014708,0.021562,0.025474,0.012191,0.008946,-0.015558,-0.02508,-0.025383,-0.050585,-0.173801,-0.277124,-0.339748,-0.380204,0.089585,0.240762,0.376261,0.464633,0.503572,-0.012583,0.003769,0.085638,0.145785,0.164399,-0.007152,-0.019394,-0.041633,-0.039557,-0.029527,0.004133,0.013821,0.031946,0.059981,0.087757,-0.008256,0.001203,-0.00221,0.004847,0.012913,0.078064,-0.966507,-0.103261,-0.929823,1,0,0,0,0,0,0,0,0,0,0
766,0.009063,0.018524,0.027067,0.042989,0.0564,0.001408,0.007379,0.001562,-0.01188,-0.023974,-0.017146,-0.049755,-0.061268,-0.069627,-0.07869,0.013595,0.038671,0.06681,0.095071,0.087539,0.002174,0.00643,0.012125,0.018004,0.021831,-0.001898,-0.018616,-0.033589,-0.038059,-0.037875,-0.06283,-0.18114,-0.258422,-0.312801,-0.364363,0.078445,0.225139,0.357412,0.419782,0.418343,-0.000454,0.056558,0.144535,0.176618,0.185195,-0.004308,-0.027506,-0.036966,-0.029307,-0.01804,0.005005,0.017902,0.043764,0.075251,0.110606,0.006765,0.008928,0.00991,0.018365,0.027557,0.116313,-0.962989,-0.099947,-0.929101,1,0,0,0,0,0,0,0,0,0,0
767,0.006514,0.010342,0.027228,0.040872,0.054239,0.006174,0.004291,-0.008891,-0.02056,-0.025839,-0.015559,-0.041521,-0.052974,-0.055536,-0.06455,0.015466,0.035192,0.05782,0.078781,0.072237,0.002037,0.007193,0.01417,0.018152,0.021455,-0.001389,-0.026332,-0.036026,-0.036334,-0.036118,-0.06208,-0.167256,-0.231003,-0.272184,-0.328029,0.074799,0.212728,0.302684,0.342322,0.344946,0.017102,0.10044,0.161665,0.180613,0.194461,-0.008117,-0.030756,-0.028642,-0.018432,-0.013845,0.005671,0.026198,0.057946,0.089403,0.132018,0.003548,-0.000316,0.007676,0.016811,0.026654,0.143932,-0.962441,-0.095913,-0.930667,1,0,0,0,0,0,0,0,0,0,0
768,0.00304,0.011694,0.027823,0.041409,0.052886,-0.000155,-0.006048,-0.019665,-0.031917,-0.031824,-0.017401,-0.029064,-0.037532,-0.046713,-0.051087,0.009864,0.038369,0.066999,0.059368,0.056608,0.002264,0.008034,0.013989,0.017866,0.020875,-0.01554,-0.030708,-0.035236,-0.03505,-0.034337,-0.057476,-0.135765,-0.190853,-0.243088,-0.279906,0.07345,0.207448,0.270631,0.269174,0.278417,0.040571,0.129696,0.162197,0.170886,0.18726,-0.015344,-0.024928,-0.017169,-0.005755,-0.005797,0.008258,0.036575,0.07105,0.109761,0.141017,-0.0013,-0.000225,0.009033,0.019098,0.027372,0.159471,-0.965913,-0.093316,-0.930978,1,0,0,0,0,0,0,0,0,0,0
769,0.000811,0.017866,0.031647,0.045147,0.055187,-0.001746,-0.015059,-0.026845,-0.032177,-0.030711,-0.00873,-0.020297,-0.022885,-0.03199,-0.035014,0.010008,0.032863,0.054033,0.047423,0.046145,0.002931,0.009977,0.013999,0.017335,0.020048,-0.009572,-0.019362,-0.019674,-0.019456,-0.017086,-0.048452,-0.112837,-0.154429,-0.210832,-0.230475,0.065476,0.156331,0.196365,0.199015,0.197799,0.043389,0.105226,0.124363,0.138349,0.141197,-0.007441,-0.005306,0.005006,0.009639,0.010039,0.013444,0.047482,0.081206,0.126894,0.145624,-0.002795,0.005773,0.015566,0.02612,0.033536,0.169173,-0.955803,-0.091225,-0.933372,1,0,0,0,0,0,0,0,0,0,0
770,0.007913,0.024178,0.037878,0.049451,0.055394,-0.004191,-0.017922,-0.030277,-0.030184,-0.028807,-0.003003,-0.011542,-0.0208,-0.02521,-0.025554,0.018704,0.047574,0.03988,0.037096,0.035563,0.002878,0.008883,0.012793,0.015827,0.018079,-0.005693,-0.010259,-0.010072,-0.009352,-0.006256,-0.03034,-0.08589,-0.138563,-0.17569,-0.186669,0.069438,0.133152,0.131682,0.141003,0.124613,0.046345,0.07912,0.087881,0.104393,0.091748,-0.0022,0.005624,0.017134,0.017091,0.018569,0.016276,0.052829,0.093873,0.127012,0.141937,0.003998,0.013814,0.024485,0.033258,0.037149,0.174734,-0.945141,-0.091906,-0.933629,1,0,0,0,0,0,0,0,0,0,0
771,0.009216,0.023073,0.036646,0.046741,0.047211,-0.009185,-0.021035,-0.026395,-0.024922,-0.024515,-0.008621,-0.011223,-0.020377,-0.023417,-0.021286,0.004232,0.025518,0.018872,0.017587,0.017743,0.004201,0.008245,0.011599,0.014326,0.01511,-0.004138,-0.004451,-0.004232,-0.00185,-0.00069,-0.034327,-0.076146,-0.132855,-0.152605,-0.161257,0.021756,0.062007,0.064672,0.063449,0.052383,0.015724,0.034965,0.049028,0.051891,0.043029,0.004351,0.014719,0.019378,0.019779,0.020549,0.018822,0.053851,0.101308,0.120762,0.134545,0.004838,0.015011,0.025973,0.033676,0.033394,0.179914,-0.941471,-0.091656,-0.934051,1,0,0,0,0,0,0,0,0,0,0
772,0.007096,0.020849,0.032467,0.038433,0.036423,-0.004584,-0.016987,-0.016893,-0.015511,-0.015197,6.3e-05,-0.009231,-0.013659,-0.014004,-0.01077,0.024743,0.017019,0.014224,0.012685,0.011398,0.001821,0.005746,0.008792,0.011053,0.01077,-0.00044,-0.000251,0.000471,0.00358,0.003203,-0.021383,-0.07426,-0.111531,-0.122552,-0.125818,0.04217,0.040694,0.050051,0.033597,0.019311,0.017151,0.025947,0.042523,0.029828,0.018461,0.003496,0.01505,0.015007,0.016491,0.01591,0.01852,0.06069,0.094738,0.110073,0.119613,0.005191,0.016155,0.025169,0.029167,0.027293,0.178817,-0.929905,-0.091293,-0.933362,1,0,0,0,0,0,0,0,0,0,0
773,0.006785,0.020386,0.0305,0.030971,0.027673,-0.007287,-0.012659,-0.011182,-0.010774,-0.002293,-0.00267,-0.011842,-0.014889,-0.012753,-0.00958,-0.003424,-0.010083,-0.011371,-0.011214,-0.014512,0.00223,0.005591,0.008324,0.009109,0.006219,0.000126,0.000346,0.002733,0.003895,0.008795,-0.020511,-0.077334,-0.097123,-0.105792,-0.104661,-0.001853,0.000817,-0.000408,-0.011496,-0.028835,0.002122,0.016212,0.019081,0.010202,-0.003061,0.006891,0.011559,0.011961,0.012733,0.009184,0.016954,0.065075,0.084802,0.098778,0.103651,0.005111,0.016226,0.024037,0.023751,0.023059,0.179777,-0.924167,-0.089546,-0.938334,1,0,0,0,0,0,0,0,0,0,0
774,0.006949,0.01853,0.024477,0.022474,0.01972,-0.005102,-0.005008,-0.003631,-0.003318,0.009202,-0.006604,-0.011018,-0.011362,-0.008138,-0.006104,-0.004288,-0.007074,-0.008608,-0.009891,-0.012207,0.00169,0.004726,0.00698,0.006698,-0.000908,6.3e-05,0.000783,0.003881,0.003506,0.017967,-0.032271,-0.069425,-0.080412,-0.083667,-0.084199,0.000376,0.009703,-0.006698,-0.02094,-0.030331,0.006654,0.023178,0.010523,-0.000809,-0.007139,0.004651,0.004608,0.006087,0.005507,0.007158,0.024709,0.058015,0.073015,0.082348,0.086013,0.005738,0.014556,0.018467,0.016634,0.021713,0.180019,-0.921621,-0.085415,-0.948628,1,0,0,0,0,0,0,0,0,0,0
775,0.00659,0.016647,0.017116,0.013836,0.011525,-0.00025,0.001218,0.001624,0.010057,0.013805,-0.00253,-0.00556,-0.003436,-0.000281,0.001062,-0.002343,-0.003623,-0.003467,-0.006746,-0.008777,0.001655,0.004373,0.005154,0.00228,-0.011806,0.000156,0.00253,0.003686,0.008558,0.017647,-0.0243,-0.043977,-0.052597,-0.051473,-0.051723,0.00228,0.001062,-0.009963,-0.027204,-0.033139,0.007372,0.010225,0.001395,-0.011793,-0.015238,0.0,0.000401,0.001168,-0.002361,0.002391,0.021911,0.040871,0.054303,0.058987,0.061091,0.005031,0.012538,0.012263,0.011598,0.02408,0.179186,-0.920381,-0.077257,-0.951258,1,0,0,0,0,0,0,0,0,0,0
776,0.004967,0.010903,0.008904,0.006155,0.001375,0.000344,0.001718,0.002031,0.014528,0.012903,-0.001875,-0.002218,0.001,0.00303,0.003999,-0.000437,-0.001968,-0.003249,-0.005561,-0.007029,0.001375,0.003624,0.003343,-0.004249,-0.02315,0.000562,0.003655,0.00328,0.017714,0.016589,-0.012778,-0.023744,-0.026993,-0.027524,-0.027993,0.007029,-0.009341,-0.023556,-0.032929,-0.036803,0.009119,-0.003512,-0.014822,-0.02114,-0.023154,-4.3e-05,0.001433,0.000855,0.002502,0.002458,0.010917,0.025721,0.034931,0.038549,0.040204,0.003662,0.007522,0.005713,0.010725,0.025488,0.176603,-0.920916,-0.070835,-0.952569,1,0,0,0,0,0,0,0,0,0,0
777,0.005089,0.005557,0.002279,-3.1e-05,-0.016109,0.001124,0.00153,0.009959,0.013706,0.009116,-0.001155,0.000968,0.004121,0.005463,0.005994,-0.000843,-0.000687,-0.003965,-0.005994,-0.007056,0.001342,0.002123,-0.000749,-0.014829,-0.043427,0.001811,0.002966,0.007836,0.016921,0.00743,-0.0069,-0.015516,-0.014392,-0.014642,-0.017327,-0.008242,-0.019263,-0.036496,-0.042428,-0.041679,-0.006261,-0.015087,-0.028269,-0.031713,-0.029209,0.000443,0.00121,-0.002317,0.002433,-0.002756,0.008039,0.021431,0.026101,0.028198,0.030496,0.003841,0.003567,0.002904,0.015348,0.028105,0.172407,-0.924531,-0.059148,-0.947314,1,0,0,0,0,0,0,0,0,0,0
778,0.000844,-0.001156,-0.003905,-0.008685,-0.031335,0.00025,0.000562,0.013059,0.011434,0.000875,0.000812,0.00403,0.006061,0.007029,0.006873,-0.000687,-0.001968,-0.00428,-0.005748,-0.006467,0.000906,0.000625,-0.006967,-0.025868,-0.061608,0.001281,0.000906,0.01534,0.014215,-0.001375,-0.004061,-0.007311,-0.007842,-0.00831,-0.013246,-0.008123,-0.022338,-0.03171,-0.035584,-0.034584,-0.006365,-0.017676,-0.023993,-0.026008,-0.023215,0.001033,0.000454,0.002102,0.002058,-0.003091,0.006724,0.015933,0.019551,0.021205,0.024889,0.0,-0.001809,0.003203,0.017964,0.030985,0.170202,-0.927764,-0.051221,-0.947416,1,0,0,0,0,0,0,0,0,0,0
779,-0.000374,-0.00365,-0.005959,-0.022025,-0.041024,0.000156,0.008579,0.012323,0.007737,-0.000905,0.00131,0.004461,0.005803,0.006333,0.004024,0.000842,-0.002433,-0.004461,-0.005522,-0.005459,-0.000125,-0.002995,-0.017065,-0.045641,-0.072876,-0.000125,0.004742,0.01382,0.004336,-0.002589,-0.004555,-0.003432,-0.003681,-0.006364,-0.011262,-0.002901,-0.020122,-0.026049,-0.025301,-0.024178,-0.002463,-0.015635,-0.019077,-0.016575,-0.014932,-0.000265,-0.00379,0.000957,-0.004228,-0.002517,0.006665,0.011311,0.013398,0.015684,0.017633,-0.000272,-0.000932,0.011448,0.024139,0.032207,0.16557,-0.92853,-0.049822,-0.950004,1,0,0,0,0,0,0,0,0,0,0
780,-0.001621,-0.004365,-0.009134,-0.031737,-0.050161,0.000156,0.012626,0.011005,0.000468,-0.00106,0.001902,0.003928,0.004895,0.004739,-0.003585,-0.00212,-0.004427,-0.005892,-0.006609,-0.00742,-0.000156,-0.007732,-0.026593,-0.062258,-0.083769,-0.000249,0.014154,0.013031,-0.002525,-0.002401,0.001309,0.000779,0.000312,-0.004614,-0.01007,-0.011286,-0.020638,-0.024504,-0.023506,-0.02201,-0.008825,-0.01513,-0.01714,-0.014353,-0.012787,-0.000313,0.001332,0.001288,-0.003851,-0.002172,0.00244,0.006005,0.007635,0.011264,0.008344,-0.001511,0.003427,0.017971,0.030801,0.033842,0.160264,-0.926747,-0.047098,-0.950703,1,0,0,0,0,0,0,0,0,0,0
781,-0.001651,-0.003956,-0.019997,-0.038965,-0.058308,0.008254,0.011992,0.007413,-0.001215,-0.001277,0.001246,0.002585,0.003115,0.00081,-0.013113,-0.001152,-0.003177,-0.004236,-0.004174,-0.005638,-0.00271,-0.016757,-0.045288,-0.07248,-0.094377,0.005108,0.014172,0.004703,-0.002211,-0.002087,-0.000187,-0.000436,-0.003115,-0.008005,-0.014982,-0.005918,-0.011836,-0.011088,-0.009967,-0.013674,-0.004334,-0.00777,-0.005272,-0.003632,-0.007424,-0.003207,0.001532,-0.003645,-0.001936,-0.00172,0.002169,0.004233,0.006494,0.008422,0.00304,0.00085,0.013092,0.025643,0.033622,0.036145,0.151701,-0.922669,-0.047289,-0.951168,1,0,0,0,0,0,0,0,0,0,0
782,-0.00109,-0.005853,-0.028427,-0.046828,-0.070522,0.004203,0.002584,-0.00794,-0.009465,-0.011987,0.000778,0.001744,0.001588,-0.006725,-0.024566,-0.001152,-0.002615,-0.003332,-0.004141,-0.004297,-0.004857,-0.023694,-0.059313,-0.080797,-0.102654,0.009278,0.008158,-0.007379,-0.007255,-0.007753,-0.000342,-0.00081,-0.005729,-0.011178,-0.023289,-0.003425,-0.007286,-0.006289,-0.004795,-0.008033,-0.001964,-0.003971,-0.001188,0.000376,-0.003926,0.004848,0.004804,-0.000328,0.001348,0.003354,0.001369,0.002984,0.006581,0.003687,-0.000431,0.004047,0.018461,0.031176,0.034189,0.032323,0.145904,-0.921215,-0.049636,-0.952335,1,0,0,0,0,0,0,0,0,0,0
783,-0.001215,-0.017257,-0.036228,-0.055573,-0.084075,-0.000467,-0.005046,-0.013675,-0.013737,-0.018098,0.000561,0.00109,-0.001215,-0.015139,-0.03872,-0.000872,-0.001931,-0.001869,-0.003333,-0.000498,-0.009189,-0.037723,-0.064918,-0.086817,-0.110211,-0.000218,-0.009688,-0.016603,-0.016479,-0.017413,9.3e-05,-0.002585,-0.007476,-0.014454,-0.032459,-0.002492,-0.001744,-0.000623,-0.00433,0.004641,-0.001472,0.001027,0.002667,-0.001126,0.003651,-0.000111,-0.005288,-0.003579,-0.003364,2e-05,0.000691,0.002954,0.004883,-0.000502,-0.006253,0.008191,0.020751,0.028736,0.03126,0.026078,0.138764,-0.929534,-0.052447,-0.952959,1,0,0,0,0,0,0,0,0,0,0
784,-0.003556,-0.026168,-0.044601,-0.068337,-0.09831,-0.001154,-0.011696,-0.013224,-0.015751,-0.016905,0.000405,0.00025,-0.008078,-0.02595,-0.052305,-0.000593,-0.00131,-0.002121,-0.002277,0.001653,-0.009669,-0.04535,-0.066871,-0.088766,-0.115059,-0.000905,-0.016468,-0.016343,-0.016843,-0.014909,-0.000561,-0.005489,-0.010948,-0.02308,-0.040391,-0.001372,-0.000374,0.001123,-0.002121,0.006456,-0.000538,0.002251,0.003817,-0.000493,0.002144,6.7e-05,-0.005074,-0.003395,-0.001386,0.001688,0.000938,0.004579,0.001649,-0.00252,-0.011087,0.006327,0.019198,0.022249,0.02036,0.016545,0.13182,-0.928056,-0.052803,-0.95549,1,0,0,0,0,0,0,0,0,0,0
785,-0.01253,-0.031559,-0.050962,-0.079553,-0.107143,-0.003437,-0.012092,-0.012155,-0.016529,-0.016123,0.000125,-0.002187,-0.016154,-0.039808,-0.067742,-0.000469,-0.000406,-0.001875,0.000969,0.006343,-0.018935,-0.046213,-0.068179,-0.091645,-0.114673,-0.008593,-0.015529,-0.015404,-0.016342,-0.012561,-0.002125,-0.00703,-0.01403,-0.03209,-0.054837,0.002125,0.00325,-0.000469,0.00853,0.016779,0.003045,0.004689,0.000885,0.005677,0.007432,-0.00526,-0.003546,-0.00333,6.4e-05,0.003448,0.001362,0.003333,-0.002169,-0.008044,-0.013038,0.006425,0.014582,0.017161,0.011867,0.006997,0.130736,-0.934794,-0.063554,-0.957251,1,0,0,0,0,0,0,0,0,0,0
786,-0.01014,-0.028635,-0.052451,-0.082526,-0.11113,-0.007135,-0.008669,-0.011204,-0.012362,-0.011736,-0.000282,-0.008638,-0.02657,-0.053015,-0.090788,-0.00025,-0.001064,-0.001221,0.002723,0.007918,-0.016837,-0.038431,-0.0604,-0.086782,-0.10775,-0.00701,-0.006885,-0.007386,-0.005445,0.00169,-0.002817,-0.008293,-0.020467,-0.037836,-0.069726,-0.001127,0.000376,-0.002879,0.005727,0.0174,-0.000252,0.00132,-0.003004,-0.000359,0.004867,0.00011,0.001795,0.003811,0.006895,0.013469,0.002351,-0.000649,-0.004917,-0.01369,-0.020209,0.006683,0.009806,0.007872,0.003967,-0.004424,0.130262,-0.932923,-0.067783,-0.959749,1,0,0,0,0,0,0,0,0,0,0
787,-0.008961,-0.028488,-0.057258,-0.085022,-0.119044,-0.001541,-0.001604,-0.006006,-0.005597,-0.002736,-0.002044,-0.016099,-0.039901,-0.068012,-0.111718,0.000314,-0.001163,0.001698,0.007106,0.008961,-0.010533,-0.032638,-0.056252,-0.079426,-0.104737,6.3e-05,0.000189,-0.000755,0.00305,0.01132,-0.002107,-0.00915,-0.027324,-0.050215,-0.086375,0.002264,-0.001478,0.007578,0.015879,0.020753,0.001908,-0.00192,0.002901,0.004668,0.006204,0.001614,0.001832,0.005247,0.008652,0.0142,-0.00037,-0.00612,-0.01226,-0.017478,-0.025107,0.001618,0.004312,-0.00122,-0.00631,-0.016439,0.128984,-0.92839,-0.071147,-0.955105,1,0,0,0,0,0,0,0,0,0,0
788,-0.009606,-0.033497,-0.063666,-0.09236,-0.128023,0.0,-0.002543,-0.003704,-0.003077,0.006498,-0.006342,-0.02433,-0.050858,-0.08875,-0.13223,-0.00113,-0.001287,0.002668,0.00788,0.009293,-0.011145,-0.033183,-0.059648,-0.080682,-0.105859,6.3e-05,-0.00044,0.001507,0.008665,0.015257,-0.003391,-0.015603,-0.033026,-0.065016,-0.102061,-0.000753,-0.004018,0.004615,0.016325,0.020845,-0.000329,-0.004666,-0.002013,0.003229,0.005147,7.8e-05,0.002101,0.005195,0.011789,0.009097,-0.0027,-0.007063,-0.01603,-0.022694,-0.029315,0.001593,-0.000384,-0.004377,-0.012953,-0.025326,0.127779,-0.928112,-0.080362,-0.95522,1,0,0,0,0,0,0,0,0,0,0
789,-0.009877,-0.038569,-0.066257,-0.100185,-0.137123,-6.3e-05,-0.004453,-0.004045,-0.001192,0.013734,-0.007682,-0.031419,-0.059452,-0.103038,-0.147565,-0.000345,0.002509,0.007902,0.009752,0.0111,-0.010912,-0.034461,-0.057571,-0.082813,-0.105923,6.3e-05,-0.000878,0.002916,0.011163,0.021228,-0.003637,-0.021762,-0.044589,-0.080649,-0.117807,-0.002979,0.006052,0.01433,0.01919,0.021291,-0.003489,0.001319,0.003081,0.004612,0.004081,0.000139,0.003545,0.006941,0.012473,0.00817,-0.002961,-0.008984,-0.014103,-0.021586,-0.02866,0.001064,-0.004363,-0.009355,-0.019291,-0.035242,0.124115,-0.925858,-0.092324,-0.960852,1,0,0,0,0,0,0,0,0,0,0
790,-0.013967,-0.044063,-0.072687,-0.108264,-0.146346,-0.002474,-0.003633,-0.003006,0.006545,0.015064,-0.010272,-0.036735,-0.074535,-0.117909,-0.164979,0.000188,0.004134,0.009333,0.010742,0.012965,-0.011086,-0.037487,-0.058469,-0.083586,-0.107418,-0.000564,0.001378,0.008518,0.015095,0.022173,-0.00855,-0.025931,-0.057843,-0.094797,-0.134602,-0.000282,0.00833,0.020012,0.024521,0.027716,-0.000843,0.001805,0.007034,0.008947,0.008729,0.001879,0.004966,0.011543,0.008858,0.008188,-0.001354,-0.010169,-0.01672,-0.023229,-0.030152,-0.002998,-0.006923,-0.015354,-0.027518,-0.043503,0.120759,-0.923286,-0.102388,-0.957053,1,0,0,0,0,0,0,0,0,0,0
791,-0.014669,-0.042286,-0.076127,-0.11297,-0.156757,-0.001908,-0.001501,0.001345,0.016232,0.017484,-0.013418,-0.041379,-0.084853,-0.129265,-0.175805,0.002658,0.008038,0.009883,0.011228,0.013199,-0.012417,-0.035467,-0.060645,-0.083696,-0.112251,-0.000375,0.003409,0.011635,0.021675,0.022519,-0.009539,-0.032309,-0.068276,-0.105339,-0.146061,0.009289,0.017546,0.022394,0.024489,0.029118,0.005637,0.007395,0.008922,0.008392,0.010099,0.001521,0.004908,0.010426,0.006134,0.00681,-0.004574,-0.009602,-0.016952,-0.0239,-0.029695,-0.00236,-0.007263,-0.017022,-0.032689,-0.049573,0.118253,-0.918684,-0.110115,-0.951607,1,0,0,0,0,0,0,0,0,0,0
792,-0.015387,-0.043972,-0.079499,-0.117529,-0.163377,0.000751,0.001376,0.010915,0.019421,0.019296,-0.01301,-0.050758,-0.094073,-0.141078,-0.187458,0.001282,0.006474,0.007881,0.010102,0.01179,-0.013948,-0.034902,-0.059984,-0.083784,-0.116121,0.002314,0.009445,0.016012,0.02308,0.023331,-0.007819,-0.039687,-0.076591,-0.11634,-0.155902,-0.000688,0.010977,0.015481,0.018671,0.026427,-0.002993,0.002229,0.00414,0.003922,0.008932,0.001562,0.008131,0.005449,0.00478,0.006281,-0.004159,-0.010647,-0.017094,-0.023951,-0.031343,-0.001529,-0.00988,-0.021927,-0.037759,-0.052714,0.112166,-0.913477,-0.114242,-0.941747,1,0,0,0,0,0,0,0,0,0,0
793,-0.012231,-0.046077,-0.082927,-0.126721,-0.171672,-0.000344,0.002503,0.017392,0.018644,0.019019,-0.014953,-0.058434,-0.102853,-0.1494,-0.196823,0.004098,0.005943,0.007289,0.009259,0.010823,-0.009103,-0.034284,-0.057339,-0.085899,-0.120903,0.00147,0.009697,0.019739,0.020583,0.021553,-0.014953,-0.050926,-0.087995,-0.128723,-0.166542,0.008946,0.013795,0.015891,0.020521,0.027246,0.004752,0.006279,0.00575,0.007456,0.011221,0.001826,0.007345,0.003052,0.003728,0.005291,-0.000867,-0.008226,-0.015181,-0.020983,-0.031058,-0.003378,-0.013148,-0.028833,-0.045735,-0.056817,0.107569,-0.904371,-0.116539,-0.934339,1,0,0,0,0,0,0,0,0,0,0
794,-0.016358,-0.051888,-0.08992,-0.135772,-0.182249,0.00097,0.010509,0.019016,0.018891,0.019266,-0.022801,-0.066119,-0.113127,-0.159511,-0.200764,0.001095,0.002502,0.004723,0.006412,0.01054,-0.011854,-0.036938,-0.060739,-0.093079,-0.133582,0.005661,0.012229,0.019298,0.019548,0.019579,-0.016921,-0.053827,-0.09358,-0.133144,-0.169081,0.002721,0.007225,0.010415,0.018172,0.02596,0.000472,0.002383,0.002165,0.007175,0.010105,0.004744,0.002062,0.001393,0.002895,0.003174,-0.005625,-0.012075,-0.018936,-0.026331,-0.032062,-0.004981,-0.017035,-0.032875,-0.047837,-0.054592,0.102375,-0.899947,-0.114683,-0.926879,1,0,0,0,0,0,0,0,0,0,0
795,-0.017437,-0.054182,-0.097853,-0.142677,-0.186067,0.001872,0.016719,0.017967,0.018342,0.017655,-0.020619,-0.064913,-0.111328,-0.158617,-0.197047,0.000749,0.00209,0.004055,0.005615,0.01413,-0.013288,-0.036278,-0.064757,-0.099662,-0.140806,0.002558,0.012571,0.013413,0.01438,0.013819,-0.018997,-0.05596,-0.096574,-0.134286,-0.168942,0.002121,0.004211,0.008828,0.015534,0.027107,0.001053,0.000525,0.002226,0.005981,0.008543,0.000772,-0.003509,-0.002834,-0.001275,-0.000903,-0.001694,-0.008513,-0.014201,-0.024079,-0.028222,-0.00469,-0.020067,-0.036638,-0.047503,-0.049973,0.099364,-0.895799,-0.113434,-0.921995,1,0,0,0,0,0,0,0,0,0,0
796,-0.017903,-0.055633,-0.10112,-0.147228,-0.187968,0.007602,0.016041,0.015917,0.01629,0.015638,-0.022464,-0.069099,-0.115114,-0.15604,-0.19197,0.000652,0.002855,0.00453,0.008626,0.020851,-0.011667,-0.035279,-0.067362,-0.107543,-0.147476,0.003972,0.010984,0.011232,0.011263,0.007105,-0.017717,-0.057154,-0.096404,-0.132055,-0.166683,0.002358,0.005523,0.013218,0.020944,0.031742,0.000848,0.000632,0.005603,0.00851,0.006932,-0.003429,-0.004092,-0.002603,-0.002326,-0.00572,-0.004468,-0.010956,-0.01795,-0.023369,-0.024471,-0.00688,-0.02186,-0.036009,-0.042397,-0.04369,0.099064,-0.90122,-0.110141,-0.918374,1,0,0,0,0,0,0,0,0,0,0
797,-0.018662,-0.062135,-0.106757,-0.14995,-0.185287,0.007173,0.008415,0.008788,0.008105,0.007049,-0.021612,-0.067817,-0.114892,-0.153148,-0.187181,0.000683,0.002639,0.004192,0.012669,0.024252,-0.01121,-0.03956,-0.074307,-0.115265,-0.159421,0.005993,0.006831,0.007794,0.007235,-3.1e-05,-0.019066,-0.059496,-0.097037,-0.131536,-0.16442,-0.000279,0.004316,0.010992,0.022513,0.031394,-0.001375,0.000319,0.004056,0.006607,0.003788,-0.00083,-0.000158,0.001393,0.001763,-0.005331,-0.002114,-0.007625,-0.017194,-0.021208,-0.021971,-0.00798,-0.024033,-0.034558,-0.036951,-0.028656,0.095868,-0.903286,-0.103208,-0.916528,1,0,0,0,0,0,0,0,0,0,0
798,-0.019131,-0.064733,-0.110957,-0.1518,-0.182783,0.001275,0.001151,0.001524,0.000871,-0.007528,-0.025103,-0.071234,-0.112264,-0.148285,-0.178863,0.001524,0.003204,0.00731,0.019566,0.024574,-0.012443,-0.044607,-0.08489,-0.124924,-0.172113,0.001027,0.001275,0.001306,-0.002862,-0.01378,-0.020437,-0.059787,-0.095528,-0.130243,-0.159017,0.003453,0.011167,0.018913,0.029738,0.033253,0.001161,0.006144,0.009058,0.007476,0.005776,0.000166,0.00166,0.001937,-0.001466,-0.005527,-0.004464,-0.011582,-0.017098,-0.01822,-0.019781,-0.007169,-0.021571,-0.028073,-0.029389,-0.013106,0.093876,-0.904815,-0.096484,-0.91309,1,0,0,0,0,0,0,0,0,0,0
799,-0.024319,-0.068837,-0.111929,-0.147184,-0.179248,-3.1e-05,0.000341,-0.000341,-0.001394,-0.012764,-0.021097,-0.068062,-0.106229,-0.140183,-0.167228,0.000434,0.001983,0.01044,0.021996,0.024691,-0.015893,-0.050559,-0.091421,-0.135474,-0.181386,-0.000186,0.000774,0.000217,-0.007032,-0.017751,-0.019982,-0.057436,-0.091855,-0.124662,-0.152327,0.001146,0.007807,0.0193,0.02816,0.031104,0.000534,0.004262,0.006808,0.003995,0.004315,0.000504,0.002052,0.002422,-0.004656,-0.00512,-0.001083,-0.010497,-0.014447,-0.015197,-0.014649,-0.008827,-0.019182,-0.021536,-0.013375,0.000309,0.093552,-0.90803,-0.088084,-0.917794,1,0,0,0,0,0,0,0,0,0,0
800,-0.020993,-0.066803,-0.107279,-0.137983,-0.166991,-9.2e-05,0.000277,-0.00037,-0.008693,-0.019699,-0.024723,-0.065385,-0.101083,-0.131386,-0.159223,0.001233,0.005302,0.017448,0.022411,0.025587,-0.016061,-0.055982,-0.095657,-0.142422,-0.182405,0.000432,0.000462,-0.003668,-0.014489,-0.028947,-0.019113,-0.054533,-0.088937,-0.117452,-0.139308,0.006505,0.014181,0.024908,0.028392,0.02981,0.004407,0.007295,0.005727,0.004043,0.001622,0.000978,0.001253,-0.00212,-0.006144,-0.010323,-0.005636,-0.010815,-0.011868,-0.013334,-0.018485,-0.004993,-0.011097,-0.012333,0.002954,0.013158,0.087079,-0.90857,-0.081608,-0.910523,1,0,0,0,0,0,0,0,0,0,0
801,-0.02308,-0.065547,-0.10029,-0.131888,-0.154571,0.000458,-0.000214,-0.001252,-0.012456,-0.02076,-0.021798,-0.059411,-0.092871,-0.119523,-0.144283,0.000305,0.00864,0.020027,0.022684,0.024821,-0.018257,-0.058525,-0.101938,-0.147183,-0.181163,0.000519,-3.1e-05,-0.007174,-0.017738,-0.033583,-0.017982,-0.0519,-0.084231,-0.111494,-0.130636,0.000122,0.011449,0.02018,0.02308,0.024393,-0.00069,0.001818,-0.000953,-0.000638,-0.002095,0.000557,0.000921,-0.006054,-0.006511,-0.014643,-0.003231,-0.006796,-0.007474,-0.006978,-0.011626,-0.004681,-0.006806,0.00056,0.012912,0.022265,0.090314,-0.911926,-0.077494,-0.908375,1,0,0,0,0,0,0,0,0,0,0
802,-0.02212,-0.061905,-0.092085,-0.120599,-0.137083,-9.1e-05,-0.000727,-0.008909,-0.019726,-0.021696,-0.018332,-0.053421,-0.083207,-0.110569,-0.128114,0.003697,0.015635,0.020514,0.023635,0.024423,-0.02112,-0.060118,-0.106085,-0.145385,-0.180141,-0.000485,-0.004545,-0.015181,-0.029392,-0.037422,-0.016969,-0.050785,-0.078814,-0.100297,-0.120932,0.007424,0.017969,0.021393,0.022787,0.023938,0.003524,0.001983,0.000327,-0.002052,-0.001351,-0.000282,-0.003597,-0.007553,-0.011661,-0.018353,-0.001525,-0.002459,-0.003758,-0.008325,-0.00588,-0.00097,-0.002065,0.011486,0.020533,0.034732,0.090542,-0.911552,-0.068042,-0.905988,1,0,0,0,0,0,0,0,0,0,0
803,-0.019891,-0.054136,-0.085282,-0.107641,-0.119257,-0.000572,-0.001595,-0.012639,-0.020824,-0.024465,-0.018868,-0.051849,-0.07812,-0.102525,-0.117842,0.004544,0.015768,0.018387,0.020493,0.019861,-0.018718,-0.061509,-0.106106,-0.139599,-0.169391,-6e-05,-0.007102,-0.017514,-0.033132,-0.046132,-0.016581,-0.048449,-0.075322,-0.09419,-0.110831,0.003792,0.012398,0.015257,0.016551,0.017243,-0.001027,-0.003759,-0.003448,-0.004884,-0.003424,0.000639,-0.006236,-0.006687,-0.014702,-0.02443,-0.001769,-0.002382,-0.001934,-0.006136,-0.005242,-0.000997,0.005662,0.016828,0.025283,0.038481,0.090299,-0.912313,-0.066041,-0.898365,1,0,0,0,0,0,0,0,0,0,0
804,-0.019519,-0.049338,-0.077509,-0.093795,-0.105022,-6e-05,-0.008143,-0.018831,-0.020777,-0.029519,-0.015897,-0.045326,-0.07236,-0.089694,-0.10586,0.007275,0.012095,0.015178,0.015957,0.015867,-0.019909,-0.065324,-0.104154,-0.138492,-0.160077,-0.003952,-0.01446,-0.028501,-0.036434,-0.056493,-0.016915,-0.044607,-0.065833,-0.086221,-0.098825,0.006646,0.010029,0.011406,0.012544,0.015298,-0.000501,-0.002137,-0.004487,-0.003795,-0.001356,-0.003911,-0.007819,-0.011878,-0.01849,-0.029829,0.000849,-0.000345,-0.004542,-0.002296,-0.005235,-4.5e-05,0.012409,0.020723,0.033772,0.040662,0.086897,-0.913579,-0.065631,-0.888558,1,0,0,0,0,0,0,0,0,0,0
805,-0.01455,-0.045536,-0.067779,-0.079335,-0.090412,-0.000958,-0.011945,-0.020088,-0.023711,-0.036644,-0.016915,-0.043051,-0.06733,-0.082569,-0.097538,0.003892,0.006497,0.008592,0.007963,0.008742,-0.022663,-0.067031,-0.100352,-0.12999,-0.147564,-0.003054,-0.013412,-0.02895,-0.041883,-0.064816,-0.014789,-0.041524,-0.060295,-0.076851,-0.089305,0.001916,0.00476,0.006047,0.006736,0.011766,-0.002218,-0.001909,-0.003337,-0.001884,0.002074,-0.002929,-0.003377,-0.011351,-0.021029,-0.030975,-0.00144,-0.001008,-0.005061,-0.004198,-0.006466,0.006468,0.017239,0.025394,0.038125,0.042245,0.091232,-0.91773,-0.065338,-0.879128,1,0,0,0,0,0,0,0,0,0,0
806,-0.015279,-0.04347,-0.059768,-0.071002,-0.082117,-0.00713,-0.017825,-0.019773,-0.028521,-0.039066,-0.012523,-0.039575,-0.056922,-0.073099,-0.086581,0.000929,0.004014,0.004793,0.004704,0.004823,-0.022769,-0.061625,-0.095988,-0.117588,-0.13095,-0.00746,-0.02151,-0.029449,-0.049522,-0.066269,-0.012912,-0.034153,-0.054555,-0.067167,-0.080409,0.001468,0.002846,0.003985,0.006741,0.011534,0.000582,-0.00177,-0.001078,0.001364,0.005987,-0.00098,-0.005042,-0.011658,-0.023006,-0.029178,0.000247,-0.003971,-0.001713,-0.004667,-0.005241,0.006015,0.01437,0.027483,0.034406,0.035822,0.089757,-0.921998,-0.065204,-0.877796,1,0,0,0,0,0,0,0,0,0,0
807,-0.015741,-0.038018,-0.049591,-0.060685,-0.072648,-0.003868,-0.012023,-0.015651,-0.028603,-0.03364,-0.013642,-0.037958,-0.053219,-0.06821,-0.077775,0.001679,0.003778,0.003148,0.003928,0.003718,-0.021647,-0.055018,-0.084701,-0.102301,-0.113634,-0.002908,-0.018469,-0.031422,-0.054388,-0.060655,-0.013852,-0.032651,-0.049231,-0.061704,-0.071748,0.001379,0.002668,0.003358,0.008395,0.010164,-0.000273,-0.001703,-0.000248,0.003716,0.005734,0.000532,-0.007454,-0.017147,-0.027107,-0.028346,0.000188,-0.003907,-0.003036,-0.005327,-0.005101,0.004835,0.013076,0.02594,0.030104,0.029748,0.090376,-0.926396,-0.064812,-0.878525,1,0,0,0,0,0,0,0,0,0,0
808,-0.012498,-0.028841,-0.040107,-0.051252,-0.062068,-0.00685,-0.008802,-0.017575,-0.02815,-0.032416,-0.013459,-0.030854,-0.047076,-0.060595,-0.068467,0.001412,0.002193,0.002103,0.002223,0.002073,-0.017274,-0.051733,-0.073393,-0.086792,-0.094513,-0.011176,-0.019137,-0.039265,-0.056059,-0.059183,-0.00742,-0.027879,-0.040527,-0.053806,-0.062368,0.0,0.001142,0.003906,0.008712,0.009734,-0.002086,-0.001391,0.001057,0.005694,0.00693,-0.004606,-0.011241,-0.02262,-0.02881,-0.027704,-0.004491,-0.002189,-0.005202,-0.005787,-0.005317,0.003616,0.016988,0.024048,0.025492,0.023651,0.091205,-0.93224,-0.067837,-0.880939,1,0,0,0,0,0,0,0,0,0,0
809,-0.009829,-0.021432,-0.032553,-0.044546,-0.052993,-0.001323,-0.00496,-0.017945,-0.022995,-0.027323,-0.010911,-0.026211,-0.04124,-0.050828,-0.058012,0.000691,6e-05,0.000842,0.000631,0.000751,-0.016171,-0.045929,-0.063573,-0.074935,-0.079985,-0.004419,-0.017404,-0.040428,-0.04671,-0.048183,-0.011422,-0.028044,-0.040549,-0.050618,-0.059666,0.001293,0.001984,0.007034,0.008807,0.0101,0.000652,0.002111,0.006085,0.008108,0.009471,-0.003398,-0.013115,-0.023101,-0.024343,-0.021523,0.00034,0.001227,-0.001106,-0.000875,0.000589,0.004758,0.017851,0.022089,0.021726,0.019684,0.09311,-0.933698,-0.068136,-0.879678,1,0,0,0,0,0,0,0,0,0,0
810,-0.006531,-0.017816,-0.028981,-0.039815,-0.047128,-0.000632,-0.00942,-0.020013,-0.024286,-0.027236,-0.0065,-0.022751,-0.036294,-0.044179,-0.050649,9e-05,0.0,0.00012,-3e-05,-0.000271,-0.018328,-0.040026,-0.053448,-0.061182,-0.064613,-0.003551,-0.023715,-0.040537,-0.043667,-0.043396,-0.009058,-0.021728,-0.03503,-0.043607,-0.052997,-0.00015,0.002618,0.007433,0.008457,0.008788,4.3e-05,0.002495,0.00714,0.008379,0.00926,-0.003245,-0.014644,-0.020844,-0.019737,-0.01653,0.001988,-0.001061,-0.001654,-0.001178,0.001248,0.008736,0.015883,0.017344,0.015481,0.013069,0.095419,-0.935581,-0.069825,-0.879396,1,0,0,0,0,0,0,0,0,0,0
811,-0.005084,-0.016213,-0.028215,-0.036668,-0.043737,-0.003008,-0.016003,-0.021056,-0.025388,-0.029749,-0.008814,-0.023854,-0.033449,-0.040638,-0.048098,-0.000722,6e-05,-0.00015,-3e-05,-0.001113,-0.011461,-0.029118,-0.040488,-0.045542,-0.046294,-0.009445,-0.032487,-0.038773,-0.040247,-0.039435,-0.00758,-0.020094,-0.030171,-0.039225,-0.047798,0.000842,0.005896,0.00767,0.008964,0.006798,0.001417,0.005394,0.007418,0.008783,0.007828,-0.006481,-0.016474,-0.017717,-0.014895,-0.009714,-0.001089,-0.003434,-0.003202,-0.001731,-0.000684,0.004453,0.008713,0.008348,0.006295,0.002332,0.095521,-0.937106,-0.073139,-0.881227,1,0,0,0,0,0,0,0,0,0,0
812,-0.006192,-0.017344,-0.028166,-0.03547,-0.041903,-0.005771,-0.016352,-0.020621,-0.023567,-0.032675,-0.007425,-0.020952,-0.028827,-0.03529,-0.043256,0.000631,0.000751,0.000601,0.000361,-0.000691,-0.01022,-0.023627,-0.031352,-0.034779,-0.031953,-0.010701,-0.027505,-0.030631,-0.03036,-0.03039,-0.00508,-0.018366,-0.026934,-0.036312,-0.044879,0.001924,0.006733,0.007755,0.008086,0.001864,0.001034,0.005673,0.00691,0.007791,0.00272,-0.004909,-0.011102,-0.009996,-0.006793,0.002395,-0.001941,-0.002528,-0.002056,0.00035,0.001317,0.002657,0.004106,0.002258,-0.000134,-0.006169,0.098617,-0.934588,-0.079586,-0.883337,1,0,0,0,0,0,0,0,0,0,0
813,-0.004926,-0.016911,-0.025351,-0.03241,-0.037126,-0.007209,-0.012255,-0.01658,-0.020936,-0.030037,-0.007599,-0.017181,-0.02436,-0.031809,-0.039018,0.00015,-6e-05,6e-05,-0.001021,-0.001982,-0.007419,-0.018773,-0.023819,-0.02457,-0.019434,-0.012315,-0.018593,-0.020065,-0.019254,-0.019644,-0.007419,-0.017482,-0.026523,-0.035083,-0.044155,0.003124,0.004896,0.006188,0.004025,-0.004476,0.002939,0.00496,0.006323,0.005369,-0.00191,-0.005074,-0.006315,-0.003497,0.001677,0.010582,-0.000391,-0.000161,0.001295,0.002332,0.004494,0.001574,0.001213,-0.000819,-0.004743,-0.011339,0.100889,-0.931676,-0.083958,-0.885886,1,0,0,0,0,0,0,0,0,0,0
814,-0.006218,-0.017033,-0.024333,-0.030761,-0.032924,-0.003365,-0.00763,-0.010574,-0.019676,-0.0225,-0.005918,-0.013788,-0.020247,-0.028208,-0.036018,-3e-05,-0.00018,-0.000421,-0.001472,-0.002854,-0.005978,-0.013698,-0.017123,-0.014299,-0.009883,-0.004476,-0.0076,-0.00733,-0.00736,-0.007059,-0.005858,-0.014419,-0.023792,-0.032353,-0.043979,0.001682,0.002704,0.003034,-0.003184,-0.009343,0.001697,0.002934,0.003814,-0.001254,-0.005547,-0.001115,-1e-05,0.003191,0.012374,0.015695,-0.000194,0.000276,0.002672,0.003634,0.006996,-0.000132,-0.001971,-0.004353,-0.010361,-0.014971,0.105708,-0.931039,-0.087272,-0.886996,1,0,0,0,0,0,0,0,0,0,0
815,-0.005777,-0.014232,-0.021303,-0.026027,-0.028013,-0.001685,-0.006018,-0.010381,-0.019498,-0.020671,-0.003671,-0.010862,-0.018324,-0.025546,-0.033911,-0.000181,-6e-05,-0.001143,-0.002106,-0.005747,-0.005386,-0.010441,-0.011193,-0.006048,-0.002588,-0.001805,-0.00328,-0.002467,-0.002858,-0.003039,-0.004213,-0.013269,-0.021845,-0.030932,-0.043509,9e-05,0.001384,-0.000782,-0.009298,-0.017061,0.000325,0.00169,0.000735,-0.006557,-0.010135,-0.000126,0.002697,0.007879,0.0168,0.017995,0.000429,0.001903,0.002953,0.005141,0.008746,-0.000231,-0.002289,-0.00626,-0.012937,-0.016865,0.110488,-0.927079,-0.090545,-0.888882,1,0,0,0,0,0,0,0,0,0,0
816,-0.005064,-0.01239,-0.018841,-0.021011,-0.022519,-0.002592,-0.005547,-0.014681,-0.017514,-0.017725,-0.00422,-0.010702,-0.01869,-0.026528,-0.030567,3e-05,-0.000211,-0.001266,-0.002653,-0.014741,-0.002351,-0.005788,-0.002954,0.001477,0.002954,-0.001326,-0.001055,-0.001085,-0.000784,-0.000904,-0.004371,-0.013776,-0.022368,-0.034034,-0.043108,0.000935,0.001266,-0.004974,-0.011154,-0.033371,0.000915,0.001798,-0.003287,-0.007595,-0.016983,0.001235,0.004448,0.013662,0.016996,0.017209,4.8e-05,0.002503,0.003489,0.006934,0.011602,-0.00165,-0.004091,-0.010247,-0.014972,-0.017173,0.115583,-0.913375,-0.089828,-0.890186,1,0,0,0,0,0,0,0,0,0,0
817,-0.003416,-0.01052,-0.015266,-0.017261,-0.016203,-0.001753,-0.006137,-0.015296,-0.016475,-0.01318,-0.002993,-0.01049,-0.017745,-0.026149,-0.026572,9.1e-05,-0.000998,-0.001965,-0.005623,-0.022945,-0.002721,-0.003476,0.001693,0.005169,0.011578,-0.000151,0.000665,0.000272,9.1e-05,0.000574,-0.004716,-0.013332,-0.022461,-0.035097,-0.041204,0.000363,-0.001814,-0.010369,-0.018168,-0.057437,0.000453,-0.000506,-0.007832,-0.011427,-0.032387,0.001597,0.006804,0.015766,0.016967,0.014426,0.001475,0.002559,0.00482,0.008545,0.014604,-0.000442,-0.004546,-0.011445,-0.015504,-0.019567,0.118658,-0.896759,-0.094951,-0.894,1,0,0,0,0,0,0,0,0,0,0
818,-0.003921,-0.010376,-0.012547,-0.014056,-0.012427,-0.001206,-0.010346,-0.013181,-0.013392,-0.01122,-0.003499,-0.011492,-0.019334,-0.023376,-0.023044,-0.000332,-0.001387,-0.002775,-0.01487,-0.031037,-0.000724,0.002111,0.006545,0.008023,0.021958,0.000422,0.000392,0.000694,0.000573,0.001538,-0.004705,-0.013301,-0.024974,-0.034053,-0.038939,-3e-05,-0.006274,-0.012457,-0.034686,-0.077517,0.000432,-0.004656,-0.008967,-0.018361,-0.04396,0.001621,0.01084,0.014175,0.014389,0.013907,0.001013,0.002003,0.005461,0.010147,0.015576,-0.002015,-0.008195,-0.012938,-0.015147,-0.024147,0.122077,-0.879986,-0.101943,-0.896658,1,0,0,0,0,0,0,0,0,0,0
819,-0.003162,-0.007889,-0.009876,-0.008822,-0.00807,-0.003162,-0.012285,-0.013459,-0.010177,-0.008792,-0.003975,-0.011201,-0.019572,-0.019993,-0.018849,-0.000753,-0.001716,-0.00536,-0.022613,-0.034476,-3e-05,0.005119,0.008581,0.014965,0.029899,0.000391,0.0,-0.000181,0.000301,0.000873,-0.003884,-0.012977,-0.025563,-0.031646,-0.037276,-0.002138,-0.010659,-0.018427,-0.05754,-0.091595,-0.001387,-0.008683,-0.012263,-0.033141,-0.053967,0.003568,0.012495,0.013691,0.01116,0.011377,5.4e-05,0.002253,0.005875,0.011767,0.017012,-0.002,-0.008709,-0.012657,-0.016608,-0.02687,0.125785,-0.866075,-0.108878,-0.896004,1,0,0,0,0,0,0,0,0,0,0
820,-0.003283,-0.005452,-0.006958,-0.005332,-0.004097,-0.005964,-0.008796,-0.009007,-0.006838,-0.006928,-0.004006,-0.011838,-0.015875,-0.015544,-0.014007,-0.000301,-0.001687,-0.013766,-0.029912,-0.035244,0.002862,0.00729,0.008766,0.022683,0.036479,-0.000422,-0.00012,-0.000241,0.000723,-0.000813,-0.004699,-0.016357,-0.025424,-0.030304,-0.037293,-0.004097,-0.010272,-0.032473,-0.075248,-0.095039,-0.003694,-0.007999,-0.017381,-0.042947,-0.055723,0.005638,0.008969,0.009182,0.008701,0.008358,0.000927,0.004354,0.008999,0.014379,0.019423,-0.004118,-0.008818,-0.011008,-0.019927,-0.029063,0.131281,-0.861555,-0.112396,-0.895012,1,0,0,0,0,0,0,0,0,0,0
821,-0.001445,-0.003433,-0.002379,-0.001626,0.002078,-0.003162,-0.004336,-0.001054,0.000331,-0.000933,-0.003222,-0.011593,-0.012015,-0.01087,-0.008913,-0.000662,-0.004306,-0.02156,-0.033424,-0.034448,0.002289,0.005751,0.012135,0.027071,0.040802,3e-05,-0.000151,0.000331,0.000903,-0.000391,-0.004396,-0.016983,-0.023066,-0.028697,-0.03499,-0.004426,-0.012195,-0.051311,-0.085368,-0.094311,-0.003604,-0.007185,-0.028063,-0.048891,-0.055156,0.003291,0.004488,0.001956,0.002173,0.003149,0.001275,0.004899,0.010794,0.016041,0.020233,-0.002605,-0.006554,-0.010508,-0.020774,-0.027987,0.138576,-0.858294,-0.114042,-0.894942,1,0,0,0,0,0,0,0,0,0,0
822,-0.000723,-0.002229,-0.000603,0.000633,0.009248,0.000331,0.000121,0.00229,0.002199,0.002651,-0.004609,-0.008646,-0.008315,-0.006778,-0.003103,-0.000723,-0.012803,-0.02895,-0.034282,-0.033529,0.002139,0.003615,0.017533,0.03133,0.046453,0.000271,0.000151,0.001115,-0.000422,0.000271,-0.00726,-0.016328,-0.021208,-0.028197,-0.032234,-0.001747,-0.023949,-0.066727,-0.086519,-0.093116,-0.000699,-0.010081,-0.035649,-0.048426,-0.054114,3.8e-05,0.000251,-0.00023,-0.000573,0.000378,0.00215,0.006796,0.012178,0.017224,0.021014,-0.00209,-0.00428,-0.013203,-0.022343,-0.027033,0.145204,-0.855852,-0.114097,-0.89595,1,0,0,0,0,0,0,0,0,0,0
823,-0.001265,-0.000211,0.000542,0.004248,0.016418,-0.001506,0.001777,0.003163,0.001898,0.00253,-0.003766,-0.004187,-0.003043,-0.001084,0.007049,-0.002922,-0.020184,-0.032053,-0.033077,-0.032896,0.001325,0.007712,0.022654,0.036391,0.053321,-0.000452,3e-05,0.000602,-0.000693,-0.000151,-0.005332,-0.011417,-0.017051,-0.023347,-0.024823,-0.006025,-0.045157,-0.079228,-0.088175,-0.102244,-0.002883,-0.02377,-0.044606,-0.050874,-0.062764,0.001159,-0.001374,-0.001157,-0.000181,0.000287,0.001485,0.007398,0.01266,0.016865,0.02178,-0.001871,-0.005837,-0.016134,-0.023368,-0.026837,0.153242,-0.845173,-0.113944,-0.895079,1,0,0,0,0,0,0,0,0,0,0
824,-0.000241,0.001388,0.002625,0.011254,0.025947,0.001297,0.00347,0.003379,0.003832,0.013456,-0.000272,6e-05,0.001599,0.00528,0.015991,-0.009172,-0.025344,-0.030684,-0.02993,-0.0299,0.000151,0.01409,0.027909,0.043055,0.061761,0.000332,0.001297,-0.000241,0.000453,0.010107,-0.003741,-0.008629,-0.015629,-0.019672,-0.018857,-0.016202,-0.059046,-0.078868,-0.085476,-0.09857,-0.006509,-0.032116,-0.044913,-0.05061,-0.06118,-0.000947,-0.001429,-0.001772,-0.00082,-0.000304,0.003195,0.008636,0.013737,0.017567,0.022288,-0.000323,-0.009342,-0.018581,-0.023322,-0.026267,0.161409,-0.83952,-0.112211,-0.898534,1,0,0,0,0,0,0,0,0,0,0
825,0.001298,0.002053,0.005767,0.017966,0.034572,0.001993,0.003382,0.002114,0.002748,0.016939,-0.000151,0.000996,0.002959,0.011111,0.025031,-0.008122,-0.020019,-0.021045,-0.020864,-0.021257,0.00625,0.021227,0.034995,0.051964,0.072798,0.000151,0.000725,-0.000574,-3e-05,0.014221,-0.002355,-0.008001,-0.014312,-0.015792,-0.014644,-0.023008,-0.057158,-0.066125,-0.080226,-0.082672,-0.014421,-0.035305,-0.041588,-0.053505,-0.052376,-0.00159,-0.001373,-0.000395,7.4e-05,0.000672,0.002796,0.008144,0.012417,0.017412,0.022092,-0.003705,-0.01417,-0.021521,-0.025046,-0.028173,0.17432,-0.839247,-0.111189,-0.901803,1,0,0,0,0,0,0,0,0,0,0
826,0.000333,0.001576,0.010247,0.025011,0.044414,0.000182,9.1e-05,0.000546,0.010217,0.017402,0.000485,0.002031,0.00573,0.016492,0.035015,-0.008094,-0.01346,-0.012703,-0.012672,-0.0134,0.007731,0.021616,0.036834,0.055631,0.078065,0.000819,-0.000728,-3e-05,0.009671,0.0211,-0.002547,-0.00958,-0.013642,-0.012824,-0.011763,-0.019948,-0.039866,-0.046505,-0.059663,-0.061542,-0.011251,-0.024109,-0.029833,-0.040454,-0.036985,0.001112,0.000768,0.001724,0.002243,0.006841,0.00275,0.008025,0.011986,0.016867,0.023367,-0.005516,-0.01507,-0.019972,-0.023018,-0.024885,0.188399,-0.83641,-0.108606,-0.906026,1,0,0,0,0,0,0,0,0,0,0
827,0.000425,0.00416,0.016429,0.033131,0.056757,0.001215,-6.1e-05,0.000577,0.01485,0.01898,0.000668,0.002642,0.010841,0.024841,0.049772,-0.003857,-0.004889,-0.004707,-0.005102,-0.007136,0.007319,0.021166,0.038233,0.059186,0.082113,-0.000243,-0.001549,-0.001002,0.013331,0.021439,-0.003128,-0.009475,-0.010963,-0.009809,-0.00741,-0.014364,-0.023383,-0.037564,-0.040024,-0.051594,-0.009735,-0.016053,-0.028038,-0.026903,-0.029457,-0.000896,8.8e-05,0.00056,0.001161,0.005014,0.002784,0.007231,0.01243,0.017301,0.026634,-0.005311,-0.012963,-0.016632,-0.019887,-0.018905,0.201277,-0.825615,-0.107575,-0.902036,1,0,0,0,0,0,0,0,0,0,0
828,0.00082,0.009501,0.024283,0.043709,0.071786,-0.001305,-0.00085,0.008833,0.016027,0.017696,0.00088,0.004583,0.015359,0.033905,0.060737,-0.001518,-0.000759,-0.000728,-0.001457,-0.003673,0.006587,0.021824,0.040643,0.063105,0.086841,-0.001305,-0.000607,0.009106,0.020549,0.021369,-0.003916,-0.007983,-0.007163,-0.006101,-0.00258,-0.005585,-0.012232,-0.025406,-0.027288,-0.049082,-0.003144,-0.008875,-0.019509,-0.016036,-0.027138,0.00055,0.001508,0.002027,0.006631,0.005239,0.002545,0.00654,0.011464,0.018019,0.02844,-0.004342,-0.009287,-0.012359,-0.014242,-0.010866,0.215734,-0.813958,-0.10375,-0.899883,1,0,0,0,0,0,0,0,0,0,0
829,0.002915,0.015181,0.031879,0.0555,0.08829,3e-05,0.000668,0.014938,0.019067,0.019158,0.001093,0.00929,0.023287,0.048213,0.069466,0.000486,0.000668,0.000273,-0.001761,-0.00082,0.007256,0.024319,0.045268,0.068191,0.097793,0.0,0.000546,0.014877,0.022983,0.024076,-0.002429,-0.003917,-0.002763,-0.000364,0.001518,-0.003431,-0.017609,-0.020069,-0.031636,-0.0538,-0.003172,-0.015155,-0.01402,-0.016573,-0.031298,0.000433,0.000905,0.001506,0.005358,0.005952,0.001891,0.007082,0.011946,0.021265,0.030111,-0.003291,-0.006955,-0.010205,-0.009224,-0.006583,0.228641,-0.801569,-0.104571,-0.897865,1,0,0,0,0,0,0,0,0,0,0
830,0.005769,0.020556,0.039988,0.068073,0.10129,0.000425,0.010111,0.017307,0.018977,0.019979,0.002611,0.01339,0.031942,0.058782,0.082647,0.000273,0.000304,-0.000425,-0.002642,-0.000759,0.007985,0.02681,0.049279,0.073022,0.103932,0.000698,0.010414,0.021861,0.022681,0.023956,-0.00164,-0.00082,0.000243,0.003765,0.004008,-0.003218,-0.016396,-0.018278,-0.040079,-0.077638,-0.00256,-0.013198,-0.009724,-0.020829,-0.047414,0.000525,0.001044,0.00565,0.004257,0.004253,0.002112,0.007046,0.013615,0.024058,0.034764,-0.001663,-0.004742,-0.006629,-0.003245,-0.001367,0.242144,-0.774192,-0.103527,-0.89746,1,0,0,0,0,0,0,0,0,0,0
831,0.006501,0.023208,0.046842,0.079649,0.11188,0.000213,0.01449,0.018621,0.018712,0.017953,0.005589,0.019593,0.044533,0.065797,0.085512,-9.1e-05,-0.000486,-0.002521,-0.00158,0.000608,0.009083,0.030043,0.052978,0.082596,0.113946,-0.000152,0.014186,0.022297,0.023391,0.020414,0.000152,0.001306,0.003706,0.005589,0.002521,-0.010966,-0.013427,-0.025001,-0.047176,-0.098787,-0.009428,-0.008292,-0.010847,-0.025579,-0.063617,-5.3e-05,0.000548,0.004402,0.004996,0.002688,0.003092,0.007974,0.017328,0.026208,0.036795,-0.002009,-0.005271,-0.004287,-0.001636,-0.001122,0.255594,-0.74929,-0.10859,-0.895029,1,0,0,0,0,0,0,0,0,0,0
832,0.008297,0.027749,0.055863,0.089113,0.121725,0.009483,0.016686,0.018357,0.01936,0.007446,0.005197,0.023767,0.050635,0.074524,0.084219,0.000122,-0.000608,-0.002827,-0.000942,0.000699,0.009756,0.032247,0.056015,0.086955,0.122636,0.009878,0.021336,0.022157,0.023433,0.008054,0.000669,0.001732,0.005258,0.005501,-0.006686,-0.002219,-0.004103,-0.025925,-0.063522,-0.129293,-0.001215,0.002262,-0.008855,-0.035466,-0.081561,0.000573,0.005183,0.003789,0.003785,0.000716,0.001865,0.008481,0.018998,0.029778,0.038648,-0.001084,-0.002985,0.000423,0.002315,-0.000442,0.276183,-0.70713,-0.115998,-0.884003,1,0,0,0,0,0,0,0,0,0,0
833,0.008392,0.031961,0.064679,0.096821,0.126146,0.004787,0.008907,0.008997,0.00824,-0.010936,0.008785,0.033657,0.054863,0.074524,0.077099,-0.000515,-0.002545,-0.001606,0.000576,0.000454,0.011179,0.034051,0.063588,0.094852,0.130115,0.004453,0.012542,0.013633,0.010664,-0.015693,0.000485,0.002878,0.004756,0.001696,-0.02672,-0.000242,-0.011785,-0.033899,-0.08537,-0.165953,0.002344,-0.000204,-0.014896,-0.052829,-0.098554,2.9e-05,0.003872,0.004464,0.002163,-0.004196,0.002966,0.012143,0.020854,0.031241,0.03966,-0.002141,-0.001176,0.001426,0.001929,-0.003189,0.305383,-0.667381,-0.12175,-0.87104,1,0,0,0,0,0,0,0,0,0,0
834,0.010986,0.03898,0.072089,0.104562,0.131678,0.002391,0.004055,0.005054,-0.006809,-0.01725,0.009715,0.036468,0.060255,0.06991,0.065552,-0.000212,-0.002421,-0.000545,0.001089,-0.006386,0.011228,0.034894,0.065703,0.101233,0.135764,0.006961,0.007778,0.009049,-0.006265,-0.023576,0.000575,0.004086,0.004328,-0.007808,-0.050934,-0.001634,-0.023364,-0.0608,-0.126291,-0.211393,0.001121,-0.009949,-0.036447,-0.082346,-0.110482,0.004562,0.003174,0.00317,0.000113,-0.005703,0.003476,0.013683,0.024147,0.032755,0.039598,0.000281,0.003588,0.005425,0.00275,-0.003292,0.337753,-0.621183,-0.127533,-0.867708,1,0,0,0,0,0,0,0,0,0,0
835,0.012534,0.045152,0.077196,0.106431,0.132767,0.001722,0.001812,0.001057,-0.018061,-0.023859,0.015101,0.036242,0.055843,0.05841,0.053246,-0.001812,-0.000876,0.001299,0.001178,-0.016732,0.011598,0.041044,0.072213,0.107368,0.140439,0.001117,0.002205,-0.000755,-0.027031,-0.033494,0.001812,0.003685,0.000634,-0.027695,-0.064511,-0.009876,-0.031923,-0.083236,-0.163573,-0.26626,-0.003659,-0.018306,-0.056123,-0.101708,-0.12698,-0.000721,-0.000131,-0.002425,-0.008764,-0.008454,0.005556,0.014082,0.024249,0.03249,0.038199,0.000668,0.003214,0.003707,-0.001303,-0.006082,0.353859,-0.564922,-0.136657,-0.865345,1,0,0,0,0,0,0,0,0,0,0
836,0.015381,0.048374,0.080734,0.107756,0.131762,-6e-05,0.000935,-0.010887,-0.021292,-0.027716,0.011581,0.035285,0.044906,0.040563,0.035587,-0.000392,0.001478,0.003106,-0.004343,-0.027535,0.012003,0.042704,0.07811,0.112521,0.145846,-0.000302,0.000965,-0.014295,-0.031546,-0.035466,0.001689,0.00193,-0.010163,-0.053139,-0.090656,-0.011792,-0.049098,-0.11436,-0.199166,-0.300166,-0.007378,-0.033783,-0.079522,-0.10756,-0.115172,-0.000663,-0.000667,-0.003713,-0.009509,-0.005606,0.004461,0.014672,0.023072,0.02975,0.034309,0.002566,0.004359,0.001748,-0.004148,-0.010434,0.384078,-0.520794,-0.147931,-0.864522,1,0,0,0,0,0,0,0,0,0,0
837,0.017191,0.049191,0.078386,0.104685,0.12257,0.000151,-0.000603,-0.019694,-0.025485,-0.028079,0.009531,0.029104,0.031668,0.026511,0.018971,0.001327,0.003499,0.003378,-0.014507,-0.040233,0.017402,0.048527,0.083634,0.116659,0.145944,0.001387,-0.001568,-0.027808,-0.034262,-0.035287,0.000181,-0.002865,-0.031155,-0.06792,-0.10562,-0.010224,-0.061466,-0.141692,-0.244236,-0.338033,-0.007249,-0.045014,-0.090536,-0.115772,-0.109029,0.001253,-0.001038,-0.007369,-0.007058,-0.003641,0.003982,0.01405,0.022211,0.027865,0.031982,-4.6e-05,0.000443,-0.004519,-0.009252,-0.01724,0.398002,-0.47174,-0.156405,-0.864241,1,0,0,0,0,0,0,0,0,0,0
838,0.015768,0.048057,0.07502,0.098974,0.11074,0.000843,-0.010954,-0.021335,-0.027745,-0.028227,0.014143,0.023743,0.01941,0.014444,-0.000542,0.000542,0.002167,-0.005266,-0.028407,-0.05543,0.013271,0.048599,0.082934,0.116186,0.138274,-0.00012,-0.015347,-0.03256,-0.036472,-0.03909,6e-05,-0.012007,-0.054888,-0.092323,-0.128013,-0.027023,-0.092143,-0.176762,-0.277542,-0.379434,-0.019115,-0.064754,-0.092731,-0.100326,-0.093224,-0.001254,-0.004293,-0.010076,-0.006182,-0.006475,0.006136,0.014409,0.020985,0.025475,0.029929,0.00181,-0.000761,-0.006567,-0.012758,-0.020387,0.42132,-0.419998,-0.163294,-0.861358,1,0,0,0,0,0,0,0,0,0,0
839,0.016161,0.045293,0.071536,0.089382,0.099403,-0.001595,-0.020645,-0.026423,-0.029011,-0.029072,0.005387,0.007945,0.002799,-0.004725,-0.029884,0.001625,0.001505,-0.016342,-0.042012,-0.070874,0.017786,0.052817,0.085771,0.114993,0.13308,-0.002829,-0.029011,-0.035452,-0.036475,-0.040237,-0.0031,-0.031329,-0.068015,-0.105633,-0.138617,-0.024106,-0.104158,-0.206481,-0.300076,-0.388285,-0.018567,-0.06399,-0.089172,-0.082443,-0.078631,-0.001032,-0.007349,-0.007039,-0.00363,-0.005764,0.003777,0.011816,0.017385,0.021441,0.025109,-0.00133,-0.006217,-0.010879,-0.018747,-0.024935,0.431556,-0.383993,-0.169055,-0.8596,1,0,0,0,0,0,0,0,0,0,0
840,0.016136,0.043111,0.067075,0.078846,0.086041,-0.010206,-0.020592,-0.027004,-0.027486,-0.027667,0.004215,-0.00012,-0.005088,-0.02008,-0.046212,0.0,-0.007436,-0.030587,-0.057621,-0.089774,0.017551,0.051901,0.085168,0.107265,0.121113,-0.012403,-0.029624,-0.033537,-0.036156,-0.037662,-0.008971,-0.051871,-0.089322,-0.125027,-0.153326,-0.041033,-0.125689,-0.226512,-0.328448,-0.401845,-0.027085,-0.055074,-0.062672,-0.055567,-0.051576,-0.002008,-0.007793,-0.003898,-0.004191,-0.004192,0.004511,0.011107,0.01561,0.020078,0.022651,-0.001246,-0.007069,-0.013278,-0.020931,-0.02578,0.448729,-0.346546,-0.172928,-0.859473,1,0,0,0,0,0,0,0,0,0,0
841,0.013012,0.039278,0.05714,0.067171,0.072743,-0.008856,-0.014639,-0.017229,-0.01729,-0.016808,-0.001657,-0.006807,-0.014338,-0.039519,-0.05717,-0.00012,-0.017982,-0.043676,-0.072562,-0.108768,0.017501,0.050483,0.079731,0.097834,0.107835,-0.013796,-0.020242,-0.021266,-0.025031,-0.024278,-0.019278,-0.055996,-0.093647,-0.126661,-0.151149,-0.039067,-0.14148,-0.235158,-0.323444,-0.397482,-0.018364,-0.043567,-0.036833,-0.033017,-0.021849,-0.004313,-0.004003,-0.00059,-0.002727,-0.001572,0.00356,0.009164,0.013245,0.016935,0.019451,-0.003667,-0.008358,-0.016274,-0.0225,-0.025579,0.455187,-0.310143,-0.174527,-0.860625,1,0,0,0,0,0,0,0,0,0,0
842,0.013973,0.037943,0.049718,0.056915,0.060619,-0.001536,-0.00795,-0.008432,-0.008613,-0.006565,-0.00268,-0.007649,-0.022646,-0.048784,-0.057577,-0.007318,-0.030475,-0.057517,-0.089679,-0.127261,0.016864,0.050139,0.072243,0.086095,0.090582,-0.003433,-0.007348,-0.009968,-0.011473,-0.010239,-0.023639,-0.061101,-0.096816,-0.125123,-0.138824,-0.045622,-0.146473,-0.248438,-0.321856,-0.382776,-0.009638,-0.017238,-0.010131,-0.006139,0.002444,-0.001475,0.002422,0.002129,0.002127,0.001491,0.003055,0.007567,0.012044,0.014621,0.016232,-0.002174,-0.008396,-0.016064,-0.020922,-0.021597,0.463416,-0.28571,-0.173023,-0.860882,1,0,0,0,0,0,0,0,0,0,0
843,0.012272,0.030109,0.040125,0.045689,0.045328,-0.004241,-0.006828,-0.006888,-0.006407,-0.004963,-0.002466,-0.009986,-0.035132,-0.052758,-0.06136,-0.010528,-0.036185,-0.06503,-0.101184,-0.138001,0.016092,0.045298,0.063376,0.073362,0.071737,-0.003008,-0.004031,-0.00779,-0.007038,-0.006647,-0.013054,-0.050652,-0.083619,-0.108072,-0.121548,-0.056698,-0.150243,-0.238403,-0.312336,-0.365666,-0.015542,-0.008816,-0.005006,0.006146,0.014369,0.001783,0.005191,0.003057,0.004211,0.002922,0.002518,0.006558,0.010212,0.012704,0.013936,-0.002487,-0.010326,-0.01649,-0.019538,-0.018813,0.470587,-0.256828,-0.168798,-0.861126,1,0,0,0,0,0,0,0,0,0,0
844,0.011674,0.023438,0.030629,0.03433,0.033999,-0.002166,-0.002648,-0.002828,-0.000782,0.005446,-0.002497,-0.017481,-0.043597,-0.052382,-0.062311,-0.012607,-0.039625,-0.071759,-0.109308,-0.154258,0.01715,0.039234,0.053074,0.057557,0.054579,-0.000903,-0.00352,-0.005025,-0.003791,0.004934,-0.024371,-0.060055,-0.088337,-0.102027,-0.1168,-0.044048,-0.145924,-0.219277,-0.280144,-0.339296,0.007952,0.015054,0.019042,0.027617,0.035488,0.00211,0.001817,0.001816,0.00118,0.003093,0.001961,0.006411,0.008973,0.010574,0.011639,-0.003691,-0.011312,-0.016141,-0.016811,-0.014596,0.479326,-0.226355,-0.16536,-0.868493,1,0,0,0,0,0,0,0,0,0,0
845,0.006164,0.016176,0.021739,0.021378,0.02231,-0.000421,-0.000481,0.0,0.001443,0.010614,-0.005021,-0.030157,-0.047777,-0.056376,-0.06257,-0.013049,-0.041884,-0.078024,-0.114827,-0.166873,0.012057,0.030127,0.04011,0.038486,0.034637,-0.00012,-0.003879,-0.003127,-0.002736,0.008238,-0.01323,-0.046183,-0.070628,-0.084098,-0.09411,-0.049491,-0.137617,-0.211523,-0.264832,-0.333084,-0.001224,0.002584,0.013732,0.021952,0.029864,0.001298,-0.000835,0.000318,-0.00097,-0.000147,0.002077,0.005721,0.008206,0.009435,0.010822,-0.004144,-0.010291,-0.013332,-0.012609,-0.00899,0.481752,-0.18907,-0.161093,-0.870286,1,0,0,0,0,0,0,0,0,0,0
846,0.005591,0.012776,0.016473,0.016143,0.01503,-6e-05,-0.00024,0.001804,0.008026,0.012415,-0.00995,-0.036043,-0.04482,-0.05474,-0.056604,-0.013948,-0.046053,-0.083568,-0.128479,-0.178109,0.01001,0.023838,0.028317,0.025341,0.020561,-0.002495,-0.003998,-0.002766,0.005952,0.008297,-0.022425,-0.050682,-0.06436,-0.079119,-0.076564,-0.052305,-0.125593,-0.186406,-0.245505,-0.329464,0.008319,0.012304,0.020871,0.028735,0.034819,-0.00159,-0.001592,-0.002227,-0.000316,-0.003033,0.002347,0.004893,0.006484,0.007543,0.010883,-0.003436,-0.008235,-0.008901,-0.0067,-0.004409,0.479134,-0.147019,-0.158176,-0.868173,1,0,0,0,0,0,0,0,0,0,0
847,0.004417,0.009975,0.009614,0.010546,0.008563,0.0,0.000481,0.001923,0.011087,0.01334,-0.015173,-0.032779,-0.041372,-0.047561,-0.04651,-0.014872,-0.050986,-0.087761,-0.139769,-0.196644,0.008052,0.018027,0.016405,0.012559,0.008713,-0.001262,-0.000511,-0.00012,0.010846,0.012739,-0.010516,-0.034942,-0.048402,-0.058407,-0.048012,-0.035783,-0.109634,-0.162904,-0.231105,-0.323373,-0.004509,0.006631,0.014845,0.022751,0.026178,-0.000542,0.00061,-0.000677,0.000146,-0.000562,0.001286,0.003758,0.004981,0.00636,0.010045,-0.002692,-0.005717,-0.004998,-0.001398,-0.000165,0.47574,-0.10693,-0.155309,-0.869233,1,0,0,0,0,0,0,0,0,0,0
848,0.002763,0.006456,0.006126,0.005015,0.003363,-0.00018,0.001862,0.008077,0.012461,0.015104,-0.0109,-0.019668,-0.029577,-0.031439,-0.030598,-0.017206,-0.05468,-0.099541,-0.149117,-0.211785,0.005765,0.010239,0.007267,0.002492,-0.00024,-0.00024,0.000991,0.009699,0.012041,0.015975,-0.017716,-0.031379,-0.046122,-0.04357,-0.021019,-0.037444,-0.09819,-0.157224,-0.241091,-0.354055,0.008486,0.017045,0.0249,0.030977,0.033639,0.00054,-9.5e-05,0.001814,-0.0009,0.000163,0.001245,0.002824,0.003874,0.007189,0.012868,-0.002081,-0.002742,-0.000557,0.001716,0.002628,0.462224,-0.046905,-0.154633,-0.869372,1,0,0,0,0,0,0,0,0,0,0
849,0.002793,0.002432,0.003363,0.001381,0.00048,0.000661,0.002102,0.01126,0.013512,0.016665,-0.006696,-0.015284,-0.02147,-0.020419,-0.006186,-0.018887,-0.055641,-0.107618,-0.16446,-0.228598,0.004204,0.002582,-0.001261,-0.005105,-0.007957,0.000991,0.001381,0.012341,0.014233,0.018076,-0.006696,-0.020148,-0.030147,-0.019758,0.041708,-0.036363,-0.089602,-0.157764,-0.249978,-0.38438,0.002646,0.010856,0.018757,0.022182,0.019426,0.000612,-0.000675,0.000147,-0.00056,-0.000244,0.001217,0.002434,0.003808,0.007477,0.0163,-0.000932,-0.000215,0.00337,0.004598,0.006038,0.422319,0.011746,-0.153358,-0.86813,1,0,0,0,0,0,0,0,0,0,0
850,0.000901,0.00057,-0.00054,-0.002192,-0.003393,0.001381,0.007596,0.011979,0.014621,0.019035,-0.002072,-0.011979,-0.013841,-0.013,0.034317,-0.018585,-0.06344,-0.113009,-0.175668,-0.234094,0.00027,-0.002702,-0.007476,-0.010208,-0.015072,0.00024,0.008947,0.011289,0.015222,0.017954,-0.006965,-0.021707,-0.019155,0.003393,0.11448,-0.024379,-0.083405,-0.167261,-0.28021,-0.411323,0.005911,0.013765,0.019841,0.022503,0.021794,-0.001246,0.000663,-0.002051,-0.000988,-0.003314,0.000362,0.001411,0.004723,0.010396,0.020177,0.00027,0.002453,0.004724,0.005635,0.007941,0.366343,0.068551,-0.151207,-0.861834,0,0,1,0,0,0,0,0,0,0,0
851,-0.001261,-0.00033,-0.002311,-0.003212,-0.009426,6e-05,0.009215,0.011467,0.014619,0.018071,-0.006514,-0.012698,-0.011647,0.002582,0.072763,-0.018161,-0.070122,-0.126946,-0.191064,-0.247077,-0.001891,-0.005733,-0.009576,-0.012427,-0.019362,0.00015,0.011107,0.012998,0.01684,0.017711,-0.006484,-0.01648,-0.006094,0.055353,0.196857,-0.028847,-0.096988,-0.189173,-0.323533,-0.456332,0.002297,0.010196,0.01362,0.010865,0.02488,-4.1e-05,0.000782,7.4e-05,0.000391,-0.002279,0.000854,0.002224,0.005886,0.014689,0.025908,0.000445,0.004022,0.005247,0.006684,0.006863,0.301071,0.126028,-0.147373,-0.853778,0,0,1,0,0,0,0,0,0,0,0
852,0.00093,-0.00018,-0.001831,-0.003031,-0.012906,0.006153,0.010535,0.013176,0.017588,0.02185,-0.003392,-0.005252,-0.004412,0.04289,0.10904,-0.026682,-0.076235,-0.138874,-0.197281,-0.250675,-0.00108,-0.005853,-0.008584,-0.013446,-0.02101,0.008554,0.010895,0.014827,0.017558,0.017378,-0.008254,-0.005703,0.016838,0.127889,0.299208,-0.030164,-0.113992,-0.226904,-0.357975,-0.487905,0.005555,0.011629,0.01429,0.013581,0.033162,0.001949,-0.000764,0.000299,-0.002027,-0.005969,0.000194,0.003498,0.009158,0.018917,0.035199,0.001733,0.003999,0.004908,0.007209,0.00513,0.211941,0.181165,-0.144787,-0.847524,0,0,1,0,0,0,0,0,0,0,0
853,0.0,-0.001978,-0.002877,-0.009082,-0.019872,0.002997,0.005245,0.008392,0.011839,0.017085,-0.002787,-0.001738,0.012469,0.082545,0.137246,-0.025237,-0.081976,-0.145998,-0.201927,-0.284652,-0.002758,-0.006594,-0.009441,-0.016365,-0.023828,0.002398,0.004286,0.008123,0.008992,0.008183,-0.001738,0.008632,0.069987,0.211279,0.389617,-0.037916,-0.129962,-0.264121,-0.396721,-0.567176,0.00234,0.005758,0.003008,0.017002,0.066306,-0.001125,-0.001832,-0.001516,-0.004182,-0.009503,0.001164,0.004787,0.013499,0.024601,0.047363,0.001823,0.003036,0.004458,0.004634,0.001778,0.126655,0.288025,-0.14689,-0.843931,0,0,1,0,0,0,0,0,0,0,0
854,-0.001108,-0.002756,-0.003954,-0.013809,-0.024652,0.001378,0.004014,0.008417,0.012671,0.016025,0.000929,0.001767,0.048975,0.114994,0.192605,-0.024233,-0.086747,-0.145038,-0.198326,-0.248739,-0.002007,-0.004733,-0.009585,-0.017134,-0.024922,-6e-05,0.003864,0.00659,0.00641,0.003684,0.004283,0.026779,0.137609,0.308587,0.510568,-0.04577,-0.158457,-0.289267,-0.418938,-0.569278,0.003724,0.006379,0.005672,0.025214,0.11589,-0.001583,-0.000522,-0.002843,-0.006777,-0.012158,0.002099,0.007681,0.017305,0.033361,0.070245,0.000419,0.001316,0.003585,0.001535,-0.001095,0.007647,0.323013,-0.15043,-0.841916,0,0,1,0,0,0,0,0,0,0,0
855,-0.000867,-0.001765,-0.007957,-0.018725,-0.038557,0.000867,0.004008,0.007448,0.012683,0.014507,0.00012,0.014298,0.084233,0.138823,0.236546,-0.032425,-0.096317,-0.152134,-0.234691,-0.277017,-0.001825,-0.004666,-0.011576,-0.019024,-0.032455,0.001944,0.005773,0.006641,0.005833,-0.00012,0.006072,0.067303,0.208309,0.386287,0.626362,-0.046155,-0.180042,-0.312374,-0.482484,-0.525678,-0.000307,-0.003052,0.010914,0.060118,0.078746,0.000876,0.001191,-0.001469,-0.00678,-0.013103,0.001493,0.010082,0.021028,0.04347,0.102173,0.00078,0.002182,0.002356,-0.00046,-0.005113,-0.116584,0.316816,-0.158332,-0.840184,0,0,1,0,0,0,0,0,0,0,0
856,-0.000778,-0.001975,-0.011818,-0.022649,-0.045806,0.001765,0.006163,0.010412,0.013763,0.016186,0.000718,0.04787,0.113811,0.191331,0.29877,-0.030009,-0.088231,-0.141456,-0.19181,-0.279951,-0.000898,-0.005744,-0.013284,-0.021063,-0.034167,0.001975,0.004697,0.004518,0.001795,-0.002064,0.016396,0.127095,0.297872,0.499615,0.729931,-0.06639,-0.197046,-0.326564,-0.476727,-0.520229,0.002959,0.002253,0.021772,0.112341,0.101276,0.000183,-0.002135,-0.006064,-0.011439,-0.015471,0.004041,0.013586,0.02951,0.066092,0.11691,0.000108,0.002358,0.000325,-0.002283,-0.008799,-0.233353,0.356603,-0.162694,-0.839918,0,0,1,0,0,0,0,0,0,0,0
857,-0.00012,-0.006316,-0.017092,-0.036937,-0.052981,0.001377,0.004819,0.010057,0.011883,0.022061,0.01347,0.083453,0.138081,0.235871,0.336296,-0.033914,-0.089769,-0.172384,-0.214739,-0.284602,-0.001946,-0.00886,-0.016313,-0.029753,-0.038105,0.001856,0.002724,0.001916,-0.004041,-0.004729,0.044869,0.185973,0.364074,0.604316,0.786248,-0.067559,-0.199982,-0.37021,-0.413433,-0.461416,-0.005708,0.008268,0.057506,0.076146,0.090241,0.000132,-0.00253,-0.007845,-0.014173,-0.02305,0.004577,0.015576,0.038126,0.097115,0.131305,0.001301,0.001476,-0.001354,-0.00603,-0.011642,-0.306158,0.355161,-0.160298,-0.833057,0,0,1,0,0,0,0,0,0,0,0
858,-0.001079,-0.010937,-0.021784,-0.044977,-0.059869,0.003026,0.007281,0.010637,0.013065,0.028017,0.03374,0.099782,0.17742,0.285022,0.34549,-0.024361,-0.077668,-0.128098,-0.216373,-0.272047,-0.002907,-0.010458,-0.018248,-0.031373,-0.04195,0.000869,0.000689,-0.002038,-0.005903,-0.006412,0.065952,0.236989,0.439039,0.669706,0.811228,-0.063225,-0.192941,-0.343333,-0.386901,-0.413899,0.005007,0.024555,0.115262,0.10418,0.120829,-0.002454,-0.006389,-0.011772,-0.01581,-0.029847,0.005037,0.021132,0.058105,0.109468,0.146317,0.000964,-0.001091,-0.003727,-0.010313,-0.014488,-0.372733,0.359169,-0.153027,-0.827545,0,0,1,0,0,0,0,0,0,0,0
859,-0.005132,-0.015937,-0.035836,-0.051923,-0.065069,0.00042,0.005673,0.007503,0.017708,0.033195,0.036376,0.091151,0.189204,0.289899,0.332908,-0.031604,-0.114441,-0.15691,-0.226961,-0.271801,-0.004022,-0.011495,-0.024971,-0.033345,-0.04451,0.0,-0.00081,-0.006783,-0.007473,-0.006243,0.075424,0.254003,0.494891,0.677312,0.799857,-0.069451,-0.240137,-0.283476,-0.331588,-0.353408,0.008999,0.058369,0.077059,0.091192,0.120064,-0.000212,-0.005541,-0.011885,-0.020786,-0.034144,0.006113,0.029091,0.089199,0.124038,0.164992,-0.000797,-0.00368,-0.008445,-0.014163,-0.016804,-0.422466,0.345387,-0.149753,-0.81856,0,0,1,0,0,0,0,0,0,0,0
860,-0.004737,-0.015589,-0.038792,-0.053691,-0.064573,0.003837,0.007195,0.009623,0.024582,0.04104,0.029738,0.107412,0.215063,0.275559,0.32919,-0.021764,-0.072217,-0.160533,-0.216232,-0.266656,-0.003537,-0.011332,-0.024462,-0.035044,-0.0417,-0.00018,-0.002908,-0.006775,-0.007285,0.002488,0.09578,0.297923,0.528695,0.670282,0.767111,-0.060406,-0.210866,-0.254455,-0.281465,-0.286981,0.01057,0.101318,0.090231,0.106887,0.10128,-0.003726,-0.009111,-0.013151,-0.027194,-0.032619,0.010084,0.047176,0.098703,0.13567,0.1705,-0.001271,-0.003916,-0.010522,-0.014711,-0.017335,-0.463967,0.337219,-0.150886,-0.821325,0,0,1,0,0,0,0,0,0,0,0
861,-0.006083,-0.026048,-0.04219,-0.055379,-0.068358,0.001415,0.003252,0.013491,0.02903,0.041136,0.025085,0.123467,0.224499,0.267652,0.317912,-0.061252,-0.103863,-0.174148,-0.219139,-0.261689,-0.003945,-0.017466,-0.025868,-0.03707,-0.041166,-0.000632,-0.006625,-0.007318,-0.006083,0.016804,0.082964,0.324658,0.50769,0.630644,0.693643,-0.110578,-0.154063,-0.202335,-0.224228,-0.228414,0.038919,0.057671,0.071851,0.100819,0.082387,-0.001604,-0.00797,-0.016901,-0.030303,-0.017615,0.013115,0.074644,0.110309,0.152232,0.171675,-0.001639,-0.006517,-0.012371,-0.015074,-0.017863,-0.479164,0.315996,-0.155791,-0.829293,0,0,1,0,0,0,0,0,0,0,0
862,-0.004847,-0.028294,-0.043349,-0.054346,-0.070128,0.001969,0.004423,0.019539,0.03617,0.044228,0.053255,0.162037,0.223168,0.277362,0.302202,0.010633,-0.07861,-0.134894,-0.185847,-0.200236,-0.003908,-0.017176,-0.027869,-0.034595,-0.040986,-0.002121,-0.006028,-0.006543,0.003332,0.023538,0.120808,0.354003,0.497077,0.594923,0.616158,-0.040805,-0.084851,-0.112144,-0.117718,-0.108055,0.052551,0.041348,0.058179,0.052513,0.03331,-0.003828,-0.007911,-0.022101,-0.027583,-0.013395,0.026235,0.081671,0.121443,0.158914,0.16654,-0.001136,-0.008244,-0.01275,-0.015573,-0.018805,-0.475423,0.289299,-0.159101,-0.829233,0,0,1,0,0,0,0,0,0,0,0
863,-0.015265,-0.03153,-0.044822,-0.057902,-0.076535,-0.000121,0.010197,0.025856,0.038055,0.047281,0.045794,0.147608,0.191095,0.241744,0.256614,-0.053593,-0.124423,-0.169761,-0.212641,-0.205692,-0.009711,-0.018178,-0.029467,-0.033594,-0.041666,-0.003915,-0.004613,-0.003369,0.019695,0.031561,0.122541,0.30699,0.430896,0.494382,0.491499,-0.002944,-0.05159,-0.073652,-0.07787,-0.054867,-0.033747,-0.019457,0.009735,-0.00884,-0.032772,-0.00258,-0.01158,-0.025086,-0.0123,-0.006879,0.038378,0.07602,0.120268,0.14079,0.140867,-0.003998,-0.010176,-0.013029,-0.015973,-0.021509,-0.466648,0.268169,-0.167369,-0.829752,0,0,1,0,0,0,0,0,0,0,0
864,-0.008234,-0.023335,-0.034365,-0.050195,-0.068881,0.002583,0.017744,0.034425,0.042508,0.05375,0.06326,0.124575,0.178933,0.203848,0.210502,-0.035853,-0.092307,-0.143413,-0.157846,-0.156144,-0.003585,-0.014311,-0.021056,-0.027467,-0.039773,0.0,-0.000517,0.009389,0.029655,0.039165,0.111206,0.254711,0.352852,0.374151,0.351424,-0.041231,-0.068608,-0.074198,-0.064506,-0.039682,0.022551,0.039433,0.03375,0.01449,-0.022781,-0.001512,-0.015745,-0.021243,-0.007013,-0.006908,0.017907,0.058525,0.096794,0.104583,0.103358,-0.003227,-0.007829,-0.010712,-0.014013,-0.017972,-0.445945,0.2486,-0.16837,-0.832898,0,0,1,0,0,0,0,0,0,0,0
865,-0.008047,-0.021346,-0.034434,-0.053077,-0.065709,0.007743,0.023411,0.035618,0.044849,0.052258,0.038654,0.082167,0.132845,0.147724,0.143261,-0.035041,-0.080406,-0.123311,-0.116357,-0.117724,-0.004889,-0.016184,-0.020314,-0.028391,-0.041387,-0.000698,0.000547,0.023624,0.035496,0.041296,0.073422,0.197401,0.260924,0.258039,0.218049,-0.00747,-0.029545,-0.033766,-0.010749,0.009565,-0.008238,0.020971,0.002385,-0.021561,-0.062228,-0.007495,-0.021009,-0.008215,-0.002791,-0.004438,0.01997,0.064399,0.085005,0.085082,0.083072,-0.002991,-0.005856,-0.008812,-0.01437,-0.014437,-0.418755,0.230448,-0.167064,-0.833049,0,0,1,0,0,0,0,0,0,0,0
866,-0.007022,-0.018009,-0.033779,-0.052393,-0.061232,0.007385,0.024002,0.032053,0.043253,0.053513,0.022549,0.076698,0.101518,0.108146,0.087776,-0.021308,-0.072219,-0.086596,-0.084901,-0.077031,-0.005811,-0.012531,-0.018917,-0.031176,-0.039832,0.000182,0.010049,0.030237,0.039711,0.059325,0.069767,0.167532,0.188749,0.166109,0.121979,-0.019825,-0.025395,-0.015739,0.008989,0.04976,0.025029,0.019368,0.000181,-0.036946,-0.076662,-0.006708,-0.012185,0.001991,0.002095,0.011119,0.020013,0.057266,0.064848,0.063655,0.064461,-0.001555,-0.004362,-0.007575,-0.011429,-0.00994,-0.394198,0.193269,-0.168798,-0.847779,0,0,1,0,0,0,0,0,0,0,0
867,-0.006196,-0.019158,-0.037625,-0.050137,-0.057205,0.008181,0.020271,0.029414,0.036753,0.045325,0.020692,0.070889,0.085627,0.081206,0.054498,-0.02376,-0.066258,-0.05937,-0.060724,-0.067551,-0.005414,-0.009504,-0.017504,-0.030377,-0.038257,0.001053,0.023911,0.03567,0.041415,0.062558,0.053475,0.116395,0.113537,0.073927,0.029805,-0.002165,-0.006346,0.016452,0.036573,0.094529,0.004061,-0.014348,-0.038067,-0.078347,-0.134025,-0.00672,0.005952,0.011324,0.009693,0.02154,0.022414,0.041687,0.04176,0.039879,0.044767,-0.001192,-0.003957,-0.009156,-0.009218,-0.006596,-0.370828,0.166709,-0.164189,-0.851277,1,0,0,0,0,0,0,0,0,0,0
868,-0.004705,-0.020319,-0.038749,-0.0475,-0.05718,0.008301,0.016273,0.027361,0.037521,0.035962,0.032995,0.05757,0.064133,0.043964,0.02895,-0.026732,-0.040967,-0.039289,-0.031497,-0.05691,-0.001259,-0.007582,-0.019719,-0.02829,-0.039828,0.008721,0.02871,0.03809,0.05751,0.063503,0.043514,0.064522,0.042106,-0.001588,-0.033745,-0.003356,0.006203,0.030688,0.071055,0.105399,-0.009651,-0.028648,-0.065409,-0.104733,-0.155052,0.001273,0.015309,0.015412,0.024347,0.031098,0.012893,0.019965,0.018853,0.019604,0.022777,-0.001455,-0.004453,-0.008048,-0.006659,-0.004237,-0.359119,0.153263,-0.160752,-0.851865,1,0,0,0,0,0,0,0,0,0,0
869,-0.008175,-0.026495,-0.038908,-0.045919,-0.052961,0.00373,0.0128,0.02008,0.028584,0.027689,0.016947,0.031568,0.027182,0.000686,-0.005311,-0.015545,-0.008712,-0.010055,-0.016828,-0.042428,-0.002805,-0.010741,-0.023512,-0.031329,-0.039982,0.013994,0.02566,0.031359,0.052334,0.064776,0.019096,0.016261,-0.023034,-0.066805,-0.085394,-0.000806,0.021811,0.041772,0.099268,0.116394,-0.008654,-0.032184,-0.072144,-0.127379,-0.161883,0.011304,0.016633,0.015015,0.026768,0.039184,0.005725,0.005793,0.004014,0.008637,0.010196,-0.001203,-0.00612,-0.006179,-0.003699,-0.000329,-0.351595,0.145692,-0.158227,-0.860931,1,0,0,0,0,0,0,0,0,0,0
870,-0.007318,-0.02554,-0.034192,-0.043762,-0.045066,0.004178,0.015141,0.025185,0.023644,0.023792,0.007467,0.013955,-0.005985,-0.020829,-0.025985,0.001363,0.003022,0.010726,-0.0144,-0.029629,-0.003467,-0.015466,-0.02394,-0.035348,-0.040622,0.005867,0.015141,0.03434,0.040266,0.054903,0.001807,-0.020355,-0.063555,-0.095347,-0.112117,0.010252,0.034459,0.074369,0.108325,0.121806,-0.010189,-0.046533,-0.085412,-0.135161,-0.160259,0.002651,0.002753,0.011587,0.018262,0.031207,0.00108,5.2e-05,0.000746,0.003676,0.004424,-0.001622,-0.004941,-0.003659,-0.001422,0.003726,-0.344277,0.140078,-0.154009,-0.865063,1,0,0,0,0,0,0,0,0,0,0
871,-0.010791,-0.023023,-0.029933,-0.036872,-0.03793,0.004793,0.011967,0.020347,0.019465,0.019259,0.006998,0.002676,-0.023434,-0.029345,-0.035019,0.005381,0.004058,-0.002617,-0.027845,-0.029051,-0.004381,-0.016966,-0.024669,-0.033196,-0.038989,0.005675,0.011291,0.031961,0.044223,0.048545,-0.004587,-0.043311,-0.086446,-0.104764,-0.114996,0.012114,0.031785,0.088445,0.105323,0.11285,-0.013077,-0.052456,-0.106889,-0.14089,-0.149248,0.002621,0.001026,0.012608,0.024844,0.028009,-0.000962,-0.002567,0.001606,0.003012,0.003179,-0.0029,-0.002954,-0.000716,0.002327,0.006163,-0.342987,0.135932,-0.151201,-0.866135,1,0,0,0,0,0,0,0,0,0,0
872,-0.007238,-0.015759,-0.025186,-0.02647,-0.028921,0.006041,0.015934,0.014417,0.014563,0.01287,-0.000554,-0.020195,-0.034816,-0.039894,-0.043338,-0.003706,0.003881,-0.020866,-0.035867,-0.029738,-0.007471,-0.015818,-0.027053,-0.032248,-0.037705,0.003502,0.022413,0.02825,0.042667,0.04112,-0.017277,-0.059827,-0.091141,-0.107659,-0.110723,0.011819,0.05113,0.084574,0.097853,0.099633,-0.022818,-0.061112,-0.110114,-0.134835,-0.132309,-0.002501,0.006201,0.012775,0.025525,0.024915,-1.1e-05,0.000612,0.003248,0.00392,0.003817,-0.000233,0.00092,0.002932,0.007562,0.009466,-0.34184,0.1351,-0.148762,-0.864704,1,0,0,0,0,0,0,0,0,0,0
873,-0.004868,-0.011677,-0.018515,-0.019558,-0.023006,0.001072,0.00933,0.008461,0.008258,0.005447,-0.003709,-0.029438,-0.035262,-0.040854,-0.043404,0.002376,-0.004201,-0.029061,-0.030249,-0.022977,-0.004984,-0.012575,-0.020977,-0.026685,-0.033871,0.002057,0.022426,0.034509,0.038768,0.037116,-0.021006,-0.063512,-0.081563,-0.091646,-0.09379,0.007649,0.063483,0.080114,0.087532,0.086749,-0.01615,-0.069788,-0.103294,-0.11153,-0.10707,0.000912,0.012324,0.024381,0.027501,0.027708,-0.001438,0.002327,0.003596,0.003747,0.003557,0.000174,0.002193,0.004938,0.008399,0.010813,-0.340683,0.135573,-0.145158,-0.864636,1,0,0,0,0,0,0,0,0,0,0
874,-0.003569,-0.012867,-0.014133,-0.016551,-0.020379,0.008693,0.007196,0.00734,0.005671,0.002821,-0.015687,-0.030108,-0.035117,-0.038513,-0.038974,0.005124,-0.019286,-0.034081,-0.028036,-0.02392,-0.003281,-0.014363,-0.019487,-0.02487,-0.030828,0.016609,0.022365,0.036585,0.035059,0.033793,-0.021099,-0.051985,-0.068277,-0.071299,-0.07222,0.031173,0.06416,0.077257,0.079013,0.078696,-0.021726,-0.070057,-0.094439,-0.091948,-0.090038,0.007677,0.014161,0.026736,0.026135,0.027152,0.001939,0.004332,0.004943,0.004849,0.004736,0.000881,0.002708,0.006913,0.008641,0.010097,-0.340685,0.136349,-0.143124,-0.864,1,0,0,0,0,0,0,0,0,0,0
875,-0.003184,-0.009955,-0.010987,-0.014401,-0.015635,-0.000488,-0.001348,-0.001549,-0.004332,-0.00591,-0.00984,-0.015606,-0.021143,-0.023667,-0.023839,-0.011619,-0.036233,-0.037409,-0.030208,-0.027339,-0.004246,-0.012565,-0.018217,-0.025331,-0.027253,0.003615,0.015577,0.019795,0.018159,0.01684,-0.021057,-0.038929,-0.048913,-0.051035,-0.05158,0.024212,0.040679,0.048023,0.047249,0.049113,-0.031455,-0.064629,-0.072783,-0.068368,-0.068158,0.003649,0.015587,0.018675,0.018881,0.018967,0.001617,0.002801,0.002942,0.002764,0.002735,0.001023,0.003583,0.006812,0.009063,0.009491,-0.340442,0.136119,-0.141602,-0.864453,1,0,0,0,0,0,0,0,0,0,0
876,-0.006073,-0.007333,-0.009739,-0.013549,-0.012317,-0.001003,-0.000859,-0.002521,-0.005356,-0.00295,-0.004526,-0.00951,-0.01289,-0.013348,-0.014179,-0.012689,-0.027413,-0.021397,-0.017301,-0.007963,-0.006789,-0.011887,-0.017244,-0.023173,-0.02197,0.00212,0.01627,0.014752,0.013491,0.013176,-0.00971,-0.025923,-0.028931,-0.029847,-0.027155,0.008651,0.021684,0.023431,0.023116,0.027212,-0.016689,-0.040952,-0.038474,-0.036572,-0.030801,0.002809,0.015324,0.014725,0.015737,0.013089,0.000712,0.001303,0.001212,0.001102,0.001026,0.000753,0.004817,0.006488,0.007894,0.007544,-0.343184,0.134936,-0.139434,-0.862901,1,0,0,0,0,0,0,0,0,0,0
877,-0.000686,-0.001715,-0.005116,-0.006345,-0.005688,0.000143,-5.7e-05,-0.00283,-0.004402,-0.000114,-0.001229,-0.006746,-0.009261,-0.009432,-0.008032,-0.011862,-0.013034,-0.00586,-0.003001,0.011119,-0.001515,-0.007146,-0.014234,-0.01615,-0.014435,0.009804,0.014006,0.012377,0.011062,0.013348,-0.008118,-0.018065,-0.02018,-0.020723,-0.014806,0.007775,0.015092,0.01432,0.016178,0.021752,-0.0164,-0.024525,-0.020125,-0.019917,-0.011525,0.009091,0.012168,0.012373,0.012459,0.010771,0.000452,0.000589,0.000416,0.000387,0.000241,0.001754,0.0049,0.007095,0.007513,0.006662,-0.344822,0.135001,-0.137317,-0.863214,1,0,0,0,0,0,0,0,0,0,0
878,-0.000572,-0.002976,-0.006782,-0.005552,-0.003262,0.0,-0.00166,-0.004493,-0.002089,-0.000258,-0.003749,-0.007126,-0.007584,-0.008414,-0.00621,-0.002833,0.003177,0.007269,0.016598,0.026901,-0.003577,-0.008929,-0.014853,-0.013651,-0.011046,0.004321,0.002805,0.001545,0.001231,0.003205,-0.00807,-0.011075,-0.011991,-0.009301,0.014452,0.005237,0.006983,0.006668,0.01076,0.01594,-0.007821,-0.005345,-0.003445,0.002321,0.023356,0.003401,0.002803,0.003813,0.001168,0.001383,0.00013,4e-05,-6.9e-05,-0.000144,0.000156,0.002269,0.003928,0.005326,0.004978,0.004825,-0.364766,0.137357,-0.13807,-0.859508,1,0,0,0,0,0,0,0,0,0,0
879,-0.000459,-0.00387,-0.005102,-0.004443,0.004672,-0.000201,-0.002981,-0.004557,-0.000258,0.000975,-0.001777,-0.0043,-0.004471,-0.003067,-0.003583,0.001662,0.008857,0.011723,0.025883,0.033536,-0.002064,-0.009172,-0.011093,-0.009373,-0.00172,-0.000115,-0.001748,-0.003067,-0.000774,-0.002121,-0.001892,-0.004013,-0.004557,0.001376,0.019319,0.002092,0.001319,0.003182,0.008771,0.016596,-0.000314,0.004098,0.004307,0.012722,0.02832,-0.00032,-0.000115,-2.9e-05,-0.001721,-0.004578,8e-06,-0.000169,-0.000198,-0.000347,6.1e-05,0.000915,0.003153,0.003579,0.002712,0.003154,-0.363108,0.1377,-0.138157,-0.859977,1,0,0,0,0,0,0,0,0,0,0
880,-0.001952,-0.005769,-0.004535,-0.002239,0.009845,-0.001464,-0.004305,-0.001894,-5.7e-05,0.001751,-0.001607,-0.002067,-0.002899,-0.000689,-0.001751,0.004363,0.008467,0.017824,0.028156,0.03404,-0.003301,-0.009242,-0.008037,-0.005425,0.006688,-0.001406,-0.002669,-0.002985,-0.001005,-0.002354,-0.001119,-0.002038,0.00066,0.024483,0.028271,-0.000344,-0.00066,0.003444,0.008639,0.01857,0.002798,0.004703,0.010486,0.031584,0.033744,-0.000279,0.000735,-0.001918,-0.001702,-0.004757,-0.0001,-0.000211,-0.000289,1.8e-05,0.000305,0.000771,0.002197,0.001842,0.001686,0.001258,-0.37037,0.136254,-0.141824,-0.860084,1,0,0,0,0,0,0,0,0,0,0
881,-0.001464,-0.002698,-0.002038,0.007089,0.017967,-0.00132,-0.002899,0.001406,0.002641,0.003416,-0.000918,-0.001091,0.000316,-0.000201,-0.000201,0.002841,0.005712,0.01989,0.027554,0.029305,-0.003817,-0.00574,-0.004018,0.003645,0.016561,-0.00023,-0.00155,0.000746,-0.000603,-0.004018,-0.001005,-0.00155,0.004391,0.022359,0.049654,-0.000431,0.001435,0.007032,0.014868,0.018656,0.00162,0.001829,0.010256,0.025875,0.048761,0.000485,0.00057,-0.001124,-0.003984,-0.007551,-7.8e-05,-0.000108,-0.000259,0.000154,0.000999,0.001489,0.001918,0.001043,0.00149,-0.00016,-0.391262,0.137898,-0.14215,-0.859776,1,0,0,0,0,0,0,0,0,0,0
882,-0.002353,-0.001119,0.001177,0.013259,0.029072,-0.001521,0.00089,0.002726,0.004534,0.007634,0.000459,-0.000373,0.001837,0.000775,-0.002985,0.001263,0.010619,0.02095,0.026833,0.031138,-0.002124,-0.000918,0.001693,0.013804,0.031253,-0.001033,-0.001349,0.000631,-0.000717,-0.013431,8.6e-05,0.002784,0.026604,0.030392,0.052289,0.000115,0.004219,0.009413,0.019343,0.018798,0.000285,0.006068,0.027163,0.029323,0.054167,0.000529,-0.002124,-0.001908,-0.004963,-0.019857,-3.3e-05,-0.00011,0.000196,0.000483,0.00093,-6.2e-05,-0.000417,-0.000573,-0.001,-0.003805,-0.394061,0.141224,-0.147683,-0.851202,1,0,0,0,0,0,0,0,0,0,0
883,0.00112,0.00178,0.01091,0.021792,0.037525,-5.7e-05,0.004249,0.005484,0.006259,0.009188,-0.000632,0.000775,0.000258,0.000258,-0.01091,0.001608,0.015791,0.023457,0.025208,0.042033,0.000201,0.001924,0.009589,0.022509,0.040884,-0.000287,0.00201,0.00066,-0.002756,-0.018519,-0.000632,0.005312,0.023285,0.050589,0.054206,0.001751,0.00735,0.015188,0.018978,0.017284,-7.6e-05,0.008353,0.023977,0.046871,0.068677,-0.000443,-0.002138,-0.005,-0.008567,-0.025957,3e-06,-0.000148,0.000266,0.001113,0.000282,0.000493,-0.000384,6.3e-05,-0.00159,-0.005074,-0.397944,0.152366,-0.148174,-0.849012,1,0,0,0,0,0,0,0,0,0,0
884,0.000115,0.002411,0.014496,0.030313,0.042168,0.002469,0.004306,0.006114,0.009214,0.008095,-0.000201,0.002009,0.000947,-0.002813,-0.013951,0.00775,0.018084,0.023969,0.028275,0.050865,0.001005,0.003617,0.01573,0.033183,0.049028,-2.9e-05,0.001952,0.000603,-0.012114,-0.023509,0.00333,0.027155,0.030944,0.052846,0.058472,0.002354,0.007549,0.017481,0.016936,0.013262,0.00586,0.026959,0.02912,0.053969,0.08143,-0.00221,-0.001994,-0.005049,-0.019947,-0.028792,-8.1e-05,0.000226,0.000513,0.000961,-0.000579,-0.000848,-0.001004,-0.001432,-0.004241,-0.007072,-0.402385,0.162284,-0.151463,-0.845579,1,0,0,0,0,0,0,0,0,0,0
885,0.000544,0.009655,0.020513,0.036212,0.04432,0.001834,0.003065,0.003839,0.006761,-0.002492,0.001604,0.001089,0.001089,-0.010056,-0.021974,0.006417,0.014067,0.015814,0.032602,0.05724,0.000716,0.008365,0.021257,0.039593,0.053974,0.002321,0.000974,-0.002435,-0.018163,-0.028993,0.002607,0.020541,0.047786,0.051396,0.052427,0.003237,0.011058,0.01484,0.01315,0.004985,0.002562,0.018152,0.040996,0.062755,0.090849,0.000514,-0.002341,-0.005901,-0.023253,-0.023055,-6.9e-05,0.000338,0.001172,0.000354,-0.002523,-2.8e-05,0.000413,-0.001215,-0.004646,-0.007321,-0.399535,0.172869,-0.156889,-0.841588,1,0,0,0,0,0,0,0,0,0,0
886,0.001744,0.01378,0.029533,0.041341,0.052234,0.0,0.001801,0.004889,0.003774,-0.00386,0.0006,-0.000457,-0.004203,-0.015296,-0.032507,0.003888,0.009749,0.014038,0.036538,0.073819,0.001887,0.013952,0.031334,0.047116,0.060439,-0.000343,-0.001687,-0.014352,-0.025702,-0.031334,0.021128,0.024902,0.046716,0.052319,0.037939,0.001944,0.011836,0.011293,0.007633,-0.0002,0.018458,0.02061,0.045359,0.07271,0.100223,-0.000298,-0.003341,-0.018179,-0.026989,-0.024394,0.000367,0.000646,0.001081,-0.000416,-0.006312,-0.000124,-0.000541,-0.003272,-0.006024,-0.006748,-0.390094,0.188193,-0.159238,-0.843035,1,0,0,0,0,0,0,0,0,0,0
887,0.007324,0.018124,0.033741,0.041806,0.056368,0.001225,0.001995,0.004902,-0.004303,-0.003135,-0.001111,-0.001111,-0.012197,-0.024052,-0.04078,0.003733,0.005471,0.022171,0.046679,0.089596,0.005728,0.018552,0.03679,0.051096,0.064717,-0.000997,-0.004389,-0.020034,-0.030806,-0.030692,-0.00322,0.023881,0.027471,0.028497,-0.00322,0.005842,0.009604,0.007922,-0.000199,-0.005016,-0.00289,0.019833,0.041476,0.069422,0.08643,-0.002543,-0.006084,-0.023344,-0.023147,-0.024423,3.4e-05,0.000838,4.9e-05,-0.002723,-0.011506,0.000546,-0.001023,-0.004329,-0.006906,-0.006656,-0.372211,0.206066,-0.159653,-0.846636,1,0,0,0,0,0,0,0,0,0,0
888,0.004682,0.020414,0.032205,0.043083,0.053161,0.000571,0.003654,0.002541,-0.005082,-0.006338,5.7e-05,-0.003683,-0.014761,-0.031948,-0.058186,0.002113,0.006395,0.028865,0.066095,0.119799,0.00631,0.023669,0.039429,0.052733,0.059071,-0.000343,-0.012991,-0.024325,-0.02995,-0.031491,0.006995,0.028779,0.034375,0.020014,-0.040342,0.004026,0.003483,-0.000171,-0.007994,-0.002798,0.005045,0.02976,0.057074,0.084549,0.091672,-0.000491,-0.015309,-0.024107,-0.021516,-0.022815,0.000242,0.000673,-0.000809,-0.006649,-0.018741,-0.000966,-0.003671,-0.006397,-0.007114,-0.005683,-0.330896,0.199602,-0.153897,-0.846422,1,0,0,0,0,0,0,0,0,0,0
889,0.006141,0.021795,0.029879,0.044475,0.054187,0.0002,0.003114,-0.006113,-0.004942,-0.010283,-5.7e-05,-0.011169,-0.023052,-0.039819,-0.077468,-0.000371,0.016368,0.040933,0.083952,0.14588,0.006541,0.024823,0.039162,0.052816,0.053502,-0.003056,-0.018738,-0.029536,-0.029422,-0.031564,0.020167,0.023766,0.024794,-0.006998,-0.080981,-0.000257,-0.001942,-0.010083,-0.014911,0.022766,0.01773,0.039424,0.067436,0.084484,0.075897,-0.003058,-0.020359,-0.020162,-0.021441,-0.020775,0.000574,-0.000227,-0.003045,-0.011976,-0.020959,-0.000626,-0.003987,-0.006608,-0.006353,-0.002446,-0.296516,0.167219,-0.146813,-0.846021,1,0,0,0,0,0,0,0,0,0,0
890,0.009589,0.021375,0.032248,0.042322,0.05351,0.002882,0.001769,-0.00585,-0.007106,-0.019663,-0.003681,-0.014754,-0.031934,-0.058161,-0.101083,0.004652,0.027111,0.064326,0.118006,0.193633,0.010816,0.026569,0.039868,0.046204,0.04666,-0.009589,-0.020919,-0.026541,-0.028082,-0.029223,0.001627,0.00722,-0.007135,-0.067465,-0.13707,-0.000285,-0.003938,-0.011758,-0.006564,0.066295,0.006992,0.034293,0.061756,0.068876,0.053389,-0.011756,-0.02055,-0.01796,-0.019259,-0.010936,-0.000141,-0.001619,-0.007442,-0.019496,-0.023503,-0.002075,-0.004792,-0.005508,-0.004081,0.001491,-0.26112,0.132773,-0.142738,-0.847022,1,0,0,0,0,0,0,0,0,0,0
891,0.006059,0.014148,0.028754,0.038471,0.051791,2.9e-05,-0.009203,-0.008032,-0.013376,-0.044302,-0.007431,-0.019321,-0.036099,-0.07377,-0.124418,0.01209,0.036671,0.079715,0.141681,0.30034,0.00746,0.021808,0.03547,0.036156,0.03547,-0.006088,-0.016892,-0.016778,-0.018921,-0.021294,0.001972,0.003001,-0.028811,-0.102838,-0.177237,-0.001401,-0.009546,-0.014377,0.023323,0.141481,0.014706,0.042735,0.059793,0.051201,0.068732,-0.005537,-0.00534,-0.00662,-0.005954,0.018585,-0.000663,-0.003492,-0.012461,-0.021483,-0.029806,-0.001278,-0.00391,-0.003654,0.00027,0.009922,-0.222065,0.058215,-0.134757,-0.853931,1,0,0,0,0,0,0,0,0,0,0
892,0.005772,0.016713,0.026849,0.038106,0.056714,-0.001149,-0.008816,-0.010079,-0.022714,-0.060964,-0.003676,-0.020963,-0.047352,-0.090541,-0.142689,0.010453,0.047898,0.101912,0.178009,0.349127,0.008356,0.021738,0.028113,0.028572,0.028228,-0.005284,-0.010941,-0.012491,-0.01364,-0.014904,0.003647,-0.010797,-0.071502,-0.14154,-0.217034,-0.002269,-0.010137,-0.00491,0.068401,0.216316,0.012697,0.040331,0.047495,0.031911,0.036693,-0.003285,-0.000679,-0.001986,0.006389,0.038678,-0.000859,-0.00694,-0.019529,-0.023713,-0.030634,-0.001517,-0.002264,-0.000775,0.005045,0.020218,-0.181375,-0.00417,-0.12415,-0.862631,1,0,0,0,0,0,0,0,0,0,0
893,0.00236,0.017066,0.026851,0.040262,0.0615,-0.008144,-0.006964,-0.012346,-0.043485,-0.057414,-0.008288,-0.025181,-0.063112,-0.114108,-0.166744,0.014274,0.057615,0.120008,0.279759,0.377693,0.006072,0.019829,0.020519,0.019829,0.022879,-0.005583,-0.005468,-0.007626,-0.010015,-0.003396,-0.002619,-0.03465,-0.109187,-0.184098,-0.275298,-0.005928,-0.010792,0.027167,0.146139,0.303703,0.015497,0.032673,0.024021,0.041673,-0.029321,0.003491,0.002203,0.002873,0.027581,0.044468,-0.002097,-0.011506,-0.020972,-0.029704,-0.029757,-0.00122,-0.000952,0.003165,0.013292,0.027708,-0.12469,-0.080584,-0.117121,-0.87185,1,0,0,0,0,0,0,0,0,0,0
894,0.008625,0.018807,0.030114,0.048806,0.064931,0.000462,-0.000808,-0.0135,-0.051921,-0.046181,-0.009057,-0.035566,-0.078949,-0.131332,-0.178292,0.023307,0.077565,0.154005,0.325893,0.405967,0.007356,0.013759,0.014221,0.013875,0.018894,-8.7e-05,-0.001644,-0.002798,-0.004067,0.003808,-0.011884,-0.072863,-0.143216,-0.21905,-0.328778,-0.001961,0.003288,0.07693,0.225512,0.413496,0.012225,0.019422,0.003768,0.008572,-0.115899,-0.000881,-0.002194,0.006219,0.038653,0.038949,-0.004144,-0.017136,-0.021454,-0.028596,-0.027869,0.000469,0.002006,0.008012,0.02367,0.031775,-0.059851,-0.182603,-0.111237,-0.876705,1,0,0,0,0,0,0,0,0,0,0
895,0.006157,0.016031,0.029565,0.050998,0.064793,0.000726,-0.004705,-0.036128,-0.050185,-0.043157,-0.007929,-0.046206,-0.097669,-0.150787,-0.18404,0.020271,0.083235,0.244448,0.343278,0.407694,0.006476,0.007173,0.006476,0.009555,0.012082,0.000203,-0.001975,-0.004385,0.002294,0.00575,-0.020359,-0.095578,-0.171174,-0.263209,-0.385651,-0.002933,0.035373,0.155434,0.314439,0.537047,0.005024,-0.003707,0.014107,-0.057537,-0.237274,-0.000413,0.000264,0.025197,0.04224,0.037064,-0.005683,-0.015772,-0.025079,-0.025135,-0.024791,-0.000206,0.004182,0.014976,0.030341,0.038105,0.016606,-0.300054,-0.107295,-0.879413,1,0,0,0,0,0,0,0,0,0,0
896,0.004124,0.015588,0.034539,0.050888,0.062995,-0.002018,-0.014886,-0.053841,-0.048022,-0.042348,-0.018893,-0.062878,-0.115989,-0.163601,-0.163484,0.034598,0.112099,0.286375,0.367561,0.417191,-2.9e-05,0.000439,8.8e-05,0.005177,0.00544,-0.001784,-0.002954,-0.004241,0.003743,0.00813,-0.041324,-0.112655,-0.189542,-0.300793,-0.393707,0.008277,0.082941,0.233586,0.424181,0.611207,0.002237,-0.013634,-0.008763,-0.134962,-0.300598,-0.000915,0.007615,0.040499,0.0408,0.0379,-0.008341,-0.013097,-0.020962,-0.020163,-0.020066,0.001909,0.008524,0.025768,0.034695,0.043357,0.047478,-0.363474,-0.103208,-0.890315,1,0,0,0,0,0,0,0,0,0,0
897,0.005819,0.019446,0.041026,0.054915,0.062343,-0.00345,-0.03509,-0.049243,-0.042166,-0.035441,-0.01965,-0.071466,-0.124949,-0.15843,-0.153605,0.028803,0.191122,0.29063,0.355488,0.408093,0.000731,2.9e-05,0.003129,0.005673,0.005117,-0.000409,-0.002836,0.003889,0.007369,0.014299,-0.034417,-0.110532,-0.203198,-0.32648,-0.385986,0.030294,0.151178,0.311275,0.53541,0.731035,-0.011027,0.006908,-0.065227,-0.246197,-0.285102,0.001597,0.026701,0.04386,0.038649,0.037857,-0.002252,-0.012015,-0.012074,-0.011713,-0.011709,0.002695,0.014019,0.030137,0.038282,0.04417,0.084339,-0.487828,-0.098186,-0.900865,1,0,0,0,0,0,0,0,0,0,0
898,0.005634,0.024552,0.040871,0.052957,0.059175,-0.0094,-0.048286,-0.042476,-0.036813,-0.031295,-0.024289,-0.077304,-0.12483,-0.124714,-0.13896,0.048607,0.222569,0.30361,0.353151,0.375805,-0.000263,-0.000613,0.004467,0.004729,0.00435,-0.000759,-0.002044,0.005926,0.010305,0.018187,-0.036842,-0.113591,-0.224642,-0.317389,-0.385877,0.044286,0.194661,0.384913,0.571604,0.801005,-0.004833,2.8e-05,-0.125944,-0.291283,-0.168334,0.006921,0.039746,0.040046,0.037151,0.038732,-0.002471,-0.010238,-0.009448,-0.009353,-0.009318,0.003867,0.020896,0.029711,0.038265,0.04327,0.12353,-0.590204,-0.094757,-0.910386,1,0,0,0,0,0,0,0,0,0,0
899,0.008002,0.029632,0.043554,0.050999,0.058854,-0.022275,-0.036461,-0.029368,-0.022627,-0.017263,-0.027551,-0.081159,-0.114718,-0.109882,-0.111406,0.113898,0.213639,0.278648,0.331376,0.331845,-0.00044,0.002667,0.005217,0.00466,0.004514,-0.001671,0.005071,0.008558,0.015505,0.025148,-0.039304,-0.132187,-0.255757,-0.315402,-0.370035,0.076704,0.237174,0.461833,0.657916,0.804493,0.02283,-0.049474,-0.230866,-0.269862,-0.119343,0.018215,0.035414,0.03019,0.029396,0.032802,-0.007384,-0.007444,-0.007076,-0.007073,-0.006836,0.007533,0.023917,0.032196,0.038181,0.044628,0.145513,-0.633699,-0.08732,-0.920226,1,0,0,0,0,0,0,0,0,0,0
900,0.011031,0.027475,0.039653,0.045919,0.056597,-0.016826,-0.010972,-0.005266,0.000294,0.005501,-0.025769,-0.073659,-0.073541,-0.087896,-0.078513,0.06098,0.14264,0.19256,0.215387,0.244833,8.8e-05,0.005207,0.005471,0.005089,0.005001,0.000382,0.008413,0.012826,0.020768,0.026681,-0.037888,-0.149789,-0.243245,-0.312256,-0.344349,0.074541,0.266249,0.454367,0.685522,0.807423,-0.018014,-0.14495,-0.311553,-0.187664,-0.089053,0.014795,0.015097,0.012181,0.013773,0.013436,-0.000618,0.000215,0.000315,0.000352,0.000816,0.010234,0.019532,0.028554,0.033833,0.04233,0.161589,-0.705869,-0.081698,-0.925537,1,0,0,0,0,0,0,0,0,0,0
901,0.010735,0.024783,0.032294,0.04022,0.050719,0.002602,0.009759,0.016561,0.021973,0.022535,-0.028184,-0.062045,-0.057166,-0.058703,-0.050305,0.039333,0.104927,0.15813,0.158603,0.218756,0.003046,0.005619,0.005057,0.004909,0.004998,0.006417,0.009937,0.016946,0.026675,0.02638,-0.055628,-0.18031,-0.240492,-0.295617,-0.322322,0.086976,0.313657,0.511504,0.659401,0.820134,-0.054844,-0.23787,-0.277216,-0.125342,-0.019366,0.00248,-0.002791,-0.003592,-0.000156,-0.001898,0.000578,0.000969,0.000973,0.001225,0.001982,0.006822,0.015636,0.022009,0.028872,0.037192,0.179453,-0.786221,-0.075873,-0.929533,1,0,0,0,0,0,0,0,0,0,0
902,0.005841,0.018179,0.024527,0.035345,0.044405,0.003308,0.00909,0.014722,0.019997,0.020235,-0.020116,-0.019997,-0.03454,-0.025033,-0.019878,0.043093,0.093667,0.116793,0.146625,0.197705,0.002116,0.002384,0.001997,0.001907,0.002176,0.001669,0.006139,0.014186,0.020176,0.019192,-0.057309,-0.151989,-0.221904,-0.254417,-0.274802,0.106571,0.297153,0.531335,0.654833,0.778123,-0.073331,-0.242115,-0.116604,-0.016702,0.059575,-0.002193,-0.005148,-0.003534,-0.003876,-0.005752,0.000302,0.000413,0.000453,0.000961,0.00201,0.002985,0.012868,0.018651,0.027958,0.035231,0.189081,-0.823687,-0.069607,-0.930999,1,0,0,0,0,0,0,0,0,0,0
903,0.008345,0.015942,0.023958,0.034576,0.044776,0.003918,0.010798,0.016271,0.01684,0.017228,-0.014058,-0.009123,-0.010678,-0.002183,0.002124,0.023091,0.0769,0.077378,0.138216,0.173869,0.000479,-9e-05,-0.000239,-0.00015,0.002243,0.001884,0.008973,0.018814,0.018515,0.015793,-0.068585,-0.129452,-0.185205,-0.212215,-0.219902,0.122304,0.322405,0.471987,0.63455,0.722516,-0.111512,-0.151307,0.002297,0.10948,0.163135,-0.00313,-0.00394,-0.000465,-0.002226,-0.00584,0.000113,0.000118,0.000391,0.00121,0.000465,0.006479,0.013378,0.020808,0.029814,0.036213,0.193163,-0.870478,-0.067912,-0.930398,1,0,0,0,0,0,0,0,0,0,0
904,0.004054,0.01045,0.021351,0.03048,0.04078,0.001892,0.007567,0.012883,0.013123,0.013543,0.014234,-0.00042,0.009159,0.014354,0.016756,0.027777,0.05108,0.08114,0.13261,0.169126,-0.00021,-0.000601,-0.000691,-0.00042,0.006877,0.002613,0.010721,0.016756,0.015765,0.013784,-0.026546,-0.096995,-0.129757,-0.150298,-0.147655,0.069248,0.30522,0.429662,0.553894,0.640889,-0.058118,0.068352,0.169018,0.245878,0.294821,0.000165,0.001791,0.001446,-0.000444,-0.003028,-0.0,4.3e-05,0.000578,0.001684,-0.003391,0.003762,0.009861,0.019677,0.027349,0.029797,0.192541,-0.906623,-0.067872,-0.932067,1,0,0,0,0,0,0,0,0,0,0
905,0.00361,0.011741,0.02251,0.032856,0.04138,0.005066,0.010618,0.011195,0.011589,0.012196,-0.009374,-0.010952,-0.002336,0.002033,0.008221,0.026515,0.027,0.088707,0.124869,0.152507,-0.000364,-0.000516,-0.000425,0.002002,0.01438,0.004551,0.014532,0.014228,0.011468,0.00992,-0.034918,-0.091468,-0.118862,-0.126659,-0.111308,0.133,0.284718,0.449602,0.538825,0.588639,0.018351,0.174149,0.282863,0.337283,0.356779,-0.000989,0.002536,0.00075,-0.002915,-0.004829,5e-06,0.000306,0.001211,0.000389,-0.006589,0.003578,0.011783,0.021729,0.028796,0.025262,0.185291,-0.916029,-0.07022,-0.932339,1,0,0,0,0,0,0,0,0,0,0
906,0.002886,0.014031,0.023364,0.033895,0.044181,0.000675,0.00611,0.006355,0.006785,0.009211,-0.005496,0.004298,0.00961,0.012066,0.027724,-0.003009,0.027724,0.080348,0.117682,0.135704,-3.1e-05,-0.000123,0.000154,0.007614,0.025207,0.003684,0.009855,0.008842,0.006816,0.006294,-0.036689,-0.070185,-0.091186,-0.088484,-0.066839,0.10666,0.23389,0.360905,0.449849,0.474933,0.110731,0.213653,0.292235,0.342274,0.347874,0.002663,0.00231,0.000378,-0.002264,-0.004715,4.5e-05,0.00067,0.001962,-0.003965,-0.008183,0.003232,0.014695,0.023654,0.026513,0.019445,0.178411,-0.929044,-0.076444,-0.935962,1,0,0,0,0,0,0,0,0,0,0
907,0.005378,0.016349,0.026888,0.035572,0.047811,0.004976,0.005563,0.005965,0.006583,0.013042,0.003925,0.012702,0.017153,0.023457,0.045277,0.003523,0.066385,0.103225,0.13138,0.138333,-0.000124,-3.1e-05,0.002442,0.015051,0.0331,0.006459,0.00615,0.003338,0.001762,0.002843,-0.020676,-0.048584,-0.056526,-0.040888,-0.021696,0.047193,0.215165,0.306058,0.356805,0.37232,0.04725,0.158,0.213439,0.2333,0.242224,0.000911,-0.000909,-0.004643,-0.006593,-0.011536,0.000297,0.001327,0.00039,-0.007555,-0.006998,0.005958,0.017283,0.02533,0.021307,0.015292,0.174095,-0.932431,-0.079986,-0.939805,1,0,0,0,0,0,0,0,0,0,0
908,0.005863,0.015293,0.025932,0.036324,0.048577,0.000496,0.000744,0.001179,0.003629,0.009585,0.005956,0.011322,0.013804,0.029624,0.052144,0.027514,0.080682,0.118402,0.13661,0.139402,3.1e-05,0.00031,0.007848,0.025622,0.042032,-0.000248,-0.001272,-0.003319,-0.003846,-0.001489,-0.01309,-0.034308,-0.031578,-0.009709,0.003691,0.081178,0.209506,0.29937,0.324713,0.331103,0.056561,0.135955,0.186511,0.192169,0.19766,-0.00127,-0.003223,-0.005892,-0.008368,-0.011623,0.000368,0.001756,-0.004613,-0.009146,-0.003637,0.006205,0.015832,0.018905,0.01131,0.00706,0.170134,-0.935986,-0.085379,-0.942448,1,0,0,0,0,0,0,0,0,0,0
909,0.005172,0.015797,0.024553,0.036892,0.047922,9.3e-05,0.000499,0.001122,0.007634,0.00969,0.002867,0.007353,0.01371,0.035708,0.058516,0.035739,0.07288,0.101266,0.108276,0.115443,6.2e-05,0.002555,0.015268,0.033464,0.051038,-6.2e-05,-0.002898,-0.004487,-0.003396,0.001122,-0.014987,-0.022995,-0.007229,0.012121,0.033558,0.087805,0.179443,0.230605,0.246247,0.252821,0.054842,0.110735,0.130759,0.139755,0.139472,-0.000559,-0.004323,-0.00629,-0.011274,-0.008259,0.000711,-0.00028,-0.008692,-0.008102,-0.007064,0.005588,0.014107,0.009848,0.00348,-0.002765,0.154714,-0.936964,-0.091129,-0.945459,1,0,0,0,0,0,0,0,0,0,0
910,0.004311,0.015025,0.025489,0.037827,0.04548,0.000156,0.000593,0.003061,0.009059,0.007903,0.00253,0.005029,0.02096,0.043637,0.062567,0.017711,0.055695,0.07403,0.076842,0.078216,0.000219,0.007809,0.025708,0.042232,0.058631,-0.000968,-0.00303,-0.003561,-0.001187,0.003217,-0.006341,-0.003592,0.018429,0.031924,0.065815,0.041201,0.131693,0.157213,0.163648,0.178953,0.02497,0.07588,0.081578,0.087107,0.097649,-0.001406,-0.004093,-0.006587,-0.009864,-0.00351,0.000734,-0.005954,-0.010713,-0.004929,-0.017916,0.004422,0.007648,-0.000326,-0.004788,-0.013231,0.138765,-0.950296,-0.095551,-0.948453,1,0,0,0,0,0,0,0,0,0,0
911,0.006331,0.015094,0.027444,0.038484,0.044877,0.000249,0.000873,0.007391,0.009449,0.002557,0.001965,0.008327,0.030344,0.053172,0.064368,0.019491,0.047902,0.054919,0.062092,0.061998,0.002277,0.015001,0.033213,0.050802,0.065647,-0.001871,-0.003462,-0.00237,0.002152,0.000218,-0.001684,0.014096,0.033463,0.054919,0.087415,0.050584,0.101791,0.117447,0.124027,0.152656,0.031012,0.051054,0.060058,0.059774,0.084008,-0.002364,-0.004332,-0.00932,-0.006303,-0.000514,-0.001723,-0.010188,-0.009594,-0.00855,-0.029716,0.0042,-8.7e-05,-0.006493,-0.012777,-0.021102,0.124469,-0.963744,-0.10083,-0.946008,1,0,0,0,0,0,0,0,0,0,0
912,0.004353,0.01477,0.027053,0.034671,0.042663,0.000187,0.002643,0.008613,0.007463,-0.000622,0.000529,0.016387,0.038962,0.057806,0.067072,0.018377,0.03663,0.039429,0.040797,0.041574,0.005286,0.023104,0.039553,0.055878,0.069622,-0.000187,-0.000715,0.001648,0.006032,0.001586,0.004416,0.026338,0.039771,0.073509,0.100624,0.039646,0.065051,0.071457,0.086693,0.108149,0.019758,0.02543,0.030934,0.041428,0.058909,-0.000319,-0.002801,-0.006064,0.000263,0.004501,-0.00479,-0.009401,-0.003797,-0.01638,-0.034808,-0.000989,-0.008715,-0.013038,-0.021217,-0.026859,0.113,-0.96745,-0.107114,-0.946114,1,0,0,0,0,0,0,0,0,0,0
913,0.004386,0.016703,0.027715,0.034091,0.040561,0.000435,0.006936,0.008989,0.002115,-0.005257,0.005817,0.027777,0.050546,0.061713,0.070827,0.009954,0.016952,0.024107,0.024013,0.028088,0.007403,0.025568,0.043112,0.057918,0.067467,-0.0014,-0.000311,0.004199,0.002271,-0.004013,0.011322,0.030639,0.052039,0.084451,0.105042,0.011416,0.02703,0.033594,0.062148,0.076114,0.000225,0.009206,0.008923,0.033094,0.04123,-0.001644,-0.00662,-0.00361,0.002164,0.003593,-0.003511,-0.002928,-0.001902,-0.022687,-0.034832,-0.003217,-0.009509,-0.015679,-0.023854,-0.027035,0.105139,-0.972083,-0.109584,-0.944041,1,0,0,0,0,0,0,0,0,0,0
914,0.006038,0.018333,0.025959,0.033958,0.03872,0.002023,0.007999,0.006848,-0.001245,-0.008528,0.010054,0.032651,0.051513,0.060788,0.066951,0.008311,0.011112,0.012481,0.01326,0.018271,0.010427,0.026893,0.043234,0.056991,0.066578,0.000872,0.003237,0.007626,0.003175,-0.003797,0.010614,0.02406,0.057832,0.084973,0.098544,0.014007,0.020418,0.03567,0.057147,0.059108,0.005452,0.010962,0.021466,0.038964,0.034955,-0.00084,-0.004105,0.002227,0.00647,0.007352,-0.001116,0.004527,-0.008142,-0.026697,-0.033481,-0.004546,-0.008899,-0.017134,-0.022815,-0.028012,0.101635,-0.964846,-0.114424,-0.945723,1,0,0,0,0,0,0,0,0,0,0
915,0.006295,0.017327,0.023715,0.030197,0.034373,0.004488,0.006544,-0.000343,-0.007729,-0.011904,0.011936,0.034747,0.045935,0.055066,0.05812,-0.001309,0.005859,0.005765,0.009848,0.00885,0.00776,0.025336,0.04017,0.049737,0.061267,0.000218,0.004737,0.002805,-0.00349,-0.004986,0.008726,0.030166,0.062638,0.083269,0.09028,0.00162,0.008196,0.036804,0.050796,0.040325,0.003539,0.003256,0.027472,0.035623,0.025723,-0.004144,-0.001129,0.004656,0.006088,0.009655,0.001716,0.002755,-0.018304,-0.030609,-0.033208,-0.001789,-0.008041,-0.016323,-0.019546,-0.027309,0.100012,-0.960645,-0.118337,-0.948874,1,0,0,0,0,0,0,0,0,0,0
916,0.00603,0.013685,0.021715,0.026495,0.029339,0.0015,0.000344,-0.00778,-0.015091,-0.017247,0.010717,0.029651,0.038962,0.045148,0.046898,0.004124,0.005499,0.00628,0.011311,0.00903,0.008748,0.025152,0.038962,0.048585,0.056459,0.002156,0.006561,0.002093,-0.004905,-0.005562,0.004749,0.03865,0.065895,0.079517,0.082361,0.004812,0.020121,0.04168,0.043649,0.042992,0.001982,0.012527,0.030092,0.026067,0.027544,0.000877,0.007233,0.011492,0.012378,0.014514,0.004048,-0.008964,-0.028021,-0.034988,-0.036182,-0.002649,-0.011106,-0.016941,-0.022278,-0.027778,0.099644,-0.965581,-0.120531,-0.951688,1,0,0,0,0,0,0,0,0,0,0
917,0.005026,0.011426,0.017919,0.022102,0.024193,0.000562,-0.006337,-0.013736,-0.017919,-0.022445,0.012144,0.02335,0.032497,0.035556,0.035806,0.003059,0.002966,0.007055,0.006056,0.003902,0.008866,0.023725,0.033309,0.044859,0.047388,0.002373,0.000437,-0.005869,-0.007367,-0.008991,0.016732,0.049261,0.069927,0.07695,0.077013,0.001779,0.030437,0.044453,0.033964,0.04027,-0.002264,0.021993,0.030159,0.020242,0.02866,0.002144,0.007939,0.009373,0.012946,0.015882,-0.002971,-0.024286,-0.03674,-0.039371,-0.040175,-0.003696,-0.012078,-0.01534,-0.023198,-0.023227,0.100091,-0.968172,-0.120769,-0.953775,1,0,0,0,0,0,0,0,0,0,0
918,0.002623,0.010649,0.015428,0.01827,0.019269,-0.001718,-0.009837,-0.017145,-0.0193,-0.025171,0.006777,0.016083,0.022267,0.024016,0.022642,-0.001686,-0.000906,0.004122,0.001843,6.2e-05,0.007526,0.02133,0.030949,0.038819,0.038569,0.00203,-0.002436,-0.009431,-0.010087,-0.012554,0.017145,0.044378,0.057994,0.060836,0.05865,0.013523,0.035071,0.037039,0.036383,0.039881,0.012805,0.030362,0.026339,0.027815,0.033153,0.004208,0.008466,0.009351,0.011486,0.014695,-0.009989,-0.028985,-0.03593,-0.037119,-0.036953,-0.004724,-0.01054,-0.01586,-0.021342,-0.019363,0.101475,-0.969494,-0.120837,-0.955166,1,0,0,0,0,0,0,0,0,0,0
919,0.003781,0.01028,0.014467,0.016561,0.016217,-0.005187,-0.012592,-0.016779,-0.02131,-0.031309,0.004437,0.013592,0.016654,0.016904,0.01453,0.001594,0.005687,0.004687,0.002531,-0.000187,0.007343,0.016936,0.028497,0.031028,0.029403,-0.003968,-0.01028,-0.01178,-0.013405,-0.021685,0.015404,0.03609,0.04312,0.043183,0.040745,0.015154,0.029184,0.018685,0.024997,0.021373,0.011468,0.019642,0.009715,0.018142,0.01725,0.00159,0.003025,0.006601,0.00954,0.011078,-0.011428,-0.023964,-0.026612,-0.027422,-0.027246,-0.003696,-0.00698,-0.014888,-0.014918,-0.013121,0.101585,-0.9715,-0.120081,-0.957433,1,0,0,0,0,0,0,0,0,0,0
920,0.004247,0.009024,0.011866,0.012865,0.011929,-0.002935,-0.010242,-0.012397,-0.018268,-0.031632,0.004871,0.011054,0.012803,0.011429,0.006339,-0.000812,0.004216,0.001936,0.000156,-0.003622,0.006464,0.016082,0.023951,0.023701,0.021453,-0.0005,-0.007494,-0.00815,-0.010617,-0.021015,0.011835,0.02545,0.028291,0.026105,0.023014,0.006401,0.008369,0.007713,0.01121,0.004091,0.006093,0.002071,0.003547,0.008884,0.005325,0.002668,0.003553,0.005688,0.008897,0.01167,-0.007603,-0.014542,-0.015731,-0.015565,-0.017113,-0.002131,-0.007447,-0.012925,-0.010948,-0.008927,0.102081,-0.973027,-0.120888,-0.958369,1,0,0,0,0,0,0,0,0,0,0
921,0.002243,0.006416,0.008503,0.00816,0.007444,-0.004454,-0.008628,-0.013144,-0.023111,-0.030648,0.004267,0.007319,0.007569,0.005202,-0.002866,0.00489,0.003893,0.001744,-0.000966,-0.006385,0.003115,0.014639,0.017162,0.015542,0.010434,-0.005793,-0.007288,-0.008908,-0.017162,-0.020339,0.008815,0.015823,0.015885,0.013455,0.006821,0.0076,-0.002866,0.003426,-0.000187,-0.004111,0.002069,-0.007825,0.000574,-0.000315,0.000996,-0.00123,0.002335,0.005263,0.006797,0.010586,-0.004791,-0.00738,-0.008172,-0.008,-0.009548,-0.001117,-0.008851,-0.00888,-0.007123,-0.001139,0.103432,-0.976672,-0.119599,-0.962003,1,0,0,0,0,0,0,0,0,0,0
922,0.002518,0.005347,0.006342,0.005409,0.002984,-0.002829,-0.004974,-0.010819,-0.024124,-0.026362,0.001896,0.003637,0.002269,-0.002798,-0.013927,0.000124,-0.002145,-0.003917,-0.007679,-0.011409,0.006466,0.0143,0.014052,0.011813,0.000591,-0.001181,-0.001834,-0.00429,-0.014642,-0.014922,0.004756,0.007585,0.005409,0.002332,-0.007865,-0.005627,-0.00628,-0.002798,-0.009886,-0.013274,-0.00607,-0.004601,0.000713,-0.00283,-0.002601,0.002109,0.004234,0.007429,0.010189,0.0111,-0.001999,-0.003151,-0.00299,-0.004491,-0.005424,-0.00405,-0.00936,-0.007443,-0.005484,0.005392,0.103629,-0.974029,-0.115728,-0.960406,1,0,0,0,0,0,0,0,0,0,0
923,0.001645,0.003725,0.003384,0.00267,-0.004036,-0.001335,-0.005836,-0.01577,-0.023282,-0.023189,0.001149,0.001397,-0.000962,-0.009002,-0.024307,-0.001118,-0.00326,-0.00596,-0.011362,-0.012386,0.005029,0.007543,0.005929,0.000838,-0.015677,-0.00031,-0.001925,-0.010151,-0.013317,-0.013348,0.002235,0.002297,-0.000124,-0.006736,-0.022972,-0.004812,0.001459,-0.002142,-0.006053,-0.008785,-0.003801,0.004571,0.003685,0.004991,0.003408,0.001447,0.004366,0.005894,0.009671,0.008494,-0.000551,-0.001325,-0.001156,-0.002669,-0.001608,-0.003546,-0.003574,-0.001858,0.003988,0.015673,0.107188,-0.972564,-0.111588,-0.958588,1,0,0,0,0,0,0,0,0,0,0
924,0.00118,0.002174,0.001242,-0.00118,-0.01348,-0.000808,-0.006647,-0.01994,-0.022177,-0.021618,0.00059,-0.000776,-0.005839,-0.016959,-0.032364,-0.001149,-0.00292,-0.006678,-0.010405,-0.012952,0.002795,0.002547,0.000311,-0.010902,-0.029942,-0.000342,-0.002795,-0.013138,-0.013418,-0.013573,0.00059,-0.001584,-0.004659,-0.014847,-0.034445,0.004162,0.007641,0.000559,-0.002826,-0.00469,0.005271,0.010579,0.007039,0.007268,0.008457,0.000675,0.003867,0.006625,0.007535,0.006141,-0.000592,-0.000432,-0.001923,-0.00285,0.001036,-0.001717,0.000187,0.002134,0.012942,0.020898,0.110974,-0.966374,-0.107652,-0.952441,1,0,0,0,0,0,0,0,0,0,0
925,0.000901,0.000559,-0.000155,-0.006869,-0.023746,-0.003699,-0.013644,-0.021166,-0.021073,-0.020606,-0.000342,-0.002704,-0.010754,-0.026077,-0.040809,-0.000995,-0.003699,-0.009107,-0.010132,-0.015727,-0.00028,-0.001896,-0.006993,-0.023528,-0.042114,-0.001274,-0.009511,-0.012681,-0.012712,-0.00948,-0.000528,-0.002953,-0.009573,-0.025828,-0.042363,0.002113,-0.001492,-0.005408,-0.008143,-0.009511,0.003107,0.002221,0.003529,0.001944,0.00636,0.002247,0.003777,0.007558,0.00638,0.008971,-0.000186,-1.6e-05,-0.001541,-0.000471,0.000717,0.001697,0.003427,0.009323,0.021108,0.023462,0.10947,-0.96101,-0.104705,-0.952519,1,0,0,0,0,0,0,0,0,0,0
926,9.3e-05,-0.00084,-0.003265,-0.015578,-0.034545,-0.002145,-0.015454,-0.017692,-0.017133,-0.018221,-0.001026,-0.006094,-0.017226,-0.032649,-0.050745,-0.000777,-0.00454,-0.008271,-0.010821,-0.020024,3.1e-05,-0.002208,-0.013433,-0.032493,-0.05059,-0.001182,-0.011536,-0.011816,-0.011971,-0.007494,-0.001648,-0.004726,-0.014925,-0.034545,-0.052891,0.001368,-0.005721,-0.009111,-0.010976,-0.011287,0.002206,-0.001338,-0.001109,8.2e-05,0.008935,0.000948,0.003709,0.004619,0.003224,0.008847,0.000347,-0.001156,-0.00209,0.001826,0.000979,0.000218,0.002179,0.013071,0.021088,0.020635,0.112338,-0.960082,-0.10383,-0.954856,1,0,0,0,0,0,0,0,0,0,0
927,-0.000435,-0.00115,-0.007863,-0.024739,-0.042144,-0.007801,-0.015322,-0.015229,-0.014763,-0.017094,-0.001336,-0.009386,-0.024708,-0.03944,-0.059175,-0.001927,-0.007335,-0.00836,-0.013955,-0.019425,-0.001647,-0.006744,-0.023279,-0.041864,-0.060636,-0.007055,-0.010225,-0.010256,-0.007024,-0.006962,-0.000777,-0.007397,-0.023651,-0.040186,-0.060792,-0.004973,-0.008889,-0.011624,-0.012991,-0.008951,-0.003091,-0.001783,-0.003368,0.001048,0.010593,0.000583,0.004364,0.003186,0.005777,0.008035,-0.000176,-0.001701,-0.000631,0.000557,0.000207,0.001514,0.007408,0.019189,0.021543,0.023562,0.111396,-0.963086,-0.10061,-0.95636,1,0,0,0,0,0,0,0,0,0,0
928,-0.000499,-0.002932,-0.015283,-0.034309,-0.048999,-0.005521,-0.007766,-0.007205,-0.008296,-0.012414,-0.003743,-0.014909,-0.030379,-0.048531,-0.063658,-0.00184,-0.005583,-0.008141,-0.017373,-0.018184,-0.000593,-0.011852,-0.030971,-0.049124,-0.064438,-0.003306,-0.003587,-0.003743,0.000749,-0.004491,-0.002308,-0.012538,-0.032219,-0.050621,-0.065873,-0.002121,-0.005521,-0.007392,-0.007704,0.00106,-0.000452,-0.000223,0.000972,0.009853,0.01937,0.002185,0.003098,0.001698,0.007339,0.006162,-0.001355,-0.002309,0.001692,0.000826,-0.000386,0.000453,0.011582,0.019773,0.019311,0.019995,0.108413,-0.966689,-0.102044,-0.95344,1,0,0,0,0,0,0,0,0,0,0
929,-0.000218,-0.006955,-0.023891,-0.041356,-0.053052,-0.002027,-0.001934,-0.001466,-0.003805,-0.010136,-0.004335,-0.019711,-0.034495,-0.0543,-0.067056,-0.003587,-0.004616,-0.01023,-0.015719,-0.017684,-0.004522,-0.021115,-0.039766,-0.058604,-0.070487,0.000125,9.4e-05,0.003337,0.0034,-0.007953,-0.004335,-0.020647,-0.037239,-0.057918,-0.070019,-0.001809,-0.004554,-0.005926,-0.001871,0.00262,0.001765,0.000175,0.004607,0.014185,0.020513,0.00161,0.000427,0.003027,0.005293,0.000275,-0.000208,0.000888,0.002105,0.001747,3.2e-05,0.005589,0.017663,0.020075,0.022144,0.021731,0.106019,-0.965266,-0.102953,-0.948733,1,0,0,0,0,0,0,0,0,0,0
930,-0.002216,-0.014575,-0.033614,-0.048314,-0.058613,-0.000218,0.000343,-0.000749,-0.004869,-0.01445,-0.006835,-0.022316,-0.04048,-0.055617,-0.069787,-0.000156,-0.002715,-0.011954,-0.012765,-0.015231,-0.006741,-0.025874,-0.044038,-0.059362,-0.070848,-0.000406,-0.000562,0.003933,-0.001311,-0.018726,-0.005899,-0.025593,-0.044007,-0.059269,-0.071004,-0.001592,-0.003464,-0.003776,0.004994,0.005337,-0.001536,-0.000341,0.008546,0.01807,0.020568,-0.000697,-0.002098,0.003547,0.002369,-0.005541,-0.00075,0.00327,0.0024,0.001182,-0.002183,0.005565,0.013795,0.01333,0.014018,0.014661,0.103276,-0.965662,-0.104711,-0.941263,1,0,0,0,0,0,0,0,0,0,0
931,-0.00451,-0.021398,-0.038814,-0.050477,-0.061021,0.000311,0.000778,-0.001555,-0.007869,-0.02174,-0.008522,-0.023264,-0.043013,-0.055733,-0.069231,-0.000871,-0.006469,-0.011943,-0.013902,-0.018816,-0.009828,-0.028427,-0.047212,-0.059061,-0.065468,0.000373,0.003608,0.00367,-0.007651,-0.026685,-0.010388,-0.026934,-0.047554,-0.059621,-0.069605,-0.001151,-0.002519,0.001524,0.006003,0.006625,-5.5e-05,0.004365,0.013916,0.020226,0.025316,-0.000485,0.002108,0.004368,-0.000636,-0.005382,0.001807,0.003,0.002648,0.000968,-0.004068,0.006409,0.008774,0.010803,0.010398,0.005077,0.09972,-0.964217,-0.109496,-0.9348,1,0,0,0,0,0,0,0,0,0,0
932,-0.007778,-0.026681,-0.041276,-0.051502,-0.062658,0.000248,-0.000837,-0.004927,-0.01444,-0.034707,-0.006879,-0.024914,-0.039944,-0.054012,-0.070405,-0.001673,-0.010846,-0.011652,-0.0141,-0.021661,-0.009203,-0.027239,-0.042454,-0.053857,-0.05646,-0.000527,0.003935,-0.001271,-0.018562,-0.038487,-0.009203,-0.027487,-0.04264,-0.054291,-0.065757,-0.000713,-0.001023,0.007685,0.008026,0.005733,0.001241,0.010065,0.019521,0.022001,0.02669,-0.000908,0.004696,0.003527,-0.004327,-0.003115,0.002063,0.001235,7.7e-05,-0.003124,-0.009851,0.00158,0.001138,0.001792,0.002404,-0.007155,0.096149,-0.961132,-0.116708,-0.926513,1,0,0,0,0,0,0,0,0,0,0
933,-0.008981,-0.026206,-0.03774,-0.048166,-0.058809,0.000215,-0.002092,-0.008335,-0.022053,-0.041738,-0.007751,-0.027282,-0.039862,-0.053211,-0.072157,-0.003875,-0.009289,-0.011227,-0.016086,-0.020454,-0.009258,-0.027836,-0.039554,-0.04589,-0.046629,0.003722,0.003783,-0.007413,-0.026236,-0.047059,-0.007228,-0.02762,-0.039554,-0.049428,-0.061823,-0.000646,0.003353,0.007782,0.008397,0.006644,0.003139,0.012584,0.018825,0.023858,0.02577,0.003465,0.0057,0.000751,-0.003942,-0.003977,-0.000853,-0.001179,-0.002734,-0.007392,-0.01547,0.000689,0.002565,0.002191,-0.002732,-0.013544,0.093188,-0.958832,-0.123517,-0.917728,1,0,0,0,0,0,0,0,0,0,0
934,-0.009713,-0.024099,-0.034179,-0.045175,-0.054521,-0.001283,-0.005315,-0.014692,-0.034668,-0.049359,-0.01008,-0.024893,-0.03876,-0.054918,-0.075383,-0.005193,-0.005987,-0.0084,-0.015852,-0.016585,-0.008583,-0.02358,-0.03482,-0.037386,-0.03705,0.000703,-0.004429,-0.021473,-0.041112,-0.061241,-0.010843,-0.025779,-0.037264,-0.048565,-0.062188,0.000336,0.008919,0.009255,0.006995,0.008461,0.005581,0.014901,0.017346,0.021968,0.023487,0.002083,0.00093,-0.006811,-0.005616,-0.009832,6.5e-05,-0.000983,-0.003876,-0.009956,-0.018036,-0.001055,-0.000464,8.9e-05,-0.008551,-0.019091,0.092215,-0.958287,-0.130451,-0.908893,1,0,0,0,0,0,0,0,0,0,0
935,-0.007353,-0.018748,-0.029049,-0.039563,-0.046734,-0.001003,-0.007171,-0.020723,-0.040171,-0.049013,-0.009268,-0.021696,-0.034883,-0.053601,-0.074173,-0.000182,-0.002097,-0.006898,-0.011213,-0.011638,-0.009815,-0.021392,-0.027651,-0.028381,-0.028654,-0.000638,-0.011699,-0.030295,-0.050866,-0.062444,-0.009359,-0.021149,-0.030903,-0.043148,-0.05822,0.003616,0.007992,0.008599,0.006867,0.008721,0.00378,0.009945,0.014917,0.016806,0.01857,0.000135,-0.004753,-0.00939,-0.009424,-0.011246,-0.000361,-0.00179,-0.006068,-0.013487,-0.019876,0.002741,0.002398,-0.002124,-0.012054,-0.019104,0.091014,-0.957917,-0.135124,-0.908889,1,0,0,0,0,0,0,0,0,0,0
936,-0.006938,-0.016935,-0.027841,-0.037112,-0.043413,-0.002999,-0.0123,-0.032113,-0.046685,-0.053623,-0.005453,-0.019207,-0.035233,-0.055531,-0.072012,-0.000606,-0.002999,-0.010391,-0.011118,-0.011633,-0.00509,-0.016238,-0.018783,-0.01845,-0.019843,-0.004453,-0.021358,-0.040838,-0.060803,-0.0708,-0.005483,-0.016874,-0.028084,-0.041595,-0.055077,0.004908,0.005241,0.002999,0.004453,0.00515,0.005476,0.0079,0.012485,0.013991,0.014937,-0.001278,-0.008957,-0.007772,-0.011953,-0.014302,-0.000635,-0.003367,-0.009109,-0.01674,-0.020179,-0.002126,-0.001604,-0.009763,-0.019716,-0.024735,0.091105,-0.954769,-0.137974,-0.901564,1,0,0,0,0,0,0,0,0,0,0
937,-0.004407,-0.014638,-0.025081,-0.032204,-0.039447,-0.003139,-0.0166,-0.035916,-0.044699,-0.052365,-0.006912,-0.02001,-0.038602,-0.059035,-0.072436,-0.001298,-0.006067,-0.010352,-0.010775,-0.011409,-0.006429,-0.012646,-0.01337,-0.013642,-0.015,-0.006549,-0.025021,-0.045454,-0.056953,-0.069478,-0.006248,-0.015936,-0.028099,-0.043069,-0.057255,-0.000543,6e-05,-0.00166,0.000181,0.000211,0.000668,0.005607,0.007483,0.009235,0.009964,-0.003583,-0.008188,-0.008222,-0.010031,-0.013994,-0.000744,-0.004825,-0.011901,-0.017995,-0.017197,0.001743,-0.00257,-0.012041,-0.018766,-0.024724,0.093958,-0.954192,-0.139886,-0.898584,1,0,0,0,0,0,0,0,0,0,0
938,-0.005531,-0.016352,-0.02555,-0.031803,-0.037694,-0.006102,-0.025761,-0.040219,-0.047103,-0.049718,-0.006763,-0.022665,-0.042805,-0.059157,-0.07076,-0.001082,-0.008417,-0.009138,-0.009649,-0.01007,-0.004659,-0.007184,-0.006854,-0.008236,-0.008387,-0.01025,-0.029578,-0.049388,-0.059307,-0.062824,-0.00508,-0.016202,-0.029608,-0.042985,-0.056872,0.000872,-0.001353,9e-05,0.000782,0.000691,0.00174,0.006289,0.007784,0.008722,0.009249,-0.004051,-0.002875,-0.007023,-0.009355,-0.00938,-0.001864,-0.0073,-0.014524,-0.017781,-0.015377,-0.0012,-0.008925,-0.018347,-0.0231,-0.028218,0.096515,-0.956828,-0.143534,-0.900734,1,0,0,0,0,0,0,0,0,0,0
939,-0.004635,-0.01498,-0.022037,-0.029213,-0.035821,-0.007266,-0.026402,-0.035103,-0.042698,-0.043714,-0.006249,-0.024668,-0.04491,-0.058186,-0.06904,-0.003648,-0.007894,-0.008312,-0.00894,-0.00906,-0.001525,-0.002243,-0.002512,-0.003857,-0.003708,-0.008103,-0.028346,-0.039738,-0.052146,-0.051907,-0.004545,-0.016595,-0.031425,-0.045478,-0.057857,-0.000269,-0.001973,-0.00015,-0.00012,-0.000389,0.003162,0.00502,0.006756,0.007478,0.007465,-0.000533,-0.000567,-0.00236,-0.006285,-0.003977,-0.002026,-0.008653,-0.014361,-0.013613,-0.012023,-0.002883,-0.011754,-0.018051,-0.023632,-0.0292,0.10019,-0.958986,-0.147248,-0.901738,1,0,0,0,0,0,0,0,0,0,0
940,-0.006091,-0.015184,-0.021364,-0.027188,-0.034201,-0.012212,-0.026505,-0.033309,-0.035894,-0.036429,-0.009508,-0.029417,-0.045581,-0.057051,-0.067153,-0.003625,-0.004338,-0.004843,-0.005259,-0.007428,-0.000981,-0.000654,-0.002021,-0.002169,-0.002466,-0.011054,-0.030635,-0.040441,-0.043917,-0.043145,-0.006478,-0.01973,-0.032953,-0.046681,-0.060498,-0.001931,-0.000505,0.000178,8.9e-05,-0.003417,0.001354,0.002832,0.00376,0.00428,0.003294,0.001692,-0.002409,-0.004714,-0.004739,-0.002347,-0.003074,-0.009737,-0.012741,-0.010523,-0.006716,-0.004365,-0.013055,-0.017438,-0.022158,-0.027529,0.104399,-0.957484,-0.150266,-0.901537,1,0,0,0,0,0,0,0,0,0,0
941,-0.004165,-0.011136,-0.018225,-0.024753,-0.03267,-0.006764,-0.01536,-0.022863,-0.023867,-0.02626,-0.008743,-0.028741,-0.041856,-0.052579,-0.061322,-0.000591,-0.001004,-0.001625,-0.001743,-0.006883,0.000266,0.0,-0.001329,-0.001182,-0.003958,-0.009009,-0.020264,-0.032522,-0.032286,-0.03202,-0.005465,-0.020116,-0.033999,-0.046228,-0.059462,0.000236,0.002038,0.002068,0.001802,-0.004224,0.00049,0.002204,0.002918,0.002905,0.002453,-0.001715,-0.003486,-0.007364,-0.005084,-0.001589,-0.003137,-0.008378,-0.007692,-0.006231,-0.001867,-0.003958,-0.009742,-0.014867,-0.019981,-0.023765,0.10677,-0.956144,-0.151124,-0.902358,1,0,0,0,0,0,0,0,0,0,0
942,-0.004844,-0.010951,-0.016706,-0.023635,-0.031679,-0.007399,-0.014122,-0.016676,-0.017205,-0.019143,-0.010981,-0.026952,-0.038285,-0.048267,-0.05505,-0.000117,-0.000617,-0.001028,-0.003171,-0.009542,5.9e-05,-0.001292,-0.001439,-0.001732,-0.005109,-0.010393,-0.020082,-0.023517,-0.022754,-0.022695,-0.007663,-0.020728,-0.034292,-0.047945,-0.059131,0.001174,0.00185,0.001762,-0.001703,-0.006753,0.000973,0.00189,0.002404,0.00143,0.003191,-0.002347,-0.004624,-0.004649,-0.002285,0.000501,-0.00312,-0.005882,-0.003844,-0.000343,0.0036,-0.004197,-0.008227,-0.012568,-0.017506,-0.020941,0.109005,-0.95639,-0.152068,-0.902446,1,0,0,0,0,0,0,0,0,0,0
943,-0.002074,-0.009084,-0.01554,-0.023368,-0.02848,-0.001139,-0.008558,-0.009552,-0.011918,-0.011596,-0.008851,-0.02182,-0.032423,-0.041069,-0.045918,-0.000292,-0.000906,-0.001022,-0.006105,-0.010749,-0.000321,-0.001636,-0.00149,-0.004235,-0.0059,-0.000789,-0.012911,-0.012677,-0.012414,-0.008967,-0.006864,-0.020593,-0.032686,-0.045772,-0.055557,0.000613,0.000643,0.00038,-0.005579,-0.008558,0.000727,0.001433,0.00142,0.000973,0.003151,0.000584,-0.003251,-0.000996,0.00246,0.00615,-0.001836,-0.001201,0.000149,0.004184,0.008486,-0.001298,-0.006037,-0.010765,-0.014264,-0.0165,0.110428,-0.957128,-0.151871,-0.905331,1,0,0,0,0,0,0,0,0,0,0
944,-0.003986,-0.009689,-0.016556,-0.024528,-0.029009,-0.005528,-0.00806,-0.008583,-0.010504,-0.010213,-0.007012,-0.018244,-0.028136,-0.034858,-0.039251,-0.000204,-0.000611,-0.002735,-0.009049,-0.011086,-0.001018,-0.001164,-0.001455,-0.004801,-0.008118,-0.008816,-0.012221,-0.011464,-0.011406,-0.007216,-0.00611,-0.019553,-0.033083,-0.044169,-0.052112,5.8e-05,-2.9e-05,-0.003462,-0.008467,-0.01225,0.000184,0.000694,-0.000272,0.001474,0.00013,-0.002838,-0.002863,-0.00052,0.002241,0.006287,-0.000806,0.001108,0.004395,0.008097,0.011418,-0.002521,-0.006596,-0.011232,-0.014458,-0.014803,0.111983,-0.955638,-0.14992,-0.905998,1,0,0,0,0,0,0,0,0,0,0
945,-0.00298,-0.009374,-0.017127,-0.02219,-0.026443,-0.001852,-0.002835,-0.005179,-0.00486,-0.004079,-0.005873,-0.016375,-0.024939,-0.029742,-0.033532,-0.000405,-0.000521,-0.005555,-0.010155,-0.011428,-0.000289,-0.000145,-0.002864,-0.004513,-0.009837,-0.00324,-0.003009,-0.002748,0.000665,0.005613,-0.007522,-0.0195,-0.032461,-0.042153,-0.049675,-2.9e-05,-0.000289,-0.006191,-0.009142,-0.012875,0.000516,0.000504,6e-05,0.002217,0.000205,-0.000976,0.001257,0.00468,0.008335,0.012242,0.001368,0.002631,0.006405,0.010428,0.013821,-0.002009,-0.006431,-0.009703,-0.011794,-0.01036,0.113644,-0.955732,-0.147803,-0.90938,1,0,0,0,0,0,0,0,0,0,0
946,-0.00268,-0.009479,-0.017374,-0.021811,-0.024059,-0.000663,-0.001181,-0.003083,-0.002795,-0.001325,-0.005273,-0.015069,-0.021725,-0.026076,-0.028899,0.0,-0.002103,-0.008356,-0.010373,-0.011669,0.000144,-0.000144,-0.003458,-0.006742,-0.011698,-0.000144,0.000605,0.000663,0.004812,0.014464,-0.00582,-0.019218,-0.030196,-0.038062,-0.048348,-5.8e-05,-0.003458,-0.008413,-0.012159,-0.01285,-9e-06,-0.000966,0.000763,-0.000568,0.000946,0.000947,0.003267,0.006002,0.010008,0.017582,0.000457,0.003527,0.006983,0.010084,0.016182,-0.001853,-0.006182,-0.009194,-0.009516,-0.006246,0.118903,-0.958084,-0.145553,-0.915801,1,0,0,0,0,0,0,0,0,0,0
947,-0.003688,-0.011409,-0.016451,-0.020686,-0.021406,-0.000317,-0.002651,-0.002334,-0.001556,-0.000461,-0.005186,-0.013714,-0.018496,-0.022271,-0.024921,-0.000115,-0.005128,-0.009709,-0.010977,-0.012792,0.0,-0.002708,-0.00435,-0.009652,-0.013455,0.000375,0.000634,0.004033,0.00896,0.018842,-0.006108,-0.019015,-0.028667,-0.036157,-0.048229,-0.000202,-0.006079,-0.009018,-0.012734,-0.012763,-3e-06,-0.000445,0.001703,-0.000301,0.002692,0.001277,0.004685,0.008325,0.012215,0.020338,0.000769,0.004434,0.008341,0.011635,0.019287,-0.002442,-0.00562,-0.007651,-0.006258,-0.002487,0.124021,-0.960755,-0.143435,-0.919538,1,0,0,0,0,0,0,0,0,0,0
948,-0.003108,-0.010995,-0.015427,-0.017672,-0.017384,-0.000201,-0.002101,-0.001813,-0.000345,-5.8e-05,-0.004605,-0.011254,-0.0156,-0.01842,-0.020781,-0.001986,-0.008232,-0.010246,-0.011542,-0.013988,-0.000288,-0.003598,-0.006879,-0.011829,-0.013815,0.000374,0.000432,0.004576,0.014218,0.022162,-0.007282,-0.018248,-0.026105,-0.03638,-0.047375,-0.003195,-0.008145,-0.011887,-0.012578,-0.017442,-0.000952,0.000775,-0.000555,0.000958,-0.000225,0.001042,0.003774,0.007775,0.015341,0.022504,0.002282,0.005713,0.008791,0.014843,0.022327,-0.001871,-0.004861,-0.00518,-0.001934,0.00108,0.128997,-0.959792,-0.142525,-0.923443,1,0,0,0,0,0,0,0,0,0,0
949,-0.004595,-0.009621,-0.013843,-0.014561,-0.013872,-0.002125,-0.001809,-0.001034,5.7e-05,0.000546,-0.003906,-0.008674,-0.012436,-0.015078,-0.016285,-0.003016,-0.007582,-0.008846,-0.010655,-0.01548,-0.002413,-0.00405,-0.009334,-0.013125,-0.013614,-0.000115,0.003274,0.008185,0.018036,0.025877,-0.0056,-0.015222,-0.022689,-0.034723,-0.044431,-0.002671,-0.0056,-0.009305,-0.009334,-0.024728,0.00051,0.002652,0.000654,0.003638,-0.00553,0.002358,0.005987,0.009865,0.017962,0.02502,0.001337,0.005159,0.008382,0.015868,0.023924,-0.001265,-0.003252,-0.001889,0.0018,0.00389,0.133752,-0.951218,-0.142152,-0.926897,1,0,0,0,0,0,0,0,0,0,0
950,-0.003268,-0.007684,-0.00992,-0.009633,-0.008945,0.000229,0.000516,0.001978,0.002265,0.004387,-0.002724,-0.007053,-0.009863,-0.012214,-0.012013,-0.003211,-0.005218,-0.006508,-0.008945,-0.015138,-0.000889,-0.004157,-0.009089,-0.011067,-0.010465,0.000172,0.004301,0.013905,0.021819,0.029531,-0.005333,-0.01316,-0.023395,-0.034348,-0.047364,-0.002265,-0.005992,-0.00668,-0.011526,-0.037301,0.001211,-0.000113,0.001393,0.000215,-0.016866,0.000367,0.004353,0.01189,0.019025,0.024526,0.002019,0.005014,0.010905,0.018189,0.030076,-0.00166,-0.001971,0.001188,0.004122,0.005007,0.142274,-0.936767,-0.142019,-0.929171,1,0,0,0,0,0,0,0,0,0,0
951,-0.001747,-0.005956,-0.006671,-0.005984,-0.005154,8.6e-05,0.000859,0.001947,0.002434,0.003436,-0.002033,-0.005784,-0.008418,-0.009621,-0.009621,-0.001346,-0.002606,-0.004409,-0.00922,-0.011711,-0.000744,-0.006013,-0.009792,-0.010279,-0.007874,0.003207,0.008103,0.017924,0.025741,0.029234,-0.004266,-0.011711,-0.023708,-0.033386,-0.05695,-0.000659,-0.004352,-0.004381,-0.019728,-0.033729,0.000926,-0.001066,0.001908,-0.007231,-0.014049,0.003251,0.007117,0.01519,0.022226,0.024941,0.001741,0.004896,0.012223,0.020109,0.037291,-0.0003,0.001033,0.004644,0.006689,0.005632,0.156796,-0.93434,-0.142175,-0.925703,1,0,0,0,0,0,0,0,0,0,0
952,-0.00266,-0.004891,-0.004605,-0.003918,0.001316,0.0002,0.001659,0.001945,0.004061,0.003432,-0.002288,-0.005091,-0.007436,-0.007236,-0.007436,-0.000658,-0.001945,-0.004376,-0.010554,-0.00858,-0.002517,-0.007436,-0.00941,-0.008809,-0.001287,0.000915,0.010497,0.01839,0.026084,0.026599,-0.003547,-0.013757,-0.024683,-0.037667,-0.065896,-0.00306,-0.003747,-0.00858,-0.034292,-0.032491,-0.002245,-0.000743,-0.001918,-0.018957,-0.01302,0.000729,0.008247,0.015365,0.020853,0.022359,0.001217,0.007008,0.014168,0.025853,0.044493,-8e-06,0.003098,0.005982,0.006852,0.004948,0.168595,-0.925706,-0.143468,-0.917629,1,0,0,0,0,0,0,0,0,0,0
953,-0.001541,-0.002255,-0.00157,-0.000742,0.010533,0.000571,0.001656,0.002141,0.00314,0.003311,-0.001456,-0.004082,-0.005281,-0.005281,-0.005424,-0.000599,-0.002398,-0.007193,-0.009677,-0.000314,-0.00274,-0.006508,-0.006994,-0.004596,0.008564,0.003968,0.013759,0.021552,0.025034,0.023521,-0.003882,-0.015843,-0.025491,-0.048984,-0.07907,-0.000628,-0.000657,-0.015957,-0.029915,-0.028631,0.000255,0.003221,-0.00589,-0.012687,-0.012911,0.003126,0.011175,0.018189,0.020896,0.019551,0.001887,0.009059,0.016778,0.033596,0.054834,0.001313,0.004847,0.00685,0.005814,0.003865,0.184281,-0.917197,-0.143821,-0.90704,1,0,0,0,0,0,0,0,0,0,0
954,-0.000684,-0.000399,0.000285,0.005498,0.016239,0.000883,0.001168,0.003276,0.00265,0.00114,-0.001339,-0.003675,-0.003476,-0.003675,-0.003818,-0.000684,-0.003105,-0.009259,-0.007293,0.003818,-0.002165,-0.004131,-0.003533,0.00396,0.016353,0.005584,0.013447,0.021111,0.021623,0.010057,-0.006296,-0.017179,-0.030113,-0.058232,-0.087035,-5.7e-05,-0.004872,-0.030484,-0.028689,-0.030398,0.001242,7.1e-05,-0.016901,-0.010987,-0.015167,0.004369,0.011459,0.016925,0.018425,0.008798,0.003773,0.01074,0.02211,0.040247,0.061035,0.001727,0.004533,0.005379,0.003527,0.000628,0.197471,-0.909124,-0.142182,-0.893858,1,0,0,0,0,0,0,0,0,0,0
955,-2.8e-05,0.000655,0.001481,0.012727,0.020757,0.000199,0.000683,0.00168,0.001851,5.7e-05,-0.001281,-0.002477,-0.002477,-0.00262,-0.002306,-0.00111,-0.005894,-0.008371,0.000968,0.007175,-0.001594,-0.002079,0.000313,0.013439,0.024914,0.004186,0.011959,0.015432,0.013923,-0.002135,-0.005638,-0.015261,-0.038695,-0.068705,-0.093761,2.8e-05,-0.015233,-0.029156,-0.027875,-0.048945,0.001717,-0.007371,-0.014151,-0.014374,-0.031937,0.003662,0.010658,0.013358,0.012016,-0.00142,0.003288,0.010871,0.027393,0.048256,0.068686,0.001752,0.003719,0.002702,0.000787,-0.003975,0.21271,-0.884508,-0.143184,-0.88407,1,0,0,0,0,0,0,0,0,0,0
956,0.000313,0.000995,0.006197,0.016913,0.027942,8.5e-05,0.002189,0.001563,5.7e-05,-0.000227,-0.001052,-0.000853,-0.001052,-0.001194,-0.001336,-0.001308,-0.007447,-0.005486,0.0056,0.008528,-0.00037,0.000227,0.007703,0.020068,0.032178,0.003667,0.011313,0.011825,0.000284,-0.008528,-0.00523,-0.018135,-0.046192,-0.07493,-0.106908,-0.004832,-0.030387,-0.028596,-0.030302,-0.067226,-0.002882,-0.019816,-0.013916,-0.018086,-0.043479,0.003418,0.008873,0.010369,0.000764,-0.007438,0.003609,0.014802,0.032656,0.053121,0.076906,0.00103,0.001864,4.1e-05,-0.002814,-0.004868,0.23483,-0.866602,-0.145218,-0.882865,1,0,0,0,0,0,0,0,0,0,0
957,0.000369,0.001194,0.012419,0.020434,0.036804,0.000398,0.001393,0.001563,-0.000227,-0.000654,-0.000142,-0.000142,-0.000284,2.8e-05,-0.000682,-0.003467,-0.00594,0.003382,0.009577,0.009776,-0.000114,0.002274,0.015375,0.026828,0.040868,0.004092,0.00756,0.006053,-0.009975,-0.016796,-0.004377,-0.027766,-0.057721,-0.08273,-0.119448,-0.010402,-0.024299,-0.02302,-0.044051,-0.082503,-0.006189,-0.012957,-0.013179,-0.03071,-0.050838,0.003566,0.006261,0.004921,-0.00849,-0.015201,0.003881,0.020188,0.040781,0.060946,0.084054,0.000912,-9.2e-05,-0.001982,-0.006682,-0.005839,0.256854,-0.842869,-0.14677,-0.875818,1,0,0,0,0,0,0,0,0,0,0
958,0.000312,0.005506,0.016205,0.027216,0.044101,0.001703,0.001078,-0.000426,-0.000709,-0.015949,0.000341,0.000142,0.0,-0.000142,-0.001334,-0.002668,-0.000709,0.010358,0.013282,0.0105,0.000709,0.008173,0.020518,0.032608,0.047422,0.003547,0.004058,-0.007464,-0.016261,-0.037432,-0.008514,-0.036524,-0.065216,-0.097142,-0.12467,-0.015126,-0.013338,-0.015041,-0.051906,-0.09246,-0.010726,-0.004835,-0.008998,-0.03435,-0.055646,0.001885,0.003379,-0.006211,-0.014399,-0.020605,0.007224,0.024876,0.045109,0.068625,0.085715,-7.9e-05,-0.001882,-0.004704,-0.006735,-0.006068,0.272224,-0.822643,-0.148679,-0.861517,1,0,0,0,0,0,0,0,0,0,0
959,0.00051,0.011705,0.019697,0.036022,0.051751,-0.000709,-0.000538,-0.002324,-0.002749,-0.026613,-0.00034,-0.000482,-0.00017,-0.000879,-0.002012,0.000198,0.009494,0.015673,0.015871,0.010571,0.001672,0.014738,0.026159,0.04016,0.055917,-8.5e-05,-0.001587,-0.017572,-0.024374,-0.049569,-0.014823,-0.044694,-0.069635,-0.106252,-0.126374,0.001247,0.002522,-0.01845,-0.056796,-0.099195,0.003963,0.003741,-0.013741,-0.033814,-0.055977,0.000805,-0.00053,-0.013904,-0.020597,-0.021902,0.008839,0.029037,0.048816,0.071481,0.083942,-0.000906,-0.00276,-0.00737,-0.006543,-0.006718,0.289081,-0.801152,-0.151749,-0.855142,1,0,0,0,0,0,0,0,0,0,0
960,0.004657,0.015299,0.02625,0.043045,0.0549,8.5e-05,-0.001411,-0.001694,-0.016851,-0.032714,0.000141,0.0,-0.000141,-0.001327,-0.001496,0.00175,0.012758,0.015665,0.012899,0.005984,0.005758,0.018036,0.030061,0.044795,0.057976,0.000593,-0.010867,-0.019617,-0.040674,-0.06715,-0.013097,-0.041633,-0.073388,-0.100767,-0.111183,0.000536,-0.001157,-0.037823,-0.078158,-0.112904,0.001913,-0.002229,-0.027443,-0.048625,-0.066634,0.000684,-0.008854,-0.016998,-0.023171,-0.033366,0.008406,0.027886,0.050527,0.066982,0.0744,-0.000855,-0.003572,-0.005527,-0.004885,-0.006939,0.294677,-0.788258,-0.150037,-0.83887,1,0,0,0,0,0,0,0,0,0,0
961,0.006429,0.01431,0.03041,0.045922,0.053664,8.4e-05,-0.001677,-0.002096,-0.02563,-0.036559,-0.00028,2.8e-05,-0.000671,-0.001789,0.003047,0.007435,0.013528,0.013723,0.008497,-0.001062,0.007183,0.018447,0.032254,0.047795,0.057521,-0.002068,-0.017832,-0.02454,-0.049388,-0.079406,-0.016491,-0.041087,-0.077198,-0.097043,-0.088434,0.000727,-0.019956,-0.057773,-0.099586,-0.128934,-0.002113,-0.019353,-0.039149,-0.061007,-0.079508,-0.001994,-0.015184,-0.021784,-0.023071,-0.041453,0.010478,0.028423,0.048986,0.060292,0.06234,-0.000884,-0.005066,-0.004316,-0.004475,-0.007471,0.292896,-0.771228,-0.14947,-0.828457,1,0,0,0,0,0,0,0,0,0,0
962,0.004068,0.014806,0.031272,0.042895,0.049011,-0.00155,-0.001826,-0.016687,-0.03224,-0.036972,0.000138,0.0,-0.001162,-0.001328,0.014944,0.003432,0.006282,0.00357,-0.00321,-0.014197,0.004926,0.016715,0.031161,0.044085,0.055182,-0.009188,-0.017767,-0.038411,-0.06437,-0.080614,-0.011651,-0.042784,-0.069628,-0.079839,-0.063429,-0.00238,-0.038328,-0.077874,-0.111941,-0.149079,-0.001968,-0.02669,-0.047457,-0.065114,-0.08649,-0.007377,-0.015361,-0.021413,-0.031409,-0.041738,0.00719,0.026907,0.041236,0.047696,0.050626,-0.001541,-0.003244,-0.002686,-0.004474,-0.007855,0.297007,-0.754377,-0.151308,-0.829662,1,0,0,0,0,0,0,0,0,0,0
963,0.003713,0.019557,0.034823,0.042443,0.046321,-0.000193,-0.000605,-0.023766,-0.034521,-0.037684,0.000165,-0.000523,-0.001623,0.003136,0.034108,0.002586,0.002778,-0.002366,-0.011773,-0.033366,0.006189,0.019777,0.035071,0.044643,0.054958,-0.006382,-0.012983,-0.037437,-0.066979,-0.073498,-0.012626,-0.048164,-0.067694,-0.059222,-0.001788,-0.017989,-0.055206,-0.096356,-0.125238,-0.181132,-0.015011,-0.034493,-0.056003,-0.074211,-0.11747,-0.005648,-0.012143,-0.01341,-0.031501,-0.033487,0.009153,0.027539,0.037647,0.039479,0.039885,-0.002262,-0.001592,-0.001733,-0.004412,-0.007498,0.258703,-0.720526,-0.152772,-0.829746,1,0,0,0,0,0,0,0,0,0,0
964,0.006925,0.023212,0.034708,0.040757,0.044891,-8.2e-05,-0.014781,-0.030164,-0.034845,-0.036569,-0.000301,-0.001451,-0.001615,0.01448,0.057892,0.000246,-0.002436,-0.009142,-0.020009,-0.043905,0.005502,0.01979,0.032573,0.043549,0.057263,-0.002135,-0.022555,-0.04823,-0.064297,-0.064516,-0.01823,-0.044781,-0.054881,-0.03865,0.071004,-0.017655,-0.05677,-0.090465,-0.127199,-0.196177,-0.009515,-0.030055,-0.04752,-0.068663,-0.143083,-0.002277,-0.008263,-0.01815,-0.028366,-0.024849,0.009416,0.022687,0.028671,0.031383,0.028576,0.000609,0.001126,-0.00053,-0.003661,-0.007574,0.205291,-0.69325,-0.16034,-0.839242,1,0,0,0,0,0,0,0,0,0,0
965,0.008843,0.024039,0.031623,0.035483,0.040028,-0.000329,-0.023382,-0.034087,-0.037236,-0.034306,-0.000383,-0.001478,0.003258,0.034087,0.101741,-5.5e-05,-0.005175,-0.014538,-0.036031,-0.082712,0.008022,0.023245,0.032773,0.04304,0.059111,-0.004435,-0.028775,-0.05818,-0.064669,-0.061083,-0.017139,-0.036578,-0.028146,0.029022,0.180757,-0.019384,-0.060343,-0.089091,-0.144726,-0.269656,-0.009874,-0.031285,-0.049409,-0.092466,-0.202768,-0.004188,-0.005448,-0.023455,-0.025432,-0.022209,0.008365,0.018149,0.019921,0.020314,0.01882,3.9e-05,-9.8e-05,-0.002691,-0.005678,-0.010582,0.117918,-0.608988,-0.16626,-0.845186,0,0,1,0,0,0,0,0,0,0,0
966,0.007419,0.018875,0.024903,0.029021,0.030139,-0.01432,-0.029649,-0.034313,-0.036031,-0.034149,-0.000764,-0.000927,0.015111,0.05837,0.132368,-0.002618,-0.009301,-0.020129,-0.043941,-0.090473,0.006246,0.018984,0.029921,0.043586,0.053487,-0.015929,-0.041513,-0.057524,-0.057742,-0.055642,-0.009383,-0.019447,-0.003273,0.105993,0.29444,-0.019666,-0.053242,-0.089846,-0.15858,-0.364156,-0.010631,-0.028034,-0.049102,-0.123259,-0.316188,-0.001793,-0.011645,-0.021825,-0.01832,-0.016045,0.004801,0.010637,0.013284,0.010545,0.010153,0.000467,-0.001149,-0.004204,-0.008021,-0.011738,0.021219,-0.499875,-0.167977,-0.842188,0,0,1,0,0,0,0,0,0,0,0
967,0.007715,0.015266,0.01911,0.023635,0.021808,-0.008642,-0.019301,-0.022435,-0.019519,-0.020364,-0.000327,0.004389,0.035084,0.102445,0.19614,-0.002481,-0.011804,-0.033203,-0.079683,-0.173541,0.008914,0.018401,0.028624,0.044626,0.052531,-0.008314,-0.037592,-0.044053,-0.040482,-0.038792,-0.009977,-0.001581,0.055339,0.206417,0.397432,-0.021127,-0.049751,-0.105144,-0.229534,-0.497888,-0.010693,-0.028738,-0.071609,-0.181434,-0.348708,0.000537,-0.017392,-0.019361,-0.016151,-0.01128,0.00471,0.006429,0.00681,0.005361,0.005331,-0.000598,-0.003114,-0.006011,-0.010769,-0.014727,-0.071307,-0.35502,-0.173262,-0.837261,0,0,1,0,0,0,0,0,0,0,0
968,0.003734,0.009757,0.013872,0.01499,0.0136,-0.006677,-0.011338,-0.013055,-0.011174,-0.012891,0.000164,0.016189,0.059413,0.133353,0.209418,-0.004197,-0.015017,-0.038809,-0.085304,-0.242313,0.003816,0.014744,0.028398,0.038292,0.048403,-0.017252,-0.03325,-0.033468,-0.031369,-0.030197,-8.2e-05,0.01608,0.125258,0.313555,0.518012,-0.012428,-0.049002,-0.117682,-0.323093,-0.463587,-0.006699,-0.02775,-0.101848,-0.294623,-0.219988,-0.010381,-0.020552,-0.017051,-0.014777,-0.009023,0.001103,0.003735,0.001011,0.000621,0.00063,-0.00101,-0.004048,-0.007844,-0.01154,-0.016323,-0.172742,-0.391157,-0.178211,-0.834335,0,0,1,0,0,0,0,0,0,0,0
969,0.003816,0.007659,0.012183,0.010357,0.008476,-0.003979,-0.007113,-0.004197,-0.005042,-0.00556,0.004552,0.03524,0.102586,0.19626,0.24521,-0.005124,-0.026519,-0.072988,-0.166825,-0.276362,0.005669,0.015889,0.031888,0.039792,0.044071,-0.012019,-0.018479,-0.014908,-0.013218,-0.013546,0.008476,0.065384,0.216429,0.407402,0.678585,-0.016189,-0.071571,-0.195933,-0.464228,-0.553596,-0.011342,-0.054204,-0.164005,-0.331242,-0.111325,-0.007544,-0.009512,-0.006303,-0.001433,0.000388,0.000614,0.000994,-0.000453,-0.000482,-0.001442,-0.001502,-0.004395,-0.009145,-0.013097,-0.015878,-0.326833,-0.301551,-0.175635,-0.828292,0,0,1,0,0,0,0,0,0,0,0
970,0.002205,0.006316,0.007433,0.006044,5.4e-05,-0.000681,-0.002396,-0.000517,-0.002233,0.013586,0.011462,0.054642,0.128506,0.204494,0.29728,-0.00569,-0.029458,-0.075906,-0.232754,-0.290092,0.005255,0.018895,0.028778,0.038879,0.042037,-0.003975,-0.004193,-0.002096,-0.000926,0.001688,0.007678,0.116745,0.304849,0.509097,0.756717,-0.020365,-0.088974,-0.294176,-0.434526,-0.623256,-0.009699,-0.083721,-0.2763,-0.20174,-0.063841,-0.002625,0.000873,0.003144,0.008892,-0.00116,0.002004,-0.0007,-0.001088,-0.001078,-0.005022,-0.001525,-0.005294,-0.008964,-0.013713,-0.019314,-0.407363,-0.227383,-0.178221,-0.828066,0,0,1,0,0,0,0,0,0,0,0
971,0.001641,0.006183,0.00435,0.002462,-0.004869,-0.002462,0.000465,-0.000383,-0.000903,0.025305,0.019286,0.086884,0.180907,0.230039,0.327127,-0.015757,-0.0624,-0.156587,-0.266532,-0.316567,0.004979,0.021037,0.02897,0.033265,0.040706,-0.002489,0.001094,0.00279,0.002462,0.009246,0.049405,0.201014,0.3927,0.664895,0.822631,-0.035125,-0.159952,-0.429248,-0.518949,-0.669026,-0.033276,-0.143486,-0.311347,-0.09061,-0.017251,0.000662,0.003883,0.008772,0.010599,-0.003575,-0.001681,-0.003167,-0.003197,-0.004182,-0.009488,-0.001393,-0.006268,-0.010325,-0.013179,-0.021923,-0.472045,-0.172327,-0.181174,-0.827083,0,0,1,0,0,0,0,0,0,0,0
972,0.002494,0.003618,0.00222,-0.00381,-0.009922,0.00074,0.002631,0.000904,0.016828,0.046922,0.024146,0.098504,0.174999,0.268405,0.365265,-0.00814,-0.054898,-0.212795,-0.270516,-0.348354,0.008743,0.018692,0.028861,0.03204,0.040618,0.002275,0.004385,0.005564,0.008195,0.027353,0.060297,0.249658,0.455272,0.704547,0.838215,-0.033876,-0.240449,-0.381737,-0.571729,-0.703972,-0.041178,-0.235044,-0.159986,-0.021165,0.029276,0.002858,0.005144,0.010931,0.000811,-0.004837,-0.001129,-0.001535,-0.001526,-0.005657,-0.01055,-0.002538,-0.006383,-0.011359,-0.017226,-0.024445,-0.527409,-0.118741,-0.186554,-0.822757,0,0,1,0,0,0,0,0,0,0,0
973,0.002073,0.000221,-0.001686,-0.009095,-0.014541,0.002212,0.001355,0.000829,0.027313,0.055594,0.043955,0.138971,0.188621,0.286732,0.354296,-0.038924,-0.134105,-0.24521,-0.295772,-0.388852,0.007409,0.015426,0.019766,0.027285,0.034501,0.001327,0.003041,0.002709,0.009565,0.042241,0.092389,0.286097,0.561163,0.720563,0.806511,-0.091974,-0.36411,-0.454758,-0.606417,-0.740744,-0.069839,-0.23947,-0.016404,0.057728,0.088824,0.000372,0.005312,0.007159,-0.007165,0.001189,-0.000399,-0.000432,-0.001492,-0.007202,-0.01258,-0.002552,-0.006917,-0.009989,-0.019399,-0.023894,-0.536315,-0.07608,-0.187498,-0.832854,0,0,1,0,0,0,0,0,0,0,0
974,-0.000946,-0.002366,-0.008488,-0.014695,-0.024018,-0.000306,-0.002059,0.01411,0.044668,0.057164,0.031254,0.108929,0.203775,0.302128,0.344375,-0.008293,-0.168625,-0.227236,-0.306275,-0.401678,0.002644,0.012969,0.016197,0.024908,0.026773,0.000807,0.002004,0.004676,0.024129,0.042776,0.099272,0.308056,0.561175,0.696904,0.732444,-0.117167,-0.260633,-0.453554,-0.587837,-0.709261,-0.126547,-0.050332,0.090629,0.141848,0.145493,0.001947,0.007823,-0.002453,-0.008188,0.001498,-3.4e-05,-2.3e-05,-0.004622,-0.010067,-0.015481,-0.001606,-0.007144,-0.013675,-0.02171,-0.025871,-0.534396,-0.044323,-0.185908,-0.826722,0,0,1,0,0,0,0,0,0,0,0
975,-0.000917,-0.002833,-0.010276,-0.015748,-0.027885,-0.000555,-0.001083,0.025524,0.053937,0.069407,0.064269,0.114151,0.21272,0.2806,0.31565,-0.087349,-0.198972,-0.249771,-0.343285,-0.42869,0.005416,0.009776,0.017331,0.02458,0.022608,0.000917,0.000583,0.007471,0.0403,0.045882,0.095542,0.371892,0.532037,0.618386,0.622357,-0.156478,-0.247549,-0.399916,-0.53487,-0.640577,-0.044134,0.179974,0.254452,0.285693,0.266055,0.00302,0.004876,-0.009515,-0.001122,-0.006692,-0.0,-0.001096,-0.006995,-0.012551,-0.018281,-0.002927,-0.006101,-0.015823,-0.020466,-0.026842,-0.517077,-0.012427,-0.186727,-0.833842,0,0,1,0,0,0,0,0,0,0,0
976,-0.000497,-0.006565,-0.012717,-0.021958,-0.030371,-0.001186,0.014841,0.045129,0.057515,0.071887,0.013158,0.107168,0.204653,0.246528,0.226528,-0.072162,-0.130257,-0.208598,-0.30316,-0.398521,0.004855,0.008055,0.016689,0.018537,0.017296,0.000276,0.002924,0.022206,0.040688,0.048301,0.11205,0.362936,0.497469,0.532695,0.504282,0.013213,-0.178006,-0.311104,-0.431458,-0.517192,0.119376,0.259094,0.309861,0.313474,0.301866,0.002825,-0.00736,-0.013045,-0.003444,-0.007058,1.1e-05,-0.004312,-0.00943,-0.014518,-0.014012,-0.002415,-0.008553,-0.016105,-0.020015,-0.024169,-0.494483,0.01534,-0.193323,-0.835135,0,0,1,0,0,0,0,0,0,0,0
977,-0.001402,-0.008766,-0.01418,-0.026189,-0.033664,0.00066,0.026986,0.055098,0.070405,0.071394,0.036247,0.133775,0.200937,0.235618,0.199783,-0.038555,-0.088817,-0.181344,-0.265846,-0.374339,-0.000522,0.006953,0.014125,0.012174,0.004946,-0.000605,0.006211,0.038693,0.044216,0.047376,0.161805,0.320257,0.405694,0.409624,0.369502,-0.103272,-0.25403,-0.387557,-0.492148,-0.559338,0.102816,0.176508,0.207418,0.187988,0.16702,-0.000978,-0.015217,-0.006912,-0.012424,-0.010318,-0.001027,-0.006504,-0.011662,-0.016981,-0.011946,-0.000595,-0.009621,-0.013931,-0.01985,-0.019569,-0.470298,0.035898,-0.196539,-0.838245,0,0,1,0,0,0,0,0,0,0,0
978,-0.004604,-0.010679,-0.019806,-0.028115,-0.032365,0.015174,0.045087,0.057319,0.071513,0.068679,0.05691,0.153187,0.194541,0.17479,0.143652,-0.019152,-0.096521,-0.18991,-0.284089,-0.363256,0.003678,0.012205,0.01403,0.012804,0.003433,0.003215,0.022257,0.04051,0.048029,0.047048,0.087368,0.220231,0.255021,0.22696,0.172011,-0.086469,-0.217916,-0.336776,-0.421447,-0.465908,0.036058,0.086195,0.089763,0.078299,0.043472,-0.009089,-0.014704,-0.005221,-0.00879,-0.008995,-0.002994,-0.007684,-0.012347,-0.011883,-0.009363,-0.005065,-0.011985,-0.015568,-0.019375,-0.017082,-0.433415,0.04517,-0.199156,-0.838181,1,0,0,0,0,0,0,0,0,0,0
979,-0.002679,-0.008009,-0.019832,-0.027192,-0.032576,0.01085,0.038529,0.053599,0.054573,0.052814,0.039503,0.105629,0.139774,0.104492,0.087393,-0.030466,-0.121565,-0.204764,-0.311583,-0.366481,0.003707,0.010769,0.008847,0.001732,-0.00552,0.003517,0.035498,0.040937,0.044048,0.044589,0.069238,0.153357,0.157226,0.117723,0.067046,-0.062555,-0.194023,-0.297,-0.363153,-0.395161,0.036744,0.067177,0.048047,0.027403,-0.011993,-0.004992,0.003184,-0.002242,-0.000169,0.001276,-0.002059,-0.006684,-0.011456,-0.006939,-0.006063,-0.003268,-0.007134,-0.012442,-0.01219,-0.011144,-0.409883,0.054648,-0.199859,-0.84042,1,0,0,0,0,0,0,0,0,0,0
980,-0.003345,-0.01238,-0.020607,-0.024815,-0.033931,0.0188,0.03091,0.044963,0.042158,0.038813,0.055941,0.096885,0.07733,0.0465,0.047256,-0.046231,-0.138692,-0.231936,-0.310318,-0.343062,0.004747,0.006554,0.005341,-0.003938,-0.017991,0.015347,0.033419,0.040863,0.039892,0.040513,0.062522,0.096966,0.069184,0.014781,-0.013028,-0.067782,-0.185462,-0.269293,-0.313312,-0.322024,0.01301,0.016543,0.005192,-0.029289,-0.063763,-0.000582,0.008806,0.005273,0.005069,0.00698,-0.002359,-0.006707,-0.006275,-0.003925,-0.003341,-0.003256,-0.006597,-0.010147,-0.008009,-0.005565,-0.396214,0.038323,-0.195054,-0.843179,1,0,0,0,0,0,0,0,0,0,0
981,-0.001979,-0.013823,-0.021195,-0.026589,-0.033663,0.008836,0.023932,0.024908,0.023146,0.01553,0.010028,0.044233,0.00889,-0.008239,-0.002765,-0.044802,-0.128146,-0.235151,-0.290144,-0.310472,0.002304,0.000379,-0.006749,-0.014013,-0.02442,0.016615,0.022062,0.025179,0.025721,0.025504,0.021439,0.025315,-0.014256,-0.065022,-0.080742,-0.063585,-0.166741,-0.23301,-0.265073,-0.272147,0.017413,-0.001751,-0.022431,-0.061895,-0.086185,0.008776,0.00334,0.005417,0.006864,0.012565,-0.002242,-0.007071,-0.0025,-0.001613,-0.001266,-0.000545,-0.005918,-0.005663,-0.004604,-0.002202,-0.385535,0.051958,-0.198171,-0.847117,1,0,0,0,0,0,0,0,0,0,0
982,-0.007078,-0.015319,-0.019533,-0.028665,-0.031097,0.003323,0.017399,0.014589,0.011239,0.006133,0.031016,0.011428,-0.019452,-0.018696,-0.017075,-0.047955,-0.141353,-0.219865,-0.252663,-0.273412,-0.000486,-0.001702,-0.010996,-0.025072,-0.026342,0.00154,0.008997,0.008024,0.008645,0.013157,0.01313,-0.014697,-0.069191,-0.097045,-0.10823,-0.054493,-0.138462,-0.182554,-0.191281,-0.215974,-0.013819,-0.025189,-0.059727,-0.094258,-0.10538,0.000656,-0.002883,-0.003087,-0.001173,0.008238,-0.002207,-0.001769,0.000608,0.001199,0.00095,-0.002847,-0.006438,-0.004276,-0.001803,-0.000776,-0.376977,0.05852,-0.199341,-0.854024,1,0,0,0,0,0,0,0,0,0,0
983,-0.004698,-0.012,-0.017343,-0.024349,-0.024457,0.011651,0.012618,0.010873,0.003329,0.000752,0.00306,-0.031947,-0.048913,-0.04349,-0.040511,-0.0349,-0.140888,-0.195358,-0.215493,-0.230285,-0.001423,-0.008483,-0.015678,-0.025987,-0.025853,0.003866,0.006953,0.00749,0.007275,0.012027,-0.009208,-0.048403,-0.098686,-0.114256,-0.123975,-0.048027,-0.113666,-0.145425,-0.152431,-0.165667,-0.00525,-0.025733,-0.064822,-0.088882,-0.101442,-0.006036,-0.003979,-0.002545,0.003101,0.010049,-0.002407,0.001869,0.002699,0.003023,0.002963,-0.002302,-0.002064,-0.001073,0.001174,0.002197,-0.371683,0.064002,-0.20056,-0.855109,1,0,0,0,0,0,0,0,0,0,0
984,-0.003504,-0.00771,-0.016821,-0.019247,-0.019516,0.002345,-0.000458,-0.003801,-0.008896,-0.011025,-0.022616,-0.053428,-0.052673,-0.051055,-0.039922,-0.058145,-0.13648,-0.169205,-0.189908,-0.194598,0.000216,-0.009057,-0.023102,-0.024369,-0.024422,0.003558,0.002588,0.003208,0.00771,0.008761,-0.018519,-0.07289,-0.100682,-0.111842,-0.118204,-0.035555,-0.079548,-0.088255,-0.112893,-0.111465,-0.006072,-0.040533,-0.074986,-0.086083,-0.104609,0.00253,0.002327,0.004236,0.013626,0.016683,0.002907,0.005248,0.005829,0.005584,0.005582,-0.001166,0.000963,0.003398,0.004408,0.004832,-0.367676,0.057591,-0.200587,-0.855555,1,0,0,0,0,0,0,0,0,0,0
985,-0.003815,-0.009161,-0.016173,-0.01628,-0.015743,-0.00137,-0.003116,-0.010666,-0.013245,-0.013916,-0.012492,-0.029471,-0.024044,-0.021062,-0.013943,-0.048116,-0.102626,-0.122775,-0.137577,-0.126106,-0.007281,-0.01448,-0.024797,-0.024662,-0.024958,-0.000457,8.1e-05,-0.000134,0.004621,0.005104,-0.020767,-0.071086,-0.086668,-0.096393,-0.098381,-0.03025,-0.062032,-0.069044,-0.082288,-0.071892,-0.014446,-0.053564,-0.07764,-0.090209,-0.098485,-0.000462,0.000973,0.006623,0.013575,0.01437,0.001458,0.002292,0.002618,0.002557,0.002492,0.001378,0.002374,0.004632,0.005661,0.006209,-0.367295,0.05257,-0.201016,-0.857937,1,0,0,0,0,0,0,0,0,0,0
986,-0.000376,-0.009451,-0.011868,-0.012136,-0.011706,-0.001423,-0.004752,-0.009827,-0.011948,-0.012754,-0.018204,-0.017452,-0.015841,-0.004752,-0.003786,-0.029937,-0.062533,-0.083153,-0.087825,-0.06946,-0.00196,-0.015949,-0.017211,-0.017264,-0.017586,-0.00051,0.000107,0.004591,0.005638,0.006578,-0.033401,-0.061083,-0.072199,-0.078535,-0.074615,-0.013586,-0.022258,-0.046799,-0.045376,-0.033911,-0.019887,-0.054203,-0.065256,-0.083709,-0.078738,0.00026,0.002161,0.011514,0.014559,0.015937,0.000824,0.001389,0.001151,0.001149,0.001049,0.000698,0.003066,0.004049,0.004461,0.005069,-0.371988,0.043694,-0.201377,-0.861463,1,0,0,0,0,0,0,0,0,0,0
987,-0.004953,-0.011942,-0.012049,-0.011513,-0.011165,-0.000321,-0.007845,-0.010416,-0.011085,-0.01146,0.001232,0.00664,0.009612,0.016708,0.015798,-0.024473,-0.044554,-0.059308,-0.047875,-0.032211,-0.005221,-0.015503,-0.015369,-0.015664,-0.016253,0.001044,0.00083,0.005569,0.006051,0.007952,-0.016842,-0.032372,-0.042064,-0.044046,-0.023161,-0.018127,-0.025115,-0.038316,-0.027954,-0.01304,-0.019155,-0.043151,-0.055678,-0.063926,-0.043019,0.001171,0.006802,0.013732,0.014524,0.016339,6e-06,0.000324,0.000265,0.000201,0.000347,0.000288,0.002494,0.003498,0.004034,0.004804,-0.390324,0.035951,-0.200913,-0.863249,1,0,0,0,0,0,0,0,0,0,0
988,-0.004083,-0.006484,-0.006751,-0.006324,-0.006004,-0.002989,-0.008032,-0.01014,-0.01094,-0.009659,-0.00048,0.001121,0.012141,0.013102,0.012941,-0.008005,-0.028498,-0.033141,-0.014889,-0.005657,-0.008699,-0.009953,-0.010006,-0.010326,-0.010833,-0.000427,0.004029,0.00507,0.006004,0.007738,-0.010727,-0.021774,-0.028071,-0.024175,0.005443,0.009446,-0.014943,-0.013528,-0.002135,0.009499,-0.015015,-0.026,-0.044339,-0.039398,-0.011739,0.000723,0.010018,0.013044,0.014413,0.014555,0.000535,0.000307,0.000305,0.000209,0.00053,0.001986,0.002927,0.003322,0.003904,0.004328,-0.402916,0.032256,-0.199031,-0.862702,1,0,0,0,0,0,0,0,0,0,0
989,-0.00288,-0.002987,-0.002454,-0.002107,-0.0004,-0.004507,-0.007067,-0.007734,-0.008107,-0.002347,0.005867,0.008827,0.015894,0.014988,0.011334,-0.012001,-0.026695,-0.015308,0.000293,0.014161,-0.001547,-0.001413,-0.001707,-0.002293,2.7e-05,0.000213,0.004934,0.005414,0.007307,0.012161,-0.004747,-0.014401,-0.016374,0.004427,0.019015,-0.016401,-0.029549,-0.019228,-0.004374,0.005147,-0.008894,-0.02137,-0.029586,-0.008762,0.009941,0.004887,0.011788,0.012577,0.014385,0.013744,-0.000223,-0.000281,-0.000343,-0.000202,-0.000199,0.000167,0.001144,0.001665,0.002413,0.002012,-0.407481,0.027867,-0.195254,-0.863324,1,0,0,0,0,0,0,0,0,0,0
990,0.000479,0.000213,0.000639,0.000958,0.005403,-0.000532,-0.002635,-0.003434,-0.002156,0.004046,-0.004259,0.006734,0.007693,0.007533,0.005004,-0.008465,-0.013096,0.005111,0.01432,0.050548,0.000293,0.00024,-8e-05,-0.000586,0.002156,0.004232,0.00527,0.006202,0.007932,0.014267,-0.006282,-0.012564,-0.008677,0.020868,0.032793,-0.007959,-0.006548,0.004818,0.016423,0.042349,-0.002081,-0.020375,-0.015446,0.012145,0.028967,0.004395,0.007413,0.008779,0.008921,0.008467,-4e-06,-6e-06,-0.0001,0.000215,-1e-06,0.000761,0.001148,0.001721,0.002138,0.002871,-0.417097,0.007049,-0.181992,-0.865836,1,0,0,0,0,0,0,0,0,0,0
991,-0.000585,-5.3e-05,0.000293,0.001995,0.011943,-0.002022,-0.002687,-0.003059,0.002687,0.006996,0.007209,0.014258,0.013353,0.009709,0.008592,-0.006198,0.00516,0.020721,0.034554,0.093499,-0.00016,-0.000452,-0.001037,0.001277,0.005533,0.000479,0.000958,0.002846,0.007687,0.013593,-0.003352,-0.00532,0.015428,0.029978,0.049636,-0.00516,0.005134,0.01995,0.029446,0.079933,-0.010365,-0.018559,0.002211,0.020866,0.043226,0.002492,0.003279,0.005082,0.004442,0.004027,-5.3e-05,-0.000114,2.5e-05,2.8e-05,-6.6e-05,0.000202,0.000714,0.001449,0.001055,0.003669,-0.427735,-0.022773,-0.1689,-0.867973,1,0,0,0,0,0,0,0,0,0,0
992,0.000319,0.000744,0.001063,0.0055,0.013868,-8e-05,-0.000877,0.000399,0.006589,0.011398,0.003773,0.004729,0.00457,0.002046,0.007997,0.001567,0.01974,0.028932,0.065091,0.133715,0.000106,-0.000213,-0.000717,0.002019,0.007253,0.000558,0.001488,0.003215,0.009538,0.017694,-0.002922,0.000956,0.030447,0.042349,0.068332,0.006562,0.017907,0.02949,0.055367,0.125107,-0.007907,-0.002988,0.024551,0.041342,0.060199,0.000524,0.001887,0.002029,0.001575,0.003686,5.1e-05,-4.2e-05,0.000268,5.5e-05,0.000532,0.000182,0.000747,0.001159,0.001882,0.003671,-0.441623,-0.063369,-0.169261,-0.86841,1,0,0,0,0,0,0,0,0,0,0
993,0.000213,0.000558,0.002258,0.012193,0.014185,-0.000584,-0.000956,0.004782,0.009085,0.011768,0.003267,0.002364,-0.001275,-0.002391,0.004569,0.009776,0.025316,0.039129,0.097996,0.156703,-0.000398,-0.000983,0.001328,0.005578,0.007651,-8e-05,0.001806,0.006641,0.012538,0.02149,0.000956,0.021676,0.036207,0.055838,0.086307,0.003719,0.018515,0.027999,0.078418,0.166611,-0.000278,0.020465,0.039095,0.061424,0.076974,0.000262,0.002063,0.001424,0.00101,0.006959,-0.000111,2.7e-05,2.9e-05,-6.4e-05,0.002467,0.000325,0.001053,0.000663,0.003252,0.004158,-0.45783,-0.112076,-0.169003,-0.865324,1,0,0,0,0,0,0,0,0,0,0
994,0.000213,0.000532,0.004977,0.013362,0.018526,-0.000213,0.001065,0.007267,0.012084,0.015145,-0.002316,-0.002475,-0.005004,0.000958,0.006441,0.008411,0.017621,0.053847,0.1226,0.182037,8e-05,-0.000426,0.002316,0.007559,0.009396,0.001011,0.002742,0.009077,0.017248,0.025739,0.002928,0.032473,0.044398,0.07043,0.098804,0.007639,0.019244,0.04517,0.115041,0.224253,0.005206,0.032797,0.049619,0.068512,0.081796,0.001103,0.001245,0.000791,0.002905,0.00697,1.8e-05,0.000333,0.000117,0.0006,0.004942,0.000243,0.00066,0.001393,0.003206,0.005545,-0.471096,-0.171344,-0.167551,-0.861672,1,0,0,0,0,0,0,0,0,0,0
995,0.000134,0.001843,0.011832,0.013835,0.035842,-0.00016,0.005609,0.009935,0.012633,0.015357,0.001416,-0.002243,-0.003365,0.003632,0.008707,0.007184,0.021073,0.080257,0.139282,0.22229,-0.000668,0.001656,0.005929,0.008012,0.015971,0.000881,0.005742,0.011671,0.020672,0.029299,0.017894,0.032504,0.052241,0.082875,0.092035,0.007211,0.016746,0.067437,0.156108,0.27453,0.015631,0.034361,0.056812,0.072445,0.072056,0.000704,6.1e-05,-0.000355,0.005626,0.006917,0.000124,0.000127,3.1e-05,0.002659,0.005807,0.000508,0.000103,0.002791,0.003732,0.0112,-0.465958,-0.224061,-0.165554,-0.865135,1,0,0,0,0,0,0,0,0,0,0
996,0.000187,0.004654,0.01308,0.01827,0.049566,0.001444,0.007677,0.012519,0.015595,0.015488,-0.001578,-0.004119,0.001872,0.007383,0.009014,0.00206,0.038465,0.107558,0.167289,0.252378,0.00016,0.002916,0.008185,0.010031,0.024235,0.000856,0.007222,0.015434,0.023967,0.030708,0.01177,0.023753,0.049914,0.078429,0.079178,0.00444,0.030494,0.100711,0.210463,0.30906,0.012072,0.028978,0.047964,0.061314,0.059471,-0.000562,-0.001019,0.001106,0.00519,0.006669,0.0002,-2.4e-05,0.000476,0.004971,0.00614,-8.1e-05,0.000677,0.002554,0.004975,0.014135,-0.472119,-0.255313,-0.166903,-0.870407,1,0,0,0,0,0,0,0,0,0,0
997,0.001528,0.011556,0.013567,0.035661,0.064967,0.004344,0.008687,0.011395,0.01413,0.011985,-0.002091,-0.003218,0.003807,0.008902,0.009304,0.011878,0.071295,0.130552,0.213886,0.280542,0.002172,0.006462,0.008553,0.016544,0.031746,0.004022,0.009974,0.01901,0.027671,0.033462,0.002869,0.022684,0.053438,0.062635,0.060999,0.005121,0.056012,0.14503,0.263918,0.359747,0.006703,0.029242,0.044936,0.044546,0.04211,-8.2e-05,-0.0005,0.005505,0.006802,0.010603,-0.000201,-0.0003,0.002401,0.005637,0.008173,-0.000334,0.00243,0.003396,0.011073,0.019176,-0.465634,-0.301694,-0.167931,-0.879731,1,0,0,0,0,0,0,0,0,0,0
998,0.002959,0.011432,0.01665,0.048121,0.069128,0.00191,0.006778,0.009872,0.009764,0.006025,-0.000457,0.005568,0.011109,0.01275,0.009603,0.024693,0.094171,0.154234,0.239797,0.308657,0.000592,0.005891,0.007747,0.02203,0.032789,0.002367,0.010625,0.019205,0.025984,0.029857,0.009172,0.035479,0.064152,0.064905,0.056997,0.021061,0.091669,0.202032,0.301179,0.416895,0.010275,0.029367,0.042791,0.040938,0.037675,-0.000377,0.001759,0.005866,0.007354,0.012026,-2.8e-05,0.000492,0.005166,0.006381,0.010433,0.00113,0.003081,0.005598,0.015122,0.021469,-0.465333,-0.350311,-0.162453,-0.889182,1,0,0,0,0,0,0,0,0,0,0
999,0.007103,0.009121,0.031292,0.0607,0.076871,0.002448,0.005166,0.00791,0.005758,-0.022332,-0.000673,0.006377,0.011489,0.011892,-0.007453,0.034924,0.094386,0.17801,0.244899,0.309473,0.003713,0.005812,0.01383,0.029085,0.033471,0.003605,0.012673,0.021363,0.027175,0.02957,0.010709,0.04157,0.050799,0.049157,0.032987,0.03,0.119328,0.23863,0.334792,0.475914,0.012338,0.028088,0.027696,0.025252,0.040996,-4.2e-05,0.005984,0.007285,0.011099,0.038005,-7.4e-05,0.002694,0.006009,0.008607,0.015665,0.001699,0.002689,0.010554,0.018858,0.030445,-0.452455,-0.421806,-0.152293,-0.899454,1,0,0,0,0,0,0,0,0,0,0
1000,0.001371,0.006587,0.038044,0.059042,0.080767,0.00242,0.005512,0.005404,0.001667,-0.034441,0.006695,0.012233,0.013873,0.010728,-0.034603,0.034549,0.094586,0.180112,0.248941,0.309086,0.001586,0.003441,0.017718,0.028473,0.031887,0.004651,0.013228,0.020003,0.023875,0.034253,0.015594,0.044255,0.045008,0.037103,-0.011077,0.040598,0.150913,0.250016,0.365682,0.527403,0.006754,0.020172,0.01832,0.015058,0.040322,0.002178,0.006283,0.007769,0.01244,0.053879,0.000592,0.005251,0.006462,0.010502,0.021174,0.000254,0.002764,0.012258,0.018586,0.038505,-0.420919,-0.497641,-0.142725,-0.912123,1,0,0,0,0,0,0,0,0,0,0
1001,0.000644,0.022751,0.052074,0.068198,0.094409,0.000295,0.003032,0.000885,-0.027124,-0.028814,0.000349,0.005446,0.005849,-0.013441,-0.063127,0.024816,0.108199,0.174895,0.239283,0.322129,0.00051,0.008505,0.023716,0.028089,0.040967,0.0044,0.013065,0.01886,0.021248,0.040323,0.015212,0.024414,0.022777,0.006653,-0.061303,0.048559,0.167517,0.263402,0.404117,0.560688,0.008965,0.008574,0.006137,0.021835,0.034702,0.003835,0.005132,0.008935,0.035764,0.053558,0.002129,0.005378,0.007924,0.01484,0.024162,0.00072,0.008428,0.016564,0.02792,0.041962,-0.384274,-0.559766,-0.140328,-0.917701,1,0,0,0,0,0,0,0,0,0,0
1002,0.004573,0.03605,0.057061,0.078798,0.087945,0.002798,0.00269,-0.001049,-0.037179,-0.021468,0.005192,0.006833,0.003686,-0.041672,-0.078179,0.035189,0.120766,0.189637,0.249818,0.345457,0.001345,0.01563,0.026392,0.029808,0.04213,0.00417,0.010949,0.014823,0.025208,0.034785,0.013424,0.014178,0.006268,-0.041941,-0.095074,0.061688,0.160851,0.276586,0.438406,0.627962,0.004437,0.002584,-0.00068,0.024599,0.061702,0.000262,0.001749,0.006422,0.047887,0.042468,0.002508,0.003724,0.007782,0.018499,0.03257,0.001786,0.011321,0.017675,0.037679,0.034117,-0.367134,-0.669368,-0.138415,-0.920303,1,0,0,0,0,0,0,0,0,0,0
1003,0.017594,0.046999,0.063168,0.089452,0.084529,-5.4e-05,-0.002206,-0.030293,-0.031988,-0.013425,-8.1e-05,0.000323,-0.01902,-0.068844,-0.103307,0.048425,0.115306,0.179873,0.262949,0.344706,0.006672,0.021926,0.026311,0.039224,0.044417,0.00452,0.010331,0.012725,0.031853,0.029728,-0.004197,-0.005838,-0.022007,-0.090151,-0.166233,0.057599,0.15375,0.294855,0.45186,0.650511,-0.004829,-0.007273,0.00847,0.021372,0.066055,0.001039,0.004853,0.031755,0.049599,0.031208,0.000805,0.0034,0.010452,0.019956,0.045249,0.006072,0.014368,0.025947,0.040263,0.028602,-0.313555,-0.756346,-0.139669,-0.935615,1,0,0,0,0,0,0,0,0,0,0
1004,0.013861,0.034841,0.056546,0.065679,0.077498,-5.4e-05,-0.003788,-0.039864,-0.024176,-0.014721,0.001719,-0.001424,-0.046714,-0.083166,-0.126684,0.037097,0.105865,0.165957,0.261453,0.312197,0.007602,0.018347,0.021759,0.034062,0.042873,0.002256,0.006125,0.016494,0.026057,0.017676,0.004943,-0.002955,-0.051093,-0.104146,-0.222905,0.041503,0.157065,0.318644,0.507917,0.63452,0.002971,-0.000288,0.024953,0.062001,0.06976,0.000448,0.005114,0.046517,0.041106,0.023025,0.000408,0.004422,0.015028,0.028953,0.055701,0.003426,0.009715,0.029511,0.025986,0.025195,-0.251404,-0.804194,-0.141573,-0.942638,1,0,0,0,0,0,0,0,0,0,0
1005,0.015548,0.031742,0.058068,0.053137,0.071488,-0.002102,-0.030233,-0.031931,-0.013338,-0.01579,-0.00132,-0.020694,-0.070598,-0.105116,-0.14284,0.029775,0.094445,0.177654,0.259543,0.298399,0.007653,0.012045,0.024979,0.030179,0.039637,0.003557,0.005955,0.025114,0.022985,0.008192,-0.006602,-0.022796,-0.09105,-0.167253,-0.299477,0.054673,0.196005,0.353261,0.55223,0.61108,-0.005428,0.010339,0.023262,0.068016,0.034214,0.003371,0.030317,0.048189,0.029768,0.01591,0.002208,0.009339,0.018951,0.044528,0.066166,0.004888,0.016597,0.031074,0.019282,0.023652,-0.173847,-0.809794,-0.137375,-0.934937,1,0,0,0,0,0,0,0,0,0,0
1006,0.005502,0.027292,0.036461,0.048327,0.060301,-0.001645,-0.037863,-0.022114,-0.012621,-0.014536,-0.001834,-0.047302,-0.083898,-0.127587,-0.160299,0.039239,0.099567,0.195439,0.246382,0.288479,0.003128,0.006553,0.018905,0.02775,0.033252,0.000324,0.010733,0.020334,0.01192,-0.00302,-0.001321,-0.049649,-0.102911,-0.222137,-0.344142,0.061299,0.223513,0.413531,0.540632,0.602606,0.002161,0.027502,0.064695,0.072484,0.05225,0.001311,0.042877,0.037445,0.019293,0.005269,0.001906,0.012807,0.02712,0.054613,0.071391,0.001547,0.021895,0.018272,0.017459,0.01993,-0.118003,-0.84873,-0.129045,-0.930268,1,0,0,0,0,0,0,0,0,0,0
1007,0.010729,0.037134,0.032188,0.050593,0.061971,-0.026567,-0.028269,-0.009621,-0.012081,-0.016675,-0.017594,-0.067646,-0.102266,-0.140103,-0.188101,0.02554,0.108996,0.191128,0.230099,0.256558,0.00127,0.014243,0.019459,0.028945,0.029539,0.002081,0.021296,0.019161,0.004324,-0.009189,-0.014918,-0.083375,-0.159805,-0.292421,-0.389552,0.080321,0.238045,0.437605,0.496629,0.594815,0.013649,0.02661,0.071497,0.037595,0.089582,0.025712,0.043637,0.025162,0.011263,0.000542,0.005346,0.015159,0.041274,0.063365,0.07797,0.010383,0.025165,0.013125,0.017587,0.022849,-0.068281,-0.889834,-0.122076,-0.92115,1,0,0,0,0,0,0,0,0,0,0
1008,0.011157,0.020387,0.032332,0.044385,0.0569,-0.009773,0.006081,0.015637,0.013709,0.003529,-0.028097,-0.064935,-0.108913,-0.141842,-0.179522,0.035074,0.13158,0.182861,0.225237,0.260202,0.002172,0.014605,0.023509,0.029047,0.030133,0.008388,0.018053,0.009583,-0.005456,-0.014388,-0.033662,-0.087277,-0.207293,-0.330105,-0.410025,0.082608,0.273884,0.401826,0.46421,0.553903,0.011798,0.049239,0.057079,0.036711,0.080004,0.016014,0.010546,-0.007726,-0.021843,-0.0226,0.005901,0.02089,0.049683,0.067254,0.084529,0.010597,0.006802,0.005951,0.008539,0.015354,-0.029738,-0.918561,-0.117904,-0.920909,1,0,0,0,0,0,0,0,0,0,0
1009,0.015437,0.010446,0.029019,0.040502,0.053702,0.0081,0.026919,0.024437,0.019801,0.005428,-0.022283,-0.057221,-0.095404,-0.143843,-0.163753,0.048984,0.13187,0.171199,0.1979,0.248575,0.01091,0.016173,0.025747,0.026347,0.02951,0.010964,0.008809,-0.006164,-0.019801,-0.027247,-0.035265,-0.112396,-0.246229,-0.344252,-0.410119,0.076176,0.277567,0.337133,0.43622,0.508687,0.001226,0.046525,0.012312,0.064776,0.078415,0.002001,-0.016644,-0.030671,-0.04149,-0.036231,0.004364,0.032202,0.055753,0.071321,0.090085,0.004808,-0.008027,-0.00327,0.002339,0.009201,0.005515,-0.937046,-0.111897,-0.912709,1,0,0,0,0,0,0,0,0,0,0
1010,-0.006137,0.005811,0.017867,0.030385,0.046133,0.007793,0.017351,0.015423,0.005241,-0.005485,-0.014663,-0.058651,-0.091588,-0.129277,-0.151543,0.047763,0.099055,0.141442,0.176415,0.20145,0.001575,0.010481,0.01602,0.017107,0.022429,-0.001249,-0.009721,-0.024764,-0.033697,-0.03644,-0.018519,-0.138563,-0.261405,-0.341344,-0.405209,0.115483,0.243457,0.305855,0.39557,0.483764,0.036228,0.044071,0.023697,0.067001,0.125446,-0.007461,-0.025738,-0.039858,-0.040615,-0.034256,0.010784,0.039626,0.057227,0.074531,0.097298,-0.008462,-0.009315,-0.006723,0.000104,0.007255,0.040289,-0.974399,-0.110166,-0.909327,1,0,0,0,0,0,0,0,0,0,0
1011,0.001172,0.019735,0.03121,0.044403,0.058332,0.010985,0.008504,0.003871,-0.010494,-0.023305,-0.020198,-0.058359,-0.106769,-0.126667,-0.147165,0.03489,0.074196,0.100881,0.151526,0.142667,0.00368,0.013247,0.013847,0.017009,0.02276,-0.0009,-0.015864,-0.029493,-0.036934,-0.035381,-0.058495,-0.192249,-0.290213,-0.356041,-0.434543,0.085344,0.144875,0.243902,0.316326,0.36877,0.008905,-0.025289,0.027145,0.040775,0.099933,-0.011144,-0.025162,-0.035975,-0.030719,-0.017576,0.016645,0.040097,0.055601,0.074287,0.118489,-0.004089,0.000648,0.006234,0.013067,0.019851,0.090682,-0.96723,-0.105263,-0.90821,1,0,0,0,0,0,0,0,0,0,0
1012,0.011017,0.023338,0.036131,0.052227,0.064659,-0.001415,-0.003386,-0.013792,-0.024754,-0.03566,-0.024393,-0.058054,-0.096572,-0.119328,-0.135895,0.0169,0.060219,0.095962,0.121548,0.112141,0.005356,0.011017,0.012127,0.017566,0.020369,-0.007742,-0.023116,-0.032246,-0.035049,-0.035216,-0.063133,-0.188677,-0.270375,-0.335645,-0.407075,0.043902,0.107673,0.199361,0.289495,0.292937,-0.001051,-0.021872,0.022384,0.082115,0.095532,-0.007333,-0.021764,-0.022538,-0.016039,-0.006556,0.014718,0.035215,0.055367,0.08188,0.132336,0.003642,0.006661,0.014611,0.022939,0.031725,0.117649,-0.961165,-0.100373,-0.901652,1,0,0,0,0,0,0,0,0,0,0
1013,0.008006,0.019874,0.033519,0.047924,0.061174,-0.001128,-0.00592,-0.020776,-0.034026,-0.038255,-0.014687,-0.064754,-0.085333,-0.106532,-0.113016,0.023483,0.051081,0.10346,0.094298,0.090436,0.004454,0.005074,0.008344,0.014293,0.01714,-0.007611,-0.021707,-0.029403,-0.027796,-0.02929,-0.074198,-0.175515,-0.243595,-0.324784,-0.369297,0.016971,0.119387,0.19429,0.248529,0.251714,-0.034296,0.019932,0.034029,0.095211,0.104946,-0.007048,-0.018231,-0.012796,0.000798,0.002362,0.013251,0.032874,0.056522,0.112466,0.153227,0.001929,0.008999,0.017647,0.026233,0.035908,0.141975,-0.959287,-0.09835,-0.90258,1,0,0,0,0,0,0,0,0,0,0
1014,0.00451,0.017503,0.033851,0.046478,0.057442,-0.000874,-0.011443,-0.022576,-0.033653,-0.037571,-0.019504,-0.058626,-0.081738,-0.098564,-0.096845,0.020519,0.056822,0.082809,0.073254,0.062966,0.001297,0.002424,0.007948,0.010795,0.014572,-0.008005,-0.017278,-0.020124,-0.020293,-0.021928,-0.053327,-0.136304,-0.202596,-0.275145,-0.306798,0.047802,0.140927,0.232473,0.235968,0.22382,0.013142,0.058091,0.118758,0.132385,0.134007,-0.00761,-0.008396,-0.001795,0.007836,0.009373,0.009618,0.032086,0.061646,0.117901,0.155518,0.001439,0.010303,0.019588,0.029384,0.036148,0.156819,-0.946854,-0.095148,-0.902348,1,0,0,0,0,0,0,0,0,0,0
1015,0.007389,0.021092,0.03556,0.048866,0.059143,-0.003935,-0.018856,-0.032162,-0.036409,-0.036437,-0.03069,-0.051358,-0.072648,-0.07916,-0.078395,0.007106,0.05971,0.050508,0.046629,0.046261,-0.000679,0.002605,0.008578,0.011438,0.015968,-0.006115,-0.013844,-0.012231,-0.013731,-0.013958,-0.048187,-0.11656,-0.198097,-0.242802,-0.261572,0.05484,0.130064,0.184536,0.187735,0.176043,0.04126,0.055418,0.116863,0.126639,0.117979,-0.003587,0.001872,0.015524,0.017095,0.016361,0.010296,0.034665,0.092314,0.134317,0.158089,0.0058,0.014712,0.023559,0.033529,0.038913,0.16526,-0.943108,-0.093253,-0.901608,1,0,0,0,0,0,0,0,0,0,0
1016,0.005648,0.022026,0.034677,0.045662,0.057635,-0.006664,-0.017819,-0.028917,-0.032842,-0.03222,-0.008585,-0.03174,-0.048599,-0.046876,-0.04521,0.029284,0.05532,0.045747,0.03544,0.038687,0.001807,0.007342,0.010194,0.013978,0.019541,-0.003191,-0.006043,-0.006213,-0.00785,-0.007794,-0.035073,-0.10149,-0.174177,-0.205889,-0.217863,0.038602,0.130322,0.133824,0.121653,0.116655,0.003881,0.064662,0.078315,0.079941,0.073895,0.00279,0.009403,0.019053,0.020593,0.01947,0.012656,0.042611,0.099617,0.137737,0.153501,0.003285,0.012695,0.022622,0.029475,0.035335,0.173501,-0.938281,-0.090627,-0.900968,1,0,0,0,0,0,0,0,0,0,0
1017,0.008036,0.022494,0.035793,0.046064,0.05775,-0.008234,-0.021532,-0.025777,-0.025805,-0.023117,-0.012054,-0.033331,-0.039839,-0.039075,-0.034265,0.02323,0.014034,0.010158,0.00979,0.010724,0.001471,0.007442,0.010299,0.014826,0.021306,-0.004527,-0.002914,-0.004414,-0.00464,-0.000424,-0.03319,-0.114679,-0.159356,-0.178115,-0.186604,0.0365,0.090939,0.094137,0.082451,0.072831,0.01026,0.071669,0.081439,0.072784,0.06462,0.00266,0.016303,0.017874,0.017141,0.01824,0.011434,0.06884,0.110667,0.134339,0.14993,0.005543,0.014353,0.024281,0.029643,0.034607,0.180008,-0.931763,-0.08779,-0.903812,1,0,0,0,0,0,0,0,0,0,0
1018,0.008328,0.020933,0.031878,0.043808,0.052924,-0.002926,-0.013984,-0.017895,-0.017276,-0.011451,-0.011086,-0.027883,-0.026167,-0.024507,-0.019808,0.002842,-0.006696,-0.016966,-0.01373,-0.012577,0.004052,0.006893,0.010664,0.016206,0.0231,0.00166,0.001491,-0.000141,-8.4e-05,0.007062,-0.033173,-0.105595,-0.137192,-0.149122,-0.15171,0.055091,0.058579,0.046453,0.041473,0.032328,0.050358,0.063961,0.06558,0.059557,0.050729,0.003944,0.013559,0.015093,0.013974,0.015119,0.018208,0.073779,0.110939,0.126306,0.135122,0.003843,0.01352,0.020201,0.025913,0.028019,0.181786,-0.928572,-0.087188,-0.906892,1,0,0,0,0,0,0,0,0,0,0
1019,0.006007,0.019139,0.029281,0.04082,0.046687,-0.010226,-0.014417,-0.014445,-0.011791,-0.007739,-0.010002,-0.016429,-0.015674,-0.010924,-0.006901,-0.011902,-0.01573,-0.016093,-0.015171,-0.015702,0.001872,0.004694,0.009164,0.015562,0.021569,-5.6e-05,-0.001537,-0.00176,0.002403,0.007013,-0.047526,-0.091642,-0.110166,-0.118548,-0.117263,-0.00095,0.002207,-0.009332,-0.018831,-0.028163,0.010632,0.02028,0.011733,0.003672,-0.004455,0.009556,0.011106,0.010382,0.011468,0.012036,0.035214,0.073503,0.095173,0.109445,0.113286,0.004406,0.013494,0.018401,0.022946,0.02286,0.182414,-0.92361,-0.087929,-0.908184,1,0,0,0,0,0,0,0,0,0,0
1020,0.006471,0.017275,0.029052,0.03805,0.040744,-0.00075,-0.00461,-0.003999,0.00175,0.00486,-0.006638,-0.004944,-0.003305,0.001333,0.003388,0.002416,-0.007721,-0.004527,-0.003388,-0.00486,0.000944,0.004666,0.010138,0.016942,0.021747,-0.000111,-0.001722,-0.001666,0.005388,0.007388,-0.024247,-0.055437,-0.067213,-0.069768,-0.067352,0.004388,-0.007582,-0.012498,-0.021525,-0.030663,0.002859,0.004458,-0.001488,-0.010203,-0.017798,-8e-06,0.001506,0.000402,0.001532,0.000589,0.016976,0.050914,0.064949,0.073001,0.073968,0.004612,0.010714,0.015931,0.017854,0.016004,0.181727,-0.919891,-0.088881,-0.907862,1,0,0,0,0,0,0,0,0,0,0
1021,0.00653,0.016531,0.027911,0.033697,0.03568,-0.003389,-0.003416,-0.000799,0.003196,0.008541,0.000248,0.000992,0.005676,0.009643,0.01204,-0.006172,-0.00653,-0.005621,-0.006144,-0.007935,0.001846,0.006254,0.012564,0.018488,0.022868,-0.00135,-0.00157,0.002535,0.007081,0.010745,-0.019452,-0.037719,-0.045985,-0.044718,-0.039069,-0.00124,-0.012619,-0.021987,-0.031189,-0.036948,0.006678,-0.001751,-0.0097,-0.017714,-0.022228,0.001537,0.000823,0.001893,0.002453,0.000967,0.018674,0.038326,0.051269,0.054753,0.052924,0.003882,0.008332,0.012453,0.012376,0.010355,0.178789,-0.918765,-0.089739,-0.911769,1,0,0,0,0,0,0,0,0,0,0
1022,0.004186,0.015864,0.024787,0.027459,0.029469,-0.000441,0.000165,0.005866,0.008951,0.012559,0.001432,0.003057,0.007656,0.009694,0.012724,-0.003883,-0.000716,0.000413,-0.001047,-0.001019,0.001845,0.007271,0.014018,0.018783,0.022336,-0.000248,-0.000193,0.006803,0.008786,0.014955,-0.011485,-0.023162,-0.025696,-0.0233,-0.019003,-0.010631,-0.015506,-0.024457,-0.033518,-0.036327,-0.005089,-0.010986,-0.019627,-0.027159,-0.030184,-3.5e-05,-0.00113,-9e-06,-0.000944,0.001735,0.013376,0.026607,0.034199,0.03511,0.034578,0.001882,0.006801,0.008614,0.00687,0.005806,0.178701,-0.918241,-0.090315,-0.914963,1,0,0,0,0,0,0,0,0,0,0
1023,0.005804,0.017165,0.022941,0.024922,0.024536,0.000413,0.003026,0.007014,0.012351,0.013836,-0.000688,0.003989,0.00795,0.010343,0.013726,0.003521,0.004429,0.003906,0.002118,0.003273,0.002558,0.008857,0.014771,0.019145,0.021181,2.8e-05,0.004126,0.008665,0.012323,0.017495,-0.006767,-0.015019,-0.013754,-0.008115,-0.004401,-0.000743,-0.010095,-0.019283,-0.025032,-0.022336,-0.003331,-0.011268,-0.019268,-0.023776,-0.022324,-0.000678,0.000391,0.00095,-0.000535,0.003341,0.006167,0.018963,0.022407,0.020598,0.020148,0.002534,0.006608,0.006531,0.004533,0.002825,0.175619,-0.922676,-0.09037,-0.917775,1,0,0,0,0,0,0,0,0,0,0
1024,0.005854,0.014759,0.017425,0.019431,0.018277,0.000192,0.005882,0.00896,0.01256,0.013797,0.002309,0.006898,0.008932,0.011955,0.016738,-0.000357,0.00077,-0.000687,-0.00066,-0.000467,0.002858,0.009592,0.014347,0.017892,0.019623,2.7e-05,0.007008,0.008987,0.015144,0.019953,-0.004892,-0.007421,-0.00503,-0.000742,0.005194,-0.004123,-0.013055,-0.022097,-0.0249,-0.022152,-0.002556,-0.011179,-0.018695,-0.021714,-0.01942,-0.000415,0.000703,-0.00023,0.002443,0.006251,0.006909,0.014391,0.015289,0.014765,0.01359,0.002328,0.004115,0.002397,0.001348,-0.000763,0.17225,-0.921682,-0.092226,-0.919429,1,0,0,0,0,0,0,0,0,0,0
1025,0.005499,0.011273,0.013253,0.012868,0.012456,0.00242,0.006407,0.011741,0.013226,0.013666,0.002365,0.006324,0.008716,0.012098,0.016223,0.001265,0.000742,-0.001045,0.00011,-0.001402,0.003437,0.009349,0.013721,0.015755,0.017818,0.004069,0.008606,0.012263,0.017433,0.021777,-0.003355,-0.00209,0.003547,0.007259,0.011851,-0.005224,-0.014408,-0.020155,-0.01746,-0.018477,-0.005376,-0.013374,-0.017879,-0.016429,-0.016029,0.001484,0.002042,0.000559,0.004433,0.008541,0.005829,0.009263,0.00746,0.007011,0.006605,0.001727,0.001651,-0.000342,-0.002046,-0.003828,0.169859,-0.924384,-0.093535,-0.920328,1,0,0,0,0,0,0,0,0,0,0
1026,0.003411,0.00608,0.008088,0.006933,0.00652,0.003274,0.006355,0.009959,0.011197,0.011252,0.002228,0.004264,0.007291,0.012078,0.014884,-0.000138,-0.001596,-0.001568,-0.001376,-0.002861,0.003301,0.008061,0.01161,0.013343,0.014994,0.002916,0.004897,0.01106,0.015874,0.01769,0.000825,0.003219,0.007511,0.013453,0.015984,-0.003714,-0.012765,-0.015572,-0.01282,-0.013921,-0.003253,-0.010776,-0.013798,-0.011502,-0.011072,-0.000365,-0.001299,0.001377,0.005189,0.00713,0.001683,0.002587,0.00206,0.000876,0.001024,6.6e-05,-0.001665,-0.002721,-0.004847,-0.006479,0.167722,-0.926509,-0.094448,-0.920127,1,0,0,0,0,0,0,0,0,0,0
1027,0.002369,0.004353,0.003967,0.003554,0.003003,0.000716,0.00606,0.007548,0.007989,0.008016,0.001735,0.004132,0.00752,0.011653,0.012865,-0.000386,-0.002176,-0.001019,-0.002534,-0.00292,0.002617,0.006997,0.009036,0.011102,0.01146,0.001625,0.005289,0.010468,0.014821,0.016501,0.000441,0.006088,0.009807,0.014407,0.014573,-0.005482,-0.011239,-0.00854,-0.009559,-0.00876,-0.004755,-0.009269,-0.007816,-0.007416,-0.006057,0.000925,-0.000561,0.00332,0.007436,0.009165,0.001781,-4.6e-05,-0.000501,-0.000912,-0.000305,-0.000144,-0.002163,-0.003889,-0.005695,-0.006348,0.165373,-0.930917,-0.096244,-0.922098,1,0,0,0,0,0,0,0,0,0,0
1028,0.000303,0.002314,0.001157,0.000744,-0.000193,0.002369,0.005978,0.007217,0.007272,0.008292,0.000303,0.003333,0.008126,0.010936,0.010881,-0.001074,-0.001047,-0.000854,-0.002341,-0.003223,0.002149,0.005702,0.007438,0.00909,0.007961,0.000358,0.006529,0.011349,0.013167,0.016445,0.001956,0.006253,0.012203,0.014737,0.012671,-0.003581,-0.006391,-0.003636,-0.004738,-0.003443,-0.002778,-0.005804,-0.003504,-0.003074,-0.000559,-0.001861,0.000819,0.004636,0.006579,0.00881,-0.000868,-0.0014,-0.002594,-0.002445,-0.001251,-0.001603,-0.002668,-0.004813,-0.00646,-0.006106,0.162387,-0.935599,-0.099087,-0.924584,1,0,0,0,0,0,0,0,0,0,0
1029,0.001679,0.001294,0.000881,0.00033,-0.003578,0.002973,0.004459,0.0049,0.004927,0.006634,0.002092,0.005478,0.009607,0.010818,0.008093,-0.000716,0.00044,-0.001074,-0.001459,-0.003496,0.00223,0.004267,0.006331,0.006689,0.004294,0.003303,0.008478,0.012827,0.014506,0.016543,0.003688,0.007404,0.012001,0.012166,0.009331,-0.002175,0.000523,-0.000495,0.000303,-2.8e-05,-0.001735,-0.000283,0.000117,0.001475,0.003172,0.000374,0.004252,0.008365,0.010093,0.010564,-0.000954,-0.001406,-0.001815,-0.001212,-0.001383,-0.000414,-0.00213,-0.003927,-0.004576,-0.005888,0.157139,-0.938148,-0.103435,-0.925736,1,0,0,0,0,0,0,0,0,0,0
1030,0.000331,-0.000826,-0.001239,-0.002176,-0.011128,0.000634,0.001873,0.001928,0.002947,0.003718,0.000937,0.005729,0.008539,0.008484,0.001019,0.000744,0.000937,-0.000551,-0.001432,-0.00281,0.001322,0.003057,0.00471,0.003581,-0.002231,0.002865,0.007685,0.009503,0.012781,0.016224,0.000606,0.006556,0.00909,0.007024,0.001625,-0.000634,0.002121,0.001019,0.002314,0.001873,-0.00129,0.001009,0.001439,0.003954,0.004488,0.002305,0.006122,0.008065,0.010296,0.013255,0.000426,-0.000767,-0.000618,0.000575,-0.001129,-0.000649,-0.002793,-0.004439,-0.004085,-0.00666,0.151953,-0.938059,-0.106687,-0.930036,1,0,0,0,0,0,0,0,0,0,0
1031,-0.000716,-0.001129,-0.00168,-0.005591,-0.01906,0.000854,0.001295,0.001322,0.00303,0.004517,0.002451,0.006583,0.007795,0.005068,-0.006858,0.000413,-0.001102,-0.001487,-0.003526,-0.003691,0.000716,0.002782,0.00314,0.000744,-0.012697,0.002314,0.006665,0.008346,0.010384,0.015424,0.003112,0.007712,0.007877,0.00504,-0.003526,0.003333,0.002314,0.003112,0.002782,0.002727,0.002743,0.003143,0.004502,0.0062,0.005693,0.001576,0.005691,0.00742,0.007891,0.011431,-0.00088,-0.001291,-0.000685,-0.000858,-0.003423,-0.001075,-0.002879,-0.003531,-0.00485,-0.004535,0.143704,-0.936785,-0.106234,-0.931455,1,0,0,0,0,0,0,0,0,0,0
1032,-0.000441,-0.000854,-0.00179,-0.010739,-0.024974,0.000385,0.000441,0.001459,0.00223,0.006691,0.00234,0.005149,0.005094,-0.002368,-0.019825,-0.00022,-0.001707,-0.002588,-0.003965,-0.00212,0.001019,0.002671,0.001542,-0.004268,-0.023956,0.002506,0.004323,0.0076,0.011042,0.017925,0.002836,0.005369,0.003304,-0.002093,-0.013713,-0.000578,-0.00168,-0.000385,-0.000826,0.003056,-0.000444,-1.4e-05,0.0025,0.003033,0.003999,0.00224,0.004183,0.006413,0.009371,0.01128,-0.000312,-0.000163,0.001027,-0.000673,-0.00539,-0.001066,-0.002708,-0.002355,-0.004924,0.000326,0.136786,-0.93758,-0.106131,-0.933847,1,0,0,0,0,0,0,0,0,0,0
1033,2.7e-05,-0.000522,-0.004424,-0.017863,-0.038666,5.5e-05,8.2e-05,0.001786,0.00327,0.00415,0.001786,0.002995,0.000275,-0.011624,-0.034516,-0.001292,-0.001676,-0.00371,-0.003875,0.000715,0.001044,0.001402,-0.000989,-0.0144,-0.034928,0.001841,0.003518,0.005551,0.01058,0.015279,0.001759,0.001924,-0.000907,-0.009453,-0.028003,-0.00044,0.000357,2.7e-05,-2.7e-05,0.012092,0.000842,0.002198,0.003892,0.003386,0.01005,0.00187,0.003595,0.004066,0.007597,0.011426,-9.6e-05,0.0005,0.00033,-0.002195,-0.006505,-0.000724,-0.001366,-0.002664,-0.002354,-0.002363,0.135416,-0.940297,-0.108137,-0.929786,1,0,0,0,0,0,0,0,0,0,0
1034,-0.000438,-0.00137,-0.010277,-0.024446,-0.052207,0.0,0.001014,0.001781,0.006221,0.004111,0.001014,0.000959,-0.006468,-0.023843,-0.047987,-0.000192,-0.001069,-0.002439,-0.000603,0.006714,0.000603,-0.000521,-0.006303,-0.025898,-0.04996,-2.7e-05,0.003234,0.00666,0.013511,0.015237,0.000767,-0.001288,-0.00666,-0.018225,-0.040122,-0.000658,0.00063,0.000192,0.004056,0.020801,-0.000412,0.00209,0.002621,0.003582,0.012502,6.8e-05,0.002288,0.005232,0.007133,0.011286,0.000239,0.001391,-0.000255,-0.004818,-0.00786,-0.000878,-0.000537,-0.003022,0.002057,-0.001009,0.131132,-0.943862,-0.10825,-0.931921,1,0,0,0,0,0,0,0,0,0,0
1035,-0.00011,-0.003999,-0.017394,-0.03813,-0.063906,2.7e-05,0.001726,0.003205,0.004081,0.003479,0.000192,-0.00252,-0.014381,-0.037198,-0.060865,-0.000192,-0.002219,-0.002383,0.002191,0.011258,-0.000247,-0.00263,-0.015997,-0.036459,-0.062892,0.001698,0.003725,0.008738,0.013422,0.016107,-0.000603,-0.003424,-0.011943,-0.030433,-0.050675,0.001452,0.001123,0.001068,0.013148,0.028762,0.001763,0.003452,0.002948,0.00959,0.015494,0.001651,0.00212,0.00564,0.009456,0.012667,0.000345,0.000179,-0.002289,-0.006503,-0.010209,0.000248,-0.001021,-0.000718,-0.000727,0.000185,0.127951,-0.945492,-0.106944,-0.932974,1,0,0,0,0,0,0,0,0,0,0
1036,-0.000822,-0.009723,-0.023883,-0.051628,-0.076497,0.000986,0.001753,0.00619,0.004081,-0.001013,-0.000246,-0.007669,-0.025033,-0.049163,-0.07143,-0.000685,-0.002054,-0.000219,0.007094,0.015447,-0.000876,-0.006655,-0.026238,-0.050286,-0.077209,0.001561,0.004985,0.011832,0.013557,0.013831,-0.001452,-0.00682,-0.018378,-0.040262,-0.058913,-0.000164,-0.000603,0.003259,0.019994,0.035085,0.000738,0.001268,0.002229,0.011143,0.017225,0.000568,0.00351,0.005409,0.00956,0.01472,0.000802,-0.000836,-0.00538,-0.008409,-0.012381,9.3e-05,-0.002382,0.002676,-0.000378,0.00211,0.125362,-0.948923,-0.105998,-0.9367,1,0,0,0,0,0,0,0,0,0,0
1037,-0.003069,-0.016469,-0.037212,-0.062998,-0.08618,0.000712,0.002192,0.003069,0.002466,-0.007508,-0.002466,-0.014331,-0.037158,-0.060833,-0.080919,-0.001343,-0.001507,0.003069,0.012139,0.015839,-0.001507,-0.014879,-0.035349,-0.061792,-0.088373,0.000466,0.00548,0.010166,0.012852,0.008961,-0.00137,-0.009892,-0.028389,-0.048639,-0.069027,-0.000164,-0.000219,0.011865,0.027485,0.033705,0.000951,0.000447,0.007091,0.012997,0.015535,-9.9e-05,0.003423,0.00724,0.010452,0.016211,-0.000971,-0.003446,-0.007671,-0.011387,-0.011445,-0.001365,-0.001061,-0.00107,-0.000156,0.003774,0.125669,-0.944398,-0.105501,-0.938084,1,0,0,0,0,0,0,0,0,0,0
1038,-0.005836,-0.020002,-0.047758,-0.072637,-0.094119,5.5e-05,0.004494,0.002384,-0.002713,-0.016933,-0.004959,-0.022331,-0.04647,-0.068747,-0.088831,-2.7e-05,0.001808,0.009124,0.017481,0.017043,-0.004274,-0.023865,-0.047923,-0.074857,-0.099352,0.002959,0.009809,0.011535,0.011809,0.005864,-0.004,-0.015563,-0.037456,-0.056115,-0.078419,-0.000274,0.003589,0.020331,0.035428,0.033675,-0.00042,0.000541,0.009458,0.015542,0.014589,0.003042,0.004942,0.009095,0.014257,0.022249,-0.000672,-0.005229,-0.008267,-0.01225,-0.010125,-0.001118,0.003954,0.000893,0.003387,0.007233,0.123036,-0.941573,-0.103853,-0.94006,1,0,0,0,0,0,0,0,0,0,0
1039,-0.007558,-0.028287,-0.054056,-0.077222,-0.098089,0.001424,0.0023,0.001698,-0.00827,-0.022153,-0.006901,-0.029711,-0.053371,-0.073443,-0.096144,-0.000137,0.004436,0.0135,0.017197,0.016868,-0.009091,-0.029547,-0.055972,-0.082535,-0.108139,0.002054,0.006736,0.00942,0.005532,-0.002629,-0.004518,-0.023002,-0.043239,-0.063613,-0.088148,0.000219,0.012295,0.027904,0.03412,0.032997,-8.4e-05,0.006556,0.012458,0.014994,0.014502,0.000479,0.004294,0.007504,0.013259,0.01859,-0.001794,-0.005998,-0.009697,-0.009754,-0.008052,0.001416,0.001406,0.002317,0.006228,0.01182,0.123341,-0.940505,-0.102744,-0.941749,1,0,0,0,0,0,0,0,0,0,0
1040,-0.006587,-0.034273,-0.059089,-0.080516,-0.100003,0.003006,0.000902,-0.004182,-0.018366,-0.02703,-0.01044,-0.034519,-0.056738,-0.076772,-0.102763,0.001968,0.009265,0.017601,0.017164,0.01566,-0.010468,-0.034464,-0.06133,-0.085764,-0.109732,0.004783,0.006505,0.006778,0.000847,-0.006778,-0.007024,-0.028861,-0.047473,-0.06972,-0.097844,0.003635,0.020334,0.035393,0.033644,0.030146,0.001042,0.009937,0.016006,0.015055,0.013428,0.001418,0.00556,0.010709,0.018681,0.019378,-0.002707,-0.005691,-0.009605,-0.007517,-0.005419,0.003586,0.000578,0.003029,0.006807,0.011696,0.125429,-0.940985,-0.102771,-0.945057,1,0,0,0,0,0,0,0,0,0,0
1041,-0.01406,-0.0397,-0.062752,-0.083515,-0.105232,-0.002125,-0.002725,-0.012643,-0.026458,-0.036349,-0.012289,-0.035831,-0.055804,-0.078393,-0.105586,0.002589,0.011608,0.015286,0.014959,0.010899,-0.009918,-0.036213,-0.062643,-0.08812,-0.110219,-0.000109,0.002561,-0.001308,-0.009428,-0.016431,-0.01139,-0.031526,-0.051799,-0.076213,-0.10327,0.008392,0.023924,0.030109,0.028992,0.021935,0.005568,0.011441,0.013964,0.013475,0.010495,0.002383,0.005577,0.011303,0.016608,0.019461,-0.00141,-0.004982,-0.005038,-0.003394,-0.003089,-0.003521,-0.002642,0.001136,0.006537,0.007149,0.126471,-0.940471,-0.1034,-0.94744,1,0,0,0,0,0,0,0,0,0,0
1042,-0.013463,-0.038059,-0.059297,-0.078611,-0.101528,2.7e-05,-0.005011,-0.01907,-0.027657,-0.040226,-0.011648,-0.033671,-0.053527,-0.079288,-0.108137,0.004659,0.012921,0.012488,0.010998,0.004713,-0.013924,-0.040552,-0.064769,-0.088525,-0.109709,0.001815,0.002086,-0.003792,-0.01135,-0.018474,-0.010321,-0.028768,-0.050818,-0.078692,-0.10188,0.008208,0.023134,0.0214,0.017933,0.01135,0.003281,0.009296,0.008353,0.006741,0.005556,0.001737,0.00684,0.014741,0.015432,0.020988,-0.001451,-0.005128,-0.003166,-0.001195,-0.005605,0.000552,0.002855,0.006405,0.010999,0.009595,0.12262,-0.94044,-0.10558,-0.949933,1,0,0,0,0,0,0,0,0,0,0
1043,-0.011995,-0.03485,-0.055435,-0.076967,-0.097985,-0.000621,-0.010455,-0.024152,-0.033958,-0.046737,-0.011725,-0.031527,-0.053923,-0.080884,-0.110196,0.004295,0.007943,0.007618,0.003593,-0.005889,-0.012184,-0.038389,-0.063648,-0.085558,-0.105279,0.000837,-0.002999,-0.011049,-0.017992,-0.025016,-0.009671,-0.029771,-0.053977,-0.080803,-0.100443,0.007213,0.013346,0.012238,0.005241,-0.001729,0.002551,0.005052,0.004567,0.001613,0.002633,0.001435,0.007112,0.012372,0.0152,0.021034,-0.001941,-0.001993,-0.000445,-0.000158,-0.007972,0.000286,0.003843,0.00893,0.009505,0.00858,0.120306,-0.940213,-0.107415,-0.950295,1,0,0,0,0,0,0,0,0,0,0
1044,-0.012465,-0.033526,-0.05268,-0.075406,-0.096494,-0.004379,-0.018321,-0.026837,-0.039301,-0.052975,-0.010181,-0.029872,-0.05542,-0.084029,-0.109523,0.003922,0.003492,0.002015,-0.004218,-0.014345,-0.014291,-0.038308,-0.061867,-0.082874,-0.104392,-0.000564,-0.006394,-0.013888,-0.020954,-0.02904,-0.008677,-0.030544,-0.058187,-0.081182,-0.101303,0.007629,0.00591,0.002471,-0.004056,-0.012196,0.003429,0.002493,0.000895,-0.00028,0.000907,0.003634,0.01147,0.012155,0.017664,0.023206,-0.001603,0.000248,0.002107,-0.002054,-0.006325,0.001897,0.005246,0.009579,0.008255,0.009168,0.119142,-0.940501,-0.10813,-0.952955,1,0,0,0,0,0,0,0,0,0,0
1045,-0.010217,-0.030598,-0.051916,-0.072725,-0.094523,-0.005376,-0.018937,-0.028646,-0.041297,-0.052905,-0.009468,-0.031641,-0.058335,-0.087355,-0.112096,-0.000294,-0.000615,-0.0046,-0.013989,-0.021745,-0.011715,-0.036723,-0.058415,-0.07794,-0.098589,-0.003236,-0.011207,-0.018081,-0.025035,-0.033139,-0.01126,-0.035226,-0.061785,-0.08123,-0.105891,-0.001525,-0.002621,-0.009549,-0.016449,-0.020782,-0.000937,-0.001417,-0.004342,-0.003333,4.6e-05,0.002003,0.00721,0.01001,0.015786,0.019366,0.001506,0.00295,0.003218,-0.004069,-0.004483,0.001477,0.00622,0.006757,0.005893,0.004917,0.120452,-0.944075,-0.110379,-0.953439,1,0,0,0,0,0,0,0,0,0,0
1046,-0.01071,-0.029706,-0.052245,-0.073158,-0.09322,-0.008472,-0.016918,-0.029279,-0.04284,-0.049394,-0.010097,-0.035434,-0.063807,-0.08909,-0.114826,-0.000133,-0.001599,-0.007779,-0.017823,-0.026855,-0.012149,-0.035513,-0.056347,-0.077687,-0.096497,-0.002558,-0.009991,-0.016997,-0.025017,-0.033089,-0.01047,-0.037885,-0.06069,-0.080645,-0.103903,-0.000186,-0.003597,-0.010071,-0.018143,-0.019901,6e-06,-0.001579,-0.002745,-0.001567,0.005304,0.005776,0.006455,0.01192,0.017415,0.015993,0.000281,0.002036,-0.00189,-0.005921,-0.008589,0.001723,0.005812,0.004563,0.005424,0.003994,0.119927,-0.94951,-0.109257,-0.955712,1,0,0,0,0,0,0,0,0,0,0
1047,-0.009552,-0.030699,-0.051343,-0.072967,-0.090718,-0.005015,-0.014647,-0.027197,-0.038713,-0.042931,-0.01194,-0.038421,-0.06721,-0.091753,-0.112927,-0.000186,-0.004139,-0.013453,-0.021147,-0.030328,-0.01271,-0.034228,-0.053598,-0.074082,-0.094327,-0.00536,-0.012179,-0.019078,-0.027117,-0.032822,-0.013346,-0.039694,-0.058984,-0.083448,-0.102712,-0.000902,-0.007774,-0.01462,-0.018918,-0.022049,-0.000482,-0.003384,-0.002383,0.000969,0.006702,-0.000587,0.002191,0.007921,0.011473,0.009808,0.001091,0.001345,-0.005545,-0.005936,-0.007957,0.00281,0.003318,0.002502,0.001578,0.00397,0.118799,-0.947936,-0.106425,-0.954189,1,0,0,0,0,0,0,0,0,0,0
1048,-0.009345,-0.031742,-0.052524,-0.072459,-0.089587,-0.003389,-0.015672,-0.029148,-0.03566,-0.040346,-0.013263,-0.041458,-0.066581,-0.092155,-0.111481,-0.001271,-0.007413,-0.017393,-0.026368,-0.03574,-0.010537,-0.031239,-0.052444,-0.071135,-0.094061,-0.002038,-0.009001,-0.01697,-0.024991,-0.027427,-0.013925,-0.036587,-0.056415,-0.079527,-0.100229,-0.002489,-0.008922,-0.016943,-0.01869,-0.024594,-0.001094,-0.002252,-0.001082,0.005746,0.009366,0.001261,0.00669,0.012151,0.010738,0.012586,0.000604,-0.003152,-0.007007,-0.00956,-0.008866,0.001146,-4.9e-05,0.000775,-0.000594,0.005324,0.119658,-0.945837,-0.101289,-0.954709,1,0,0,0,0,0,0,0,0,0,0
1049,-0.011739,-0.032309,-0.053857,-0.071546,-0.088388,-0.006213,-0.018719,-0.030194,-0.034398,-0.039739,-0.01314,-0.041827,-0.066284,-0.087383,-0.107027,-0.00267,-0.011951,-0.019618,-0.028766,-0.036777,-0.01092,-0.03022,-0.050632,-0.070805,-0.095394,-0.004759,-0.011633,-0.019645,-0.025329,-0.028581,-0.012347,-0.031569,-0.055946,-0.075141,-0.096002,-0.004363,-0.011184,-0.015467,-0.018587,-0.022553,-0.001799,-0.000801,0.002539,0.008252,0.012424,0.001509,0.007219,0.010758,0.009098,0.010697,-0.000352,-0.007072,-0.007454,-0.009425,-0.008897,-0.00064,-0.001437,-0.002337,-4e-06,0.007844,0.122139,-0.949014,-0.096383,-0.955134,1,0,0,0,0,0,0,0,0,0,0
1050,-0.010612,-0.031334,-0.051212,-0.068291,-0.084182,-0.006045,-0.019482,-0.025975,-0.030648,-0.036904,-0.014994,-0.040045,-0.065546,-0.084816,-0.103162,-0.003458,-0.01341,-0.022359,-0.031704,-0.03862,-0.009741,-0.030885,-0.049522,-0.072383,-0.096035,-0.002191,-0.010137,-0.018135,-0.020564,-0.027137,-0.010269,-0.030041,-0.053086,-0.073729,-0.092656,-0.002059,-0.010058,-0.0118,-0.017686,-0.019376,0.000641,0.001808,0.008616,0.012226,0.017483,0.003907,0.009353,0.007943,0.009786,0.00905,-0.003333,-0.007112,-0.009614,-0.008933,-0.009049,-0.000538,0.000269,-0.001072,0.004729,0.012379,0.122779,-0.955809,-0.089026,-0.959252,1,0,0,0,0,0,0,0,0,0,0
1051,-0.009887,-0.031319,-0.048911,-0.065662,-0.079783,-0.006416,-0.017829,-0.02201,-0.027322,-0.034948,-0.013595,-0.037919,-0.058904,-0.078442,-0.092774,-0.005785,-0.013411,-0.02251,-0.030478,-0.035053,-0.009493,-0.029794,-0.049858,-0.074314,-0.096087,-0.004654,-0.012622,-0.018276,-0.02151,-0.03245,-0.008888,-0.033134,-0.052225,-0.072973,-0.088672,-0.004733,-0.008993,-0.012096,-0.016041,-0.016961,0.000354,0.003676,0.009358,0.013507,0.017314,0.001786,0.005306,0.003656,0.005246,0.00158,-0.003225,-0.003592,-0.00549,-0.004982,-0.004269,-0.000243,-0.00111,0.001136,0.008691,0.015871,0.124087,-0.956477,-0.082283,-0.95458,1,0,0,0,0,0,0,0,0,0,0
1052,-0.010739,-0.03051,-0.047498,-0.063304,-0.076773,-0.006958,-0.013417,-0.018064,-0.024287,-0.033792,-0.011343,-0.036706,-0.055873,-0.074122,-0.084414,-0.004122,-0.013023,-0.022318,-0.029197,-0.030589,-0.011553,-0.03009,-0.052828,-0.076353,-0.094523,-0.003256,-0.011211,-0.013627,-0.020165,-0.035997,-0.010791,-0.033713,-0.054246,-0.073071,-0.082261,-0.00323,-0.004962,-0.010818,-0.012498,-0.012656,0.000807,0.007579,0.011169,0.016399,0.017477,0.003633,0.002231,0.004064,0.003332,-0.003185,-0.000449,-0.002858,-0.002203,-0.002313,-0.003336,0.001018,-0.000274,0.005312,0.01268,0.016817,0.121266,-0.953962,-0.077108,-0.948204,1,0,0,0,0,0,0,0,0,0,0
1053,-0.010645,-0.028186,-0.044888,-0.058968,-0.070688,-0.004431,-0.0086,-0.013896,-0.0215,-0.032303,-0.012926,-0.03385,-0.053331,-0.067621,-0.076614,-0.003487,-0.012559,-0.020504,-0.025066,-0.028711,-0.008705,-0.028711,-0.053095,-0.074805,-0.08975,-0.004693,-0.010331,-0.013556,-0.024463,-0.037101,-0.013398,-0.032434,-0.053121,-0.068774,-0.076378,-0.001023,-0.004116,-0.008049,-0.008967,-0.010881,0.002506,0.008172,0.012309,0.016104,0.017632,-0.000118,-0.001764,-0.000178,-0.003833,-0.005781,8.4e-05,-0.001775,-0.001277,-0.000579,-0.001856,-0.001857,0.000343,0.007745,0.014779,0.017589,0.121098,-0.953294,-0.074908,-0.944776,1,0,0,0,0,0,0,0,0,0,0
1054,-0.009102,-0.026073,-0.041864,-0.055321,-0.062587,-0.00202,-0.006663,-0.012879,-0.022375,-0.031215,-0.012407,-0.031556,-0.049786,-0.060069,-0.067335,-0.005404,-0.014689,-0.021562,-0.022952,-0.028565,-0.00981,-0.032526,-0.056029,-0.074181,-0.086667,-0.003253,-0.005666,-0.012197,-0.028015,-0.035831,-0.009496,-0.030008,-0.048816,-0.057996,-0.066915,-0.000708,-0.006558,-0.008236,-0.008394,-0.014086,0.004258,0.007845,0.013069,0.014146,0.014286,-0.001283,0.000548,-0.000183,-0.006693,-0.005831,-0.002478,-0.001827,-0.001937,-0.002953,-0.001618,0.00058,0.006128,0.013446,0.017555,0.022249,0.122119,-0.949695,-0.070886,-0.937591,1,0,0,0,0,0,0,0,0,0,0
1055,-0.008463,-0.025205,-0.039319,-0.051067,-0.056744,-0.002155,-0.007464,-0.015086,-0.025915,-0.035665,-0.008542,-0.02807,-0.042394,-0.051409,-0.056218,-0.00368,-0.011643,-0.016216,-0.01987,-0.030278,-0.010224,-0.034667,-0.056429,-0.07141,-0.081161,-0.002392,-0.005624,-0.016558,-0.029226,-0.037111,-0.009567,-0.030304,-0.045994,-0.053616,-0.058689,-0.002392,-0.006334,-0.007254,-0.009173,-0.020606,0.001412,0.005559,0.009364,0.010895,0.009914,-0.000364,0.001225,-0.002439,-0.004391,-0.002637,0.000622,0.001128,0.001838,0.00054,0.000865,0.00165,0.009177,0.01633,0.019187,0.022926,0.120219,-0.943983,-0.068624,-0.932223,1,0,0,0,0,0,0,0,0,0,0
1056,-0.008502,-0.024252,-0.037673,-0.044919,-0.050779,-0.002485,-0.008686,-0.018156,-0.026973,-0.035318,-0.010595,-0.028778,-0.039033,-0.04628,-0.050466,-0.005599,-0.012453,-0.013839,-0.019438,-0.029693,-0.012479,-0.03592,-0.054024,-0.066476,-0.07286,-2.6e-05,-0.00654,-0.022316,-0.030112,-0.036652,-0.010936,-0.029693,-0.03885,-0.047745,-0.052663,-0.003453,-0.005128,-0.005285,-0.010962,-0.020484,0.002171,0.007382,0.008456,0.008596,0.009421,0.002189,0.001459,-0.005033,-0.004174,-0.002382,3.7e-05,-7.1e-05,-0.001068,0.000242,0.000742,0.003849,0.011033,0.015066,0.019674,0.020174,0.121361,-0.943054,-0.066662,-0.928657,1,0,0,0,0,0,0,0,0,0,0
1057,-0.008141,-0.022152,-0.033815,-0.039451,-0.043626,-0.002792,-0.010359,-0.021108,-0.030789,-0.032172,-0.008819,-0.023039,-0.031989,-0.036764,-0.04193,-0.002322,-0.006862,-0.010489,-0.020821,-0.023692,-0.01182,-0.033424,-0.048296,-0.057977,-0.06116,-0.003183,-0.014038,-0.026614,-0.034442,-0.036555,-0.00968,-0.025257,-0.032824,-0.03786,-0.047174,-0.00047,-0.001383,-0.003288,-0.014638,-0.016882,0.001951,0.005729,0.007248,0.006275,0.007469,-0.000605,-0.004243,-0.006181,-0.00444,-0.005146,0.000445,0.00112,-0.000115,0.000195,0.003367,0.003375,0.010173,0.012888,0.016442,0.015552,0.124326,-0.944077,-0.066294,-0.926139,1,0,0,0,0,0,0,0,0,0,0
1058,-0.007552,-0.020912,-0.028126,-0.033959,-0.035079,-0.003386,-0.012813,-0.021589,-0.029897,-0.028933,-0.009297,-0.019506,-0.02672,-0.030886,-0.034272,-0.004505,-0.005886,-0.011459,-0.021667,-0.023022,-0.011537,-0.029558,-0.041954,-0.048309,-0.048153,-0.003307,-0.019011,-0.026772,-0.033282,-0.032761,-0.009011,-0.018126,-0.02698,-0.031876,-0.039611,-0.001198,-0.001354,-0.007005,-0.016485,-0.017084,0.003239,0.004309,0.004448,0.005269,0.006625,-0.000122,-0.006585,-0.00573,-0.003946,-0.004356,-0.000544,-0.00151,-0.00024,0.000244,0.003521,0.003628,0.007534,0.011997,0.012482,0.011363,0.124134,-0.945345,-0.06657,-0.922626,1,0,0,0,0,0,0,0,0,0,0
1059,-0.006443,-0.018103,-0.023737,-0.02791,-0.027571,-0.004173,-0.01492,-0.024598,-0.02598,-0.024545,-0.004904,-0.013851,-0.018624,-0.023789,-0.025902,-2.6e-05,-0.003652,-0.013981,-0.01685,-0.021598,-0.010042,-0.024911,-0.034588,-0.03777,-0.036179,-0.007538,-0.020111,-0.027936,-0.030049,-0.02851,-0.006547,-0.014112,-0.019146,-0.028458,-0.032423,0.000287,-0.001617,-0.012964,-0.015207,-0.016537,0.000532,0.002051,0.001078,0.002271,0.00592,-0.003514,-0.005452,-0.003711,-0.004417,-0.00428,0.001223,-8e-06,0.0003,0.003466,0.004536,0.003115,0.005825,0.009371,0.008483,0.007387,0.123956,-0.946306,-0.066661,-0.921751,1,0,0,0,0,0,0,0,0,0,0
1060,-0.006911,-0.014108,-0.019928,-0.021045,-0.020473,-0.005248,-0.014004,-0.022292,-0.021331,-0.018291,-0.0053,-0.012497,-0.016654,-0.020032,-0.02198,-0.001351,-0.006911,-0.017096,-0.018447,-0.022084,-0.007976,-0.020343,-0.026683,-0.026527,-0.023773,-0.008158,-0.015901,-0.022396,-0.021876,-0.018499,-0.002572,-0.011406,-0.01629,-0.024007,-0.027904,-0.000442,-0.00608,-0.015537,-0.016134,-0.016758,0.000537,0.000676,0.001495,0.002848,0.006114,-0.002948,-0.002094,-0.000315,-0.000724,-0.000323,-0.00214,-0.000891,-0.000415,0.002808,0.004,0.000813,0.005203,0.00568,0.004579,0.002715,0.125561,-0.947435,-0.068862,-0.923537,1,0,0,0,0,0,0,0,0,0,0
1061,-0.004674,-0.010252,-0.014384,-0.014048,-0.012344,-0.005423,-0.015003,-0.016372,-0.014952,-0.012653,-0.003589,-0.008315,-0.013428,-0.01552,-0.016656,-0.002247,-0.012473,-0.015313,-0.020013,-0.021795,-0.006792,-0.016372,-0.019522,-0.017947,-0.014332,-0.004338,-0.012085,-0.014177,-0.012653,-0.0094,-0.004932,-0.009916,-0.019135,-0.02306,-0.025436,-0.001446,-0.012679,-0.0149,-0.016217,-0.017327,0.00097,7e-06,0.001188,0.0048,0.005646,0.001012,0.002735,0.002036,0.002172,0.003184,0.000903,0.00119,0.004141,0.005138,0.006013,0.001747,0.005052,0.004224,0.003203,0.001644,0.125821,-0.946836,-0.06962,-0.924105,1,0,0,0,0,0,0,0,0,0,0
1062,-0.00247,-0.008234,-0.009341,-0.008775,-0.00736,-0.003268,-0.011477,-0.010525,-0.007514,-0.004606,-0.003551,-0.007668,-0.011014,-0.012944,-0.012558,-0.003268,-0.013355,-0.014693,-0.018296,-0.024137,-0.005481,-0.01176,-0.011605,-0.008878,-0.004992,-0.003345,-0.009778,-0.009264,-0.005919,0.003551,-0.003834,-0.008672,-0.016315,-0.020174,-0.020432,-0.004143,-0.01351,-0.014102,-0.014719,-0.020406,-0.000829,-1.8e-05,0.001322,0.004557,0.004805,-0.000163,0.001599,0.001194,0.001591,0.008233,0.000287,0.000732,0.003746,0.004859,0.005328,0.0024,0.002846,0.001817,7.4e-05,-0.001819,0.126122,-0.944339,-0.071559,-0.930742,1,0,0,0,0,0,0,0,0,0,0
1063,-0.003071,-0.007165,-0.006833,-0.005144,-0.004376,-0.006244,-0.0076,-0.006193,-0.003915,0.000717,-0.001152,-0.006219,-0.008291,-0.009417,-0.008291,-0.006884,-0.009699,-0.014356,-0.016122,-0.024925,-0.004043,-0.007165,-0.005604,-0.002022,0.005937,-0.00435,-0.006423,-0.004913,-0.001689,0.011132,-0.001126,-0.010262,-0.014152,-0.016506,-0.01648,-0.007012,-0.009213,-0.010518,-0.011618,-0.0206,-0.00013,0.001041,0.00462,0.005459,0.005446,0.00187,0.001177,0.001312,0.002315,0.010781,-6e-06,0.002763,0.0037,0.004521,0.005345,0.000793,1.6e-05,-0.000943,-0.002406,-0.008226,0.126616,-0.941583,-0.076259,-0.933273,1,0,0,0,0,0,0,0,0,0,0
1064,-0.002647,-0.003742,-0.003182,-0.001782,0.000255,-0.001909,-0.000967,0.002011,0.004887,0.006847,-0.002927,-0.006236,-0.008145,-0.007763,-0.006567,-0.003131,-0.004454,-0.008018,-0.013796,-0.018556,-0.002189,-0.002036,0.000662,0.004505,0.01596,-0.002036,-0.001527,0.001782,0.011149,0.015425,-0.003665,-0.011225,-0.015043,-0.015298,-0.015781,-0.002291,-0.002876,-0.003487,-0.009112,-0.015909,0.000932,0.002257,0.005457,0.005703,0.003944,-0.000116,-0.000517,-0.000124,0.006445,0.009196,0.000418,0.00321,0.004242,0.004676,0.006077,-0.000351,-0.001304,-0.00292,-0.004673,-0.012448,0.127661,-0.941358,-0.081452,-0.934039,1,0,0,0,0,0,0,0,0,0,0
1065,-0.001419,-0.00109,0.000583,0.001343,0.005374,0.000558,0.001952,0.004208,0.008795,0.008795,-0.002104,-0.004157,-0.005272,-0.004157,-0.003523,0.00033,-0.004284,-0.006033,-0.014752,-0.017134,-0.000912,0.000634,0.004182,0.012065,0.025321,-2.5e-05,0.00147,0.004664,0.017363,0.018605,-0.005399,-0.009252,-0.011583,-0.011558,-0.012268,0.000101,-0.001191,-0.002281,-0.011178,-0.01678,0.000232,0.003777,0.004608,0.004595,0.001619,-0.00057,-0.000437,0.000557,0.008942,0.010705,0.002184,0.00306,0.003828,0.004598,0.00585,-0.000386,-0.001282,-0.00265,-0.008094,-0.015627,0.128386,-0.939311,-0.085999,-0.935638,1,0,0,0,0,0,0,0,0,0,0
1066,0.000328,0.000884,0.002274,0.004295,0.008969,0.000379,0.003335,0.00619,0.008135,0.01051,-0.001187,-0.003082,-0.002703,-0.001516,-0.00048,-0.001642,-0.005179,-0.010914,-0.015639,-0.017634,0.001061,0.003739,0.007554,0.018923,0.034435,0.000531,0.003815,0.013112,0.017357,0.023344,-0.002122,-0.005912,-0.006164,-0.006645,-0.007352,-0.000682,-0.001288,-0.006872,-0.013617,-0.018115,0.001084,0.00426,0.004504,0.002758,0.000559,0.000171,0.000561,0.007081,0.009812,0.014152,0.000516,0.001495,0.001907,0.003236,0.004628,-0.000528,-0.00206,-0.003725,-0.011103,-0.019797,0.130193,-0.93675,-0.090122,-0.938696,1,0,0,0,0,0,0,0,0,0,0
1067,0.0,0.00166,0.002415,0.006416,0.014617,0.001006,0.003245,0.007799,0.007799,0.010391,-0.000855,-0.001962,-0.000855,-0.000226,0.001862,-0.002944,-0.00468,-0.013334,-0.015699,-0.015775,0.000478,0.004,0.011825,0.024983,0.044984,0.000956,0.004126,0.016731,0.017963,0.023222,-0.001711,-0.004025,-0.004,-0.004705,-0.005459,-0.000604,-0.001686,-0.010516,-0.016077,-0.01746,0.002439,0.003263,0.003251,0.000296,-0.000546,-3.7e-05,0.000949,0.009272,0.011022,0.014614,0.00033,0.00106,0.001791,0.002979,0.004908,-0.000339,-0.001637,-0.006805,-0.013955,-0.023426,0.133432,-0.934772,-0.093758,-0.936439,1,0,0,0,0,0,0,0,0,0,0
1068,0.000552,0.001933,0.003942,0.008587,0.022245,0.001933,0.00477,0.006704,0.009064,0.016973,-0.001029,-0.000653,0.000527,0.001557,0.006026,-0.000577,-0.006277,-0.010972,-0.012956,-0.012679,0.002184,0.005976,0.017274,0.03269,0.052877,0.00231,0.01155,0.015768,0.021718,0.027945,-0.002059,-0.00231,-0.002787,-0.00349,-0.003038,0.0,-0.005549,-0.012253,-0.016722,-0.017374,0.000722,0.000964,-0.000771,-0.002956,-0.003219,0.000425,0.006905,0.009619,0.013932,0.012821,0.000612,0.001006,0.002279,0.003612,0.006206,-0.001134,-0.002727,-0.009791,-0.018114,-0.023551,0.137341,-0.932413,-0.093412,-0.938788,1,0,0,0,0,0,0,0,0,0,0
1069,0.001103,0.001856,0.005843,0.014018,0.027434,0.000301,0.00484,0.00484,0.007423,0.016425,-7.5e-05,0.001028,0.001655,0.003736,0.013391,-0.001154,-0.00978,-0.012137,-0.012213,-0.012739,0.001329,0.009128,0.022243,0.04218,0.058931,0.000853,0.013416,0.014645,0.019886,0.025503,-0.000251,-0.000226,-0.000928,-0.00168,0.002884,-0.001078,-0.00988,-0.015422,-0.016802,-0.021942,0.0001,8.8e-05,-0.002857,-0.003697,-0.007391,0.000559,0.008855,0.010599,0.014179,0.011128,0.000106,0.000821,0.001982,0.003868,0.007456,-0.000145,-0.005196,-0.012185,-0.021443,-0.024341,0.144311,-0.926519,-0.091478,-0.936471,1,0,0,0,0,0,0,0,0,0,0
1070,0.000275,0.002278,0.006909,0.020528,0.038177,0.002528,0.004456,0.006809,0.014695,0.016097,0.000451,0.001627,0.002654,0.00711,0.023181,-0.004531,-0.009213,-0.01119,-0.010915,-0.015997,0.002453,0.013719,0.02909,0.049217,0.06604,0.008361,0.012567,0.0185,0.024709,0.024984,0.0,-0.000476,-0.001177,-0.000726,0.010564,-0.004456,-0.01114,-0.015596,-0.016247,-0.024959,0.000141,-0.001589,-0.003768,-0.00403,-0.006775,0.005904,0.008609,0.01291,0.011802,0.010604,0.000281,0.001528,0.002834,0.005375,0.008583,-0.001417,-0.008337,-0.016492,-0.021818,-0.021276,0.148271,-0.924107,-0.088888,-0.936533,1,0,0,0,0,0,0,0,0,0,0
1071,0.000475,0.004449,0.012597,0.025969,0.050939,0.002,0.002,0.004574,0.013547,0.012972,0.00065,0.001275,0.003349,0.012972,0.031543,-0.004074,-0.006424,-0.006499,-0.007023,-0.012922,0.005324,0.018396,0.038266,0.054963,0.075283,0.004174,0.005399,0.010623,0.016221,0.016746,2.5e-05,-0.000675,-0.001425,0.003124,0.018596,-0.004324,-0.009848,-0.011222,-0.016346,-0.022145,-0.000154,-0.003089,-0.003926,-0.007608,-0.006958,0.002374,0.004113,0.007681,0.00464,0.005296,0.00042,0.001555,0.003397,0.006904,0.008698,-0.003534,-0.010363,-0.019409,-0.022241,-0.018585,0.152128,-0.921316,-0.09023,-0.934086,1,0,0,0,0,0,0,0,0,0,0
1072,0.001522,0.006139,0.019714,0.037306,0.060438,-7.5e-05,0.002271,0.010131,0.011529,0.010955,0.000524,0.001547,0.005989,0.022009,0.0404,-0.000599,-0.00257,-0.002296,-0.007361,-0.008859,0.005914,0.021236,0.041299,0.058068,0.081599,2.5e-05,0.005939,0.012128,0.012402,0.013001,-0.000499,-0.001198,-0.000749,0.010506,0.028547,-0.002346,-0.006787,-0.007436,-0.01612,-0.020013,-0.001571,-0.003743,-0.004004,-0.006741,-0.009035,0.000326,0.004614,0.003509,0.002314,0.003519,0.000803,0.00208,0.004565,0.007701,0.008158,-0.003273,-0.011246,-0.016454,-0.015924,-0.016155,0.151866,-0.917402,-0.088913,-0.931219,1,0,0,0,0,0,0,0,0,0,0
1073,0.002448,0.010591,0.023954,0.048906,0.076756,7.5e-05,0.002648,0.011615,0.01104,0.012064,0.0001,0.002173,0.011789,0.030348,0.05028,-0.001748,-0.001823,-0.002348,-0.008243,-0.008193,0.007144,0.027001,0.043686,0.063993,0.089994,0.001199,0.006419,0.012014,0.012539,0.02218,-0.0002,-0.000949,0.003597,0.019058,0.03884,-0.003172,-0.004546,-0.009666,-0.015461,-0.017559,-0.001361,-0.002197,-0.005877,-0.005227,-0.007312,0.001411,0.004977,0.001938,0.002594,0.011019,0.000321,0.002155,0.005645,0.00743,0.007739,-0.003503,-0.012507,-0.015326,-0.011686,-0.009509,0.154237,-0.914739,-0.0885,-0.936766,1,0,0,0,0,0,0,0,0,0,0
1074,0.002174,0.01577,0.03339,0.056558,0.088873,0.002274,0.010147,0.011546,0.010972,0.01562,0.000925,0.005373,0.021418,0.039838,0.062981,-0.000225,5e-05,-0.005023,-0.006523,-0.006773,0.008197,0.028291,0.045086,0.068654,0.096045,0.004724,0.010922,0.011197,0.011796,0.026067,-0.0005,-5e-05,0.011222,0.029291,0.050834,-0.001275,-0.001924,-0.010622,-0.014521,-0.014296,-0.000814,-0.001076,-0.003817,-0.006114,-0.005354,0.002882,0.001776,0.00058,0.001786,0.010946,0.000969,0.003481,0.006651,0.007113,0.007974,-0.004543,-0.009807,-0.009271,-0.009505,-0.004754,0.156559,-0.913177,-0.087337,-0.93965,1,0,0,0,0,0,0,0,0,0,0
1075,0.005963,0.019312,0.044238,0.072058,0.100077,0.000299,0.009257,0.008683,0.009706,0.013873,0.001148,0.010754,0.029292,0.049203,0.07837,0.00015,-0.000374,-0.006263,-0.006213,-0.006288,0.011652,0.028319,0.048604,0.074578,0.100876,0.000499,0.006088,0.006612,0.016243,0.021058,-0.00025,0.004292,0.019736,0.039497,0.065845,-0.0001,-0.005215,-0.011003,-0.013099,-0.011303,-2.3e-05,-0.003699,-0.00305,-0.005133,-0.002771,0.000685,-0.002351,-0.001696,0.006721,0.007227,0.000862,0.004326,0.006098,0.006405,0.007809,-0.004446,-0.007244,-0.003632,-0.001471,3.3e-05,0.157355,-0.911194,-0.08411,-0.935291,1,0,0,0,0,0,0,0,0,0,0
1076,0.007591,0.025138,0.048211,0.080393,0.109762,0.007541,0.008935,0.008363,0.012992,0.015929,0.003285,0.019264,0.037608,0.060655,0.09453,0.000124,-0.004928,-0.006421,-0.00667,-0.007118,0.008388,0.025113,0.048584,0.075863,0.104486,0.005675,0.005949,0.006546,0.020758,0.021579,0.000697,0.011922,0.029917,0.051372,0.082981,-0.000548,-0.009209,-0.013092,-0.012868,-0.011574,-0.000237,-0.002967,-0.005255,-0.004498,-0.002364,-0.001785,-0.002976,-0.001775,0.007347,0.005179,0.001593,0.004673,0.005122,0.005958,0.007051,-0.000744,-0.000223,-0.000451,0.004165,0.004645,0.155791,-0.908467,-0.081658,-0.933551,1,0,0,0,0,0,0,0,0,0,0
1077,0.005705,0.030484,0.058141,0.085996,0.120796,0.001389,0.000819,0.001836,0.005978,0.009128,0.006275,0.024705,0.044499,0.073495,0.108692,-0.000645,-0.006499,-0.006449,-0.006523,-0.007168,0.00821,0.028376,0.054197,0.080341,0.113975,-9.9e-05,0.000422,0.009996,0.014783,0.016892,0.00382,0.019174,0.038819,0.065012,0.096538,-0.004539,-0.010294,-0.012377,-0.010591,-0.011063,-0.003417,-0.002772,-0.004843,-0.002495,-0.00162,-0.001239,-0.000588,0.007779,0.008282,0.007152,0.001769,0.003469,0.003764,0.005111,0.007154,-0.001958,0.001508,0.003582,0.005025,0.005898,0.159863,-0.907822,-0.081903,-0.933841,1,0,0,0,0,0,0,0,0,0,0
1078,0.01176,0.03471,0.066721,0.095935,0.131981,0.0,-0.000569,0.004035,0.006957,0.007229,0.009631,0.027877,0.050802,0.084497,0.12297,-0.004382,-0.005867,-0.006115,-0.006561,-0.007477,0.008442,0.031788,0.058922,0.087393,0.128639,0.000371,0.000966,0.015102,0.015919,0.017231,0.007353,0.025252,0.046593,0.078035,0.108908,-0.004085,-0.007947,-0.007724,-0.006437,-0.007427,0.000695,-0.00158,-0.000827,0.001296,0.002724,5.2e-05,0.001247,0.010321,0.008164,0.00964,0.001222,0.001654,0.00246,0.003513,0.007758,0.002434,0.002215,0.006662,0.007125,0.00302,0.161469,-0.911175,-0.090332,-0.938514,1,0,0,0,0,0,0,0,0,0,0
1079,0.012971,0.04057,0.068368,0.103097,0.140053,-0.000569,0.000446,0.004579,0.007723,0.00755,0.008763,0.028516,0.057452,0.092577,0.132875,-0.00146,-0.001411,-0.001485,-0.002129,-0.003069,0.011683,0.037451,0.063541,0.097106,0.1403,0.000149,0.009703,0.014481,0.016585,0.016882,0.00797,0.027575,0.053714,0.085175,0.117132,-0.001658,-0.003738,-0.001955,-0.002426,-0.003317,-5.2e-05,-0.002118,0.000225,0.001099,0.002862,0.000598,0.008948,0.00945,0.008322,0.009315,0.000456,0.000746,0.002074,0.004088,0.008758,0.000985,0.003029,0.004452,0.005312,0.000344,0.162839,-0.914249,-0.093528,-0.942023,1,0,0,0,0,0,0,0,0,0,0
1080,0.009954,0.041891,0.071038,0.107001,0.144545,0.0,0.004594,0.007509,0.007781,0.00783,0.00946,0.032333,0.065949,0.104334,0.142792,-2.5e-05,-0.000272,-0.000716,-0.00163,-0.002816,0.011634,0.038705,0.06711,0.108261,0.147287,0.000445,0.014548,0.015364,0.016673,0.01482,0.009905,0.031196,0.062566,0.093367,0.12891,-0.002198,-0.001976,-0.000692,-0.00168,-0.004001,-0.002218,-0.001468,0.000651,0.002076,0.001575,0.000596,0.009648,0.007496,0.008969,0.007212,-2.4e-05,0.000769,0.001806,0.005982,0.007742,-0.001186,0.00319,0.003645,-0.000394,-0.001701,0.162346,-0.912403,-0.094861,-0.940172,1,0,0,0,0,0,0,0,0,0,0
1081,0.017536,0.045195,0.07975,0.116522,0.155043,0.00101,0.005123,0.008251,0.008078,0.007808,0.010221,0.039013,0.073963,0.114059,0.148368,7.4e-05,0.0,-0.00064,-0.001576,-0.006083,0.014039,0.039998,0.073396,0.116375,0.157703,0.009064,0.013817,0.015911,0.016206,0.014458,0.00963,0.035639,0.066943,0.09874,0.132507,0.000123,0.001896,0.001429,0.000542,-0.0033,0.000156,0.002487,0.003357,0.005111,0.005877,0.007714,0.008214,0.007091,0.00808,0.006873,0.000303,0.001586,0.00353,0.008039,0.008257,0.003136,0.00451,0.00534,0.000544,-0.001726,0.167616,-0.910334,-0.098033,-0.938711,1,0,0,0,0,0,0,0,0,0,0
1082,0.014267,0.043243,0.078997,0.116322,0.151879,0.003561,0.006458,0.006728,0.006777,0.003978,0.012548,0.045969,0.084129,0.122363,0.155244,-0.000319,-0.000761,-0.00167,-0.002849,-0.0083,0.012917,0.041156,0.082066,0.120865,0.163986,0.004985,0.005795,0.007097,0.005255,0.001105,0.011566,0.042752,0.073374,0.10871,0.140927,9.8e-05,0.001375,0.000393,-0.001915,-0.010363,0.000591,0.002697,0.004113,0.003616,0.000832,0.001309,-0.000831,0.000634,-0.001114,-0.001685,0.000464,0.001459,0.005468,0.007157,0.007869,0.001129,0.001566,-0.002311,-0.003566,-0.009362,0.166022,-0.905132,-0.101589,-0.934462,1,0,0,0,0,0,0,0,0,0,0
1083,0.013286,0.047676,0.084273,0.12261,0.154941,0.000539,0.003652,0.003481,0.003211,-0.000343,0.016129,0.050912,0.090818,0.124963,0.15852,0.000245,-0.000392,-0.001324,-0.005809,-0.008089,0.012942,0.046181,0.088955,0.130086,0.173644,-0.000245,0.001838,0.002133,0.000392,-0.003897,0.01434,0.045495,0.07714,0.110746,0.142881,0.001667,0.001201,0.000319,-0.003505,-0.012035,0.00173,0.002596,0.004342,0.005104,-0.000684,-0.000809,-0.001926,-0.000942,-0.002144,-0.001646,0.000782,0.002662,0.007023,0.007234,0.008654,0.000214,0.001017,-0.003622,-0.005817,-0.01422,0.168505,-0.904435,-0.106696,-0.934228,1,0,0,0,0,0,0,0,0,0,0
1084,0.015577,0.051125,0.088236,0.123589,0.158258,0.002344,0.002612,0.002661,-0.000122,0.001416,0.017164,0.055105,0.093119,0.125811,0.155695,-0.000684,-0.001587,-0.002759,-0.008179,-0.008741,0.015186,0.055862,0.094437,0.13731,0.179084,0.00105,0.002344,0.000513,-0.003613,-0.002539,0.016724,0.04717,0.082303,0.114336,0.142022,-0.000391,-0.001367,-0.003662,-0.012061,-0.008667,0.000371,0.001779,0.001284,-0.001483,0.002855,-0.001321,0.000135,-0.001602,-0.00217,-0.001791,0.000195,0.004045,0.005668,0.006351,0.006975,0.000212,-0.003512,-0.004717,-0.010284,-0.015497,0.168194,-0.909347,-0.108509,-0.933601,1,0,0,0,0,0,0,0,0,0,0
1085,0.018631,0.054991,0.09308,0.125202,0.157788,0.000755,0.000584,0.000317,-0.003215,-0.000584,0.017437,0.057085,0.09101,0.12435,0.151285,4.9e-05,-0.000877,-0.005333,-0.007598,-0.009157,0.017876,0.060373,0.101238,0.144515,0.187718,0.001023,0.001315,-0.000414,-0.004676,-0.004213,0.014271,0.045712,0.079101,0.111029,0.139474,-7.3e-05,-0.00095,-0.004749,-0.013224,-0.001218,0.00049,0.002225,0.002982,-0.002769,0.010146,0.000208,0.001185,-8e-06,0.000486,-0.000244,0.001605,0.005773,0.005974,0.007331,0.004948,0.00056,-0.003874,-0.005971,-0.014001,-0.021781,0.166826,-0.91627,-0.116868,-0.929875,1,0,0,0,0,0,0,0,0,0,0
1086,0.016819,0.053815,0.089059,0.123621,0.156602,-0.000487,-0.000438,-0.003213,-0.001679,-0.003651,0.020397,0.058294,0.090884,0.120676,0.148083,-0.000949,-0.002118,-0.007521,-0.008081,-0.00959,0.022685,0.061141,0.103882,0.145527,0.189679,0.000268,-0.001558,-0.005671,-0.0046,-0.008056,0.016089,0.051113,0.083047,0.110648,0.140732,-0.000901,-0.003188,-0.011561,-0.008178,0.000122,0.000914,0.000421,-0.002338,0.001987,0.010998,0.001244,-0.000488,-0.001055,-0.000676,-0.0006,0.002169,0.003757,0.004426,0.005037,0.002399,-0.004201,-0.00538,-0.010828,-0.01593,-0.024015,0.164767,-0.919523,-0.121672,-0.925541,1,0,0,0,0,0,0,0,0,0,0
1087,0.019612,0.057858,0.090112,0.122832,0.156162,0.000318,4.9e-05,-0.003497,-0.000856,-0.006969,0.019319,0.053383,0.08686,0.113906,0.142957,2.4e-05,-0.004451,-0.006725,-0.00829,-0.011175,0.019881,0.060915,0.104369,0.14775,0.184578,2.4e-05,-0.001712,-0.005991,-0.005527,-0.010197,0.015406,0.048932,0.080991,0.109553,0.140414,2.4e-05,-0.00379,-0.0123,-0.000245,0.000856,0.000823,0.001584,-0.004191,0.008777,0.012297,-0.000268,-0.001467,-0.00097,-0.001703,0.000244,0.002048,0.002255,0.003651,0.001199,-0.000359,-0.000221,-0.002379,-0.010644,-0.018651,-0.021045,0.163249,-0.922826,-0.124915,-0.923791,1,0,0,0,0,0,0,0,0,0,0
1088,0.017616,0.053143,0.087983,0.121228,0.14883,-0.00027,-0.003067,-0.001521,-0.003509,-0.008538,0.018818,0.051671,0.081702,0.109328,0.137592,-0.001202,-0.006649,-0.007213,-0.008734,-0.015334,0.018818,0.061902,0.103881,0.148388,0.180112,-0.001865,-0.006011,-0.004932,-0.008416,-0.010256,0.019849,0.052039,0.079862,0.110187,0.139285,-0.002331,-0.010771,-0.007361,0.001006,-0.002822,-0.001323,-0.004104,0.000255,0.009339,0.011879,-0.001477,-0.002048,-0.001666,-0.00159,0.002199,-0.000417,0.000291,0.000937,-0.001852,-0.002716,-0.00102,-0.006782,-0.012177,-0.020727,-0.023499,0.162423,-0.920846,-0.126645,-0.923518,1,0,0,0,0,0,0,0,0,0,0
1089,0.020753,0.053109,0.085932,0.119367,0.143359,0.0,-0.003557,-0.000908,-0.00704,-0.00969,0.015356,0.048939,0.07607,0.105213,0.131756,-0.003287,-0.005569,-0.007138,-0.010033,-0.017834,0.022348,0.065939,0.109457,0.1464,0.177015,0.000123,-0.00417,-0.003704,-0.00839,-0.007016,0.013786,0.045946,0.074598,0.105557,0.133963,-0.001496,-0.010033,0.002061,0.003164,-0.004784,0.002086,-0.003707,0.009302,0.012833,0.012308,0.000274,0.000773,3.7e-05,0.001991,0.007014,0.000628,0.002056,-0.000451,-0.002044,-0.003168,-0.001187,-0.009635,-0.01782,-0.020269,-0.02491,0.159614,-0.919703,-0.131953,-0.92663,1,0,0,0,0,0,0,0,0,0,0
1090,0.014739,0.049506,0.082682,0.110226,0.134025,-0.002791,-0.001249,-0.003232,-0.008251,-0.009843,0.017457,0.047425,0.074994,0.103199,0.127022,-0.002155,-0.002718,-0.004236,-0.010822,-0.016551,0.020689,0.062581,0.106994,0.138652,0.167102,-0.00426,-0.003183,-0.00666,-0.008496,-0.005264,0.018363,0.046128,0.07639,0.105427,0.133339,-0.006929,-0.003526,0.004823,0.001004,-0.007786,-0.004857,-0.000507,0.008558,0.011092,0.007271,-0.000843,-0.000463,-0.000386,0.003394,0.00891,7.7e-05,0.000714,-0.002035,-0.002886,-0.004956,-0.004507,-0.009824,-0.01825,-0.020981,-0.023995,0.157038,-0.91929,-0.133304,-0.930483,1,0,0,0,0,0,0,0,0,0,0
1091,0.017539,0.050269,0.08361,0.107534,0.127641,-0.000758,0.001884,-0.004232,-0.006874,-0.006996,0.016047,0.043102,0.072162,0.09863,0.118052,-0.000122,-0.001688,-0.004574,-0.012353,-0.01546,0.022798,0.066193,0.103033,0.133561,0.154207,-2.4e-05,0.00044,-0.004232,-0.002862,-0.000367,0.013723,0.042294,0.073165,0.101492,0.124192,-0.00159,0.01047,0.01157,0.003645,-0.000612,-0.000923,0.012049,0.01557,0.015047,0.013269,0.001339,0.000606,0.002554,0.007564,0.010234,0.001322,-0.001135,-0.002697,-0.003799,-0.005585,-0.003805,-0.01183,-0.01423,-0.01878,-0.018851,0.15729,-0.921096,-0.129573,-0.930424,1,0,0,0,0,0,0,0,0,0,0
1092,0.017168,0.050259,0.077732,0.10147,0.118442,0.002296,0.000317,-0.004689,-0.006276,-0.005495,0.013871,0.041369,0.069502,0.093264,0.111726,-0.00044,-0.001954,-0.008523,-0.014237,-0.017632,0.019024,0.063324,0.0949,0.123278,0.141422,0.001099,-0.002369,-0.0042,-0.000977,0.001587,0.013993,0.044178,0.073141,0.100981,0.119321,0.004982,0.013309,0.0095,0.000733,0.00105,0.005261,0.014302,0.016831,0.013019,0.016683,-0.000958,-0.000881,0.00289,0.008391,0.010345,-0.000682,-0.003382,-0.004218,-0.006251,-0.006605,-0.001462,-0.009738,-0.012421,-0.015381,-0.01609,0.158919,-0.922682,-0.129241,-0.930887,1,0,0,0,0,0,0,0,0,0,0
1093,0.015463,0.048654,0.072469,0.092486,0.108606,0.000341,-0.005747,-0.008377,-0.008499,-0.007451,0.013101,0.04203,0.068378,0.087713,0.105051,-0.00112,-0.003994,-0.011737,-0.01483,-0.019871,0.024229,0.060902,0.091293,0.111845,0.1295,-0.000633,-0.005284,-0.003921,-0.001437,0.003434,0.014489,0.04522,0.073419,0.096017,0.112478,0.007037,0.008133,0.000244,-0.003994,-0.00414,0.007667,0.011172,0.010652,0.008882,0.013853,0.000225,0.002164,0.007151,0.009809,0.013834,-0.001713,-0.003226,-0.004293,-0.006024,-0.00609,-0.006342,-0.008667,-0.013075,-0.013144,-0.013836,0.159916,-0.924656,-0.126922,-0.932126,1,0,0,0,0,0,0,0,0,0,0
1094,0.017461,0.044744,0.068316,0.085171,0.099286,-0.002304,-0.007275,-0.008852,-0.008076,-0.007566,0.01426,0.042198,0.065794,0.084128,0.097952,-0.000388,-0.006912,-0.012587,-0.015957,-0.020711,0.019862,0.051219,0.079399,0.097418,0.109132,-0.002813,-0.004632,-0.001431,0.001116,0.005311,0.015545,0.044307,0.071954,0.090167,0.107677,0.001261,-0.002522,-0.011228,-0.010913,-0.011083,0.001342,0.003853,6.8e-05,0.003706,0.007501,-0.000148,0.003597,0.00906,0.011,0.014239,-0.000907,-0.001703,-0.00364,-0.003977,-0.006706,-0.00172,-0.004275,-0.007094,-0.00777,-0.005339,0.157397,-0.926813,-0.124431,-0.932121,1,0,0,0,0,0,0,0,0,0,0
1095,0.015541,0.03918,0.059047,0.075048,0.088365,-0.003746,-0.006357,-0.006478,-0.005438,-0.003094,0.014502,0.040654,0.059845,0.077054,0.089211,-0.002465,-0.010151,-0.013221,-0.018224,-0.0233,0.016605,0.046769,0.067168,0.084692,0.095592,-0.001813,-0.000459,0.002006,0.00684,0.012448,0.01501,0.042998,0.065428,0.081767,0.098372,-0.000169,-0.008,-0.012206,-0.012351,-0.012278,0.002141,0.001625,-0.000132,0.004802,0.009017,0.002072,0.007022,0.009661,0.013656,0.016478,-0.00055,-0.001563,-0.003205,-0.003268,-0.006459,-0.000527,-0.004711,-0.004776,-0.005433,-0.00309,0.156045,-0.930249,-0.125855,-0.93632,1,0,0,0,0,0,0,0,0,0,0
1096,0.011628,0.035077,0.051843,0.065883,0.075026,-0.001206,-0.002774,-0.002002,-0.001496,0.001399,0.013317,0.03679,0.055027,0.068778,0.078404,-0.004029,-0.009674,-0.013027,-0.017755,-0.026947,0.014619,0.042652,0.060576,0.072228,0.081974,0.0,0.003184,0.005717,0.009891,0.017104,0.01363,0.041132,0.059249,0.076667,0.09049,-0.003595,-0.012255,-0.011942,-0.01211,-0.01433,0.00036,-0.003404,0.000215,0.003989,0.010092,0.001657,0.007091,0.009021,0.012243,0.016602,-0.000225,-0.002092,-0.002416,-0.005047,-0.008385,-0.001943,-0.00466,-0.005311,-0.002968,-0.002894,0.153013,-0.934066,-0.126163,-0.940432,1,0,0,0,0,0,0,0,0,0,0
1097,0.011942,0.031733,0.047672,0.060939,0.065634,-0.001396,-0.001517,-0.000482,0.001854,0.006669,0.012761,0.031878,0.049021,0.061131,0.068643,-0.003636,-0.006693,-0.011677,-0.016733,-0.027544,0.015457,0.035778,0.053234,0.064093,0.06809,0.001348,0.003804,0.00862,0.014205,0.020321,0.014278,0.036621,0.052897,0.069438,0.08451,-0.004213,-0.008403,-0.008547,-0.008475,-0.013507,-0.000875,-0.002625,0.002291,0.006489,0.010867,0.003277,0.005906,0.009885,0.012697,0.013868,-0.000765,-0.002363,-0.002424,-0.00553,-0.010815,-0.002156,-0.00222,-0.002859,-0.000579,0.000161,0.148758,-0.936117,-0.124716,-0.94605,1,0,0,0,0,0,0,0,0,0,0
1098,0.011449,0.028166,0.042164,0.05128,0.056692,-0.000168,0.000601,0.001106,0.003993,0.011497,0.010655,0.028839,0.042549,0.052146,0.059482,-0.001996,-0.00534,-0.010054,-0.019218,-0.027156,0.012507,0.030379,0.041996,0.051713,0.053854,0.001828,0.004354,0.008515,0.015706,0.022225,0.013157,0.03122,0.048586,0.062369,0.074611,-0.004426,-0.004113,-0.004281,-0.006494,-0.012628,-0.00288,0.000728,0.004492,0.010576,0.011529,0.002144,0.004069,0.007281,0.011627,0.010134,-0.001069,-0.001387,-0.003964,-0.007233,-0.010468,-0.00052,-0.001158,0.001137,0.001209,0.003699,0.146313,-0.934819,-0.122836,-0.949798,1,0,0,0,0,0,0,0,0,0,0
1099,0.008329,0.024263,0.037526,0.04222,0.047034,4.8e-05,0.001083,0.003418,0.008232,0.015526,0.008449,0.025587,0.037695,0.045205,0.050404,-0.001059,-0.006042,-0.011097,-0.021904,-0.026815,0.007799,0.02525,0.036106,0.040102,0.038778,0.000626,0.00544,0.011024,0.017138,0.023084,0.009171,0.025443,0.04198,0.057048,0.063162,0.000241,9.6e-05,0.000168,-0.004862,-0.009051,0.001133,0.006047,0.010244,0.014621,0.015184,0.000482,0.00446,0.007271,0.008442,0.006172,-0.000521,-0.000582,-0.003682,-0.008958,-0.009606,0.00046,-0.000178,0.002098,0.002836,0.007551,0.146174,-0.935761,-0.119287,-0.952493,1,0,0,0,0,0,0,0,0,0,0
1100,0.00839,0.022381,0.031492,0.036901,0.038295,0.000721,0.001226,0.004111,0.011611,0.014279,0.009736,0.023438,0.03303,0.040362,0.042309,-0.002284,-0.006995,-0.016155,-0.024088,-0.026972,0.010073,0.021684,0.031396,0.033535,0.028607,0.001899,0.006058,0.013246,0.01976,0.021299,0.008895,0.026251,0.040026,0.052262,0.055555,7.2e-05,-9.6e-05,-0.002308,-0.008438,-0.009375,0.002475,0.006237,0.012318,0.01327,0.014976,0.001442,0.004653,0.008996,0.007504,0.005446,0.000199,-0.002367,-0.005624,-0.008846,-0.009893,-0.001091,0.001195,0.001267,0.003748,0.008566,0.145247,-0.937949,-0.117905,-0.953965,1,0,0,0,0,0,0,0,0,0,0
1101,0.007509,0.020729,0.025407,0.030205,0.029461,0.000312,0.002639,0.007437,0.014707,0.011516,0.007365,0.019433,0.026918,0.0321,0.033324,-0.002687,-0.007725,-0.018497,-0.023392,-0.02663,0.007341,0.018161,0.022144,0.020824,0.016002,0.002903,0.008469,0.014563,0.020489,0.014779,0.007341,0.023823,0.038842,0.044936,0.047743,-0.000216,-0.000144,-0.005158,-0.009333,-0.010004,0.002428,0.006611,0.010974,0.011535,0.013816,0.002526,0.005328,0.006495,0.004233,0.001158,-0.000256,-0.003285,-0.008441,-0.009074,-0.010321,0.000452,0.002676,0.003398,0.008005,0.010845,0.145162,-0.943072,-0.115623,-0.956018,1,0,0,0,0,0,0,0,0,0,0
1102,0.006441,0.015515,0.020902,0.022291,0.021477,0.000192,0.003065,0.010535,0.013193,0.008619,0.006297,0.01585,0.023153,0.025092,0.025643,-0.002011,-0.011134,-0.019035,-0.021908,-0.025212,0.004238,0.013911,0.016042,0.011134,0.007159,0.001245,0.008404,0.014893,0.016425,0.007255,0.00996,0.02368,0.035867,0.039147,0.040536,4.8e-05,-0.002155,-0.00826,-0.009194,-0.010415,0.001323,0.00738,0.008329,0.010027,0.011952,0.000676,0.005003,0.003517,0.001467,-0.003527,-0.002243,-0.005409,-0.008542,-0.009559,-0.010293,0.001777,0.001847,0.004259,0.008944,0.010808,0.145884,-0.943786,-0.115319,-0.953095,1,0,0,0,0,0,0,0,0,0,0
1103,0.006742,0.011403,0.016184,0.015443,0.014941,0.002128,0.006909,0.014152,0.010973,0.00502,0.005737,0.013196,0.01836,0.019579,0.019197,-0.003012,-0.013746,-0.018623,-0.02185,-0.024958,0.00655,0.010519,0.009204,0.004399,0.002247,0.004303,0.010375,0.01628,0.01059,0.002677,0.006479,0.021444,0.027516,0.030313,0.031269,2.4e-05,-0.004972,-0.009132,-0.009801,-0.012383,0.002847,0.007194,0.007754,0.010027,0.010337,0.002116,0.003279,0.001025,-0.002039,-0.004207,-0.000736,-0.005764,-0.006381,-0.007598,-0.008487,0.000412,0.001115,0.005609,0.008379,0.009366,0.144749,-0.942344,-0.116264,-0.952283,1,0,0,0,0,0,0,0,0,0,0
1104,0.002319,0.007697,0.009084,0.008271,0.007817,0.000741,0.008199,0.010852,0.006287,-0.003968,0.003801,0.011091,0.013028,0.013577,0.013577,-0.006096,-0.013984,-0.016852,-0.020151,-0.02431,0.003108,0.005235,0.000335,-0.003633,-0.004661,0.002845,0.009323,0.010852,0.001697,-0.005331,0.007219,0.019386,0.022661,0.024047,0.025171,-0.002223,-0.008319,-0.009251,-0.01047,-0.017187,0.0032,0.004147,0.005843,0.007765,0.005064,0.002203,0.00072,-0.001327,-0.006312,-0.003193,-0.002395,-0.005492,-0.006498,-0.007223,-0.007676,-0.000342,0.002042,0.006674,0.008517,0.009244,0.143693,-0.938119,-0.11705,-0.950291,1,0,0,0,0,0,0,0,0,0,0
1105,0.002345,0.007131,0.00639,0.005887,0.004786,0.004044,0.011295,0.008113,0.002154,-0.00883,0.003661,0.00883,0.010051,0.009668,0.009189,-0.004643,-0.009524,-0.012755,-0.015866,-0.018953,0.000862,-0.000455,-0.005265,-0.007419,-0.009836,0.003231,0.009142,0.003446,-0.004475,-0.010195,0.007754,0.013832,0.016632,0.017589,0.018786,-0.002776,-0.00694,-0.00761,-0.010195,-0.017637,0.001148,0.001708,0.003983,0.004294,-0.000266,-0.001041,-0.003298,-0.006365,-0.008535,-0.003493,-0.002651,-0.003273,-0.004499,-0.005394,-0.005994,0.001054,0.00558,0.00837,0.009365,0.010879,0.142676,-0.940224,-0.115892,-0.953798,1,0,0,0,0,0,0,0,0,0,0
1106,0.003047,0.004439,0.003623,0.003167,0.002303,0.003431,0.006094,0.001512,-0.008781,-0.013964,0.003647,0.00559,0.006142,0.006142,0.004895,-0.003263,-0.006142,-0.009453,-0.013628,-0.0143,0.001272,-0.003647,-0.00763,-0.008662,-0.014924,0.003263,0.004799,-0.004391,-0.011445,-0.015931,0.004439,0.007726,0.009117,0.010245,0.010485,-0.003335,-0.004271,-0.005494,-0.012237,-0.014996,-0.0002,0.001502,0.003431,0.00072,-0.001571,-0.000445,-0.002499,-0.007503,-0.004372,-0.004378,-0.000479,-0.001511,-0.002255,-0.002721,-0.003434,0.001374,0.006129,0.00802,0.008767,0.01296,0.143121,-0.940739,-0.114784,-0.952995,1,0,0,0,0,0,0,0,0,0,0
1107,0.001752,0.001008,0.000504,-0.0006,-0.002617,0.003841,0.000648,-0.005329,-0.016348,-0.017404,0.001536,0.002761,0.002377,0.001896,0.000408,-0.001632,-0.004873,-0.007994,-0.011091,-0.00917,-0.002593,-0.007418,-0.009578,-0.012003,-0.020789,0.002665,-0.003049,-0.010994,-0.016732,-0.019612,0.001656,0.004465,0.005425,0.006625,0.006217,-0.00084,-0.001512,-0.004105,-0.011571,-0.01085,0.000762,0.003045,0.003357,-0.001218,-0.002568,-0.001819,-0.004895,-0.007072,-0.002015,-0.004666,-0.000155,-0.001407,-0.002322,-0.002935,-0.003476,0.003247,0.006099,0.007115,0.008663,0.013636,0.141435,-0.942559,-0.116102,-0.956497,1,0,0,0,0,0,0,0,0,0,0
1108,-0.00036,-0.001176,-0.001632,-0.002497,-0.008522,-0.001176,-0.005761,-0.01606,-0.021245,-0.023958,0.000408,0.00096,0.00096,-0.000288,-0.004369,-0.001248,-0.004561,-0.008738,-0.00941,-0.003913,-0.002329,-0.006314,-0.007346,-0.013612,-0.024318,-0.001128,-0.010323,-0.01738,-0.02187,-0.023766,0.001632,0.003025,0.004153,0.004393,0.003865,-9.6e-05,-0.00132,-0.008066,-0.010827,-0.007466,0.000941,0.002871,0.000158,-0.002134,-0.004774,-0.000237,-0.005243,-0.002111,-0.002117,-0.001858,-0.000881,-0.001628,-0.002095,-0.002812,-0.004739,0.001525,0.003423,0.004173,0.008382,0.011987,0.135447,-0.945989,-0.117138,-0.962674,1,0,0,0,0,0,0,0,0,0,0
1109,-0.000385,-0.00089,-0.001996,-0.004016,-0.012433,-0.00202,-0.008008,-0.019046,-0.020104,-0.02412,0.000818,0.000433,-4.8e-05,-0.001539,-0.00808,-0.001996,-0.005122,-0.008224,-0.0063,0.000577,-0.002501,-0.004665,-0.007094,-0.015895,-0.02852,-0.004593,-0.012553,-0.0183,-0.021186,-0.028665,0.001178,0.00214,0.003343,0.002934,0.0019,-0.000577,-0.003174,-0.010653,-0.009932,-0.005675,0.001344,0.001656,-0.002926,-0.004279,-0.007668,-0.002845,-0.005026,4.1e-05,-0.002615,-0.006532,-0.000376,-0.001302,-0.001923,-0.00247,-0.005518,0.001344,0.002373,0.003939,0.008974,0.011871,0.127363,-0.946309,-0.117003,-0.96154,1,0,0,0,0,0,0,0,0,0,0
1110,-0.000435,-0.000894,-0.001763,-0.007826,-0.020989,-0.002584,-0.012946,-0.018163,-0.020893,-0.023501,-0.000266,-0.000266,-0.001522,-0.005628,-0.01256,-0.001328,-0.005531,-0.006207,-0.000676,0.005966,-0.001498,-0.002536,-0.00884,-0.019613,-0.033453,-0.004637,-0.011739,-0.016255,-0.018163,-0.029177,0.000217,0.001353,0.001594,0.001063,-0.001787,-0.000652,-0.007439,-0.010217,-0.006835,-0.004855,0.000592,-0.002137,-0.004443,-0.0071,-0.012291,-0.00218,0.000972,0.000966,0.001226,-0.007202,-0.000392,-0.000879,-0.001627,-0.003639,-0.005701,0.000596,0.001378,0.005771,0.009535,0.009402,0.121139,-0.944974,-0.119548,-0.96158,1,0,0,0,0,0,0,0,0,0,0
1111,-7.3e-05,-0.001185,-0.003216,-0.011679,-0.030492,-0.003434,-0.014533,-0.015597,-0.019635,-0.021134,-0.000121,-0.000605,-0.002104,-0.008681,-0.015814,-0.001814,-0.004933,-0.002998,0.003917,0.013034,-0.000677,-0.003119,-0.01197,-0.024665,-0.037239,-0.003361,-0.00914,-0.012042,-0.019562,-0.024544,0.00075,0.001959,0.001548,0.000508,-0.006335,-0.001959,-0.009479,-0.008754,-0.004473,-0.003796,-0.000279,-0.004887,-0.006247,-0.009655,-0.018051,-1.1e-05,0.005084,0.002413,-0.001525,-0.004259,-0.000568,-0.001213,-0.001782,-0.00495,-0.004467,0.000469,0.002098,0.007331,0.010343,0.005502,0.115227,-0.941632,-0.124559,-0.967749,1,0,0,0,0,0,0,0,0,0,0
1112,-0.000387,-0.001257,-0.007327,-0.020506,-0.038811,-0.00694,-0.012163,-0.014896,-0.017507,-0.018499,0.000121,-0.001137,-0.005247,-0.012187,-0.021255,-0.002394,-0.003071,0.002466,0.009116,0.021836,-0.000363,-0.006674,-0.017459,-0.031315,-0.042752,-0.003748,-0.00827,-0.01018,-0.021207,-0.021957,0.000387,0.000629,9.7e-05,-0.002757,-0.011293,-0.004836,-0.007617,-0.004232,-0.002249,0.002249,-0.002454,-0.004763,-0.007422,-0.012619,-0.020836,0.003166,0.00316,0.003421,-0.005017,-0.003948,7.6e-05,-0.000677,-0.002705,-0.004784,-0.004408,0.000319,0.004748,0.008542,0.008408,0.003428,0.109834,-0.940856,-0.129234,-0.968828,1,0,0,0,0,0,0,0,0,0,0
1113,-0.000726,-0.002759,-0.011228,-0.030055,-0.044792,-0.004162,-0.005227,-0.009268,-0.010769,-0.011543,-0.000605,-0.002105,-0.008687,-0.015826,-0.028918,-0.000726,0.00121,0.008131,0.017254,0.034314,-0.002081,-0.010938,-0.023642,-0.036226,-0.046922,-0.002033,-0.004937,-0.012462,-0.017447,-0.020351,0.000823,0.000411,-0.000629,-0.007477,-0.018391,-0.002686,-0.00196,0.002323,0.003001,0.014713,-0.002156,-0.003517,-0.006927,-0.01533,-0.020929,0.00193,-0.000743,-0.004684,-0.00742,-0.009014,-0.000725,-0.001298,-0.004482,-0.003996,-0.004759,0.001316,0.006577,0.009604,0.004738,0.001581,0.109045,-0.938518,-0.130314,-0.963061,1,0,0,0,0,0,0,0,0,0,0
1114,-0.000146,-0.006252,-0.01951,-0.037925,-0.04987,-0.00107,-0.003819,-0.006447,-0.007444,-0.007444,-0.000657,-0.004792,-0.011774,-0.020897,-0.034763,4.9e-05,0.005619,0.012309,0.025105,0.040625,-0.004257,-0.015107,-0.029046,-0.040552,-0.055221,-0.002506,-0.004427,-0.01552,-0.016275,-0.022137,-0.000584,-0.001119,-0.00399,-0.012577,-0.022308,-9.7e-05,0.003308,0.005303,0.009828,0.021602,-0.000155,-0.002831,-0.008059,-0.016325,-0.020593,-0.001946,-0.001684,-0.010172,-0.009097,-0.015256,-3.3e-05,-0.002148,-0.004316,-0.003923,-0.005835,0.003253,0.007209,0.007069,0.001876,0.003246,0.103956,-0.936209,-0.127475,-0.959452,1,0,0,0,0,0,0,0,0,0,0
1115,-0.0019,-0.010428,-0.029384,-0.044223,-0.059159,0.0,-0.004069,-0.00558,-0.006359,-0.007383,-0.000853,-0.00748,-0.014668,-0.027849,-0.040544,0.0019,0.008869,0.018055,0.035232,0.043029,-0.004654,-0.017445,-0.030115,-0.040885,-0.060304,-0.000414,-0.007992,-0.013011,-0.015935,-0.022903,0.000171,-0.000877,-0.007772,-0.018761,-0.025389,0.000828,0.005141,0.005823,0.017616,0.023537,-0.001214,-0.004648,-0.013109,-0.018747,-0.0214,-0.000742,-0.00471,-0.007465,-0.00907,-0.015543,-0.000567,-0.003908,-0.003398,-0.004198,-0.007269,0.00223,0.005406,0.000301,-0.003011,-0.000274,0.100519,-0.934116,-0.128934,-0.958787,1,0,0,0,0,0,0,0,0,0,0
1116,-0.00423,-0.017557,-0.036068,-0.048074,-0.065827,-0.002763,-0.005404,-0.006407,-0.006407,-0.011346,-0.003301,-0.010319,-0.019489,-0.033427,-0.045091,0.003692,0.010417,0.023279,0.03888,0.043477,-0.006235,-0.020247,-0.031813,-0.046558,-0.065998,-0.001516,-0.012667,-0.013425,-0.019318,-0.037706,-0.000709,-0.003595,-0.012226,-0.022008,-0.027681,0.002592,0.004597,0.009145,0.020981,0.025333,-0.001471,-0.006726,-0.015034,-0.019325,-0.020306,0.001008,-0.007524,-0.006443,-0.012634,-0.026189,-0.001612,-0.00386,-0.003453,-0.005435,-0.008614,0.001816,0.00167,-0.003715,-0.002294,-0.002312,0.096004,-0.9337,-0.127392,-0.946038,1,0,0,0,0,0,0,0,0,0,0
1117,-0.004356,-0.023501,-0.038488,-0.053573,-0.069372,-0.001329,-0.002855,-0.003642,-0.004676,-0.008712,-0.003371,-0.010631,-0.023944,-0.036766,-0.049292,0.003322,0.0126,0.029949,0.037824,0.045231,-0.006644,-0.019441,-0.030318,-0.049931,-0.069495,-0.006128,-0.011197,-0.01415,-0.021188,-0.042893,-0.000345,-0.007309,-0.018407,-0.025101,-0.032188,0.001747,0.002436,0.014347,0.020327,0.032361,-0.001988,-0.010534,-0.016227,-0.018907,-0.01495,-0.005023,-0.007805,-0.009426,-0.015964,-0.033962,-0.001897,-0.00135,-0.002208,-0.005501,-0.008838,0.001507,-0.003967,-0.007518,-0.004583,-0.003573,0.09431,-0.938691,-0.124987,-0.940665,1,0,0,0,0,0,0,0,0,0,0
1118,-0.009099,-0.027817,-0.039957,-0.057908,-0.072323,-0.001335,-0.002349,-0.002349,-0.007344,-0.007442,-0.003709,-0.012981,-0.027075,-0.038869,-0.051158,0.003462,0.016467,0.032243,0.036891,0.050144,-0.007492,-0.019187,-0.034097,-0.053754,-0.069776,-0.005118,-0.005885,-0.011844,-0.030438,-0.040501,-0.002571,-0.0113,-0.02119,-0.026926,-0.035506,0.000272,0.004871,0.016838,0.02124,0.046435,-0.003316,-0.011718,-0.016056,-0.017048,-0.00559,-0.003581,-0.002488,-0.008748,-0.022454,-0.032541,-0.000469,-2.9e-05,-0.002171,-0.005607,-0.008631,-0.001714,-0.007535,-0.005999,-0.006018,-0.005744,0.092485,-0.950229,-0.12698,-0.939713,1,0,0,0,0,0,0,0,0,0,0
1119,-0.010192,-0.025332,-0.04057,-0.05653,-0.071818,-0.000199,-0.000994,-0.002038,-0.006115,-0.006463,-0.003605,-0.017053,-0.030005,-0.042658,-0.053074,0.005892,0.023417,0.031372,0.038855,0.056107,-0.005394,-0.016382,-0.036195,-0.055958,-0.067891,2.5e-05,-0.002958,-0.010068,-0.031994,-0.038134,-0.00445,-0.015661,-0.022423,-0.029582,-0.035971,0.000423,0.012454,0.018495,0.030651,0.058469,-0.005299,-0.01105,-0.013757,-0.00976,0.000327,0.00079,-0.000848,-0.007452,-0.025633,-0.030957,0.001074,0.000153,-0.003382,-0.006964,-0.010388,-0.004095,-0.007907,-0.004757,-0.003673,-0.006186,0.089996,-0.957611,-0.128143,-0.939149,1,0,0,0,0,0,0,0,0,0,0
1120,-0.008681,-0.020964,-0.039126,-0.053711,-0.068371,-0.000826,-0.000826,-0.005879,-0.005979,-0.006679,-0.005754,-0.020013,-0.031946,-0.04438,-0.053961,0.00723,0.023191,0.027894,0.041303,0.056438,-0.006404,-0.021489,-0.041378,-0.057589,-0.066695,-0.000801,-0.00683,-0.025642,-0.035824,-0.038651,-0.004353,-0.01436,-0.020164,-0.028844,-0.035499,0.004228,0.016336,0.020789,0.046281,0.066395,-0.003168,-0.007557,-0.008562,0.003032,0.007688,0.000311,-0.006023,-0.01989,-0.030095,-0.031484,-0.000644,-0.002969,-0.006699,-0.009981,-0.012419,-0.002037,-0.00037,-0.000391,-9.3e-05,-0.003783,0.089559,-0.962198,-0.130518,-0.93907,1,0,0,0,0,0,0,0,0,0,0
1121,-0.006567,-0.021932,-0.038023,-0.053438,-0.063339,2.5e-05,-0.001028,-0.005138,-0.005489,-0.006316,-0.007795,-0.020854,-0.033612,-0.044114,-0.050706,0.010427,0.018448,0.025992,0.043387,0.048701,-0.004662,-0.024639,-0.044565,-0.056596,-0.062411,-0.002206,-0.009374,-0.031481,-0.037672,-0.038199,-0.006943,-0.013761,-0.020979,-0.027421,-0.036093,0.007895,0.013986,0.026243,0.05429,0.059805,-0.002625,-0.005354,-0.001324,0.008846,0.009256,-0.001963,-0.008622,-0.026953,-0.032321,-0.031472,-0.000322,-0.004066,-0.007862,-0.011488,-0.009966,-0.001974,0.001363,0.002512,-0.000151,-0.002734,0.091554,-0.960454,-0.132183,-0.939477,1,0,0,0,0,0,0,0,0,0,0
1122,-0.005723,-0.023868,-0.038439,-0.053085,-0.059959,-2.5e-05,-0.005074,-0.005174,-0.005873,-0.006748,-0.006473,-0.018395,-0.030817,-0.040389,-0.045413,0.005548,0.010247,0.023644,0.038764,0.039714,-0.010422,-0.030292,-0.046487,-0.055585,-0.059584,-0.003824,-0.022619,-0.032791,-0.035615,-0.037565,-0.003074,-0.008873,-0.017545,-0.024193,-0.032991,0.004224,0.008673,0.034141,0.054235,0.052885,-0.001768,-0.002771,0.008811,0.013463,0.011561,-0.00437,-0.018224,-0.02842,-0.029808,-0.030471,-0.001994,-0.005698,-0.008959,-0.011381,-0.00849,0.003591,0.00357,0.003865,0.0002,-0.001702,0.092076,-0.958578,-0.132902,-0.937222,1,0,0,0,0,0,0,0,0,0,0
1123,-0.009608,-0.02567,-0.041057,-0.05094,-0.056219,-0.001026,-0.005129,-0.005479,-0.006305,-0.00673,-0.006555,-0.01929,-0.029773,-0.036353,-0.040907,0.002452,0.009983,0.027346,0.032651,0.037354,-0.009507,-0.029398,-0.041407,-0.047212,-0.048963,-0.003328,-0.025395,-0.031575,-0.0321,-0.034202,-0.003728,-0.010934,-0.017364,-0.02602,-0.033326,0.001851,0.014086,0.042083,0.047587,0.05064,-0.000955,0.003068,0.01322,0.013629,0.01228,-0.002272,-0.02057,-0.025928,-0.025081,-0.026233,-0.001689,-0.005436,-0.009017,-0.007515,-0.005412,-0.000322,0.000812,-0.001817,-0.004367,-0.006734,0.092977,-0.957263,-0.13585,-0.935062,1,0,0,0,0,0,0,0,0,0,0
1124,-0.008592,-0.023239,-0.037962,-0.044871,-0.04791,-0.004045,-0.004145,-0.004849,-0.005728,-0.005728,-0.005402,-0.017888,-0.02751,-0.03256,-0.0356,0.002261,0.015727,0.030927,0.031882,0.036504,-0.010426,-0.026706,-0.035851,-0.039871,-0.038916,-0.015551,-0.025777,-0.028616,-0.030575,-0.030877,-0.002085,-0.010803,-0.017486,-0.026329,-0.032007,0.002613,0.028214,0.048413,0.047056,0.047986,-5e-05,0.011593,0.016269,0.014357,0.010975,-0.011645,-0.021894,-0.023289,-0.023956,-0.023666,-0.002104,-0.005485,-0.007997,-0.004999,-0.002786,0.00031,0.000616,-0.003185,-0.005157,-0.007751,0.093209,-0.952754,-0.139496,-0.932496,1,0,0,0,0,0,0,0,0,0,0
1125,-0.007569,-0.023086,-0.033053,-0.038376,-0.040445,-7.6e-05,-0.000429,-0.001262,-0.00169,-0.001993,-0.007418,-0.01799,-0.024625,-0.029218,-0.030504,0.005324,0.022834,0.028183,0.032927,0.034567,-0.009588,-0.021699,-0.027552,-0.029318,-0.027325,-0.006636,-0.012868,-0.013398,-0.015517,-0.015189,-0.005172,-0.011657,-0.020387,-0.027754,-0.031059,0.009714,0.037947,0.043498,0.046577,0.043069,0.004107,0.014344,0.014757,0.013397,0.00851,-0.006758,-0.012162,-0.011307,-0.012469,-0.011227,-0.001808,-0.005606,-0.004012,-0.001782,0.000116,0.000884,-0.001905,-0.00461,-0.007121,-0.009743,0.094038,-0.948458,-0.142391,-0.931307,1,0,0,0,0,0,0,0,0,0,0
1126,-0.007163,-0.021995,-0.028956,-0.032019,-0.033664,-2.5e-05,-0.000734,-0.00162,-0.00162,-0.001873,-0.005138,-0.014832,-0.01992,-0.022983,-0.023185,0.008226,0.023539,0.024501,0.029159,0.029614,-0.006783,-0.015997,-0.020046,-0.019085,-0.016883,-0.003645,-0.006505,-0.008479,-0.008783,-0.008505,-0.003594,-0.010327,-0.019237,-0.024957,-0.02721,0.016047,0.036398,0.035031,0.035967,0.033031,0.007609,0.012321,0.010394,0.006987,0.003855,-0.003546,-0.004951,-0.005623,-0.005331,-0.004206,-0.001714,-0.00436,-0.001202,0.00113,0.0029,-0.00058,-0.004585,-0.006663,-0.009395,-0.011947,0.095764,-0.947289,-0.144217,-0.930383,1,0,0,0,0,0,0,0,0,0,0
1127,-0.008433,-0.018467,-0.023826,-0.025909,-0.026392,-0.00033,-0.001168,-0.0016,-0.001905,0.002108,-0.005487,-0.012167,-0.01679,-0.018086,-0.018187,0.009373,0.014758,0.019533,0.021185,0.021337,-0.005385,-0.011278,-0.013056,-0.011049,-0.009297,-0.002616,-0.00315,-0.005283,-0.004953,0.002693,-0.002921,-0.01171,-0.019127,-0.022455,-0.024995,0.01232,0.017908,0.021007,0.017476,0.015901,0.00267,0.003085,0.001716,-0.003204,-0.004631,-0.001881,-0.001021,-0.002191,-0.000941,0.003,-0.002224,-0.000553,0.001784,0.003773,0.005707,-0.002327,-0.005163,-0.007794,-0.010543,-0.011688,0.097747,-0.945991,-0.145081,-0.937008,1,0,0,0,0,0,0,0,0,0,0
1128,-0.006468,-0.013471,-0.016553,-0.018208,-0.018233,-0.000382,-0.001273,-0.001273,-0.001528,0.004915,-0.004253,-0.009371,-0.012453,-0.012656,-0.012504,0.00601,0.006978,0.011663,0.012122,0.013395,-0.003871,-0.007945,-0.006978,-0.004762,-0.000662,-0.000255,-0.002241,-0.002547,-0.002266,0.006417,-0.003845,-0.012809,-0.018564,-0.020831,-0.024829,0.008124,0.006748,0.007691,0.004737,0.00326,0.002063,0.000125,-0.003303,-0.006454,-0.008672,0.000472,-0.000204,9.1e-05,0.001222,0.00411,-0.000498,0.002798,0.005231,0.007078,0.010369,-0.00181,-0.003978,-0.006829,-0.009492,-0.01225,0.100904,-0.945264,-0.148615,-0.937104,1,0,0,0,0,0,0,0,0,0,0
1129,-0.003592,-0.008966,-0.011055,-0.011539,-0.011131,-0.000458,-0.000892,-0.001197,0.002827,0.010036,-0.002445,-0.007081,-0.00838,-0.008482,-0.007947,-0.000611,0.004177,0.005833,0.005986,0.007234,-0.002038,-0.003821,-0.001808,-5.1e-05,0.00889,-0.00028,-0.00242,-0.002089,0.005578,0.009832,-0.004967,-0.012405,-0.015742,-0.018289,-0.023714,-0.002522,0.000586,-0.002955,-0.004534,-0.0135,-0.001647,-0.00302,-0.007954,-0.009385,-0.018743,0.000391,-0.000782,0.000471,0.004423,0.002961,0.002202,0.004585,0.006613,0.008585,0.013773,-0.001078,-0.003762,-0.006565,-0.007731,-0.014321,0.104401,-0.937235,-0.154493,-0.939715,1,0,0,0,0,0,0,0,0,0,0
1130,-0.003415,-0.0065,-0.008156,-0.008182,-0.007188,-0.000433,-0.000433,-0.000688,0.00576,0.010909,-0.002676,-0.00576,-0.005964,-0.005811,-0.004155,0.00158,0.00627,0.006729,0.008003,0.008309,-0.002039,-0.001071,0.001147,0.005251,0.016262,-0.001708,-0.002014,-0.001733,0.006958,0.011546,-0.004002,-0.009762,-0.012031,-0.016032,-0.019855,0.001147,0.00209,-0.000867,-0.002345,-0.014274,-0.000292,-0.003723,-0.006877,-0.009096,-0.020472,-0.001067,-0.000773,0.00036,0.00325,0.004492,0.001104,0.003553,0.005411,0.008723,0.013565,-0.001099,-0.003968,-0.006647,-0.009422,-0.016803,0.105906,-0.93325,-0.159935,-0.940244,1,0,0,0,0,0,0,0,0,0,0
1131,-0.001962,-0.004052,-0.004536,-0.004129,-0.00367,0.0,-0.000306,0.003721,0.010933,0.01208,-0.001962,-0.003262,-0.003364,-0.002829,0.000484,0.003211,0.004868,0.00502,0.006269,0.009149,0.000255,0.002268,0.004027,0.012972,0.023675,-0.000433,-0.000102,0.007569,0.011825,0.013456,-0.00344,-0.006779,-0.009327,-0.014756,-0.027243,0.001962,-0.00158,-0.00316,-0.012131,-0.015367,-0.001082,-0.006018,-0.007449,-0.016812,-0.02039,-0.000106,0.001148,0.005101,0.003639,0.006066,0.001289,0.003324,0.005302,0.010508,0.021186,-0.001595,-0.004408,-0.005579,-0.012192,-0.01967,0.11813,-0.9328,-0.165208,-0.940218,1,0,0,0,0,0,0,0,0,0,0
1132,-0.00112,-0.002775,-0.002801,-0.001808,-0.001171,0.0,-0.000255,0.006187,0.011329,0.012297,-0.00112,-0.001324,-0.001171,0.000484,0.004354,0.001477,0.001935,0.003208,0.003513,0.008172,0.000713,0.002928,0.007027,0.018025,0.027776,0.000127,0.000407,0.009089,0.013672,0.014104,-0.002317,-0.004583,-0.00858,-0.012399,-0.041269,-0.001018,-0.003972,-0.005448,-0.017363,-0.017694,-0.002346,-0.005496,-0.007714,-0.019076,-0.018049,0.0004,0.001532,0.004419,0.00566,0.006956,0.001149,0.002993,0.006278,0.011081,0.032347,-0.001262,-0.00392,-0.006673,-0.013994,-0.020791,0.136928,-0.93023,-0.169591,-0.940569,1,0,0,0,0,0,0,0,0,0,0
1133,-0.000966,-0.001449,-0.001042,-0.000585,0.001347,-0.000305,0.003711,0.010904,0.012048,0.011514,-0.000178,-0.00028,0.000254,0.003559,0.007397,0.000178,0.00033,0.001576,0.004448,0.011591,0.001296,0.00305,0.011972,0.022648,0.030375,0.000203,0.007854,0.012099,0.013726,0.012379,-0.001017,-0.003559,-0.008973,-0.021428,-0.05193,-0.002516,-0.004092,-0.01304,-0.016268,-0.018149,-0.002581,-0.004008,-0.013347,-0.016915,-0.018368,0.000851,0.004794,0.003336,0.005756,0.006164,0.000862,0.002805,0.007916,0.018402,0.041013,-0.001514,-0.002664,-0.009157,-0.016501,-0.020875,0.152431,-0.927631,-0.171866,-0.939642,1,0,0,0,0,0,0,0,0,0,0
1134,-0.000686,-0.000711,0.000279,0.000915,0.004447,5.1e-05,0.006479,0.011612,0.012577,0.008664,-2.5e-05,0.000127,0.001779,0.005641,0.010291,0.000279,0.00155,0.001855,0.006505,0.013924,0.000915,0.005006,0.015982,0.025714,0.031634,7.6e-05,0.008741,0.013314,0.013746,0.00371,-0.001245,-0.005234,-0.009046,-0.037859,-0.060346,-0.000432,-0.001906,-0.013797,-0.014127,-0.041238,-0.000564,-0.002777,-0.014117,-0.013092,-0.039461,0.000279,0.00316,0.004398,0.005692,0.000219,0.000959,0.004198,0.008935,0.029909,0.05059,-0.001111,-0.003826,-0.011047,-0.01775,-0.020447,0.164245,-0.899824,-0.172425,-0.93146,1,0,0,0,0,0,0,0,0,0,0
1135,0.000203,0.00061,0.001068,0.003,0.00783,0.003966,0.01116,0.012304,0.01177,0.00455,-7.6e-05,0.000458,0.003762,0.007601,0.011363,-0.000127,0.001119,0.003991,0.011135,0.017414,0.000839,0.009762,0.020439,0.028167,0.032413,0.007576,0.011821,0.013448,0.012101,-0.0045,-0.001297,-0.006711,-0.019168,-0.049674,-0.074384,-0.001144,-0.010092,-0.013321,-0.015202,-0.063707,-0.000863,-0.010203,-0.013772,-0.015225,-0.058786,0.003665,0.002206,0.004627,0.005035,-0.004251,0.000983,0.006099,0.016594,0.039227,0.05987,-3.6e-05,-0.006535,-0.013885,-0.018263,-0.01933,0.182923,-0.874015,-0.172302,-0.922246,1,0,0,0,0,0,0,0,0,0,0
1136,-0.000229,0.000763,0.0014,0.004937,0.012266,0.002468,0.007609,0.008576,0.004657,0.000585,0.000229,0.001883,0.005751,0.010408,0.013386,0.0014,0.001705,0.006362,0.013793,0.020715,0.003257,0.014251,0.023998,0.029927,0.034966,0.001094,0.005675,0.006108,-0.003944,-0.018603,-0.002698,-0.006515,-0.035373,-0.057895,-0.087899,-0.000331,-0.012241,-0.012571,-0.039725,-0.083801,-0.001352,-0.012709,-0.011683,-0.038094,-0.074037,-0.000783,0.000457,0.001753,-0.003729,-0.01456,0.002285,0.007074,0.028278,0.049186,0.067593,-0.002708,-0.010008,-0.016785,-0.019512,-0.01955,0.202056,-0.849979,-0.172046,-0.914969,1,0,0,0,0,0,0,0,0,0,0
1137,0.000638,0.001097,0.003035,0.00788,0.016932,0.004743,0.005891,0.005355,-0.001887,-0.001352,0.000306,0.003621,0.007472,0.011246,0.013184,-0.000153,0.002729,0.009894,0.016193,0.020885,0.005687,0.016397,0.024149,0.028407,0.036644,0.003162,0.004794,0.003443,-0.013209,-0.021267,-0.002729,-0.015224,-0.045824,-0.07061,-0.102128,-0.008645,-0.011883,-0.01377,-0.062424,-0.098787,-0.008014,-0.011594,-0.013051,-0.056746,-0.08041,-0.000679,0.00175,0.002159,-0.007156,-0.01572,0.00291,0.013634,0.03676,0.057853,0.072727,-0.003894,-0.011404,-0.015878,-0.016967,-0.01765,0.221935,-0.83002,-0.172648,-0.910983,1,0,0,0,0,0,0,0,0,0,0
1138,0.000358,0.000997,0.004551,0.011916,0.020328,0.000409,0.001381,-0.002557,-0.006648,-0.005625,0.001355,0.005242,0.009921,0.012913,0.012836,0.00046,0.00514,0.012606,0.019561,0.021121,0.005344,0.015137,0.021095,0.026158,0.037255,0.001432,0.001867,-0.008233,-0.022962,-0.027002,-0.0011,-0.030096,-0.052725,-0.082872,-0.109643,-0.003299,-0.003631,-0.030914,-0.075201,-0.109924,-0.003376,-0.002345,-0.028881,-0.064996,-0.084803,0.001927,0.003228,-0.002279,-0.013162,-0.017504,0.001985,0.023907,0.045524,0.064555,0.07585,-0.003578,-0.010585,-0.013404,-0.013443,-0.015794,0.235176,-0.809272,-0.175848,-0.907594,1,0,0,0,0,0,0,0,0,0,0
1139,0.000102,0.002049,0.006917,0.016011,0.024491,0.000743,0.000205,-0.007071,-0.006533,-0.004381,0.001973,0.005841,0.009632,0.011579,0.011375,0.002434,0.009632,0.01596,0.020674,0.020648,0.005405,0.013193,0.017472,0.025746,0.037223,0.000205,-0.001153,-0.017882,-0.025977,-0.030793,-0.011451,-0.042193,-0.067094,-0.098759,-0.120765,5.1e-05,-0.001845,-0.050724,-0.087256,-0.123455,-0.000214,-0.001678,-0.045576,-0.069349,-0.089247,0.00051,0.000921,-0.008437,-0.017041,-0.023158,0.009065,0.032952,0.054739,0.070103,0.079139,-0.004131,-0.008752,-0.009877,-0.010583,-0.013389,0.250015,-0.790755,-0.17632,-0.902492,1,0,0,0,0,0,0,0,0,0,0
1140,0.000539,0.004107,0.0115,0.019945,0.028416,0.000231,-0.003722,-0.007829,-0.006802,-0.005391,0.001925,0.006623,0.009626,0.009549,0.009369,0.002259,0.009754,0.016736,0.018302,0.018097,0.004415,0.010396,0.015479,0.026619,0.038273,0.000231,-0.009908,-0.024694,-0.02875,-0.034346,-0.017635,-0.040352,-0.070616,-0.097492,-0.127012,-0.000385,-0.027774,-0.072234,-0.107093,-0.135509,0.00125,-0.02539,-0.061646,-0.081529,-0.08853,0.000796,-0.004733,-0.015658,-0.020017,-0.026099,0.013334,0.035547,0.055104,0.066711,0.075629,-0.003011,-0.005907,-0.005948,-0.008364,-0.011208,0.271641,-0.778471,-0.179393,-0.898707,1,0,0,0,0,0,0,0,0,0,0
1141,0.001415,0.006301,0.015431,0.023944,0.032637,-0.000772,-0.008076,-0.007536,-0.005375,-0.004681,0.001955,0.005761,0.007716,0.00751,0.007124,0.004964,0.011316,0.016049,0.016023,0.016023,0.003395,0.00769,0.015997,0.027519,0.038373,-0.001595,-0.018389,-0.026516,-0.031351,-0.036881,-0.013194,-0.038193,-0.069981,-0.092074,-0.11895,-0.001517,-0.050589,-0.087265,-0.123605,-0.150507,-0.002722,-0.046792,-0.070659,-0.090635,-0.096271,-0.000385,-0.00978,-0.018418,-0.024559,-0.030106,0.011036,0.03343,0.049221,0.058508,0.066662,-0.001698,-0.002854,-0.003579,-0.006463,-0.008605,0.284817,-0.763574,-0.180239,-0.896246,1,0,0,0,0,0,0,0,0,0,0
1142,0.002165,0.009588,0.018068,0.026574,0.034358,-0.003196,-0.00732,-0.006289,-0.004871,-0.003918,0.002758,0.005774,0.005696,0.005516,0.004691,0.002552,0.009562,0.011135,0.010928,0.011856,0.002603,0.007707,0.018893,0.030595,0.038121,-0.008583,-0.023429,-0.027502,-0.03312,-0.041317,-0.009588,-0.039977,-0.066963,-0.096604,-0.113976,-0.025981,-0.070623,-0.105625,-0.134157,-0.166041,-0.024021,-0.060426,-0.080391,-0.08742,-0.101935,-0.005166,-0.016136,-0.020512,-0.026619,-0.035566,0.011654,0.031779,0.043723,0.052901,0.059806,-0.001257,-0.001299,-0.003785,-0.006712,-0.007813,0.297037,-0.746649,-0.180723,-0.891084,1,0,0,0,0,0,0,0,0,0,0
1143,0.002735,0.011896,0.020437,0.029159,0.0353,-0.004129,-0.003587,-0.001419,-0.000723,-2.6e-05,0.001058,0.003019,0.002813,0.002426,-0.001368,0.003819,0.008567,0.008541,0.008541,0.01156,0.001703,0.010038,0.021598,0.032488,0.039248,-0.008257,-0.016412,-0.021263,-0.026811,-0.035249,-0.015483,-0.047377,-0.069543,-0.096508,-0.118932,-0.023224,-0.060021,-0.096483,-0.123474,-0.146027,-0.020168,-0.044113,-0.064156,-0.069811,-0.076084,-0.004254,-0.012921,-0.019082,-0.024648,-0.033365,0.01117,0.027332,0.036838,0.045183,0.051075,8.4e-05,-0.000658,-0.00361,-0.005802,-0.007346,0.313669,-0.73934,-0.181715,-0.888214,1,0,0,0,0,0,0,0,0,0,0
1144,0.004692,0.013173,0.02168,0.029465,0.035368,0.0,0.001031,0.002449,0.003403,0.006264,0.001959,0.001882,0.001701,0.000876,-0.004769,0.003197,0.004769,0.004563,0.005491,0.010337,0.003403,0.014591,0.026294,0.033821,0.04122,-0.006599,-0.010672,-0.016292,-0.024489,-0.028562,-0.014926,-0.041916,-0.071561,-0.088935,-0.109532,-0.021448,-0.056455,-0.084991,-0.116879,-0.132114,-0.016262,-0.03623,-0.04326,-0.057777,-0.061454,-0.006722,-0.011099,-0.017207,-0.026155,-0.032513,0.009053,0.021009,0.030196,0.037108,0.041666,-0.000125,-0.002613,-0.005544,-0.006646,-0.008291,0.323478,-0.728763,-0.182679,-0.88616,1,0,0,0,0,0,0,0,0,0,0
1145,0.004456,0.012983,0.021689,0.02782,0.032895,0.000541,0.002705,0.0034,0.004096,0.008269,0.0,-0.000206,-0.000592,-0.004379,-0.007651,0.001546,0.00152,0.00152,0.004534,0.011669,0.00492,0.01646,0.027331,0.03408,0.041009,-0.001546,-0.006388,-0.011927,-0.02035,-0.023106,-0.016924,-0.039051,-0.06597,-0.088354,-0.093686,-0.015301,-0.051699,-0.078643,-0.101157,-0.113135,-0.007654,-0.027661,-0.033306,-0.039569,-0.051267,-0.001935,-0.008086,-0.013641,-0.022343,-0.028595,0.006959,0.016349,0.024593,0.030413,0.033104,-0.000609,-0.003525,-0.00569,-0.007215,-0.008982,0.32567,-0.724831,-0.183393,-0.883462,1,0,0,0,0,0,0,0,0,0,0
1146,0.004011,0.012495,0.02026,0.026148,0.029105,0.000489,0.001903,0.002854,0.005708,0.007739,-7.7e-05,-0.000257,-0.00108,-0.006711,-0.00761,2.6e-05,-0.00018,0.000746,0.005579,0.011236,0.006248,0.01792,0.025428,0.032807,0.037281,-0.00252,-0.008125,-0.016301,-0.020363,-0.023988,-0.010027,-0.039595,-0.056924,-0.077466,-0.075384,-0.019643,-0.048105,-0.079909,-0.095104,-0.098446,-0.012277,-0.019288,-0.033767,-0.037435,-0.045722,-0.002434,-0.008526,-0.017451,-0.023793,-0.028886,0.004871,0.01389,0.020676,0.025152,0.025896,-0.001843,-0.00472,-0.005802,-0.007416,-0.00881,0.328477,-0.724784,-0.182845,-0.880441,1,0,0,0,0,0,0,0,0,0,0
1147,0.004498,0.013187,0.019304,0.024368,0.026399,0.001671,0.002365,0.003059,0.007223,0.007532,-0.000129,-0.000514,-0.004293,-0.007557,-0.006169,-5.1e-05,-5.1e-05,0.002956,0.010076,0.011259,0.00527,0.016117,0.022852,0.029766,0.032106,-0.002313,-0.00784,-0.016246,-0.018996,-0.022004,-0.012056,-0.038917,-0.061255,-0.066576,-0.060998,-0.016683,-0.04357,-0.066036,-0.077989,-0.074982,-0.007691,-0.013325,-0.019574,-0.031248,-0.03309,-0.003704,-0.009248,-0.017931,-0.024171,-0.0273,0.004389,0.012512,0.018247,0.020899,0.020273,-0.001033,-0.003167,-0.00467,-0.006411,-0.00695,0.329084,-0.729996,-0.182254,-0.879977,1,0,0,0,0,0,0,0,0,0,0
1148,0.003979,0.011731,0.017609,0.020561,0.022306,-0.000257,0.000693,0.003542,0.00557,0.005878,-5.1e-05,-0.000873,-0.006494,-0.007393,0.006032,-0.000154,0.00077,0.005596,0.011243,0.01132,0.006392,0.013887,0.021254,0.02572,0.027312,-0.003286,-0.011448,-0.015504,-0.019123,-0.019842,-0.017481,-0.034781,-0.055291,-0.053212,-0.04143,-0.011756,-0.043509,-0.058679,-0.062016,-0.055316,0.00068,-0.013775,-0.017437,-0.025711,-0.020023,-0.002383,-0.011294,-0.017625,-0.02271,-0.023742,0.004571,0.01128,0.015705,0.01644,0.015891,-0.001821,-0.002891,-0.004487,-0.005865,-0.005916,0.326215,-0.734262,-0.18224,-0.88067,1,0,0,0,0,0,0,0,0,0,0
1149,0.004695,0.0108,0.015854,0.01788,0.017957,0.000949,0.001642,0.005798,0.006105,0.002796,-0.000333,-0.004105,-0.007362,-0.005977,0.022806,0.000154,0.003155,0.010261,0.011441,0.011364,0.004438,0.011159,0.01806,0.020394,0.020805,-0.002232,-0.01062,-0.013365,-0.016367,-0.018188,-0.009338,-0.03163,-0.036941,-0.031374,0.014289,-0.015084,-0.037505,-0.049434,-0.046432,-0.041481,-0.006302,-0.012539,-0.024189,-0.026028,-0.034567,-0.003151,-0.011817,-0.018043,-0.021167,-0.019643,0.003458,0.009112,0.011726,0.01111,0.008863,-0.000291,-0.001772,-0.003489,-0.00402,-0.003993,0.291225,-0.737824,-0.182492,-0.880857,1,0,0,0,0,0,0,0,0,0,0
1150,0.003053,0.008929,0.011879,0.013624,0.013008,0.0,0.002848,0.004875,0.005183,-0.001437,-0.000487,-0.006106,-0.007004,0.006414,0.039537,0.00077,0.005593,0.011238,0.011315,0.011161,0.003053,0.010417,0.014881,0.016472,0.016472,-0.005927,-0.009981,-0.013598,-0.014317,-0.015984,-0.007954,-0.028453,-0.026375,-0.014599,0.075149,-0.016651,-0.031815,-0.03515,-0.028453,-0.019243,-0.008145,-0.011806,-0.020076,-0.014391,-0.04607,-0.005755,-0.012083,-0.017165,-0.018197,-0.013251,0.003226,0.007636,0.008369,0.007822,0.001879,-0.000775,-0.002367,-0.00374,-0.003791,-0.003479,0.241472,-0.745696,-0.182616,-0.88173,1,0,0,0,0,0,0,0,0,0,0
1151,0.003056,0.008115,0.010144,0.010221,0.009836,0.000693,0.004854,0.005162,0.001849,-0.005855,-0.003287,-0.006549,-0.005162,0.023653,0.054574,0.002234,0.009348,0.01053,0.010453,0.007936,0.003673,0.010581,0.012918,0.013329,0.013997,-0.002465,-0.005213,-0.008218,-0.010042,-0.00999,-0.014356,-0.019672,-0.014099,0.031614,0.145616,-0.005778,-0.01772,-0.014716,-0.009759,-0.001746,0.001909,-0.009754,-0.011594,-0.020143,-0.062305,-0.002915,-0.009149,-0.012275,-0.01075,-0.002981,0.002451,0.005085,0.004464,0.0022,-0.00468,-0.000712,-0.002443,-0.002978,-0.002951,-0.002489,0.181223,-0.751686,-0.1842,-0.888014,1,0,0,0,0,0,0,0,0,0,0
1152,0.002824,0.005777,0.007523,0.006907,0.006702,0.002157,0.004185,0.004493,-0.002131,-0.007395,-0.002337,-0.003235,0.010194,0.043343,0.08422,0.002593,0.008242,0.008319,0.008165,-0.000847,0.003697,0.008165,0.009757,0.009757,0.010553,-0.001592,-0.005212,-0.005931,-0.0076,-0.006599,-0.006162,-0.004083,0.007703,0.097521,0.232658,-0.009398,-0.012736,-0.006034,0.003184,0.004827,-0.005572,-0.013849,-0.008159,-0.039863,-0.077501,-0.003419,-0.008505,-0.009537,-0.004588,0.001727,0.001987,0.002724,0.002174,-0.003801,-0.009695,-0.000889,-0.002269,-0.002321,-0.002007,-0.001697,0.108035,-0.75811,-0.185706,-0.895798,0,0,1,0,0,0,0,0,0,0,0
1153,0.002235,0.004265,0.004342,0.003957,0.002107,0.002004,0.002312,-0.001002,-0.00871,-0.012358,-0.000925,0.000462,0.02929,0.060225,0.114463,0.004522,0.005704,0.005627,0.003109,-0.027338,0.003212,0.00555,0.005961,0.006629,0.00668,-0.001156,-0.004162,-0.005987,-0.005935,-0.004933,0.000848,0.006423,0.052157,0.16621,0.325302,-0.002544,0.000462,0.005421,0.013438,0.00519,-0.006092,-0.007934,-0.016486,-0.058667,-0.07175,-0.002816,-0.005943,-0.004417,0.003355,0.008336,0.000647,2.4e-05,-0.002248,-0.009149,-0.014801,-0.000843,-0.00138,-0.001353,-0.000889,-0.001247,0.020851,-0.75033,-0.185757,-0.897786,0,0,1,0,0,0,0,0,0,0,0
1154,0.00072,0.002469,0.001851,0.001646,-0.000977,2.6e-05,0.000334,-0.0063,-0.011571,-0.019337,2.6e-05,0.013474,0.046671,0.087608,0.120239,0.001131,0.001209,0.001054,-0.007971,-0.069788,0.00126,0.002854,0.002854,0.003651,0.003291,-0.002469,-0.003189,-0.00486,-0.003857,-0.002237,0.001234,0.013037,0.102985,0.238319,0.415438,-0.000797,0.005914,0.015146,0.016791,-0.074957,-0.002192,0.003507,-0.028243,-0.065936,-0.106633,-0.002276,-0.00331,0.001647,0.007971,0.017624,9.4e-05,-0.000462,-0.006498,-0.012452,-0.01856,-0.000547,-0.000599,-0.000282,3.1e-05,0.000163,-0.071964,-0.667376,-0.185599,-0.89786,0,0,1,0,0,0,0,0,0,0,0
1155,0.001314,0.001392,0.001005,-0.00085,-0.007087,0.000283,-0.003041,-0.010772,-0.014432,-0.019483,0.001366,0.030281,0.061309,0.115712,0.136586,5.2e-05,-2.6e-05,-0.002551,-0.03309,-0.088498,0.001082,0.001495,0.002165,0.002216,0.001185,-0.000541,-0.002371,-0.002319,-0.001314,0.002706,0.004355,0.050228,0.164625,0.324199,0.509235,0.003814,0.008788,0.016828,0.008556,-0.121768,0.000349,-0.008229,-0.050538,-0.063661,-0.100122,-0.000857,0.000674,0.008471,0.013466,0.023571,-0.000732,-0.003052,-0.010101,-0.015874,-0.020911,7e-06,3.4e-05,0.000508,0.000142,-0.001564,-0.166429,-0.622507,-0.18508,-0.901683,0,0,1,0,0,0,0,0,0,0,0
1156,0.000439,-0.000181,-0.000387,-0.003021,-0.004699,2.6e-05,-0.006635,-0.011928,-0.019725,-0.017531,0.012135,0.045467,0.08657,0.119334,0.158862,2.6e-05,-0.000129,-0.009191,-0.071259,-0.084479,0.000516,0.000516,0.001317,0.000955,0.000542,-0.000181,-0.001859,-0.000852,0.000775,0.016627,0.007487,0.097801,0.233685,0.411523,0.621739,0.002918,0.012186,0.013839,-0.078282,-0.178226,0.005372,-0.026507,-0.064353,-0.105215,-0.070565,-0.00018,0.004797,0.011146,0.020839,0.034381,0.00017,-0.00604,-0.012166,-0.018449,-0.024048,-6e-05,0.000266,0.000588,0.000723,0.002413,-0.282798,-0.573506,-0.184836,-0.912984,0,0,1,0,0,0,0,0,0,0,0
1157,-0.000362,-0.00075,-0.002613,-0.008874,0.005304,-0.003363,-0.011125,-0.014799,-0.019869,-0.005019,0.016868,0.048018,0.102633,0.123589,0.177117,-0.000103,-0.002639,-0.033297,-0.088921,-0.086411,-0.000103,0.000569,0.000621,-0.000414,0.0,-0.001656,-0.001604,-0.000595,0.003441,0.02939,0.038549,0.153393,0.31359,0.499348,0.711832,0.00207,0.010142,0.001837,-0.128996,-0.251938,-0.013994,-0.056468,-0.069642,-0.106246,-0.038824,0.001717,0.009544,0.014559,0.024703,0.032134,-0.002556,-0.0098,-0.015732,-0.020908,-0.030431,8.9e-05,0.000576,0.000201,-0.001553,0.009694,-0.378545,-0.505754,-0.184713,-0.922025,0,0,1,0,0,0,0,0,0,0,0
1158,-0.000259,-0.000467,-0.003111,-0.004796,-0.002048,-0.003319,-0.008633,-0.016463,-0.014259,0.00153,0.016567,0.057841,0.090741,0.130433,0.192914,-5.2e-05,-0.009152,-0.071478,-0.084752,-0.107929,0.000104,0.000907,0.000544,0.00013,-0.000389,-2.6e-05,0.000985,0.002619,0.018537,0.03163,0.052059,0.188507,0.367084,0.578173,0.730409,0.007233,0.008893,-0.083611,-0.18397,-0.324462,-0.017988,-0.055991,-0.097023,-0.062228,-0.007822,0.003277,0.009653,0.019385,0.032983,0.029571,-0.003799,-0.010105,-0.016573,-0.022337,-0.033764,0.000245,0.000576,0.000715,0.002455,0.004376,-0.433018,-0.442018,-0.187467,-0.920193,0,0,1,0,0,0,0,0,0,0,0
1159,-0.00013,-0.001998,-0.008278,0.005943,-0.010406,-0.004464,-0.008149,-0.013235,0.001661,0.004723,0.014662,0.069444,0.090464,0.144157,0.21316,-0.002491,-0.033243,-0.089037,-0.08652,-0.152643,0.000571,0.000623,-0.000415,0.0,-0.001739,7.8e-05,0.00109,0.005138,0.031167,0.0314,0.063086,0.223774,0.4101,0.623234,0.711077,0.000856,-0.007474,-0.138707,-0.262025,-0.408595,-0.024599,-0.037813,-0.074529,-0.006901,0.005824,0.004571,0.009601,0.019777,0.027231,0.028006,-0.003576,-0.009637,-0.014925,-0.024653,-0.033986,0.000251,-0.000133,-0.001924,0.009565,-0.000926,-0.46254,-0.375803,-0.18723,-0.915403,0,0,1,0,0,0,0,0,0,0,0
1160,-7.8e-05,-0.002742,-0.00444,-0.001671,-0.020763,-0.000862,-0.008749,-0.006529,0.009376,0.009141,0.026822,0.059964,0.099948,0.162889,0.233508,-0.00666,-0.069444,-0.082815,-0.106164,-0.186367,0.000235,-0.000131,-0.000548,-0.001071,-0.003682,0.00094,0.002586,0.018621,0.03181,0.033429,0.073962,0.253853,0.466493,0.619849,0.68219,0.00081,-0.092374,-0.193471,-0.334997,-0.461897,-0.013527,-0.05486,-0.01981,0.034996,0.028142,0.001823,0.011627,0.025325,0.021887,0.027934,-0.002899,-0.009708,-0.015775,-0.027804,-0.033537,8.7e-05,0.000233,0.002065,0.004086,-0.007473,-0.488997,-0.336164,-0.187795,-0.911992,0,0,1,0,0,0,0,0,0,0,0
1161,-0.001815,-0.008183,0.006236,-0.01034,-0.026364,-0.002868,-0.008025,0.007078,0.010183,0.009998,0.028522,0.049834,0.104272,0.174234,0.228436,-0.02447,-0.081039,-0.078487,-0.145528,-0.215832,-0.000184,-0.001237,-0.000816,-0.002579,-0.005578,7.9e-05,0.004184,0.030574,0.030811,0.036862,0.088406,0.277322,0.493418,0.582482,0.619423,-0.009262,-0.142318,-0.26735,-0.415957,-0.489024,0.00023,-0.036997,0.031572,0.044473,0.027427,0.003264,0.013581,0.021138,0.021925,0.031431,-0.003622,-0.009446,-0.020161,-0.03044,-0.031133,-0.000514,-0.002487,0.010168,-0.001387,-0.010122,-0.489898,-0.322954,-0.18871,-0.91024,0,0,1,0,0,0,0,0,0,0,0
1162,-0.00087,-0.002583,0.000211,-0.019058,-0.02781,-0.005087,-0.002847,0.013206,0.012969,0.012626,0.004877,0.045233,0.10876,0.180037,0.21151,-0.038854,-0.05235,-0.075916,-0.156867,-0.213145,-0.000185,-0.000606,-0.001133,-0.003769,-0.006564,0.001582,0.017766,0.031078,0.032712,0.038011,0.092997,0.307618,0.462402,0.525323,0.52701,-0.084773,-0.186811,-0.329655,-0.457737,-0.504024,-0.041948,-0.006572,0.048745,0.041826,0.011232,0.006626,0.020451,0.016982,0.023084,0.030163,-0.003597,-0.01007,-0.022906,-0.029024,-0.028133,0.000677,0.002631,0.004788,-0.007546,-0.011117,-0.48026,-0.305761,-0.189056,-0.906251,0,0,1,0,0,0,0,0,0,0,0
1163,-0.005505,0.00893,-0.007665,-0.023707,-0.031794,-7.9e-05,0.015041,0.018149,0.017965,0.019282,0.016463,0.070963,0.141003,0.195266,0.21136,-0.017807,-0.015251,-0.082368,-0.152752,-0.186863,-0.000869,-0.000448,-0.002213,-0.005216,-0.006375,0.002529,0.028949,0.029186,0.035244,0.037957,0.096197,0.312536,0.401701,0.438683,0.425091,-0.048494,-0.173666,-0.32244,-0.395589,-0.435022,0.004651,0.073296,0.086212,0.069146,0.040014,0.003708,0.011274,0.012061,0.021578,0.0249,-0.002291,-0.013091,-0.023452,-0.02415,-0.024709,-0.002662,0.010093,-0.001553,-0.010357,-0.015909,-0.467106,-0.295743,-0.192152,-0.904153,0,0,1,0,0,0,0,0,0,0,0
1164,0.003799,0.006595,-0.012689,-0.021447,-0.032473,0.002321,0.018387,0.018149,0.017806,0.020207,0.0239,0.087475,0.158806,0.190303,0.198982,0.004326,-0.019257,-0.100269,-0.15659,-0.171389,0.000448,-7.9e-05,-0.002717,-0.005513,-0.005566,0.013665,0.026986,0.028622,0.033924,0.037037,0.118445,0.273346,0.336314,0.338003,0.324549,-0.053551,-0.196502,-0.324681,-0.371004,-0.398834,0.030746,0.086104,0.07918,0.048563,0.02799,0.010123,0.006651,0.012758,0.019843,0.023749,-0.004193,-0.017096,-0.023247,-0.022351,-0.023217,0.004654,0.006823,-0.005577,-0.009167,-0.018531,-0.458493,-0.286555,-0.196259,-0.90427,1,0,0,0,0,0,0,0,0,0,0
1165,0.010616,-0.005939,-0.021942,-0.030009,-0.044803,0.012771,0.015872,0.015688,0.017002,0.019761,0.030561,0.100432,0.154564,0.17062,0.170383,-0.001761,-0.068716,-0.138929,-0.172958,-0.177425,-2.6e-05,-0.001787,-0.004782,-0.005939,-0.00762,0.012745,0.012981,0.019025,0.021731,0.023702,0.097831,0.18678,0.223674,0.210115,0.190407,-0.071527,-0.219942,-0.292915,-0.332252,-0.352381,0.037853,0.050738,0.033713,0.004651,-0.012573,-0.002536,-0.001751,0.007743,0.011057,0.014319,-0.006539,-0.016725,-0.017412,-0.017961,-0.018853,0.008012,-0.003439,-0.012096,-0.017554,-0.029119,-0.439816,-0.280151,-0.197614,-0.901939,1,0,0,0,0,0,0,0,0,0,0
1166,-0.007786,-0.026884,-0.035558,-0.046479,-0.061632,0.003214,0.002978,0.002639,0.005016,0.006871,0.03258,0.103225,0.13442,0.143016,0.138914,-0.021606,-0.10184,-0.15762,-0.172277,-0.177946,-0.000496,-0.003109,-0.005878,-0.005931,-0.00951,0.000523,0.002142,0.007394,0.010477,0.011469,0.056146,0.118509,0.120181,0.106857,0.088438,-0.070463,-0.197411,-0.243288,-0.270852,-0.280309,0.017191,0.010334,-0.01999,-0.040365,-0.053955,-0.000917,0.005131,0.012148,0.016016,0.018854,-0.005781,-0.01153,-0.010693,-0.011502,-0.011767,-0.005668,-0.017258,-0.020613,-0.029365,-0.039353,-0.433104,-0.280837,-0.197675,-0.901676,1,0,0,0,0,0,0,0,0,0,0
1167,-0.008636,-0.024477,-0.032463,-0.047107,-0.056081,-0.00013,-0.000312,0.000988,0.00372,0.003772,0.036729,0.090313,0.106206,0.105972,0.107715,-0.044766,-0.11427,-0.147955,-0.152377,-0.157709,-0.001249,-0.004214,-0.005358,-0.007023,-0.009624,-0.000286,0.005697,0.008376,0.010327,0.010821,0.032151,0.068671,0.055249,0.03574,0.028899,-0.076761,-0.148996,-0.187935,-0.20786,-0.210305,-0.004362,-0.021214,-0.049982,-0.067032,-0.075974,0.001691,0.011089,0.014369,0.017598,0.020087,-0.003881,-0.004521,-0.005032,-0.005863,-0.00581,-0.005169,-0.013231,-0.018315,-0.029085,-0.034249,-0.427632,-0.279722,-0.19912,-0.901183,1,0,0,0,0,0,0,0,0,0,0
1168,-0.010297,-0.018865,-0.029652,-0.04462,-0.048362,-0.000103,-0.000439,0.00191,0.003742,0.003974,0.033343,0.064156,0.072647,0.068595,0.07177,-0.03484,-0.089938,-0.104415,-0.110016,-0.114093,-0.001342,-0.004078,-0.004129,-0.007665,-0.008929,0.001884,0.007071,0.010116,0.011097,0.010116,0.029704,0.031356,0.018194,0.0,-0.00351,-0.04924,-0.094557,-0.121784,-0.131126,-0.133784,-0.002446,-0.032399,-0.052526,-0.065949,-0.072774,0.004297,0.011228,0.015049,0.017852,0.017525,-0.001602,-0.000834,-0.001577,-0.00182,-0.001811,-0.005744,-0.008822,-0.016853,-0.026017,-0.028331,-0.42576,-0.278446,-0.200625,-0.900917,1,0,0,0,0,0,0,0,0,0,0
1169,-0.005387,-0.013262,-0.027704,-0.036554,-0.039042,-7.7e-05,0.001206,0.003899,0.00395,0.004207,0.0197,0.035374,0.035143,0.036861,0.039427,-0.033911,-0.06713,-0.071491,-0.07675,-0.081341,-0.00159,-0.002719,-0.004361,-0.006926,-0.007926,0.004027,0.006669,0.008593,0.009081,0.008106,0.00649,-0.006746,-0.025985,-0.032731,-0.028884,-0.022291,-0.060692,-0.080341,-0.082752,-0.084445,-0.014187,-0.042557,-0.059371,-0.06819,-0.067373,0.004996,0.008232,0.011416,0.01387,0.013205,0.000956,0.000492,-0.000262,-0.000213,-0.000126,-0.001807,-0.006418,-0.016186,-0.02087,-0.022341,-0.428746,-0.27798,-0.201381,-0.900657,1,0,0,0,0,0,0,0,0,0,0
1170,-0.003109,-0.013763,-0.028546,-0.032242,-0.033363,-0.000255,0.002064,0.003874,0.004104,0.005888,0.010858,0.019243,0.015242,0.018377,0.020772,-0.020721,-0.03502,-0.040551,-0.044578,-0.049115,-0.001121,-0.001172,-0.004664,-0.005913,-0.006576,0.001121,0.004129,0.005098,0.004129,0.00469,-0.004817,-0.017816,-0.035785,-0.039251,-0.033414,-0.022608,-0.049497,-0.058723,-0.061349,-0.05987,-0.015486,-0.035363,-0.04862,-0.055361,-0.052837,0.001881,0.005654,0.008423,0.0081,0.0071,-0.00021,-0.000891,-0.001113,-0.001105,-0.000923,-0.001094,-0.008454,-0.016853,-0.018974,-0.01963,-0.430097,-0.279664,-0.201864,-0.901389,1,0,0,0,0,0,0,0,0,0,0
1171,-0.004692,-0.018969,-0.027718,-0.030178,-0.02929,0.001522,0.004184,0.004235,0.004489,0.007101,0.004692,0.004463,0.006162,0.008698,0.009256,-0.012223,-0.016534,-0.021733,-0.026273,-0.028885,0.0,-0.001623,-0.004159,-0.005148,-0.005427,0.001496,0.003398,0.00388,0.002916,0.0035,-0.008293,-0.027312,-0.033982,-0.030178,-0.027439,-0.015469,-0.034895,-0.037279,-0.038952,-0.033931,-0.012639,-0.029262,-0.03798,-0.037173,-0.036022,0.001328,0.004475,0.006902,0.006244,0.003942,-0.000225,-0.000921,-0.000876,-0.000796,-0.000578,-0.0032,-0.012216,-0.016539,-0.017896,-0.017584,-0.431119,-0.283037,-0.202255,-0.901625,1,0,0,0,0,0,0,0,0,0,0
1172,-0.005886,-0.020536,-0.024199,-0.02531,-0.023795,0.000783,0.002577,0.002804,0.004572,0.005734,0.003637,-0.000328,0.002779,0.005153,0.005229,-0.001996,-0.007477,-0.011468,-0.015964,-0.01503,-5.1e-05,-0.003511,-0.004749,-0.005406,-0.005557,0.00149,0.00245,0.00149,0.002046,0.00192,-0.004623,-0.022431,-0.025866,-0.020082,-0.014777,-0.011241,-0.020385,-0.022987,-0.021521,-0.016065,-0.00711,-0.020249,-0.026929,-0.024428,-0.019788,0.002418,0.005162,0.004841,0.00385,0.00208,-0.00042,-0.000629,-0.000621,-0.00045,-0.00031,-0.003799,-0.011687,-0.013678,-0.014294,-0.013471,-0.435035,-0.284995,-0.20227,-0.901142,1,0,0,0,0,0,0,0,0,0,0
1173,-0.008326,-0.01703,-0.019477,-0.018594,-0.01756,0.001867,0.001917,0.00217,0.004768,0.005273,-0.00386,-0.00217,0.000353,0.000908,0.003784,-0.002296,-0.007468,-0.011984,-0.014583,-0.011025,-0.001564,-0.004087,-0.005071,-0.005349,-0.005576,0.000404,0.000883,-7.6e-05,0.000505,0.000404,-0.014305,-0.02094,-0.017156,-0.014431,-0.004768,-0.008099,-0.01047,-0.012135,-0.00714,-0.003431,-0.009435,-0.018109,-0.017306,-0.016161,-0.009436,0.000717,0.003131,0.002476,0.000186,-0.000805,-0.000255,-0.000212,-0.000134,7.6e-05,0.000101,-0.00493,-0.0091,-0.010409,-0.010107,-0.009404,-0.439906,-0.285963,-0.202306,-0.900506,1,0,0,0,0,0,0,0,0,0,0
1174,-0.006287,-0.009934,-0.01104,-0.009531,-0.009003,-7.5e-05,0.000151,0.001911,0.003068,0.00503,-0.000101,0.002993,0.005357,0.005432,0.007871,-0.003169,-0.007142,-0.011618,-0.010688,-0.007268,-0.001886,-0.003118,-0.003772,-0.003923,-0.004124,0.000553,-0.000402,0.000151,2.5e-05,-5e-05,-0.00347,-0.006891,-0.001132,0.004149,0.009028,-0.001031,-0.003621,-0.002163,0.003269,0.007067,-0.003676,-0.010327,-0.007836,-0.003217,-0.000834,0.002017,0.001698,0.000711,-0.001051,-0.003215,4.6e-05,5.4e-05,0.000219,0.000355,0.000375,-0.002827,-0.004757,-0.005354,-0.004557,-0.004547,-0.438428,-0.287212,-0.201764,-0.898763,1,0,0,0,0,0,0,0,0,0,0
1175,-0.002385,-0.00482,-0.003941,-0.002912,-0.00246,0.000126,0.000377,0.002962,0.003464,0.005146,0.001782,0.004292,0.004845,0.007706,0.009865,-0.001983,-0.006476,-0.009062,-0.005522,-0.003615,-0.000628,-0.001607,-0.001883,-0.002109,-0.00256,-7.5e-05,-0.001029,-0.000452,-0.000552,-0.000427,-0.003138,0.000628,0.003339,0.012952,0.015764,-0.00133,-0.002987,0.001983,0.005673,0.009288,-0.004961,-0.004162,-0.003023,0.003668,0.004132,0.000389,-0.000263,-0.002542,-0.003527,-0.005295,-4e-06,7.1e-05,0.000273,0.000298,0.000352,-0.001234,-0.002498,-0.002207,-0.001527,-0.001303,-0.441207,-0.287515,-0.201286,-0.899179,1,0,0,0,0,0,0,0,0,0,0
1176,-0.001254,-0.002357,-0.000853,-0.000326,7.5e-05,0.0001,0.001856,0.003009,0.004965,0.005141,0.001304,0.003661,0.003737,0.006169,0.007749,-0.001981,-0.006445,-0.005517,-0.002107,0.002232,-0.000602,-0.001254,-0.001404,-0.001605,-0.002959,-0.000878,-0.000326,-0.000451,-0.000527,-0.003335,-0.000276,0.005467,0.010733,0.015599,0.021015,-0.001254,0.000201,0.005618,0.009404,0.011411,-0.001676,0.000807,0.005414,0.00779,0.011865,-0.000706,-0.00169,-0.003448,-0.005605,-0.009003,1.2e-05,0.000174,0.000307,0.000327,0.000266,-0.000667,-0.001253,-0.000471,-0.000461,-1.4e-05,-0.44318,-0.288059,-0.199618,-0.896191,1,0,0,0,0,0,0,0,0,0,0
1177,-0.001179,-0.000301,0.000728,0.001179,0.004064,0.000151,0.002735,0.003236,0.004917,0.008705,0.001204,0.001756,0.004616,0.006774,0.00562,-0.002509,-0.005093,-0.001555,0.000351,0.013246,-0.000376,-0.000652,-0.000878,-0.00133,-0.002383,-7.5e-05,0.000502,0.000401,0.000527,-0.002709,0.004039,0.006749,0.016357,0.019167,0.020672,-0.000401,0.004566,0.008254,0.011866,0.023181,0.002475,0.003613,0.010301,0.010765,0.013578,5.5e-05,-0.002222,-0.003207,-0.004974,-0.012904,6.3e-05,0.000265,0.000289,0.000343,0.000304,-0.00059,-0.0003,0.000376,0.0006,0.001482,-0.442062,-0.29814,-0.197869,-0.894969,1,0,0,0,0,0,0,0,0,0,0
1178,7.5e-05,0.00158,0.002107,0.002508,0.009832,0.001605,0.002759,0.004715,0.004891,0.010108,0.001154,0.001229,0.003662,0.005242,0.004063,-0.001956,-0.001028,0.002383,0.006722,0.023777,-0.000276,-0.000426,-0.000627,-0.001981,-0.00158,0.000627,0.000502,0.000426,-0.002383,0.000226,0.001706,0.006973,0.011839,0.017256,0.017181,0.001856,0.007274,0.011061,0.013068,0.042739,9e-06,0.004616,0.006993,0.011068,0.011031,-0.001039,-0.002797,-0.004955,-0.008353,-0.013068,9.9e-05,0.000233,0.000253,0.000191,0.000604,2e-06,0.000785,0.000795,0.001242,0.004734,-0.442473,-0.316816,-0.194031,-0.897111,1,0,0,0,0,0,0,0,0,0,0
1179,0.000803,0.001831,0.002283,0.005168,0.014501,0.000978,0.00148,0.003161,0.00695,0.008505,-0.000602,0.002258,0.004416,0.003262,0.00128,-0.000627,0.00291,0.004817,0.017713,0.03545,0.0,-0.000226,-0.000677,-0.001731,-0.000953,-5e-05,-0.000151,-2.5e-05,-0.003262,0.003337,0.001004,0.010613,0.013422,0.014928,0.015154,0.003111,0.006799,0.010412,0.021727,0.063625,0.001129,0.007817,0.00828,0.011094,0.011847,-0.001238,-0.002223,-0.00399,-0.01192,-0.009854,0.000102,0.000127,0.00018,0.000141,0.000935,0.000287,0.000964,0.001188,0.00207,0.008049,-0.441889,-0.339477,-0.189481,-0.901222,1,0,0,0,0,0,0,0,0,0,0
1180,0.000703,0.00123,0.001632,0.008962,0.018124,0.000176,0.002134,0.002309,0.007531,0.007506,0.000678,0.003113,0.004694,0.003514,-0.001807,0.001556,0.00497,0.009313,0.026383,0.049779,-0.000151,-0.000351,-0.001707,-0.001305,0.000628,-7.5e-05,-0.000151,-0.002962,-0.000351,0.004669,0.004268,0.009137,0.01456,0.014484,0.016191,0.002309,0.0061,0.008108,0.037805,0.082714,0.003481,0.00586,0.009939,0.009902,0.016508,-0.000521,-0.002681,-0.006082,-0.0108,-0.008238,3.2e-05,5.2e-05,-1e-05,0.000405,0.001134,0.000499,0.000509,0.000959,0.004471,0.009747,-0.443745,-0.361575,-0.186137,-0.902288,1,0,0,0,0,0,0,0,0,0,0
1181,0.000326,0.000778,0.003664,0.013001,0.022313,0.000326,0.002008,0.005798,0.007354,0.0064,0.002184,0.004342,0.003188,0.001205,-0.008157,0.001983,0.00389,0.016791,0.034536,0.062069,-7.5e-05,-0.000527,-0.001581,-0.000803,0.003188,-2.5e-05,0.0001,-0.003137,0.003464,0.009111,0.005346,0.008157,0.009663,0.009889,0.01654,0.00138,0.004995,0.016314,0.058229,0.117487,0.00321,0.003674,0.006489,0.007241,0.02489,-0.000465,-0.002232,-0.010166,-0.008099,-0.003392,-7e-06,4.6e-05,7e-06,0.000803,0.002046,0.00018,0.000404,0.00129,0.007284,0.011787,-0.446533,-0.399203,-0.183537,-0.908141,1,0,0,0,0,0,0,0,0,0,0
1182,0.000201,0.000602,0.007927,0.017083,0.025411,0.00163,0.001806,0.007024,0.006999,0.007851,0.000251,0.001831,0.000652,-0.004666,-0.016656,0.00143,0.005769,0.022827,0.046206,0.076533,-0.000125,-0.00148,-0.001079,0.000853,0.005218,-5e-05,-0.00286,-0.000251,0.004766,0.022877,-0.000477,0.004942,0.004866,0.006572,0.011639,0.002408,0.004415,0.03409,0.078966,0.150431,-0.000831,0.003245,0.003208,0.009809,0.030947,-0.001694,-0.005092,-0.009807,-0.007247,0.008115,2.7e-05,-3.4e-05,0.000378,0.001104,0.002906,-0.000169,0.000278,0.003773,0.009021,0.014968,-0.444434,-0.434463,-0.180239,-0.921263,1,0,0,0,0,0,0,0,0,0,0
1183,0.00025,0.003129,0.012443,0.021731,0.028165,5e-05,0.00383,0.005383,0.004431,0.010891,0.001903,0.000751,-0.001227,-0.010565,-0.030093,0.000476,0.013344,0.031044,0.058509,0.089228,-0.000325,-0.001377,-0.000601,0.00338,0.00686,0.000175,-0.003054,0.00353,0.009163,0.028691,0.00328,0.004782,0.005007,0.011642,0.011091,0.001202,0.012493,0.054303,0.113412,0.186617,0.001292,0.0041,0.004851,0.022455,0.048902,-7.3e-05,-0.007987,-0.005924,-0.00123,0.010459,2.6e-05,-1.2e-05,0.00077,0.001991,0.00423,0.000387,0.001257,0.007148,0.011572,0.016219,-0.440137,-0.47543,-0.175211,-0.925633,1,0,0,0,0,0,0,0,0,0,0
1184,0.00015,0.007457,0.01659,0.024898,0.036709,0.000125,0.00533,0.005305,0.006156,0.020043,-0.000325,-0.001501,-0.006806,-0.018767,-0.044441,0.003854,0.020869,0.044191,0.074444,0.114656,-0.001026,-0.000626,0.001301,0.005655,0.012286,-0.002978,-0.000375,0.004629,0.022696,0.037159,0.002127,0.002052,0.003753,0.008808,0.007332,0.000801,0.030403,0.075169,0.14646,0.204263,0.002774,0.002737,0.009323,0.030409,0.057598,-0.003317,-0.008021,-0.005467,0.009857,0.008982,-8.6e-05,0.000319,0.001032,0.002804,0.0034,5.4e-05,0.003489,0.008648,0.014494,0.018286,-0.435817,-0.495206,-0.17236,-0.93394,1,0,0,0,0,0,0,0,0,0,0
1185,0.002726,0.012031,0.02131,0.027738,0.047222,0.003652,0.005202,0.004252,0.010705,0.026137,-0.000825,-0.002801,-0.012131,-0.03164,-0.056101,0.009004,0.026687,0.054125,0.084814,0.145117,-2.5e-05,0.00075,0.004727,0.008204,0.018308,-0.00025,0.006328,0.011956,0.031465,0.038868,-0.000625,-0.0004,0.006228,0.005678,-0.003777,0.01048,0.052249,0.111302,0.184436,0.223854,3.2e-05,0.000782,0.01837,0.044791,0.055065,-0.00459,-0.00253,0.00216,0.013837,0.003573,4.8e-05,0.000825,0.002038,0.004261,0.002207,0.00081,0.006661,0.011055,0.015671,0.020586,-0.420675,-0.516113,-0.169714,-0.931051,1,0,0,0,0,0,0,0,0,0,0
1186,0.004573,0.013693,0.021988,0.033782,0.060243,0.001549,0.001524,0.002374,0.016241,0.026586,-0.00035,-0.005647,-0.017591,-0.043227,-0.075634,0.007996,0.031283,0.061492,0.101645,0.166685,0.000425,0.002349,0.006696,0.013318,0.019739,0.002848,0.007846,0.025886,0.040328,0.038654,0.00055,0.002249,0.007296,0.005822,-0.023138,0.01909,0.063791,0.134977,0.192696,0.239321,-6.9e-05,0.006507,0.027563,0.054712,0.054653,-0.000111,0.002439,0.017741,0.016867,0.000178,0.000354,0.00106,0.002813,0.003403,0.00174,0.002596,0.007702,0.013489,0.017242,0.027654,-0.396963,-0.541708,-0.161899,-0.928862,1,0,0,0,0,0,0,0,0,0,0
1187,0.004722,0.01399,0.02041,0.039871,0.074095,0.0,-0.000949,0.005496,0.02091,0.02708,-0.001624,-0.010942,-0.030427,-0.054859,-0.091707,0.009668,0.037073,0.067725,0.127955,0.168251,0.00035,0.004322,0.007794,0.017887,0.023108,0.003722,0.009343,0.028829,0.036223,0.030852,-0.000325,0.006295,0.005746,-0.003697,-0.039171,0.022633,0.081615,0.154661,0.194031,0.252438,0.000818,0.018384,0.044773,0.055036,0.060004,0.002169,0.006853,0.018516,0.008264,-0.009756,0.000417,0.00162,0.003824,0.001787,0.003421,0.00321,0.007567,0.012144,0.017018,0.032215,-0.376479,-0.571845,-0.1559,-0.920974,1,0,0,0,0,0,0,0,0,0,0
1188,0.004398,0.012695,0.024491,0.050956,0.082645,-2.5e-05,0.000825,0.014695,0.025041,0.029139,-0.003674,-0.015619,-0.04126,-0.073673,-0.108561,0.01362,0.043834,0.083994,0.149046,0.16589,0.001574,0.005923,0.012545,0.018968,0.025916,0.001275,0.019318,0.033763,0.032088,0.011921,0.002024,0.007072,0.005598,-0.023367,-0.05513,0.022067,0.093266,0.150995,0.197628,0.258581,0.005758,0.026818,0.053972,0.053913,0.066896,0.000381,0.015686,0.014812,-0.001881,-0.030854,0.000289,0.002044,0.002635,0.00097,0.005088,0.001894,0.007688,0.011446,0.021871,0.032169,-0.356439,-0.597518,-0.15146,-0.902348,1,0,0,0,0,0,0,0,0,0,0
1189,0.004875,0.011299,0.030773,0.065021,0.093394,-0.000925,0.005525,0.020949,0.027123,0.040797,-0.00565,-0.025148,-0.049597,-0.086469,-0.113342,0.013799,0.044472,0.104743,0.145065,0.175588,0.0024,0.005875,0.015974,0.021199,0.028648,0.00435,0.023848,0.031248,0.025873,0.011449,0.0046,0.00405,-0.0054,-0.040897,-0.077545,0.036947,0.110042,0.14944,0.207886,0.267707,0.011818,0.038225,0.048494,0.053466,0.052224,0.004306,0.015977,0.005718,-0.012314,-0.043836,0.000919,0.003134,0.001088,0.002729,0.00595,0.00248,0.007078,0.011975,0.027244,0.03376,-0.335991,-0.620174,-0.149099,-0.899121,1,0,0,0,0,0,0,0,0,0,0
1190,0.003431,0.015251,0.041771,0.073525,0.09103,0.001778,0.015677,0.026044,0.030151,0.04147,-0.006311,-0.032004,-0.064484,-0.099444,-0.118151,0.016453,0.056696,0.121882,0.138761,0.173244,0.001953,0.00859,0.015026,0.021987,0.027897,0.013723,0.028198,0.02652,0.006311,0.013949,0.000451,-0.001027,-0.030051,-0.06188,-0.121606,0.034333,0.092181,0.138911,0.199989,0.257337,0.009264,0.036474,0.036415,0.049425,0.018938,0.011022,0.010146,-0.006581,-0.035614,-0.041289,0.00085,0.001449,-0.00024,0.003938,0.007061,0.003368,0.00718,0.017757,0.028205,0.03241,-0.296837,-0.642462,-0.146008,-0.905252,1,0,0,0,0,0,0,0,0,0,0
1191,0.003006,0.022524,0.056848,0.085284,0.090345,0.004685,0.020143,0.026332,0.040036,0.037932,-0.013229,-0.037731,-0.074686,-0.101619,-0.120861,0.014281,0.074686,0.115098,0.145689,0.161048,0.001528,0.01165,0.016886,0.024353,0.025455,0.005813,0.013229,0.007842,-0.006614,-0.000451,-0.001002,-0.010473,-0.046049,-0.082779,-0.147869,0.038909,0.078394,0.136971,0.196925,0.252345,0.017197,0.027489,0.032472,0.031227,0.006118,0.00067,-0.009612,-0.027685,-0.059277,-0.051759,0.001397,-0.000682,0.000985,0.004257,0.008156,0.001292,0.006266,0.021775,0.028394,0.030483,-0.27124,-0.671836,-0.14191,-0.903303,1,0,0,0,0,0,0,0,0,0,0
1192,0.008836,0.035419,0.067248,0.084794,0.088861,0.009238,0.01963,0.023746,0.035092,0.032683,-0.012501,-0.045058,-0.0801,-0.098851,-0.123451,0.026031,0.091371,0.10829,0.142855,0.149607,0.005121,0.011572,0.01855,0.024474,0.024148,0.008685,0.007003,-0.013254,-0.005598,-0.006301,-0.000477,-0.02957,-0.061475,-0.121343,-0.171295,0.019002,0.065842,0.127066,0.184549,0.252048,0.010044,0.009985,0.023026,-0.007534,0.001564,-0.001549,-0.018315,-0.047418,-0.053106,-0.052116,-0.000806,-0.002524,0.001724,0.004899,0.009276,0.002567,0.01332,0.023943,0.028219,0.030099,-0.247445,-0.7093,-0.139542,-0.901901,1,0,0,0,0,0,0,0,0,0,0
1193,0.010736,0.045183,0.073722,0.078801,0.080913,0.006261,0.012471,0.026225,0.024113,0.024138,-0.012069,-0.049156,-0.076186,-0.095496,-0.129767,0.034548,0.075104,0.105805,0.121218,0.124411,0.005029,0.010284,0.017777,0.018883,0.018732,-0.001257,-0.006663,-0.021171,-0.014986,-0.007292,-0.009027,-0.044731,-0.081592,-0.146915,-0.193557,0.020593,0.079379,0.139548,0.195166,0.260515,0.000268,0.005268,0.004019,-0.02118,0.00533,-0.008767,-0.026905,-0.05861,-0.051066,-0.043828,-0.001316,0.000394,0.003748,0.007746,0.012249,0.002503,0.018405,0.025191,0.027334,0.028778,-0.224592,-0.734346,-0.137058,-0.907755,1,0,0,0,0,0,0,0,0,0,0
1194,0.015902,0.047807,0.065395,0.069471,0.06849,0.004152,0.008278,0.019651,0.017236,0.018695,-0.020557,-0.055682,-0.074478,-0.099136,-0.130664,0.030923,0.047882,0.08253,0.089298,0.091185,0.001434,0.008429,0.014367,0.01404,0.010341,-0.000428,-0.020733,-0.013059,-0.013763,-7.5e-05,-0.020129,-0.052109,-0.11212,-0.162191,-0.211935,0.026344,0.087713,0.145333,0.212992,0.258258,-0.000327,0.012745,-0.017888,-0.008768,0.006324,-0.008033,-0.037204,-0.042907,-0.041914,-0.030218,-0.000424,0.003895,0.007123,0.011573,0.015891,0.008418,0.019219,0.023566,0.025478,0.027509,-0.197661,-0.750343,-0.133666,-0.912336,1,0,0,0,0,0,0,0,0,0,0
1195,0.018562,0.047108,0.052189,0.054302,0.049976,0.002062,0.01582,0.013707,0.013733,0.015166,-0.01655,-0.043587,-0.062903,-0.097185,-0.121078,0.009658,0.040368,0.055786,0.05898,0.058024,0.003823,0.011318,0.012425,0.012274,-0.000905,-0.00498,-0.019492,-0.013305,-0.005609,0.007068,-0.015594,-0.052466,-0.117809,-0.164464,-0.225984,0.03247,0.092657,0.148292,0.21366,0.257474,0.005329,0.004079,-0.021127,0.005391,0.012494,-0.010113,-0.041827,-0.034281,-0.027041,-0.017096,0.002136,0.005497,0.009504,0.014016,0.02013,0.007541,0.014342,0.016488,0.017936,0.022977,-0.162431,-0.776568,-0.124471,-0.916928,1,0,0,0,0,0,0,0,0,0,0
1196,0.013323,0.030894,0.034966,0.033985,0.031019,0.002061,0.013423,0.01101,0.012468,0.01277,-0.018551,-0.037329,-0.061963,-0.09346,-0.109497,0.00729,0.041904,0.048665,0.050551,0.046755,0.003167,0.0091,0.008773,0.005078,-0.019255,-0.015309,-0.007642,-0.008346,0.005329,0.012443,-0.016364,-0.076316,-0.126339,-0.176035,-0.237873,0.028857,0.086421,0.154015,0.199237,0.251598,0.007733,-0.02287,-0.013759,0.001319,0.017758,-0.019036,-0.024733,-0.02374,-0.012056,-0.007753,0.002162,0.005369,0.009789,0.014078,0.022169,0.003216,0.007534,0.009434,0.011451,0.022538,-0.134364,-0.803332,-0.111556,-0.917245,1,0,0,0,0,0,0,0,0,0,0
1197,0.015209,0.020287,0.022398,0.018075,0.011061,0.011689,0.009578,0.009603,0.011036,0.010508,-0.008472,-0.027778,-0.062042,-0.085924,-0.101937,0.023404,0.038814,0.042006,0.041051,0.03728,0.004324,0.00543,0.005279,-0.007894,-0.034591,0.000804,0.006989,0.014681,0.027351,0.028633,-0.020488,-0.085798,-0.13243,-0.193919,-0.247439,0.031297,0.086904,0.152239,0.19603,0.243165,-0.008983,-0.034176,-0.007672,-0.000573,0.022486,-0.012662,-0.005119,0.002117,0.012057,0.011905,0.001187,0.005179,0.009675,0.015768,0.023544,0.003559,0.005699,0.00714,0.012164,0.022162,-0.108572,-0.823317,-0.099956,-0.918465,1,0,0,0,0,0,0,0,0,0,0
1198,0.002378,0.006476,0.005489,0.002504,-0.013331,-0.000329,-0.002757,-0.00129,-0.000987,0.001138,-0.010372,-0.035162,-0.066859,-0.082999,-0.101819,0.011282,0.018087,0.019984,0.016165,0.013863,0.001619,0.00129,-0.002428,-0.026916,-0.052516,0.006906,0.006198,0.019959,0.027118,0.031014,-0.039716,-0.090056,-0.140068,-0.202298,-0.263162,0.026435,0.094458,0.139967,0.19266,0.235057,-0.021758,-0.01259,0.002584,0.019128,0.040612,0.007008,0.008007,0.019766,0.024096,0.025105,0.002112,0.006732,0.011215,0.019673,0.029382,0.000795,0.00278,0.004888,0.016477,0.021677,-0.077367,-0.843477,-0.08988,-0.921292,1,0,0,0,0,0,0,0,0,0,0
1199,0.002754,0.004897,0.00051,-0.006605,-0.026804,-0.001811,-0.001785,-0.000332,-0.000867,-0.000128,-0.00913,-0.043892,-0.06812,-0.084366,-0.09926,0.004259,0.007498,0.006529,0.002703,0.007702,-0.00051,-0.000663,-0.014027,-0.041112,-0.065187,-0.000689,0.007116,0.019969,0.02127,0.023973,-0.026218,-0.073527,-0.135909,-0.190206,-0.25292,0.029763,0.096047,0.140474,0.188293,0.229074,-0.003624,0.023266,0.030468,0.053861,0.068904,0.000586,0.007928,0.018013,0.017858,0.019541,0.00218,0.007153,0.013893,0.022495,0.033885,0.001525,0.00312,0.008677,0.019737,0.021955,-0.056709,-0.860646,-0.088604,-0.922349,1,0,0,0,0,0,0,0,0,0,0
1200,0.001389,0.000386,-0.00265,-0.018755,-0.039825,-0.000643,0.000849,0.001158,0.003319,-0.00211,-0.016002,-0.048238,-0.064652,-0.083793,-0.103165,0.002624,0.004554,0.000669,-0.001672,0.007692,0.00018,-0.003602,-0.028506,-0.054541,-0.076075,-2.6e-05,0.01397,0.021251,0.025213,0.024312,-0.024749,-0.075612,-0.1389,-0.2008,-0.250942,0.039157,0.08544,0.139029,0.182148,0.215001,0.01298,0.028411,0.045236,0.067087,0.079649,0.000424,0.012383,0.016787,0.017813,0.022302,0.002882,0.007927,0.017444,0.02837,0.036678,0.000613,0.002986,0.016027,0.021879,0.022342,-0.045265,-0.868381,-0.090583,-0.921645,1,0,0,0,0,0,0,0,0,0,0
1201,0.000776,-0.003674,-0.010891,-0.03138,-0.05456,0.000673,0.002147,0.001604,0.002354,-0.001733,-0.01917,-0.043746,-0.060225,-0.075333,-0.095925,0.000647,-0.000336,-0.004217,0.000854,0.011874,-0.000336,-0.013892,-0.041366,-0.065787,-0.086483,0.007942,0.02098,0.0223,0.025042,0.021006,-0.023102,-0.086379,-0.141456,-0.20507,-0.244496,0.027862,0.072927,0.121433,0.162799,0.200129,0.014224,0.02153,0.045259,0.060517,0.080844,0.007021,0.01725,0.017093,0.018801,0.019024,0.0025,0.009947,0.019452,0.032037,0.038748,0.001125,0.007265,0.019486,0.021937,0.020378,-0.043692,-0.881774,-0.095763,-0.910796,1,0,0,0,0,0,0,0,0,0,0
1202,-0.001789,-0.004849,-0.02108,-0.042315,-0.071096,0.00083,0.001141,0.003319,-0.002152,-0.000907,-0.013275,-0.029818,-0.049109,-0.068633,-0.083593,0.001296,-0.002619,-0.004978,0.00446,0.017113,-0.003474,-0.028573,-0.054813,-0.076515,-0.096091,0.006145,0.013483,0.017476,0.016568,0.012627,-0.028106,-0.09189,-0.154274,-0.204809,-0.243883,0.01872,0.072729,0.116185,0.149296,0.182951,0.001296,0.018253,0.040274,0.052935,0.067824,0.005016,0.009454,0.010489,0.015013,0.010531,0.002788,0.01284,0.024379,0.033153,0.041924,0.001363,0.015136,0.021315,0.021805,0.015828,-0.0332,-0.879873,-0.098757,-0.897762,1,0,0,0,0,0,0,0,0,0,0
1203,-0.002682,-0.009946,-0.030566,-0.053893,-0.086646,0.000651,0.000104,0.000859,-0.003254,-0.001536,-0.011404,-0.027988,-0.043193,-0.063917,-0.08196,-0.002291,-0.006196,-0.001093,0.009998,0.021271,-0.010154,-0.037804,-0.062381,-0.083209,-0.101564,0.006951,0.008279,0.011039,0.006978,-0.004921,-0.03546,-0.09089,-0.154911,-0.194589,-0.236793,0.026556,0.075373,0.117004,0.154573,0.172667,0.006051,0.029932,0.045288,0.065745,0.067537,0.005258,0.0051,0.006818,0.007043,-0.005222,0.004918,0.014857,0.028016,0.035034,0.043289,0.005018,0.017798,0.02036,0.01873,0.009221,-0.024852,-0.883284,-0.106248,-0.887008,1,0,0,0,0,0,0,0,0,0,0
1204,-0.000391,-0.016723,-0.03809,-0.067049,-0.103209,-0.000339,0.001852,-0.003652,-0.0024,0.002087,-0.005218,-0.024628,-0.044273,-0.059327,-0.081163,-0.001644,-0.004018,0.005479,0.01821,0.03329,-0.01508,-0.041482,-0.063318,-0.083016,-0.102008,0.000417,0.004435,0.003522,-0.000444,-0.01294,-0.028646,-0.091416,-0.142264,-0.18158,-0.221757,0.027733,0.071458,0.104774,0.138638,0.162926,0.010999,0.033156,0.045895,0.060877,0.066868,-0.000803,0.000238,0.004789,0.00028,-0.014756,0.005507,0.017555,0.026717,0.035876,0.0426,0.009291,0.015744,0.016255,0.010013,-0.000801,-0.019031,-0.886875,-0.111725,-0.878444,1,0,0,0,0,0,0,0,0,0,0
1205,-0.006913,-0.027653,-0.051117,-0.08406,-0.11826,-0.000209,0.00055,-0.003588,-0.001859,0.006782,-0.011444,-0.026737,-0.047581,-0.065729,-0.089271,-0.002278,0.002854,0.01401,0.025349,0.044099,-0.012674,-0.037395,-0.058344,-0.076806,-0.096315,0.000917,0.003692,-0.000393,-0.01236,-0.01367,-0.026999,-0.091392,-0.131301,-0.173749,-0.216251,0.021264,0.063136,0.100924,0.119124,0.138921,0.01298,0.028425,0.049001,0.050804,0.049076,0.000647,0.002376,0.002602,-0.009735,-0.017745,0.004698,0.018402,0.025711,0.034308,0.04109,0.003771,0.00644,0.004743,-0.005161,-0.013877,-0.010939,-0.879363,-0.120962,-0.875734,1,0,0,0,0,0,0,0,0,0,0
1206,-0.00951,-0.031024,-0.060184,-0.096593,-0.127723,0.002417,-0.003126,-0.001865,0.002653,0.010954,-0.008065,-0.027846,-0.043003,-0.064991,-0.093441,-0.000105,0.009457,0.022277,0.03746,0.057452,-0.01387,-0.035858,-0.055692,-0.074816,-0.094623,0.003126,0.002207,-0.001786,-0.014369,-0.014527,-0.036121,-0.08732,-0.126909,-0.167364,-0.216751,0.022697,0.056243,0.090341,0.114798,0.128327,0.00929,0.022117,0.037202,0.043235,0.034353,0.000399,0.004982,0.000442,-0.014698,-0.021433,0.007841,0.017457,0.027068,0.034125,0.041083,0.002916,0.003453,-0.003098,-0.014447,-0.021095,0.002991,-0.882122,-0.1306,-0.875472,1,0,0,0,0,0,0,0,0,0,0
1207,-0.011327,-0.03493,-0.068068,-0.102471,-0.13611,-0.00166,-0.005822,-0.004083,0.00461,0.018097,-0.007297,-0.028265,-0.04652,-0.070202,-0.102102,0.005268,0.01649,0.027896,0.046757,0.066066,-0.010958,-0.032032,-0.050603,-0.070228,-0.09636,-0.000342,-0.004452,-0.01649,-0.017807,-0.014356,-0.028555,-0.0687,-0.111401,-0.154155,-0.204205,0.019362,0.057373,0.075681,0.095596,0.116064,0.006222,0.026919,0.028733,0.026994,0.02637,0.001339,0.001566,-0.010844,-0.018901,-0.027644,0.00629,0.013907,0.022868,0.029937,0.036202,-0.000191,-0.001961,-0.012282,-0.021367,-0.026079,0.009995,-0.888123,-0.135882,-0.877533,1,0,0,0,0,0,0,0,0,0,0
1208,-0.010279,-0.039612,-0.076237,-0.107551,-0.144177,-0.003911,-0.002643,0.001903,0.010253,0.028777,-0.012578,-0.027826,-0.049944,-0.078562,-0.114871,0.004334,0.017229,0.032503,0.052613,0.075365,-0.011125,-0.031076,-0.050314,-0.070238,-0.102979,-0.000581,-0.004598,-0.017256,-0.017414,-0.007135,-0.022858,-0.062681,-0.103376,-0.153055,-0.19708,0.014323,0.048623,0.073225,0.086834,0.122296,0.006662,0.021836,0.027905,0.018971,0.031018,0.003267,-0.0013,-0.01653,-0.023304,-0.030793,0.003591,0.013609,0.020963,0.028216,0.031297,0.000755,-0.006072,-0.017901,-0.02483,-0.027455,0.010206,-0.900393,-0.141226,-0.872083,1,0,0,0,0,0,0,0,0,0,0
1209,-0.013429,-0.046748,-0.08134,-0.115163,-0.152244,-0.000265,0.001483,0.010224,0.023785,0.047887,-0.008476,-0.026831,-0.050642,-0.082717,-0.118553,0.006939,0.018408,0.037372,0.056787,0.085366,-0.010038,-0.028711,-0.048444,-0.074718,-0.105283,-0.003549,-0.015653,-0.016978,-0.013508,0.001642,-0.017455,-0.060389,-0.103376,-0.1537,-0.195045,0.023864,0.042272,0.062296,0.082876,0.123109,0.014133,0.015957,0.014209,0.013582,0.024844,-0.003046,-0.015524,-0.023625,-0.032416,-0.04008,0.004264,0.013574,0.020918,0.027427,0.029988,-0.002606,-0.013329,-0.022768,-0.027663,-0.031517,0.011017,-0.907535,-0.150292,-0.872757,1,0,0,0,0,0,0,0,0,0,0
1210,-0.015939,-0.052573,-0.083895,-0.12053,-0.159333,0.001533,0.006079,0.014432,0.032961,0.066688,-0.006793,-0.028917,-0.057543,-0.09386,-0.130231,0.005974,0.021251,0.041366,0.064124,0.093517,-0.009938,-0.029181,-0.049111,-0.08186,-0.112416,-0.000476,-0.013137,-0.013295,-0.003013,0.024793,-0.022414,-0.06312,-0.112812,-0.156848,-0.195914,0.010494,0.035102,0.048714,0.084186,0.120557,0.001074,0.007144,-0.001793,0.010258,0.017044,-0.001529,-0.016762,-0.023538,-0.03103,-0.035346,0.005832,0.0132,0.020466,0.023552,0.024799,-0.004271,-0.016121,-0.023062,-0.025692,-0.02996,0.011369,-0.917085,-0.156204,-0.883339,1,0,0,0,0,0,0,0,0,0,0
1211,-0.017231,-0.051589,-0.085183,-0.122013,-0.167656,0.00021,0.008892,0.022361,0.046301,0.07879,-0.01147,-0.03512,-0.066978,-0.102572,-0.140691,0.005446,0.024282,0.043565,0.07195,0.10002,-0.008655,-0.028254,-0.054351,-0.084709,-0.126222,-0.011549,-0.012864,-0.009418,0.00563,0.038382,-0.020336,-0.063032,-0.113016,-0.154082,-0.193306,0.00784,0.027728,0.048169,0.088129,0.118172,0.000743,-0.000994,-0.001617,0.00957,0.011477,-0.010872,-0.018919,-0.02765,-0.035262,-0.034216,0.003235,0.010239,0.016447,0.018889,0.019409,-0.006095,-0.015095,-0.019764,-0.023438,-0.025226,0.012873,-0.915596,-0.154698,-0.885476,1,0,0,0,0,0,0,0,0,0,0
1212,-0.019306,-0.050602,-0.087206,-0.125976,-0.173646,0.004331,0.012677,0.03119,0.064889,0.095789,-0.01059,-0.039192,-0.07548,-0.11182,-0.146761,0.009798,0.029896,0.052635,0.082003,0.117049,-0.010538,-0.030451,-0.063173,-0.093703,-0.137887,-0.001056,-0.001215,0.009059,0.036842,0.065338,-0.020256,-0.069907,-0.113906,-0.152941,-0.189069,0.016718,0.030319,0.065761,0.102101,0.133001,0.00532,-0.00361,0.008431,0.015211,0.011,-0.004306,-0.011077,-0.018562,-0.022875,-0.024539,0.004,0.011223,0.014292,0.015531,0.015953,-0.005517,-0.012419,-0.015033,-0.019276,-0.021048,0.00978,-0.934136,-0.155633,-0.901706,1,0,0,0,0,0,0,0,0,0,0
1213,-0.015198,-0.048951,-0.085955,-0.131813,-0.177142,0.004388,0.01792,0.041973,0.074616,0.098985,-0.013163,-0.045171,-0.080933,-0.119232,-0.153222,0.009119,0.028493,0.057012,0.085214,0.12206,-0.009145,-0.035365,-0.065867,-0.107575,-0.1505,-0.000264,0.003198,0.018317,0.051224,0.072448,-0.022625,-0.072845,-0.114104,-0.153513,-0.184834,0.003251,0.023788,0.063937,0.094122,0.132659,-0.007069,-0.007695,0.003544,0.00546,0.007305,-0.003775,-0.012547,-0.020195,-0.019145,-0.021748,0.003216,0.009631,0.012155,0.012693,0.011613,-0.003753,-0.008578,-0.012376,-0.014223,-0.015588,0.006525,-0.941995,-0.154104,-0.912433,1,0,0,0,0,0,0,0,0,0,0
1214,-0.016156,-0.052866,-0.091748,-0.139555,-0.182807,0.003973,0.02254,0.056336,0.087324,0.097813,-0.015494,-0.051886,-0.088331,-0.123372,-0.156691,0.011018,0.033823,0.063275,0.098422,0.125491,-0.010806,-0.043622,-0.07424,-0.118551,-0.16085,0.000106,0.010409,0.038272,0.066851,0.074055,-0.027122,-0.071247,-0.110394,-0.146627,-0.177562,0.010383,0.045927,0.082372,0.11336,0.148746,-0.001872,0.010203,0.017003,0.01278,0.021228,-0.003007,-0.010514,-0.014839,-0.016509,-0.019528,0.004107,0.007238,0.008503,0.008933,0.008114,-0.003233,-0.005901,-0.01023,-0.012038,-0.012753,0.005619,-0.95909,-0.15588,-0.918165,1,0,0,0,0,0,0,0,0,0,0
1215,-0.017814,-0.055204,-0.101542,-0.147345,-0.189329,0.009668,0.033972,0.066956,0.09158,0.103064,-0.016719,-0.052854,-0.091553,-0.125899,-0.156426,0.008466,0.037284,0.065781,0.103011,0.124644,-0.015597,-0.046418,-0.088562,-0.131935,-0.173305,0.003392,0.018669,0.051919,0.073366,0.078413,-0.023396,-0.065086,-0.104907,-0.136555,-0.167696,0.010282,0.050851,0.081351,0.120291,0.145155,0.001255,0.012611,0.014547,0.016412,0.0196,-0.005831,-0.01356,-0.012498,-0.015128,-0.021302,0.002546,0.00526,0.005839,0.004677,0.005084,-0.001762,-0.005846,-0.007833,-0.009301,-0.010202,0.007995,-0.9633,-0.151998,-0.926779,1,0,0,0,0,0,0,0,0,0,0
1216,-0.019423,-0.05908,-0.107841,-0.151956,-0.188263,0.009158,0.043628,0.075235,0.085933,0.095577,-0.020207,-0.057378,-0.093118,-0.127102,-0.153576,0.014696,0.044736,0.080584,0.108192,0.123266,-0.017694,-0.048923,-0.094118,-0.13726,-0.176701,0.007078,0.035497,0.064645,0.071993,0.073992,-0.021341,-0.061269,-0.098224,-0.129777,-0.158871,0.025853,0.063024,0.094631,0.130722,0.146607,0.011046,0.017982,0.013675,0.022291,0.022941,-0.001758,-0.006169,-0.007872,-0.010952,-0.019077,0.000838,0.00229,0.002784,0.001843,0.003223,-0.001155,-0.006126,-0.008202,-0.009023,-0.008344,0.007314,-0.971741,-0.148215,-0.925802,1,0,0,0,0,0,0,0,0,0,0
1217,-0.018484,-0.065578,-0.112128,-0.154797,-0.180611,0.015499,0.049021,0.074047,0.085718,0.08827,-0.016422,-0.055752,-0.090658,-0.121683,-0.14451,0.014522,0.043483,0.081321,0.103307,0.109387,-0.013544,-0.056376,-0.100457,-0.142502,-0.171165,0.008414,0.042208,0.064004,0.069134,0.068156,-0.020927,-0.061398,-0.093562,-0.125211,-0.151947,0.015254,0.046252,0.085827,0.111097,0.120923,0.000443,0.00241,0.004305,0.007546,0.011071,-0.006088,-0.005009,-0.007682,-0.013957,-0.017995,0.002174,0.002822,0.001521,0.001976,0.004229,-0.00338,-0.005605,-0.007249,-0.008259,-0.007284,0.00925,-0.981151,-0.153218,-0.936828,1,0,0,0,0,0,0,0,0,0,0
1218,-0.021568,-0.071035,-0.115788,-0.152621,-0.170353,0.019321,0.051385,0.062238,0.072022,0.072186,-0.02113,-0.057387,-0.091863,-0.118721,-0.140864,0.015813,0.05218,0.080189,0.095481,0.091233,-0.018005,-0.063855,-0.107622,-0.147634,-0.16742,0.020335,0.049905,0.05736,0.059388,0.059032,-0.019376,-0.056866,-0.088876,-0.118392,-0.150292,0.022308,0.054373,0.090986,0.107101,0.102579,0.006589,0.002219,0.010961,0.011619,0.010895,0.001671,-5.6e-05,-0.00318,-0.011423,-0.012346,-0.000719,-0.000172,-0.001213,0.000313,0.005947,-0.001882,-0.004178,-0.005085,-0.004334,-0.003405,0.016982,-0.984886,-0.155552,-0.94243,1,0,0,0,0,0,0,0,0,0,0
1219,-0.026223,-0.073662,-0.117146,-0.143452,-0.157034,0.014661,0.040164,0.052059,0.054659,0.051505,-0.018754,-0.054327,-0.085944,-0.109207,-0.1294,0.013554,0.052114,0.07452,0.080716,0.075433,-0.025476,-0.070398,-0.113246,-0.142456,-0.157172,0.013914,0.036126,0.041354,0.040358,0.03466,-0.021687,-0.054465,-0.086718,-0.113965,-0.14608,0.009073,0.049403,0.075156,0.085169,0.079554,-0.004645,-0.002714,0.000588,0.004181,0.003419,-0.000587,-0.003312,-0.009706,-0.013821,-0.016542,0.001508,2.3e-05,0.000543,0.003114,0.010385,-0.000532,-0.002408,-0.003561,-0.002448,-0.00213,0.023865,-1.008874,-0.163792,-0.961297,1,0,0,0,0,0,0,0,0,0,0
1220,-0.023879,-0.06938,-0.106829,-0.124857,-0.13511,0.017833,0.028867,0.038814,0.038981,0.030009,-0.017972,-0.053024,-0.080331,-0.102844,-0.119869,0.023322,0.051798,0.067346,0.063027,0.059405,-0.020953,-0.065451,-0.106132,-0.12625,-0.139011,0.016049,0.023628,0.02569,0.025328,0.005406,-0.016272,-0.048817,-0.078826,-0.111259,-0.136308,0.023461,0.060687,0.077071,0.072473,0.066733,0.000237,0.009124,0.009794,0.009058,0.006737,-0.001165,-0.004341,-0.012721,-0.01366,-0.02489,-0.000972,-0.002142,-0.000427,0.0059,0.010951,-0.002019,-0.003038,-0.002194,-0.001151,-0.001052,0.027644,-1.015086,-0.16571,-0.953132,1,0,0,0,0,0,0,0,0,0,0
1221,-0.024323,-0.068887,-0.095846,-0.109765,-0.118808,0.007994,0.020184,0.022849,0.019617,0.001021,-0.018171,-0.050574,-0.074415,-0.095109,-0.110219,0.01579,0.038752,0.045102,0.039688,0.034755,-0.02472,-0.068631,-0.098567,-0.113649,-0.129354,0.006435,0.011793,0.010772,0.004933,-0.02523,-0.017037,-0.050092,-0.078015,-0.110927,-0.130062,0.017463,0.043855,0.054117,0.048362,0.042494,0.001738,0.005122,0.008804,0.008024,0.007018,-0.001607,-0.00816,-0.012377,-0.015166,-0.027814,-0.000666,-4.9e-05,0.003004,0.011637,0.014419,4.9e-05,-0.001319,2e-06,0.00038,0.002583,0.029649,-1.013802,-0.16379,-0.936138,1,0,0,0,0,0,0,0,0,0,0
1222,-0.022178,-0.06064,-0.079155,-0.089687,-0.101649,0.003262,0.013479,0.01365,0.004436,-0.017056,-0.017657,-0.045702,-0.068825,-0.08631,-0.100475,0.013307,0.029275,0.02484,0.02112,0.017685,-0.020748,-0.062529,-0.08319,-0.096297,-0.111894,0.001288,0.003405,0.003033,-0.017428,-0.042554,-0.016226,-0.047047,-0.080357,-0.106084,-0.122797,0.020604,0.037431,0.03271,0.026814,0.023752,0.007373,0.008061,0.007305,0.004921,0.00526,-0.00164,-0.010247,-0.011211,-0.022745,-0.027017,-0.000698,0.001368,0.008996,0.015084,0.016955,-0.001282,-0.000265,0.000993,0.001113,0.00265,0.034857,-1.015573,-0.163719,-0.926604,1,0,0,0,0,0,0,0,0,0,0
1223,-0.023084,-0.050628,-0.064849,-0.074088,-0.087904,0.009152,0.011875,0.008573,-0.010427,-0.034495,-0.015235,-0.039593,-0.060736,-0.076173,-0.089728,0.009992,0.01648,0.010948,0.005909,2.9e-05,-0.023866,-0.054451,-0.069859,-0.085905,-0.100126,0.004171,0.003128,-0.002838,-0.033655,-0.060968,-0.017349,-0.045878,-0.079504,-0.099054,-0.115187,0.006111,0.016596,0.010716,0.004721,0.000116,-0.004005,-0.000243,-0.00104,-0.002067,-0.000819,-0.005036,-0.009344,-0.012194,-0.025115,-0.028377,0.001476,0.005024,0.015056,0.018289,0.020339,-0.000196,0.001339,0.001779,0.004339,0.004215,0.038691,-1.018275,-0.163161,-0.914462,1,0,0,0,0,0,0,0,0,0,0
1224,-0.01602,-0.034968,-0.045746,-0.057988,-0.069263,0.001201,0.001376,-0.008054,-0.030048,-0.048909,-0.013296,-0.03696,-0.054854,-0.069351,-0.079719,0.006238,0.001699,-0.002109,-0.005623,-0.0152,-0.018626,-0.039771,-0.053185,-0.069146,-0.077961,-0.00205,-0.002431,-0.023371,-0.049085,-0.072924,-0.013999,-0.048089,-0.074418,-0.091521,-0.104642,0.011041,0.006209,0.000176,-0.002958,-0.007585,0.004753,0.00398,0.00154,0.001887,0.006816,-0.003717,-0.004703,-0.016507,-0.020879,-0.025282,0.000833,0.009801,0.01696,0.019159,0.021554,0.001407,0.002886,0.003027,0.004834,0.002896,0.043192,-1.021963,-0.167121,-0.912059,1,0,0,0,0,0,0,0,0,0,0
1225,-0.011867,-0.026289,-0.035659,-0.049669,-0.055691,0.001557,-0.001792,-0.02106,-0.045469,-0.056983,-0.011367,-0.032809,-0.048465,-0.062212,-0.070289,0.000323,-0.005287,-0.010398,-0.016361,-0.024409,-0.012337,-0.027963,-0.044235,-0.058658,-0.062535,0.000999,-0.005052,-0.036305,-0.064003,-0.081598,-0.014892,-0.048994,-0.068821,-0.085181,-0.095432,-0.000441,-0.006403,-0.012483,-0.017154,-0.022558,-0.000952,-0.001761,-0.002803,-0.001537,0.001097,-0.000642,-0.003531,-0.016636,-0.019944,-0.025488,0.003063,0.014132,0.017699,0.019959,0.021916,0.000257,0.000742,0.003566,0.00343,0.0015,0.044798,-1.018833,-0.168108,-0.903035,1,0,0,0,0,0,0,0,0,0,0
1226,-0.007204,-0.018115,-0.030507,-0.041921,-0.047199,-0.001393,-0.01094,-0.033205,-0.052298,-0.061163,-0.012482,-0.030596,-0.045272,-0.055767,-0.061429,-0.004921,-0.008776,-0.012333,-0.022028,-0.030566,-0.008954,-0.022532,-0.03869,-0.047614,-0.05301,-0.001393,-0.022591,-0.048622,-0.072755,-0.08577,-0.019478,-0.046131,-0.063445,-0.076727,-0.084288,-0.004447,-0.010554,-0.013727,-0.018411,-0.033116,0.000178,-0.002292,-0.001941,0.003049,-0.003121,-0.000351,-0.0123,-0.016726,-0.021183,-0.025274,0.0065,0.014299,0.016695,0.019305,0.021071,0.001337,0.00149,0.003458,0.001347,0.000933,0.047041,-1.008945,-0.169876,-0.901045,1,0,0,0,0,0,0,0,0,0,0
1227,-0.007389,-0.016893,-0.031104,-0.037212,-0.043946,-0.001996,-0.021541,-0.046299,-0.057978,-0.060123,-0.009206,-0.025086,-0.03903,-0.047223,-0.049249,-0.000745,-0.005929,-0.011977,-0.02014,-0.030717,-0.006853,-0.023358,-0.037987,-0.04192,-0.046984,-0.004737,-0.036438,-0.064533,-0.082379,-0.083571,-0.015016,-0.035127,-0.051722,-0.06212,-0.068942,-0.001579,-0.007746,-0.012484,-0.017966,-0.032564,-0.000999,-0.002056,-0.000771,0.0019,-0.002108,-0.002579,-0.015871,-0.019226,-0.02485,-0.023581,0.005499,0.009439,0.011937,0.014098,0.01856,-0.000848,0.002272,0.002121,-1.1e-05,-0.00088,0.051181,-1.004881,-0.168152,-0.902147,1,0,0,0,0,0,0,0,0,0,0
1228,-0.003657,-0.016398,-0.028132,-0.033557,-0.039958,-0.007772,-0.030662,-0.05029,-0.059403,-0.059403,-0.009205,-0.024291,-0.035081,-0.040902,-0.041695,-0.0032,-0.006858,-0.016824,-0.025602,-0.033313,-0.006949,-0.02356,-0.032734,-0.038281,-0.045139,-0.016946,-0.043706,-0.068516,-0.081896,-0.081409,-0.012039,-0.029839,-0.043493,-0.051265,-0.056904,-0.004663,-0.007924,-0.01274,-0.027857,-0.03246,-0.001517,-0.001156,0.003974,-0.00237,0.000764,-0.009646,-0.014196,-0.018779,-0.022984,-0.022597,0.003017,0.005925,0.009092,0.011235,0.016384,0.00118,0.003569,0.001007,0.000504,0.000885,0.052915,-1.003781,-0.164388,-0.901329,1,0,0,0,0,0,0,0,0,0,0
1229,-0.006112,-0.020764,-0.02706,-0.034002,-0.039654,-0.012317,-0.037841,-0.049882,-0.052093,-0.052462,-0.007095,-0.02147,-0.029917,-0.032006,-0.032866,-0.002119,-0.008355,-0.016771,-0.027675,-0.034002,-0.010013,-0.025095,-0.029149,-0.034371,-0.045182,-0.015603,-0.044568,-0.062967,-0.064195,-0.066069,-0.0086,-0.025709,-0.036429,-0.043462,-0.047517,-0.001659,-0.006542,-0.012194,-0.027245,-0.031207,0.000439,0.001763,0.004517,0.000385,0.002787,-0.003982,-0.007441,-0.013239,-0.011931,-0.014423,0.001692,0.004784,0.007459,0.012983,0.016607,0.002616,0.002429,-0.00021,-0.001285,0.002144,0.055135,-0.999051,-0.156896,-0.898589,1,0,0,0,0,0,0,0,0,0,0
1230,-0.006715,-0.018519,-0.023977,-0.030416,-0.035168,-0.010731,-0.030477,-0.039645,-0.039645,-0.03992,-0.008094,-0.018948,-0.024805,-0.025602,-0.025541,-0.001564,-0.01159,-0.02042,-0.028177,-0.033942,-0.006715,-0.015944,-0.021524,-0.028423,-0.037989,-0.011345,-0.036302,-0.049763,-0.049272,-0.049517,-0.009321,-0.023057,-0.030876,-0.036548,-0.038878,-0.001625,-0.006469,-0.021677,-0.026307,-0.03201,-7.6e-05,0.005085,-0.001296,0.001856,0.001948,-0.000602,-0.005212,-0.009442,-0.009053,-0.009958,0.00136,0.004662,0.006897,0.012265,0.01498,-9.3e-05,-0.002764,-0.003288,-0.002891,0.000458,0.055076,-0.996164,-0.152495,-0.89621,1,0,0,0,0,0,0,0,0,0,0
1231,-0.007923,-0.014219,-0.02116,-0.02681,-0.029329,-0.014772,-0.02681,-0.029022,-0.02939,-0.029052,-0.006265,-0.01471,-0.016799,-0.017659,-0.016707,-0.004668,-0.013083,-0.023985,-0.030311,-0.03458,-0.008353,-0.012407,-0.017628,-0.028438,-0.035409,-0.017597,-0.035993,-0.037221,-0.039095,-0.038726,-0.00777,-0.018488,-0.025521,-0.029574,-0.030158,-0.003255,-0.008906,-0.023954,-0.027916,-0.037621,0.0014,0.004153,2.2e-05,0.002423,-0.002986,-0.002855,-0.008652,-0.007344,-0.009837,-0.010638,0.001712,0.004384,0.009902,0.013522,0.015342,-9.3e-05,-0.002729,-0.003803,-0.000378,0.002738,0.056755,-0.988817,-0.146477,-0.894678,1,0,0,0,0,0,0,0,0,0,0
1232,-0.003922,-0.009418,-0.015902,-0.020688,-0.021368,-0.005033,-0.014266,-0.014266,-0.014544,-0.014173,-0.004632,-0.01053,-0.011332,-0.011271,-0.00914,-0.005404,-0.014297,-0.022109,-0.027914,-0.035572,-0.000895,-0.006515,-0.013463,-0.023097,-0.031342,-0.007442,-0.020997,-0.020503,-0.02075,-0.020843,-0.006021,-0.013895,-0.019608,-0.021955,-0.022603,-0.001606,-0.016921,-0.021584,-0.027327,-0.047954,0.00379,-0.002637,0.000538,0.000631,-0.012284,-0.001771,-0.006032,-0.00564,-0.006551,-0.008372,0.001691,0.004039,0.009679,0.012532,0.01589,-0.00271,-0.003261,-0.002844,0.000675,0.006034,0.057666,-0.976053,-0.140919,-0.894035,1,0,0,0,0,0,0,0,0,0,0
1233,-0.00242,-0.009433,-0.015142,-0.017686,-0.015949,-0.007106,-0.00934,-0.009712,-0.009371,-0.009185,-0.003879,-0.005989,-0.006857,-0.005895,-0.003568,-0.003072,-0.014087,-0.020479,-0.024792,-0.035062,-0.003196,-0.008471,-0.019393,-0.026436,-0.033976,-0.011108,-0.012349,-0.014242,-0.01387,-0.013498,-0.004778,-0.011884,-0.01598,-0.016569,-0.016228,-0.004096,-0.0193,-0.023303,-0.033108,-0.06001,-0.001027,-0.005201,-0.002775,-0.00824,-0.024827,-0.004077,-0.002755,-0.005274,-0.006083,-0.007489,0.001122,0.007053,0.010944,0.0129,0.015423,-2.9e-05,-0.001184,0.002498,0.005847,0.012671,0.057792,-0.964221,-0.136765,-0.892669,1,0,0,0,0,0,0,0,0,0,0
1234,-0.003104,-0.009624,-0.014436,-0.015119,-0.012325,-0.002173,-0.002173,-0.002453,-0.00208,-0.002049,-0.002049,-0.002856,-0.002794,-0.000652,0.001894,-0.005867,-0.013722,-0.019558,-0.027257,-0.033777,-0.002453,-0.009438,-0.019124,-0.027413,-0.032908,-0.002515,-0.002018,-0.002266,-0.002359,-0.002328,-0.003136,-0.008879,-0.011238,-0.01189,-0.009903,-0.0113,-0.015988,-0.021762,-0.042501,-0.062493,-0.005434,-0.002242,-0.002149,-0.015134,-0.028591,-0.000204,0.000189,-0.000727,-0.002557,-0.003906,0.001312,0.007168,0.010131,0.013618,0.014489,-0.000543,-0.00011,0.003544,0.009109,0.01517,0.060393,-0.957632,-0.132561,-0.886854,1,0,0,0,0,0,0,0,0,0,0
1235,-0.003912,-0.009626,-0.012172,-0.010433,-0.008228,-6.2e-05,-0.000435,-9.3e-05,9.3e-05,0.000528,-6.2e-05,-0.000932,3.1e-05,0.00236,0.006552,-0.005154,-0.011551,-0.015867,-0.026144,-0.029156,-0.002826,-0.013755,-0.020804,-0.028349,-0.031982,0.001273,-0.000621,-0.000248,0.000124,0.000373,-0.003974,-0.008073,-0.008663,-0.008321,-0.0059,-0.003912,-0.007918,-0.01773,-0.04465,-0.053499,0.001258,0.003686,-0.001783,-0.018381,-0.024172,0.001527,-0.000993,-0.001803,-0.003211,-0.004296,0.004646,0.008556,0.010521,0.013057,0.014808,-0.000616,0.003083,0.006448,0.013305,0.017532,0.063763,-0.953768,-0.12617,-0.878128,1,0,0,0,0,0,0,0,0,0,0
1236,-0.002606,-0.007413,-0.008096,-0.005304,-0.001551,6.2e-05,-0.000217,0.000155,0.000186,0.003133,-0.000744,-0.000682,0.001458,0.004001,0.011694,-0.002699,-0.00853,-0.016223,-0.022737,-0.02466,-0.004157,-0.013834,-0.022116,-0.027607,-0.028227,-0.000775,-0.001024,-0.001117,-0.001086,-0.000838,-0.001768,-0.004125,-0.004777,-0.002792,0.002916,-0.000775,-0.006545,-0.027265,-0.047241,-0.051553,0.001933,0.002026,-0.010948,-0.024394,-0.02673,-0.001132,-0.002047,-0.003876,-0.005224,-0.008543,0.001209,0.004154,0.00762,0.008486,0.010346,0.001043,0.004675,0.010207,0.016232,0.019078,0.067553,-0.95136,-0.120492,-0.871011,1,0,0,0,0,0,0,0,0,0,0
1237,-0.0031,-0.005642,-0.003906,-0.001705,0.005673,-0.000434,-9.3e-05,9.3e-05,0.000527,0.004495,-0.000124,0.000837,0.003162,0.007347,0.018382,-0.003689,-0.007998,-0.018258,-0.021265,-0.021947,-0.006758,-0.013795,-0.021327,-0.024954,-0.023466,-0.001116,-0.000744,-0.000372,-0.000124,0.00186,-0.002325,-0.002914,-0.002573,-0.000155,0.009486,-0.003224,-0.01302,-0.039896,-0.048731,-0.054031,0.000493,-0.004968,-0.021538,-0.027319,-0.031895,-0.001384,-0.002193,-0.003598,-0.004682,-0.007478,0.002661,0.004604,0.007111,0.008842,0.010182,0.002619,0.005945,0.012724,0.016902,0.020802,0.071044,-0.946841,-0.113485,-0.86763,1,0,0,0,0,0,0,0,0,0,0
1238,-0.001702,-0.002382,0.000402,0.004146,0.015779,0.000155,0.000526,0.000557,0.003496,0.008013,0.000186,0.00232,0.004858,0.012531,0.02435,-0.002135,-0.009808,-0.016305,-0.018224,-0.02008,-0.002908,-0.011169,-0.016646,-0.017264,-0.016089,0.000866,0.000773,0.000804,0.001052,0.005538,-3.1e-05,-0.000681,0.001299,0.006992,0.01547,-0.002537,-0.023205,-0.04313,-0.047431,-0.056187,-0.000399,-0.01334,-0.026752,-0.029082,-0.03587,0.000469,-0.001355,-0.002699,-0.006011,-0.007426,0.000267,0.003672,0.004523,0.00635,0.009343,0.000984,0.006419,0.012338,0.015133,0.022284,0.077805,-0.939851,-0.10451,-0.865835,1,0,0,0,0,0,0,0,0,0,0
1239,-0.000834,0.000896,0.003091,0.010447,0.02352,0.000185,0.000371,0.000804,0.00476,0.013105,0.000773,0.003091,0.007263,0.018266,0.034739,-0.002163,-0.012394,-0.015392,-0.016072,-0.018451,-0.004111,-0.011621,-0.015237,-0.013754,-0.012146,-0.000495,-0.000124,0.000124,0.002102,0.00921,-0.000556,-0.000216,0.002194,0.011806,0.022748,-0.007232,-0.034029,-0.042837,-0.048122,-0.05486,-0.005046,-0.021567,-0.027331,-0.031893,-0.036041,-0.001275,-0.002676,-0.003756,-0.006544,-0.00917,0.001638,0.004093,0.005788,0.0071,0.011719,0.002281,0.00892,0.013012,0.016832,0.024453,0.080291,-0.939789,-0.097632,-0.867737,1,0,0,0,0,0,0,0,0,0,0
1240,0.000154,0.002935,0.006673,0.01829,0.033831,0.000185,0.000216,0.003151,0.007662,0.016437,0.001359,0.003893,0.011555,0.023357,0.043872,-0.005499,-0.011988,-0.013903,-0.015757,-0.016406,-0.00414,-0.009609,-0.010226,-0.009052,-0.003244,0.000402,0.000433,0.00068,0.00516,0.016715,-9.3e-05,0.001885,0.007569,0.016035,0.031637,-0.013409,-0.033306,-0.0376,-0.046344,-0.047703,-0.007879,-0.021271,-0.023598,-0.030377,-0.030881,-0.000547,-0.001889,-0.005196,-0.006609,-0.004903,0.001738,0.00258,0.004389,0.007352,0.011316,0.003105,0.008965,0.011732,0.018812,0.025526,0.082543,-0.9391,-0.09366,-0.873634,1,0,0,0,0,0,0,0,0,0,0
1241,0.001576,0.00377,0.011125,0.024197,0.04379,0.0,0.000433,0.004388,0.012732,0.022869,0.000958,0.00513,0.016132,0.032603,0.052752,-0.004728,-0.007726,-0.008406,-0.010785,-0.010693,-0.003368,-0.006984,-0.005501,-0.003894,0.007911,-3.1e-05,0.000216,0.002194,0.009302,0.027937,0.000433,0.002843,0.012454,0.023394,0.041287,-0.013381,-0.022189,-0.027473,-0.03421,-0.038846,-0.008639,-0.014402,-0.018964,-0.023111,-0.027729,-0.000854,-0.001934,-0.004722,-0.007347,0.00034,0.000712,0.002406,0.003717,0.008333,0.010306,0.003523,0.007612,0.011428,0.019043,0.024975,0.083262,-0.934904,-0.090933,-0.885355,1,0,0,0,0,0,0,0,0,0,0
1242,0.001206,0.004947,0.016574,0.032127,0.049876,3.1e-05,0.002968,0.007483,0.016265,0.02517,0.001577,0.009245,0.021057,0.041589,0.062059,-0.001763,-0.00368,-0.005535,-0.006184,-0.00572,-0.002103,-0.002721,-0.001546,0.004267,0.017718,6.2e-05,0.000309,0.004793,0.016357,0.029592,0.001546,0.007236,0.015708,0.031323,0.046815,-0.006524,-0.010822,-0.019573,-0.020934,-0.027025,-0.00476,-0.007089,-0.013873,-0.014378,-0.020658,-0.000489,-0.003799,-0.005213,-0.003506,0.000411,0.000132,0.001952,0.004932,0.008919,0.012955,0.002357,0.00514,0.012261,0.019014,0.022372,0.0872,-0.93307,-0.087726,-0.886762,1,0,0,0,0,0,0,0,0,0,0
1243,0.000989,0.008345,0.021419,0.041014,0.056869,0.000402,0.004358,0.012703,0.022841,0.028775,0.002596,0.013599,0.030073,0.050224,0.069325,-0.001236,-0.001916,-0.004296,-0.004203,-0.004049,-0.001514,-3.1e-05,0.001576,0.013383,0.028157,0.000185,0.002164,0.009272,0.027909,0.035976,0.000865,0.010478,0.021419,0.039314,0.048308,-0.002287,-0.007572,-0.01431,-0.018946,-0.021542,-0.001006,-0.005569,-0.009717,-0.014335,-0.016462,-0.000591,-0.00338,-0.006005,0.001683,0.003713,0.001564,0.002876,0.007496,0.009471,0.017153,0.001743,0.005563,0.013185,0.019122,0.020039,0.091896,-0.933262,-0.087461,-0.892788,1,0,0,0,0,0,0,0,0,0,0
1244,0.002746,0.014344,0.029861,0.047568,0.064566,0.00253,0.007033,0.015794,0.024679,0.028134,0.005059,0.016843,0.037326,0.057748,0.074961,-0.000679,-0.00253,-0.003177,-0.002715,-0.004165,0.000895,0.002067,0.007866,0.021285,0.039702,6.2e-05,0.004535,0.016072,0.029275,0.037913,0.004812,0.013265,0.028843,0.044298,0.051332,-0.002005,-0.010735,-0.012093,-0.01817,-0.022951,-0.001319,-0.008087,-0.008591,-0.014856,-0.017451,-0.002712,-0.004123,-0.002419,0.001488,0.006775,0.000246,0.003178,0.0071,0.01107,0.018688,0.001018,0.008022,0.014664,0.017967,0.017241,0.093886,-0.931585,-0.091648,-0.896953,1,0,0,0,0,0,0,0,0,0,0
1245,0.004594,0.017636,0.037184,0.053001,0.069434,0.001418,0.009743,0.019856,0.025776,0.025406,0.00592,0.022353,0.042456,0.06151,0.075693,0.0,-0.002374,-0.002282,-0.002127,-0.004224,0.000586,0.002189,0.013967,0.028705,0.049393,0.001912,0.009003,0.027595,0.035642,0.041901,0.004779,0.015694,0.033545,0.042518,0.0489,-0.003268,-0.00999,-0.014614,-0.017204,-0.025745,-0.003233,-0.007371,-0.011978,-0.0141,-0.019877,-7.2e-05,-0.002691,0.004979,0.007003,0.013989,0.001044,0.005586,0.007528,0.01508,0.021011,0.002741,0.010234,0.016072,0.016973,0.014174,0.096816,-0.929201,-0.098562,-0.903703,1,0,0,0,0,0,0,0,0,0,0
1246,0.006997,0.0225,0.040191,0.057174,0.067962,0.003082,0.011836,0.020712,0.024164,0.023856,0.005856,0.026322,0.046726,0.063924,0.072431,-0.001849,-0.002497,-0.002034,-0.003483,-0.006226,0.000586,0.00638,0.019788,0.038188,0.055294,0.002558,0.014085,0.027277,0.035907,0.04278,0.003668,0.019233,0.034674,0.041702,0.045246,-0.005455,-0.006812,-0.012883,-0.017661,-0.025736,-0.003531,-0.004034,-0.010294,-0.012887,-0.017752,-0.001338,0.000364,0.004268,0.00955,0.017298,0.001872,0.00577,0.009716,0.017288,0.021041,0.004227,0.010829,0.014112,0.013391,0.008925,0.100098,-0.927166,-0.101815,-0.907533,1,0,0,0,0,0,0,0,0,0,0
1247,0.006037,0.025565,0.041367,0.057784,0.063205,0.005236,0.015339,0.021253,0.020884,0.02073,0.010565,0.030648,0.049683,0.063852,0.067579,-0.000524,-0.000431,-0.000277,-0.002372,-0.005452,0.001016,0.012783,0.027506,0.048174,0.059724,0.004528,0.023101,0.03114,0.037393,0.045987,0.007238,0.025073,0.034036,0.040412,0.042568,-0.001263,-0.005883,-0.00847,-0.017003,-0.023625,-0.000606,-0.005208,-0.007328,-0.0131,-0.016477,-0.001279,0.006383,0.008405,0.015384,0.024702,0.002646,0.004575,0.012075,0.017965,0.019248,0.003233,0.00903,0.009926,0.007146,0.002842,0.102542,-0.924064,-0.103947,-0.912948,1,0,0,0,0,0,0,0,0,0,0
1248,0.009473,0.027185,0.044188,0.054988,0.059555,0.003518,0.012405,0.015861,0.015552,0.017928,0.009905,0.030333,0.047551,0.056068,0.056592,-0.000123,0.000339,-0.001111,-0.003857,-0.008733,0.004783,0.018206,0.036628,0.053753,0.061992,0.007005,0.020212,0.028852,0.035733,0.045422,0.008331,0.023791,0.030826,0.034375,0.034807,-9.3e-05,-0.006171,-0.010954,-0.019039,-0.023606,0.000103,-0.006164,-0.00876,-0.013631,-0.013315,0.002985,0.006894,0.012182,0.01994,0.027596,0.001249,0.005227,0.012861,0.016645,0.016686,0.003381,0.006691,0.005964,0.001462,-0.001053,0.105525,-0.925486,-0.105807,-0.917627,1,0,0,0,0,0,0,0,0,0,0
1249,0.010098,0.025939,0.042399,0.047834,0.052342,0.006608,0.012537,0.012167,0.012012,0.016922,0.010221,0.029305,0.04351,0.047247,0.045394,0.000216,0.000371,-0.001729,-0.004817,-0.011765,0.00701,0.021771,0.042491,0.054071,0.059939,0.011611,0.019671,0.025939,0.034555,0.042862,0.009542,0.018528,0.02492,0.027082,0.025847,-0.004539,-0.007133,-0.015687,-0.022326,-0.024365,-0.004717,-0.006842,-0.012629,-0.016015,-0.011187,0.004694,0.006722,0.013718,0.02306,0.026583,0.000707,0.008343,0.014338,0.015645,0.014895,0.002503,0.003414,0.000584,-0.003797,-0.004691,0.108582,-0.927152,-0.107577,-0.921877,1,0,0,0,0,0,0,0,0,0,0
1250,0.00764,0.024682,0.035507,0.040085,0.043023,0.002289,0.005753,0.005444,0.007825,0.011815,0.010238,0.027496,0.036033,0.036559,0.034981,0.000247,-0.001206,-0.003959,-0.008846,-0.012681,0.006433,0.024898,0.042064,0.050322,0.054683,0.001608,0.010269,0.017166,0.026878,0.032105,0.005938,0.01299,0.016547,0.01698,0.016207,-0.001546,-0.006341,-0.014444,-0.019022,-0.020444,-0.001557,-0.004159,-0.009041,-0.008724,-0.006399,-0.000783,0.004517,0.012293,0.019967,0.021352,0.003328,0.011088,0.014934,0.014976,0.014253,0.000834,9.5e-05,-0.004482,-0.007038,-0.008236,0.109882,-0.928049,-0.108371,-0.923643,1,0,0,0,0,0,0,0,0,0,0
1251,0.008234,0.024733,0.030181,0.0347,0.03761,0.003653,0.003281,0.003126,0.008048,0.014642,0.008884,0.023123,0.026869,0.025011,0.025507,-9.3e-05,-0.002198,-0.005293,-0.012258,-0.01297,0.008358,0.029128,0.040737,0.046618,0.049713,0.00647,0.012753,0.02139,0.029717,0.034453,0.003065,0.009472,0.011639,0.010401,0.007274,-0.001052,-0.009627,-0.016282,-0.018325,-0.024392,-0.000572,-0.006372,-0.009767,-0.004927,-0.009897,0.002817,0.00983,0.019194,0.022726,0.0209,0.004418,0.010516,0.011844,0.011082,0.013945,8.9e-05,-0.00279,-0.007245,-0.008155,-0.008526,0.114583,-0.923442,-0.10856,-0.926311,1,0,0,0,0,0,0,0,0,0,0
1252,0.008839,0.019694,0.024284,0.027231,0.029867,-0.000186,-0.000496,0.001892,0.005893,0.013429,0.008405,0.016965,0.017492,0.015911,0.017244,-0.001365,-0.004125,-0.009025,-0.012871,-0.012716,0.010142,0.027355,0.035636,0.040009,0.043265,0.002202,0.009118,0.018857,0.024098,0.029712,0.004001,0.007568,0.008002,0.007226,-0.001613,-0.003753,-0.011879,-0.016469,-0.017895,-0.0379,-0.002036,-0.006932,-0.006614,-0.004282,-0.023223,0.002493,0.01029,0.017985,0.019374,0.017532,0.003433,0.007354,0.007397,0.00666,0.014702,-0.000843,-0.005508,-0.008115,-0.009336,-0.010102,0.12122,-0.909354,-0.110484,-0.927605,1,0,0,0,0,0,0,0,0,0,0
1253,0.00771,0.013181,0.01772,0.020642,0.020052,-0.000187,-0.000342,0.004601,0.011223,0.016756,0.005876,0.009637,0.007772,0.008269,0.008767,-0.000746,-0.003855,-0.01085,-0.011565,-0.011596,0.010694,0.022352,0.028259,0.031368,0.032891,0.004104,0.012777,0.02114,0.025896,0.027326,0.002425,0.004601,0.003358,0.000218,-0.014114,-0.00485,-0.011534,-0.013585,-0.019679,-0.043368,-0.003785,-0.007194,-0.002333,-0.007325,-0.028951,0.004545,0.013949,0.017496,0.015662,0.01182,0.002794,0.004163,0.003378,0.006328,0.016771,-0.002109,-0.0067,-0.007637,-0.00802,-0.010424,0.13095,-0.901714,-0.110665,-0.929214,1,0,0,0,0,0,0,0,0,0,0
1254,0.003179,0.007793,0.010754,0.013403,0.011689,-0.000125,0.002275,0.006296,0.013871,0.018858,0.002712,0.003242,0.001652,0.002992,0.002712,-0.002026,-0.006951,-0.010816,-0.01066,-0.011938,0.006577,0.0149,0.019295,0.022568,0.02129,0.002837,0.012624,0.017892,0.023534,0.022412,0.001153,0.00159,0.00081,-0.008073,-0.031825,-0.003304,-0.007917,-0.009351,-0.029456,-0.046195,-0.001126,-0.000806,0.001537,-0.017499,-0.02917,0.003279,0.011014,0.012409,0.010558,0.004538,0.001215,0.001259,0.000496,0.008826,0.022651,-0.002684,-0.005383,-0.006648,-0.007442,-0.008504,0.147316,-0.896785,-0.110336,-0.931194,1,0,0,0,0,0,0,0,0,0,0
1255,0.00231,0.006867,0.009801,0.009208,0.008022,-3.1e-05,0.004932,0.01158,0.017136,0.020444,0.001061,-0.000812,-0.000312,0.000187,-0.000312,-0.001092,-0.008115,-0.008833,-0.008864,-0.009894,0.005119,0.011049,0.01417,0.0157,0.014358,0.005868,0.014264,0.01904,0.020475,0.019289,0.00103,-0.000218,-0.003371,-0.01776,-0.054341,-0.003402,-0.005462,-0.01158,-0.035364,-0.04092,-0.002296,0.002585,-0.002427,-0.02414,-0.021736,0.006158,0.009719,0.007878,0.004021,-0.000462,0.000182,-0.000626,0.002408,0.013148,0.032513,-0.002013,-0.002977,-0.00337,-0.005842,-0.006166,0.169145,-0.900483,-0.11041,-0.932601,1,0,0,0,0,0,0,0,0,0,0
1256,0.002311,0.005277,0.007931,0.006214,0.005496,0.002436,0.006464,0.014051,0.019047,0.020515,-0.000531,-0.002123,-0.000781,-0.001062,-0.001499,-0.003841,-0.007713,-0.007556,-0.008837,-0.004965,0.003216,0.007619,0.010897,0.009617,0.008805,0.003934,0.009211,0.014863,0.013739,0.012646,-0.000593,-0.001374,-0.010273,-0.034066,-0.077219,-0.001218,-0.002654,-0.022794,-0.039562,-0.037251,0.002617,0.004964,-0.014105,-0.025796,-0.017265,0.001587,0.002985,0.001131,-0.0049,-0.007454,-0.000138,-0.00091,0.007521,0.021515,0.044908,-0.000714,-0.001994,-0.002798,-0.003873,-0.004055,0.191385,-0.900975,-0.110213,-0.932051,1,0,0,0,0,0,0,0,0,0,0
1257,0.002255,0.005198,0.004603,0.003413,0.002881,0.002536,0.009206,0.01478,0.018099,0.017535,-0.001346,-0.000845,-0.000344,-0.000845,-0.003695,-0.003194,-0.003914,-0.003945,-0.004979,0.002693,0.002724,0.005856,0.00739,0.006043,0.005417,0.004478,0.009269,0.010709,0.009519,0.007233,-0.000658,-0.00382,-0.018255,-0.054954,-0.109,-0.000845,-0.006983,-0.030843,-0.036417,-0.038296,0.002272,-0.002756,-0.024538,-0.022127,-0.016219,0.001981,0.000133,-0.003736,-0.008233,-0.009955,-0.000686,0.002417,0.013401,0.033207,0.063876,-0.000258,-0.00066,-0.003188,-0.003519,-0.003612,0.223653,-0.898524,-0.110157,-0.930483,1,0,0,0,0,0,0,0,0,0,0
1258,0.000722,0.003391,0.001664,0.000942,0.000283,0.001507,0.009137,0.014161,0.015637,0.013376,-0.000251,0.001099,0.000816,0.000377,-0.006468,-0.000691,-0.000534,-0.001821,0.002072,0.008541,0.001696,0.004993,0.003705,0.002889,0.002324,0.000816,0.0065,0.005369,0.00427,-0.000754,-0.000126,-0.009075,-0.033002,-0.076397,-0.124753,-0.000597,-0.02085,-0.037712,-0.035388,-0.055704,8.2e-05,-0.019094,-0.030851,-0.022272,-0.033336,-0.00058,-0.002445,-0.00851,-0.011078,-0.013812,-0.000104,0.008665,0.023218,0.047547,0.076642,-0.001069,-0.001904,-0.003023,-0.003212,-0.003584,0.239569,-0.879258,-0.109693,-0.926682,1,0,0,0,0,0,0,0,0,0,0
1259,0.002234,0.001636,0.000441,-9.4e-05,-0.000629,0.005192,0.010793,0.014129,0.013562,0.011831,0.000755,0.001259,0.000755,-0.002108,-0.015859,-3.1e-05,-6.3e-05,-0.001101,0.006608,0.01608,0.001447,0.002989,0.001636,0.001007,0.000378,0.003996,0.005444,0.004248,0.001951,-0.001668,-0.003052,-0.017558,-0.054437,-0.108749,-0.154313,-0.00557,-0.029547,-0.035148,-0.037036,-0.064066,-0.005135,-0.027024,-0.024601,-0.018664,-0.03931,-0.001275,-0.005163,-0.009682,-0.011412,-0.013299,0.003317,0.014684,0.035181,0.066919,0.090428,0.000669,-0.001948,-0.002291,-0.002387,-0.0025,0.267302,-0.864827,-0.108799,-0.92174,1,0,0,0,0,0,0,0,0,0,0
1260,0.000441,-0.001293,-0.002018,-0.00268,-0.002838,0.002459,0.007504,0.008986,0.006716,0.006621,0.000599,0.000315,-0.000126,-0.007,-0.024972,0.000189,-0.001104,0.002806,0.009302,0.018288,0.00186,0.000568,-0.000252,-0.00082,-0.001293,0.001703,0.000568,-0.000536,-0.005581,-0.006653,-0.005928,-0.029954,-0.07353,-0.122087,-0.17714,-0.014756,-0.031688,-0.029355,-0.049756,-0.078165,-0.01411,-0.025916,-0.017302,-0.028412,-0.045014,-0.000595,-0.006685,-0.009264,-0.01201,-0.013017,0.005663,0.020645,0.045692,0.075645,0.100244,-0.001538,-0.002689,-0.002885,-0.003268,-0.003087,0.290431,-0.840858,-0.107952,-0.916549,1,0,0,0,0,0,0,0,0,0,0
1261,-0.001042,-0.002242,-0.002779,-0.003315,-0.003063,0.003158,0.006505,0.005936,0.0042,0.003947,-9.5e-05,-0.0006,-0.003473,-0.017272,-0.035712,-0.000221,-0.001263,0.006473,0.015977,0.018093,-0.000316,-0.001674,-0.002305,-0.002937,-0.003063,-0.000253,-0.001452,-0.003758,-0.007389,-0.010673,-0.00862,-0.045627,-0.100127,-0.145849,-0.186266,-0.009283,-0.014904,-0.016798,-0.043922,-0.094854,-0.007835,-0.005403,0.000554,-0.020164,-0.054997,-0.003306,-0.007841,-0.009577,-0.01147,-0.014524,0.005926,0.026926,0.059443,0.083529,0.103255,-0.001127,-0.001478,-0.001577,-0.001693,-0.001668,0.302757,-0.803982,-0.107043,-0.909147,1,0,0,0,0,0,0,0,0,0,0
1262,-0.000696,-0.001424,-0.002089,-0.002247,-0.001835,0.001899,0.003386,0.001108,0.001013,0.000759,-0.00019,-0.000633,-0.007532,-0.02557,-0.046266,-0.001076,0.002848,0.009367,0.018386,0.015095,-0.000981,-0.001804,-0.002373,-0.002848,-0.001361,-0.000886,-0.001994,-0.007057,-0.008133,-0.011361,-0.015475,-0.059209,-0.107944,-0.163197,-0.210729,-0.00769,-0.005348,-0.025823,-0.054336,-0.112975,-0.003997,0.004649,-0.006502,-0.023165,-0.053547,-0.002799,-0.005388,-0.008143,-0.009154,-0.011982,0.009351,0.035044,0.06577,0.091004,0.108735,-3.6e-05,-0.000237,-0.00063,-0.000445,-0.001705,0.332662,-0.774641,-0.107881,-0.904929,1,0,0,0,0,0,0,0,0,0,0
1263,-0.000508,-0.001047,-0.001587,-0.001333,-0.000762,0.00146,0.000889,-0.000857,-0.001111,-0.001238,-0.000317,-0.003206,-0.017077,-0.035615,-0.056089,3.2e-05,0.007809,0.017363,0.01949,0.0133,-0.000381,-0.001016,-0.001651,-0.001778,0.001873,-0.000317,-0.002635,-0.006285,-0.009586,-0.013014,-0.02168,-0.076467,-0.12243,-0.16306,-0.214229,0.002063,0.000159,-0.027108,-0.078308,-0.134588,0.006453,0.012442,-0.008385,-0.043402,-0.063953,-0.001751,-0.003496,-0.005399,-0.00847,-0.011379,0.012235,0.045971,0.07096,0.091426,0.107914,-0.000327,-0.000429,-0.00055,-0.000524,-0.003625,0.347164,-0.743745,-0.109601,-0.899309,1,0,0,0,0,0,0,0,0,0,0
1264,-0.000223,-0.00089,-0.001049,-0.000636,0.000509,3.2e-05,-0.002258,-0.002353,-0.002608,-0.002576,-0.000127,-0.00706,-0.025186,-0.045983,-0.064872,0.003911,0.010462,0.019525,0.016218,0.008618,-0.000445,-0.001018,-0.001495,0.0,0.005597,-0.000795,-0.005883,-0.006964,-0.010208,-0.014628,-0.022228,-0.0712,-0.126723,-0.174487,-0.209531,0.000286,-0.020288,-0.04894,-0.107866,-0.160241,0.002223,-0.008983,-0.025727,-0.056257,-0.078644,-0.000847,-0.003616,-0.004632,-0.007473,-0.011338,0.014191,0.045982,0.07209,0.090435,0.101237,0.000124,-0.000282,-9.1e-05,-0.001395,-0.005823,0.36079,-0.718877,-0.11225,-0.895048,1,0,0,0,0,0,0,0,0,0,0
1265,-0.000318,-0.000859,-0.000604,-3.2e-05,0.001718,-0.000604,-0.002354,-0.002608,-0.002735,-0.001908,-0.002767,-0.016667,-0.035243,-0.055758,-0.069658,0.00388,0.013455,0.015586,0.009383,-0.00493,-0.000191,-0.000827,-0.000954,0.002704,0.009065,-0.001527,-0.005185,-0.008493,-0.011928,-0.013868,-0.032666,-0.078723,-0.119437,-0.17071,-0.190685,-0.002195,-0.029517,-0.080823,-0.137217,-0.187059,0.003778,-0.017092,-0.05218,-0.072774,-0.093609,-0.000902,-0.002808,-0.005885,-0.0088,-0.01095,0.020009,0.045358,0.066119,0.082845,0.089436,-0.000228,-0.00035,-0.000324,-0.003469,-0.007803,0.362431,-0.691833,-0.114814,-0.893177,1,0,0,0,0,0,0,0,0,0,0
1266,-0.00035,-0.000509,-9.5e-05,0.001049,0.002798,-0.001685,-0.001781,-0.002035,-0.002003,-0.001336,-0.004166,-0.022292,-0.04309,-0.061979,-0.073046,0.002671,0.011734,0.008427,0.000827,-0.01307,-0.000382,-0.000859,0.000636,0.006233,0.011575,-0.003562,-0.004643,-0.007887,-0.012307,-0.013547,-0.016314,-0.071837,-0.119602,-0.154646,-0.168861,-0.018381,-0.047033,-0.105959,-0.158335,-0.210901,-0.014982,-0.031726,-0.062257,-0.084645,-0.108033,-0.001867,-0.002883,-0.005725,-0.00959,-0.010999,0.011815,0.037926,0.056273,0.067076,0.07262,-0.000179,1.3e-05,-0.001292,-0.00572,-0.009039,0.370994,-0.665763,-0.116941,-0.890875,1,0,0,0,0,0,0,0,0,0,0
1267,-0.000191,6.4e-05,0.000636,0.002384,0.003814,-6.4e-05,-0.000318,-0.000445,0.000381,9.5e-05,-0.009726,-0.028289,-0.048791,-0.062682,-0.07333,0.006898,0.009027,0.002829,-0.011475,-0.020089,-0.000254,-0.000381,0.003274,0.009631,0.01335,-9.5e-05,-0.003401,-0.006834,-0.008773,-0.014876,-0.02972,-0.070405,-0.121644,-0.141606,-0.158611,-0.008932,-0.060202,-0.116558,-0.166367,-0.210549,-0.00588,-0.040945,-0.061525,-0.082345,-0.100154,-3.9e-05,-0.003114,-0.006027,-0.008175,-0.01362,0.013452,0.034115,0.050762,0.057321,0.062337,5.6e-05,8.3e-05,-0.003048,-0.007361,-0.00998,0.375545,-0.647956,-0.118283,-0.885855,1,0,0,0,0,0,0,0,0,0,0
1268,3.2e-05,0.000443,0.001581,0.00332,0.00449,-3.2e-05,-0.000285,-0.000253,0.000411,0.000348,-0.008347,-0.029026,-0.047807,-0.05881,-0.069118,0.00215,-0.001138,-0.008695,-0.022512,-0.031935,-0.000221,0.001265,0.00683,0.012141,0.015335,-0.00098,-0.004205,-0.0086,-0.009833,-0.015651,-0.025643,-0.073133,-0.107977,-0.12211,-0.137667,-0.019603,-0.078192,-0.130268,-0.182533,-0.218831,-0.010799,-0.041155,-0.063415,-0.086669,-0.098516,-0.000971,-0.003797,-0.007639,-0.009041,-0.014451,0.012118,0.029742,0.04012,0.045444,0.048755,0.000129,-0.001124,-0.005377,-0.008565,-0.010809,0.382792,-0.628959,-0.119942,-0.883824,1,0,0,0,0,0,0,0,0,0,0
1269,0.00022,0.000787,0.002518,0.003934,0.005665,-0.00022,-0.000346,0.000472,0.000189,0.001259,-0.010071,-0.030371,-0.044125,-0.054668,-0.067792,-3.1e-05,-0.006169,-0.020331,-0.028861,-0.04104,9.4e-05,0.003714,0.010008,0.013691,0.018821,-0.002298,-0.005697,-0.007616,-0.013659,-0.014446,-0.014761,-0.065495,-0.08526,-0.102098,-0.119345,-0.031252,-0.087054,-0.136371,-0.180119,-0.210836,-0.02397,-0.044347,-0.064962,-0.082596,-0.089888,-0.002078,-0.004962,-0.007089,-0.012481,-0.013823,0.007548,0.02308,0.029201,0.033881,0.036034,-0.000101,-0.003022,-0.007046,-0.00949,-0.012254,0.388617,-0.615633,-0.123127,-0.882082,1,0,0,0,0,0,0,0,0,0,0
1270,0.000188,0.001315,0.003036,0.004194,0.006041,-3.1e-05,0.0,0.000657,0.000595,0.002316,-0.010454,-0.029046,-0.039938,-0.050141,-0.064946,-0.003224,-0.010704,-0.024382,-0.033709,-0.044382,0.001377,0.006886,0.012144,0.015305,0.020814,-0.000908,-0.005258,-0.006479,-0.012238,-0.012081,-0.032332,-0.066824,-0.080814,-0.096214,-0.112959,-0.026917,-0.078467,-0.130205,-0.166136,-0.187013,-0.006212,-0.028247,-0.051266,-0.062994,-0.066997,-0.000731,-0.004534,-0.005921,-0.011277,-0.012279,0.009155,0.018821,0.023781,0.026864,0.027932,-0.00107,-0.005032,-0.008001,-0.010091,-0.012914,0.396084,-0.606171,-0.125433,-0.881529,1,0,0,0,0,0,0,0,0,0,0
1271,0.000374,0.002091,0.003495,0.005212,0.006585,-9.4e-05,0.000718,0.000437,0.001498,0.002933,-0.009705,-0.023343,-0.033797,-0.04681,-0.059792,-0.002871,-0.016914,-0.025371,-0.037448,-0.045218,0.002216,0.008457,0.012108,0.017195,0.022125,-0.002465,-0.004369,-0.010361,-0.011141,-0.011141,-0.018069,-0.037666,-0.054362,-0.071463,-0.083353,-0.028492,-0.077392,-0.12077,-0.151227,-0.169483,-0.014011,-0.034452,-0.051937,-0.059167,-0.065742,-0.002131,-0.00424,-0.009586,-0.010918,-0.011788,0.005669,0.011436,0.015847,0.017875,0.018746,-0.001704,-0.005496,-0.007799,-0.010403,-0.013074,0.398084,-0.595142,-0.128447,-0.881769,1,0,0,0,0,0,0,0,0,0,0
1272,0.000747,0.002458,0.00361,0.005446,0.006473,0.000124,0.000778,0.000716,0.002427,0.003703,-0.008807,-0.019636,-0.029781,-0.0445,-0.052,-0.004574,-0.018174,-0.027447,-0.038059,-0.044531,0.003267,0.008495,0.011639,0.017115,0.021628,-0.001867,-0.003081,-0.008807,-0.008651,-0.008651,-0.016275,-0.030185,-0.045496,-0.062145,-0.067217,-0.022841,-0.074281,-0.110006,-0.130762,-0.142276,-0.007936,-0.030823,-0.042483,-0.046463,-0.051204,-0.001656,-0.003035,-0.00836,-0.009356,-0.010067,0.003725,0.008488,0.011449,0.012475,0.012775,-0.002134,-0.004986,-0.006993,-0.009704,-0.012255,0.399939,-0.592819,-0.130583,-0.88203,1,0,0,0,0,0,0,0,0,0,0
1273,0.000963,0.002361,0.004069,0.005435,0.005932,0.000683,0.000404,0.00146,0.002889,0.004286,-0.004783,-0.015188,-0.02814,-0.041061,-0.042831,-0.009411,-0.017828,-0.029848,-0.037582,-0.040688,0.002951,0.006585,0.011647,0.016555,0.019474,-3.1e-05,-0.005995,-0.006771,-0.006771,-0.006802,-0.003261,-0.019878,-0.036899,-0.048733,-0.051714,-0.025873,-0.069046,-0.09936,-0.11753,-0.122655,-0.012424,-0.029826,-0.037023,-0.043567,-0.043593,-0.000445,-0.005767,-0.007092,-0.007959,-0.008978,0.001905,0.006172,0.008134,0.008977,0.009201,-0.001564,-0.003791,-0.006311,-0.008895,-0.010701,0.40084,-0.588987,-0.132538,-0.882425,1,0,0,0,0,0,0,0,0,0,0
1274,0.000744,0.001892,0.003722,0.004745,0.005086,-3.1e-05,-9.3e-05,0.001613,0.002884,0.003567,-0.006017,-0.016127,-0.030797,-0.038271,-0.03638,-0.004156,-0.013398,-0.023974,-0.030425,-0.032472,0.002264,0.005396,0.010855,0.015352,0.017337,-0.001179,-0.006885,-0.00673,-0.00673,-0.007598,-0.010607,-0.025866,-0.042458,-0.047514,-0.046273,-0.025432,-0.061036,-0.081722,-0.093198,-0.099493,-0.010404,-0.022025,-0.025992,-0.030717,-0.032383,-0.00093,-0.006237,-0.007229,-0.007937,-0.009197,0.002767,0.005659,0.006661,0.006953,0.007326,-0.001238,-0.003198,-0.005846,-0.008337,-0.009609,0.39913,-0.585298,-0.134378,-0.882278,1,0,0,0,0,0,0,0,0,0,0
1275,0.000651,0.002355,0.003718,0.004214,0.004338,-0.000248,0.000806,0.002231,0.003625,0.003192,-0.004369,-0.01729,-0.03018,-0.031946,-0.028631,-0.004245,-0.016237,-0.023952,-0.027051,-0.030831,0.001363,0.006414,0.01131,0.014223,0.015431,-0.004772,-0.005546,-0.005546,-0.005577,-0.007344,-0.00598,-0.022961,-0.034766,-0.037741,-0.031544,-0.017662,-0.047904,-0.066031,-0.071144,-0.077186,-0.006966,-0.014145,-0.020674,-0.0207,-0.024337,-0.00438,-0.005702,-0.006567,-0.007584,-0.008718,0.001447,0.003377,0.004206,0.004426,0.004469,-0.000961,-0.003439,-0.00598,-0.007757,-0.008622,0.395837,-0.58108,-0.135943,-0.882571,1,0,0,0,0,0,0,0,0,0,0
1276,0.000496,0.002324,0.003346,0.003687,0.003222,0.000186,0.00189,0.00316,0.003842,0.003439,-0.005731,-0.020385,-0.027851,-0.025962,-0.021965,-0.004988,-0.015552,-0.021996,-0.024041,-0.032963,0.001766,0.007218,0.011711,0.013693,0.014375,-0.000929,-0.000775,-0.000775,-0.001642,-0.003129,-0.009263,-0.025838,-0.030888,-0.029648,-0.019239,-0.017907,-0.038571,-0.050033,-0.056322,-0.065307,-0.004643,-0.008606,-0.013326,-0.014991,-0.020493,-0.000922,-0.001914,-0.002621,-0.00388,-0.004756,0.001424,0.002419,0.002709,0.003079,0.002796,-0.000986,-0.003613,-0.006086,-0.007348,-0.00822,0.392102,-0.576369,-0.137477,-0.883606,1,0,0,0,0,0,0,0,0,0,0
1277,0.001207,0.002569,0.003064,0.003188,0.002538,0.000867,0.002291,0.003683,0.00325,0.004798,-0.007181,-0.020057,-0.021822,-0.01851,-0.006995,-0.006995,-0.014703,-0.017798,-0.021574,-0.033924,0.003281,0.008172,0.011081,0.012288,0.013464,0.000155,0.000155,0.000124,-0.00164,-0.002507,-0.007707,-0.0195,-0.022472,-0.016281,0.0156,-0.012319,-0.030427,-0.035534,-0.041569,-0.056086,-0.002533,-0.009054,-0.00908,-0.012714,-0.031103,-0.000399,-0.001263,-0.002279,-0.003412,-0.005481,0.0005,0.001323,0.001541,0.001584,0.000901,-0.00148,-0.004002,-0.005766,-0.006624,-0.008071,0.369956,-0.56917,-0.139334,-0.884335,1,0,0,0,0,0,0,0,0,0,0
1278,0.000619,0.001639,0.001979,0.001515,-3.1e-05,0.000835,0.002103,0.002784,0.002381,0.005443,-0.007454,-0.014908,-0.013021,-0.009031,0.019856,-0.003557,-0.00999,-0.012031,-0.020939,-0.027588,0.002165,0.00665,0.008629,0.009309,0.010608,0.0,0.0,-0.000866,-0.002351,-0.003278,-0.008846,-0.013887,-0.01265,-0.002258,0.06829,-0.00832,-0.019763,-0.026042,-0.035011,-0.050042,-0.001425,-0.006137,-0.007799,-0.013292,-0.052658,-0.000591,-0.001297,-0.002554,-0.003429,-0.006865,0.000485,0.000773,0.001138,0.000858,-7.2e-05,-0.001125,-0.003568,-0.004816,-0.005677,-0.007914,0.329283,-0.564722,-0.141564,-0.885206,1,0,0,0,0,0,0,0,0,0,0
1279,0.000743,0.001239,0.001362,0.000712,-0.003189,0.000588,0.001982,0.001548,0.003096,0.005914,-0.005419,-0.007184,-0.00387,0.007648,0.051183,-0.004149,-0.007245,-0.011023,-0.023377,-0.028486,0.002725,0.005635,0.006843,0.00802,0.00836,0.0,-3.1e-05,-0.001796,-0.002663,-0.005852,-0.002942,-0.005914,0.000279,0.032171,0.126269,-0.009784,-0.014893,-0.020931,-0.035453,-0.055456,-0.005097,-0.005123,-0.008758,-0.027153,-0.07709,-0.000272,-0.001289,-0.002422,-0.004492,-0.009645,0.000335,0.000555,0.000597,-8.8e-05,-0.00078,-0.001395,-0.003162,-0.004022,-0.005473,-0.008771,0.285567,-0.553981,-0.14426,-0.88375,0,0,1,0,0,0,0,0,0,0,0
1280,0.000279,0.00062,0.000155,-0.001395,-0.006697,0.000682,0.001364,0.000961,0.00403,0.005736,-0.002046,-0.000155,0.003844,0.032802,0.070936,-0.002294,-0.00434,-0.013269,-0.019935,-0.027035,0.001767,0.003751,0.004433,0.005736,0.005395,0.0,-0.000868,-0.002356,-0.003286,-0.006542,-0.002108,-0.000868,0.009549,0.080268,0.175573,-0.001674,-0.007968,-0.016959,-0.032027,-0.078842,0.00038,-0.001286,-0.006793,-0.046253,-0.11586,-0.000435,-0.001695,-0.002572,-0.006017,-0.009979,-4.6e-05,0.000325,4.1e-05,-0.000905,-0.001054,-0.001078,-0.002347,-0.003223,-0.005498,-0.009073,0.240601,-0.524389,-0.147793,-0.884076,0,0,1,0,0,0,0,0,0,0,0
1281,0.000217,0.000341,-0.00031,-0.004219,-0.010983,0.000714,0.000279,0.00183,0.004654,0.005057,0.000279,0.003599,0.01514,0.058761,0.096642,-0.000807,-0.004592,-0.01697,-0.02209,-0.028605,0.001148,0.002358,0.003537,0.003878,0.001706,-3.1e-05,-0.001799,-0.002668,-0.005864,-0.006732,-0.000869,0.005336,0.037292,0.131575,0.232002,-0.003444,-0.009494,-0.024044,-0.044086,-0.102754,-0.000406,-0.004048,-0.02248,-0.072515,-0.153817,-0.000583,-0.001718,-0.003792,-0.008956,-0.009331,0.000269,0.000312,-0.000382,-0.001084,-0.001013,-0.000709,-0.001581,-0.003052,-0.006395,-0.009303,0.186185,-0.502195,-0.148992,-0.886285,0,0,1,0,0,0,0,0,0,0,0
1282,0.000124,-0.000341,-0.001893,-0.007199,-0.016633,-3.1e-05,-0.000434,0.002638,0.004344,0.004469,0.001614,0.005617,0.034601,0.07277,0.12599,-0.001241,-0.010178,-0.01685,-0.023957,-0.050024,0.000838,0.001521,0.002824,0.002483,-0.001583,-0.000838,-0.002327,-0.003258,-0.006517,-0.006579,0.00211,0.012537,0.083321,0.178713,0.289746,-0.002855,-0.011854,-0.026936,-0.073794,-0.121273,-0.001261,-0.006773,-0.04627,-0.115941,-0.174247,-0.000678,-0.001556,-0.005004,-0.008969,-0.008093,0.000105,-0.000181,-0.001133,-0.001283,-0.001308,-0.000567,-0.001449,-0.003739,-0.007337,-0.010593,0.130436,-0.486744,-0.151609,-0.886,0,0,1,0,0,0,0,0,0,0,0
1283,0.0,-0.000652,-0.004564,-0.011333,-0.027602,-0.000404,0.001149,0.003974,0.004378,-0.001925,0.001708,0.013258,0.056912,0.094822,0.141178,-0.002546,-0.014934,-0.020057,-0.026578,-0.065233,0.000373,0.001552,0.001894,-0.000279,-0.005899,-0.000931,-0.001801,-0.004999,-0.005868,-0.00562,0.004098,0.036078,0.130435,0.23094,0.369665,-0.003198,-0.01776,-0.037817,-0.09653,-0.173655,-0.002383,-0.020829,-0.070903,-0.152267,-0.243269,-0.000458,-0.002534,-0.007701,-0.008076,0.000533,-6.2e-05,-0.000759,-0.001465,-0.001393,-0.001422,-0.000308,-0.001786,-0.005148,-0.008071,-0.013846,0.047322,-0.434981,-0.154543,-0.8833,0,0,1,0,0,0,0,0,0,0,0
1284,-0.000466,-0.002019,-0.007331,-0.016775,-0.03731,0.0,0.003075,0.004784,0.004908,-0.015719,0.002299,0.031314,0.069525,0.122802,0.170674,-0.006399,-0.013079,-0.020193,-0.046288,-0.090432,0.000311,0.001615,0.001274,-0.002796,-0.010034,-0.000559,-0.001491,-0.004753,-0.004815,-0.004691,0.006337,0.077198,0.172693,0.283845,0.407238,-0.005809,-0.020907,-0.067816,-0.115346,-0.203541,-0.003134,-0.042673,-0.112419,-0.170789,-0.248988,-0.000421,-0.003872,-0.007842,-0.006965,0.016146,-0.000226,-0.001185,-0.001336,-0.001361,-0.001366,-0.000579,-0.002887,-0.006512,-0.009793,-0.015581,0.008428,-0.408111,-0.155862,-0.880354,0,0,1,0,0,0,0,0,0,0,0
1285,-0.000187,-0.004109,-0.010896,-0.027209,-0.047538,0.001557,0.00439,0.004794,-0.001525,-0.022819,0.009277,0.053048,0.09106,0.137539,0.216987,-0.006008,-0.011145,-0.017683,-0.056441,-0.079074,0.000872,0.001214,-0.000965,-0.0066,-0.01678,-0.000311,-0.003518,-0.00439,-0.00414,-6.2e-05,0.025715,0.120323,0.221096,0.360192,0.442566,-0.008779,-0.02889,-0.08776,-0.16509,-0.262501,-0.015355,-0.065563,-0.147144,-0.238389,-0.243225,-0.00166,-0.006841,-0.007217,0.001415,0.028406,-0.000481,-0.0012,-0.001127,-0.001156,-0.001156,-0.000919,-0.004343,-0.007322,-0.013206,-0.016629,-0.033137,-0.342986,-0.152994,-0.88299,0,0,1,0,0,0,0,0,0,0,0
1286,-0.001374,-0.006712,-0.016203,-0.036839,-0.050951,0.00153,0.003247,0.003372,-0.017358,-0.026693,0.019856,0.058256,0.111799,0.159908,0.225876,-0.000687,-0.007836,-0.034061,-0.078424,-0.136493,0.000437,9.4e-05,-0.003996,-0.01127,-0.021635,-0.000624,-0.003902,-0.003965,-0.00384,0.004246,0.045425,0.141395,0.2531,0.377105,0.468268,-0.006369,-0.053511,-0.101277,-0.189911,-0.306611,-0.024337,-0.09443,-0.15309,-0.231677,-0.235208,-0.001804,-0.005794,-0.004912,0.018313,0.036131,-0.000502,-0.000658,-0.000684,-0.000689,-0.000688,-0.001452,-0.005205,-0.008602,-0.014594,-0.014188,-0.08414,-0.291853,-0.15204,-0.884848,0,0,1,0,0,0,0,0,0,0,0
1287,-0.002568,-0.009394,-0.025802,-0.046249,-0.052887,0.001315,0.001722,-0.004634,-0.026052,-0.027931,0.024111,0.062343,0.109093,0.189003,0.197207,-0.004478,-0.011053,-0.050037,-0.072802,-0.18656,-9.4e-05,-0.002286,-0.007953,-0.018193,-0.026804,-0.002599,-0.003476,-0.003225,0.000877,0.005448,0.049599,0.150958,0.290862,0.373715,0.452153,-0.01384,-0.073052,-0.150833,-0.24881,-0.288764,-0.02609,-0.108146,-0.199921,-0.204786,-0.174191,-0.003401,-0.00378,0.004902,0.03205,0.037899,-0.000236,-0.00016,-0.00019,-0.00019,-0.000189,-0.002085,-0.005187,-0.011314,-0.014879,-0.011438,-0.110906,-0.3144,-0.150339,-0.881957,0,0,1,0,0,0,0,0,0,0,0
1288,-0.002796,-0.012346,-0.033112,-0.047312,-0.053061,0.000408,0.000534,-0.020326,-0.029719,-0.028871,0.014451,0.068329,0.11674,0.183121,0.184503,-0.002702,-0.029091,-0.073732,-0.132165,-0.193457,-0.000251,-0.004367,-0.011687,-0.022117,-0.030913,-0.000691,-0.000754,-0.000628,0.007508,0.015017,0.046809,0.159214,0.283996,0.37573,0.467777,-0.033552,-0.081618,-0.170806,-0.288237,-0.284907,-0.044356,-0.103383,-0.182463,-0.186016,-0.100158,-0.000602,0.000285,0.023656,0.041585,0.047422,7.8e-05,5.1e-05,4.7e-05,4.7e-05,4e-05,-0.001788,-0.005337,-0.011597,-0.011173,-0.006399,-0.172813,-0.313497,-0.149166,-0.890486,0,0,1,0,0,0,0,0,0,0,0
1289,-0.004069,-0.0206,-0.041199,-0.047887,-0.0606,0.0,-0.006404,-0.027981,-0.029874,-0.028833,0.024006,0.071105,0.15161,0.159875,0.19344,-0.003912,-0.043186,-0.06612,-0.180727,-0.200632,-0.001956,-0.007666,-0.017981,-0.026656,-0.035773,-0.000189,6.3e-05,0.004196,0.008801,0.021104,0.055111,0.196058,0.279529,0.358552,0.522875,-0.025962,-0.104323,-0.20303,-0.243283,-0.27934,-0.038127,-0.130587,-0.135487,-0.104665,0.015684,0.000223,0.00897,0.03632,0.042213,0.05399,-1e-06,-3.3e-05,-3.2e-05,-3.1e-05,-0.000188,-0.001427,-0.007881,-0.011636,-0.008012,-0.009498,-0.268556,-0.292011,-0.146037,-0.893459,0,0,1,0,0,0,0,0,0,0,0
1290,-0.005544,-0.026485,-0.040804,-0.046602,-0.067669,0.000127,-0.020909,-0.030381,-0.029526,-0.001077,0.030223,0.079042,0.145982,0.147376,0.190208,-0.022683,-0.067701,-0.126626,-0.188434,-0.19572,-0.002186,-0.009567,-0.020085,-0.028956,-0.03922,0.000127,0.000253,0.008459,0.01603,0.022651,0.058006,0.18384,0.276346,0.369169,0.51474,-0.022398,-0.112338,-0.230759,-0.2274,-0.279293,-0.021235,-0.100981,-0.104564,-0.017982,0.077684,0.000671,0.024238,0.042319,0.048204,0.029435,-2.8e-05,-3.3e-05,-3.3e-05,-3.9e-05,-0.000658,-0.002294,-0.008932,-0.008483,-0.003419,-0.021274,-0.311442,-0.272109,-0.139616,-0.89468,0,0,1,0,0,0,0,0,0,0,0
1291,-0.011095,-0.031854,-0.038594,-0.051405,-0.066537,-0.006581,-0.028325,-0.030233,-0.029184,0.021967,0.017135,0.098264,0.106593,0.140419,0.193922,-0.016817,-0.039929,-0.155424,-0.175483,-0.160574,-0.003561,-0.013956,-0.022698,-0.031886,-0.039484,0.000127,0.004292,0.008933,0.021331,0.028643,0.083831,0.167949,0.247584,0.413181,0.51917,-0.056492,-0.155964,-0.196529,-0.232865,-0.287386,-0.071867,-0.076806,-0.045744,0.075538,0.131188,0.008142,0.035704,0.041642,0.053511,0.012757,-5e-06,-5e-06,-4e-06,-0.000169,-0.001927,-0.004463,-0.008426,-0.0046,-0.006169,-0.025009,-0.370542,-0.245104,-0.136672,-0.898413,0,0,1,0,0,0,0,0,0,0,0
1292,-0.009909,-0.024264,-0.030076,-0.051197,-0.055897,-0.014514,-0.02401,-0.023153,0.005367,0.04332,0.031823,0.098931,0.100329,0.143268,0.185191,-0.02833,-0.087403,-0.149366,-0.15667,-0.154161,-0.003843,-0.014387,-0.02328,-0.03357,-0.036365,0.0,0.008226,0.015816,0.022454,0.038524,0.042399,0.135137,0.228193,0.374129,0.460007,-0.033729,-0.152446,-0.14908,-0.201102,-0.251346,-0.008149,-0.011741,0.075058,0.170964,0.221087,0.015493,0.033619,0.039519,0.020703,1.9e-05,-0.0,0.0,-7e-06,-0.000636,-0.002264,-0.002324,-0.001866,0.003287,-0.014884,-0.021427,-0.393761,-0.232623,-0.14098,-0.902744,0,0,1,0,0,0,0,0,0,0,0
1293,-0.010805,-0.017522,-0.030291,-0.045374,-0.044075,-0.007193,-0.009094,-0.008048,0.042934,0.060044,0.049113,0.057414,0.091128,0.144455,0.169803,0.005228,-0.109886,-0.129879,-0.115019,-0.136977,-0.006527,-0.015241,-0.024398,-0.031971,-0.034094,0.004151,0.008777,0.021134,0.028422,0.042807,0.04154,0.120912,0.285963,0.391603,0.438751,-0.065494,-0.105925,-0.142142,-0.196483,-0.23628,0.003207,0.034167,0.155048,0.210516,0.23564,0.012014,0.017933,0.029763,-0.010857,-0.014367,0.0,2e-06,-0.00016,-0.001878,-0.002655,-0.001587,0.002151,0.000618,-0.017791,-0.015803,-0.41469,-0.216862,-0.139484,-0.900413,0,0,1,0,0,0,0,0,0,0,0
1294,-0.003513,-0.009305,-0.030352,-0.035036,-0.032757,-0.002279,-0.001424,0.026997,0.064818,0.064913,0.017819,0.019211,0.062001,0.103779,0.138403,-0.06409,-0.125839,-0.133118,-0.130618,-0.163786,-0.003988,-0.01285,-0.023104,-0.025889,-0.029592,0.004051,0.011615,0.01823,0.034245,0.047379,0.050924,0.143657,0.289087,0.374667,0.423819,-0.052886,-0.049532,-0.101373,-0.151443,-0.182586,-0.006783,0.079715,0.175288,0.225237,0.239034,0.006062,0.011942,-0.006809,-0.027421,-0.016306,0.0,-7e-06,-0.000621,-0.00221,-0.001754,0.002021,0.00705,-0.010685,-0.01707,-0.009858,-0.440378,-0.209302,-0.139815,-0.903711,0,0,1,0,0,0,0,0,0,0,0
1295,-0.003191,-0.015924,-0.030964,-0.029669,-0.027741,0.000379,0.001422,0.05226,0.069322,0.066794,-0.00951,0.024108,0.077284,0.102561,0.14016,-0.050806,-0.070744,-0.055925,-0.077821,-0.101708,-0.004708,-0.013839,-0.021391,-0.023507,-0.025308,0.000569,0.012891,0.020158,0.034503,0.052671,0.02831,0.192894,0.298235,0.34525,0.403987,0.01248,-0.023634,-0.077821,-0.117506,-0.151535,0.037643,0.158183,0.213494,0.238547,0.261533,-0.00015,0.011646,-0.028858,-0.032359,-0.013195,1e-06,-0.000157,-0.001842,-0.002603,-0.003281,0.001668,0.000165,-0.017883,-0.015935,-0.008598,-0.470568,-0.188713,-0.142578,-0.906394,0,0,1,0,0,0,0,0,0,0,0
1296,-0.002581,-0.023509,-0.028167,-0.025901,-0.024516,0.000472,0.028733,0.066342,0.066436,0.068419,0.010858,0.053407,0.094949,0.129379,0.160819,-0.010795,-0.018033,-0.015547,-0.048529,-0.057278,-0.004123,-0.01432,-0.017089,-0.020771,-0.021149,0.006955,0.013533,0.029457,0.042518,0.056114,0.064013,0.208625,0.293723,0.342599,0.395282,-0.009095,-0.060646,-0.110433,-0.141401,-0.179797,0.048517,0.143552,0.19322,0.206939,0.234636,0.005996,-0.012649,-0.033145,-0.022093,-0.011228,-8e-06,-0.000598,-0.002125,-0.001688,-0.004,0.003212,-0.013835,-0.019974,-0.013041,-0.009042,-0.489022,-0.173454,-0.143109,-0.901871,0,0,1,0,0,0,0,0,0,0,0
1297,-0.010121,-0.025129,-0.023836,-0.021913,-0.023584,0.000568,0.051298,0.068324,0.065802,0.066779,0.02267,0.075734,0.100957,0.138477,0.16553,-0.00908,0.005707,-0.016143,-0.039979,-0.057951,-0.004982,-0.012517,-0.01463,-0.016427,-0.018476,0.005328,0.01258,0.026895,0.045024,0.049911,0.100106,0.205225,0.252141,0.310754,0.351963,-0.026926,-0.080999,-0.1206,-0.154557,-0.180948,0.07168,0.126874,0.151875,0.174812,0.190677,0.005764,-0.034655,-0.038148,-0.019025,-0.015311,-0.000148,-0.001808,-0.002558,-0.003226,-0.003685,-0.004735,-0.022518,-0.020598,-0.013369,-0.012153,-0.506729,-0.16609,-0.142581,-0.897683,0,0,1,0,0,0,0,0,0,0,0
1298,-0.010801,-0.015448,-0.013188,-0.011806,-0.015229,0.027631,0.065153,0.065247,0.067225,0.066346,0.019876,0.061322,0.095673,0.12704,0.143148,0.001821,0.004302,-0.028605,-0.037333,-0.065153,-0.005212,-0.007975,-0.011649,-0.012026,-0.014412,0.001256,0.017144,0.030174,0.043739,0.048354,0.044587,0.12949,0.178252,0.230814,0.263187,-0.024617,-0.07429,-0.105187,-0.143494,-0.157403,0.023433,0.072987,0.086674,0.114308,0.12659,-0.024342,-0.044791,-0.033765,-0.022925,-0.01734,-0.000437,-0.00194,-0.001509,-0.003784,-0.001305,-0.012176,-0.018215,-0.011394,-0.007459,-0.007209,-0.51693,-0.166653,-0.142535,-0.897293,0,0,1,0,0,0,0,0,0,0,0
1299,-0.004124,-0.002843,-0.000937,-0.002593,-0.006404,0.022775,0.039645,0.037146,0.038114,0.038958,0.032803,0.057796,0.094973,0.121777,0.133618,0.01284,-0.00881,-0.032428,-0.050236,-0.067262,-0.002281,-0.004374,-0.006154,-0.008185,-0.011184,0.005936,0.020119,0.038083,0.042925,0.04833,0.059795,0.106282,0.164359,0.205191,0.234526,-0.029085,-0.068324,-0.101971,-0.128119,-0.136398,0.031374,0.056146,0.078873,0.094594,0.109366,-0.015829,-0.01929,-0.000342,0.003338,0.007963,-0.001134,-0.001838,-0.002464,-0.002895,-0.00118,-0.004922,-0.003122,0.003657,0.004797,0.005054,-0.52865,-0.169395,-0.143349,-0.897393,0,0,1,0,0,0,0,0,0,0,0
1300,-0.000499,0.001747,0.00312,-0.000281,-0.002621,0.014541,0.014634,0.0166,0.015727,0.015758,0.008425,0.042562,0.073734,0.089741,0.103721,-0.01036,-0.043061,-0.051736,-0.079382,-0.082658,-0.000468,-0.004119,-0.004493,-0.006865,-0.01114,0.00986,0.02281,0.03629,0.040877,0.041532,0.024651,0.07311,0.125345,0.157516,0.186691,-0.020314,-0.051018,-0.089086,-0.102909,-0.108464,0.017909,0.031511,0.058973,0.071178,0.086503,-0.004511,0.006447,0.017219,0.02277,0.022933,-0.000313,9.9e-05,-0.002079,0.000294,0.000546,-0.0009,0.00563,0.009396,0.009635,0.011587,-0.536674,-0.172093,-0.142045,-0.898026,0,0,1,0,0,0,0,0,0,0,0
1301,0.001773,0.003671,0.002022,-0.001773,-0.00224,0.002302,-0.000187,0.000778,0.001618,0.000871,0.016487,0.053505,0.080196,0.091985,0.096745,-0.01123,-0.034747,-0.052479,-0.069432,-0.074067,-0.001618,-0.003391,-0.005413,-0.008399,-0.011541,0.004293,0.02218,0.027001,0.032383,0.030921,0.021713,0.079542,0.1202,0.14941,0.168603,-0.01882,-0.052323,-0.07836,-0.086604,-0.088501,0.006813,0.029443,0.045096,0.059806,0.073284,0.001051,0.019918,0.023583,0.028188,0.026881,-0.000376,-0.000984,-0.001402,0.000262,0.001312,0.002628,0.009207,0.010314,0.010563,0.012865,-0.542974,-0.176495,-0.142433,-0.898264,0,0,1,0,0,0,0,0,0,0,0
1302,0.000467,0.001835,-0.001555,-0.003888,-0.003981,-0.002208,-0.000249,-0.00112,-0.001089,-0.001679,0.017541,0.04861,0.064564,0.078497,0.083784,-0.021366,-0.030012,-0.057566,-0.060832,-0.068452,-0.002022,-0.002395,-0.004758,-0.009019,-0.010947,0.008615,0.02205,0.026622,0.027275,0.026217,0.026591,0.078652,0.110717,0.139795,0.149468,-0.011787,-0.049729,-0.063507,-0.069042,-0.066834,0.006747,0.034117,0.046282,0.061556,0.063855,0.009871,0.020607,0.02614,0.026303,0.025435,0.000778,-0.00135,0.000969,0.001215,0.00325,0.003756,0.007436,0.007669,0.009577,0.011148,-0.542862,-0.184946,-0.143619,-0.896186,0,0,1,0,0,0,0,0,0,0,0
1303,0.001431,-0.000218,-0.004012,-0.004479,-0.004261,-0.00028,0.000684,0.001524,0.000778,0.000218,0.019471,0.046159,0.057948,0.062707,0.068648,-0.002146,-0.019876,-0.036828,-0.041462,-0.047528,0.000249,-0.001773,-0.004759,-0.007901,-0.009487,0.009269,0.01409,0.019471,0.01801,0.015739,0.031229,0.071883,0.10109,0.120281,0.122396,-0.021711,-0.047745,-0.055988,-0.057886,-0.050389,0.015881,0.031532,0.04624,0.059717,0.05335,0.008993,0.012657,0.017263,0.015955,0.013884,-0.001387,-0.001804,-0.000141,0.000908,0.003302,0.002815,0.00392,0.00417,0.00647,0.00775,-0.540322,-0.193658,-0.147118,-0.893337,0,0,1,0,0,0,0,0,0,0,0
1304,-6.2e-05,-0.003455,-0.00579,-0.005884,-0.005884,0.002241,0.00137,0.001401,0.000809,-0.000778,0.011612,0.027582,0.041528,0.04682,0.051894,-0.006506,-0.034088,-0.037357,-0.044984,-0.045357,-0.000623,-0.002989,-0.007253,-0.009183,-0.009962,0.004171,0.008748,0.009401,0.008343,0.002926,0.020857,0.052953,0.08206,0.091741,0.090154,-0.01625,-0.030041,-0.035582,-0.033372,-0.025838,0.011503,0.02368,0.038969,0.04127,0.033311,0.001746,0.007284,0.007447,0.006578,0.002672,-0.000748,0.001587,0.001834,0.003883,0.005085,0.000874,0.001109,0.003029,0.004611,0.004532,-0.536171,-0.200302,-0.150072,-0.888371,0,0,1,0,0,0,0,0,0,0,0
1305,-0.001586,-0.005379,-0.005845,-0.005627,-0.005721,-0.001275,-0.000435,-0.001181,-0.001741,-0.005223,0.015079,0.026862,0.031619,0.037557,0.046978,-0.011224,-0.028168,-0.0328,-0.038863,-0.040697,-0.001399,-0.004384,-0.007524,-0.009109,-0.009296,0.000653,0.006032,0.00457,0.002301,-0.002923,0.019805,0.048999,0.068181,0.070295,0.062057,-0.009793,-0.018032,-0.019929,-0.012436,-0.008084,0.004156,0.018858,0.032328,0.025964,0.007512,0.001918,0.006521,0.005215,0.003144,0.001426,0.000325,0.001983,0.003028,0.005415,0.005936,0.000236,0.000485,0.002778,0.004054,0.003784,-0.524069,-0.209566,-0.153809,-0.88519,0,0,1,0,0,0,0,0,0,0,0
1306,-0.001804,-0.004136,-0.004229,-0.004229,-0.004571,0.000404,0.000435,-0.000155,-0.001741,-0.004105,0.000871,0.014802,0.020089,0.025158,0.038965,-0.016326,-0.019591,-0.02721,-0.027583,-0.028174,-0.000964,-0.005224,-0.007152,-0.00793,-0.008365,0.003918,0.004571,0.003514,-0.001897,-0.005784,0.012252,0.041328,0.050999,0.049413,0.035326,-0.00398,-0.009516,-0.007308,0.000218,0.007774,0.008007,0.023279,0.025578,0.017627,-0.011218,0.003613,0.003776,0.002908,-0.000994,-0.0025,0.001992,0.002237,0.004271,0.005464,0.00591,-3e-06,0.001903,0.003473,0.003394,0.003174,-0.511252,-0.222183,-0.162729,-0.882225,1,0,0,0,0,0,0,0,0,0,0
1307,-0.001989,-0.002455,-0.002238,-0.002331,-0.003947,0.000435,-0.000311,-0.00087,-0.004351,-0.005408,0.010909,0.015665,0.021601,0.031018,0.039317,-0.000622,-0.005253,-0.011313,-0.013147,-0.010723,-0.00202,-0.005159,-0.006744,-0.006931,-0.009075,0.001461,0.0,-0.002269,-0.00749,-0.014763,0.016939,0.036116,0.038229,0.029993,0.016815,-0.004258,-0.006154,0.001336,0.005688,0.017343,0.006694,0.020161,0.013798,-0.004647,-0.027293,0.000991,-0.000316,-0.002386,-0.004103,-0.010279,-0.00033,0.000713,0.003094,0.003614,0.004225,0.000251,0.002539,0.003812,0.003543,0.00278,-0.500091,-0.231694,-0.1639,-0.877456,1,0,0,0,0,0,0,0,0,0,0
1308,-0.000341,-0.000434,-0.000434,-0.000775,-0.002078,-0.000403,-0.000992,-0.002574,-0.00493,-0.006977,0.003008,0.008279,0.013333,0.027101,0.028434,-0.002636,-0.010233,-0.010605,-0.011194,-0.010667,-0.002233,-0.004155,-0.00493,-0.005364,-0.007845,-0.000806,-0.00186,-0.007256,-0.011132,-0.019256,0.012093,0.021736,0.020155,0.006109,-0.00338,-0.001271,0.00093,0.008434,0.015969,0.02955,0.00855,0.010842,0.002914,-0.025848,-0.03835,-0.000826,-0.001691,-0.005582,-0.007083,-0.01327,0.000565,0.002559,0.003728,0.004165,0.005176,0.001621,0.00316,0.003082,0.002866,0.002676,-0.493174,-0.242424,-0.164319,-0.874139,1,0,0,0,0,0,0,0,0,0,0
1309,-0.000124,9.3e-05,0.0,-0.001614,-0.003073,-0.000341,-0.0009,-0.004377,-0.005432,-0.012168,0.001738,0.007667,0.017073,0.025361,0.023778,-0.001987,-0.00804,-0.009871,-0.00745,-0.009995,-0.0009,-0.002483,-0.00267,-0.004811,-0.008102,-0.000652,-0.002918,-0.008133,-0.015396,-0.023157,0.007046,0.009157,0.000931,-0.01223,-0.026075,-0.000621,0.00686,0.011206,0.022846,0.035356,0.00489,-0.001464,-0.019886,-0.042504,-0.056497,-0.000478,-0.002546,-0.004261,-0.010429,-0.011837,0.000464,0.002825,0.00334,0.003945,0.005064,0.000635,0.001897,0.00163,0.000873,0.002133,-0.480686,-0.250099,-0.167885,-0.870669,1,0,0,0,0,0,0,0,0,0,0
1310,3.1e-05,3.1e-05,-0.000311,-0.001616,-0.006962,-0.000249,-0.001834,-0.004196,-0.006247,-0.017932,0.003543,0.008609,0.022408,0.023744,0.022314,-0.005625,-0.005998,-0.006589,-0.00606,-0.007739,-0.001026,-0.001803,-0.002238,-0.004724,-0.011779,-0.000404,-0.005812,-0.009697,-0.017839,-0.026914,0.002611,0.001026,-0.013053,-0.022563,-0.046618,0.002828,0.010349,0.017901,0.031514,0.038941,-0.002599,-0.010545,-0.039373,-0.051903,-0.075354,-0.000389,-0.004288,-0.005793,-0.011994,-0.009829,0.001557,0.002745,0.003189,0.004217,0.004721,0.000923,0.000845,0.000625,0.000432,0.002274,-0.467719,-0.257052,-0.17175,-0.872693,1,0,0,0,0,0,0,0,0,0,0
1311,0.000186,9.3e-05,-0.00152,-0.002978,-0.013496,-0.00031,-0.003785,-0.00484,-0.011573,-0.022184,0.002389,0.01179,0.020074,0.018492,0.01725,-0.000434,-0.002265,0.000155,-0.002389,-0.002482,-0.000558,-0.000745,-0.002885,-0.006174,-0.015761,-0.001862,-0.007074,-0.014334,-0.022091,-0.0269,-0.000496,-0.008718,-0.021873,-0.035711,-0.065775,0.004654,0.008998,0.020632,0.033136,0.038441,-0.003757,-0.02217,-0.044776,-0.058762,-0.087958,-0.001678,-0.003393,-0.009558,-0.010965,-0.005101,0.000813,0.001326,0.00193,0.003044,0.003191,0.000345,7.9e-05,-0.000675,0.000581,0.00087,-0.4506,-0.263757,-0.173289,-0.884009,1,0,0,0,0,0,0,0,0,0,0
1312,-0.000186,-0.000527,-0.001828,-0.007158,-0.024602,-0.00127,-0.003625,-0.00567,-0.017321,-0.022278,0.002665,0.016422,0.017755,0.016329,0.014594,6.2e-05,-0.000527,0.0,-0.001673,-0.002355,-0.000217,-0.000651,-0.00313,-0.010163,-0.023952,-0.003532,-0.007405,-0.015524,-0.024571,-0.023921,-0.001084,-0.015121,-0.024602,-0.048585,-0.082142,0.002851,0.01038,0.023952,0.031357,0.043317,-0.00417,-0.032911,-0.045404,-0.068785,-0.101421,-0.002212,-0.003712,-0.009895,-0.007736,-0.001455,0.000357,0.000792,0.001798,0.002292,0.002641,-0.000419,-0.000634,-0.000823,0.000981,-0.001023,-0.431249,-0.275665,-0.169183,-0.891095,1,0,0,0,0,0,0,0,0,0,0
1313,9.3e-05,-0.001516,-0.002969,-0.013455,-0.029786,-0.002196,-0.003248,-0.009959,-0.020537,-0.021125,0.006712,0.01497,0.013393,0.012155,0.002691,-0.001887,0.000526,-0.00201,-0.002103,-0.004794,3.1e-05,-0.002103,-0.005382,-0.014939,-0.02626,-0.00167,-0.008908,-0.01664,-0.021434,-0.022795,-0.007114,-0.020228,-0.034023,-0.063994,-0.098728,0.001485,0.013083,0.025548,0.030837,0.048746,-0.014193,-0.03673,-0.050672,-0.079778,-0.105935,0.000499,-0.005648,-0.007051,-0.001205,-0.000822,0.00015,0.00074,0.001831,0.001974,0.002508,0.000154,-0.000585,0.000644,0.000927,-0.003435,-0.414016,-0.286896,-0.171036,-0.897472,1,0,0,0,0,0,0,0,0,0,0
1314,-0.000432,-0.001729,-0.007039,-0.024421,-0.032262,-0.000154,-0.002192,-0.0138,-0.01874,-0.018956,0.007008,0.008336,0.006916,0.005187,-0.011917,0.001297,0.001822,0.000154,-0.000525,-0.005125,-0.000463,-0.002933,-0.009941,-0.02368,-0.029607,-0.002192,-0.010281,-0.019296,-0.018647,-0.02757,-0.006885,-0.016332,-0.040228,-0.073663,-0.116515,0.00602,0.019543,0.026921,0.038838,0.055602,-0.01447,-0.026918,-0.050213,-0.082731,-0.108452,-0.001993,-0.008153,-0.006002,0.000256,-0.007779,0.000276,0.001257,0.001739,0.002079,0.002524,-0.000361,-0.000546,0.001213,-0.000741,-0.004026,-0.387102,-0.296602,-0.173198,-0.896731,1,0,0,0,0,0,0,0,0,0,0
1315,-0.001172,-0.002621,-0.013075,-0.029357,-0.0313,-0.000894,-0.007586,-0.018132,-0.018718,-0.01619,0.001233,-0.000339,-0.001573,-0.011009,-0.0243,0.00111,-0.001419,-0.001511,-0.004194,-0.009097,-0.001665,-0.004934,-0.014463,-0.025749,-0.033304,-0.005026,-0.012736,-0.017516,-0.018872,-0.025687,-0.006198,-0.019952,-0.049833,-0.084463,-0.127235,0.005551,0.017978,0.023251,0.041106,0.054459,-0.008015,-0.021917,-0.050935,-0.077014,-0.105594,-0.004137,-0.005536,0.000292,0.000673,-0.009705,0.000304,0.001372,0.001513,0.002036,0.002333,-0.000365,0.000839,0.001116,-0.003155,-0.000668,-0.36799,-0.30145,-0.168119,-0.895677,1,0,0,0,0,0,0,0,0,0,0
1316,-0.000123,-0.005428,-0.022793,-0.030627,-0.031491,-0.001141,-0.012738,-0.017673,-0.017889,-0.014805,9.3e-05,-0.001326,-0.003053,-0.020141,-0.03146,-0.000586,-0.002252,-0.00293,-0.007526,-0.013818,-0.000802,-0.007803,-0.021529,-0.02745,-0.036919,-0.003053,-0.01206,-0.011412,-0.020326,-0.021714,-0.003239,-0.027111,-0.060514,-0.103325,-0.135648,0.007958,0.015329,0.027234,0.043982,0.053821,-0.004419,-0.027692,-0.060178,-0.085874,-0.105137,-0.002016,0.000133,0.006385,-0.001643,-0.007938,0.00067,0.001148,0.001486,0.001928,0.002121,0.000181,0.001928,-1.2e-05,-0.003275,0.002258,-0.352618,-0.305763,-0.162509,-0.895753,1,0,0,0,0,0,0,0,0,0,0
1317,-0.001326,-0.011779,-0.02806,-0.030002,-0.031112,-0.00555,-0.016096,-0.016682,-0.014153,-0.014431,-0.001665,-0.002898,-0.012334,-0.025624,-0.036632,-0.001943,-0.002035,-0.004718,-0.00962,-0.013043,-0.002467,-0.011995,-0.02328,-0.030835,-0.038019,-0.004656,-0.009435,-0.010792,-0.017607,-0.020721,-0.010515,-0.040394,-0.075021,-0.117789,-0.139836,0.004471,0.009744,0.027597,0.040949,0.05245,-0.009483,-0.038499,-0.064576,-0.093153,-0.101944,0.000617,0.006445,0.006826,-0.003552,-0.007649,0.000399,0.000539,0.001062,0.001359,0.001504,0.001022,0.001299,-0.00297,-0.000485,0.003386,-0.345149,-0.312008,-0.160205,-0.893827,1,0,0,0,0,0,0,0,0,0,0
1318,-0.003983,-0.021364,-0.029205,-0.03007,-0.029823,-0.006051,-0.010991,-0.011207,-0.008119,-0.013244,0.000247,-0.001482,-0.018585,-0.029916,-0.034145,0.000278,-0.000401,-0.005001,-0.011299,0.002501,-0.004538,-0.018277,-0.024204,-0.033682,-0.037325,-0.004353,-0.003705,-0.012627,-0.014016,-0.020962,-0.013368,-0.046803,-0.089654,-0.122008,-0.123429,0.002902,0.014819,0.031583,0.041431,0.05449,-0.013801,-0.046318,-0.072039,-0.09132,-0.088651,0.001533,0.007792,-0.000244,-0.006546,-0.009154,7.9e-05,0.000419,0.000864,0.001059,0.001046,0.000728,-0.001225,-0.00451,0.00106,0.003509,-0.350954,-0.317952,-0.157557,-0.89097,1,0,0,0,0,0,0,0,0,0,0
1319,-0.006507,-0.022867,-0.024819,-0.025934,-0.025501,-0.004524,-0.005113,-0.002572,-0.002851,-0.011557,-0.001487,-0.010969,-0.024323,-0.035385,-0.034115,-0.000372,-0.003068,-0.007994,-0.011433,0.025284,-0.00502,-0.01636,-0.023951,-0.031171,-0.031822,-0.000434,-0.001797,-0.008645,-0.011774,-0.019768,-0.016608,-0.051404,-0.09438,-0.116535,-0.101445,0.002386,0.020326,0.033743,0.0453,0.061753,-0.015306,-0.04151,-0.070226,-0.07906,-0.067951,0.004317,0.0047,-0.005728,-0.009845,-0.009378,6.4e-05,0.000605,0.000912,0.001063,0.000848,-0.000461,-0.004877,-0.002305,0.001699,0.002578,-0.360293,-0.327556,-0.158291,-0.890631,1,0,0,0,0,0,0,0,0,0,0
1320,-0.010974,-0.018871,-0.019741,-0.019493,-0.018498,-0.000435,-0.000653,0.002456,-0.002705,-0.008643,-0.000249,-0.017472,-0.028881,-0.033141,-0.032363,-0.000311,-0.004943,-0.011285,0.002611,0.040664,-0.008798,-0.014767,-0.024311,-0.02798,-0.026177,0.001088,-0.007897,-0.009296,-0.016291,-0.017627,-0.017006,-0.060157,-0.092738,-0.094168,-0.081266,0.009606,0.026488,0.036405,0.049555,0.083256,-0.017388,-0.043288,-0.062704,-0.060017,-0.048553,0.00197,-0.006122,-0.012467,-0.015094,-0.010425,0.000291,0.000758,0.000963,0.00095,0.000906,-0.00158,-0.005029,0.00082,0.003392,0.003532,-0.36721,-0.349972,-0.147881,-0.893804,1,0,0,0,0,0,0,0,0,0,0
1321,-0.005445,-0.007406,-0.008526,-0.00809,0.001182,-0.000156,0.002396,0.002116,-0.006628,-0.009304,-0.009273,-0.022684,-0.033793,-0.032517,-0.046769,-0.002396,-0.007344,-0.010798,0.026076,0.054143,-0.002583,-0.010206,-0.017457,-0.01811,-0.014749,-0.002458,-0.009335,-0.012478,-0.020506,-0.006503,-0.017923,-0.061083,-0.083331,-0.068177,-0.06351,0.008402,0.021875,0.033482,0.050005,0.105269,-0.008912,-0.037751,-0.046622,-0.035467,-0.013122,-0.001588,-0.01206,-0.016195,-0.015726,-0.000565,0.000264,0.000581,0.000735,0.000515,0.000879,-0.00296,-0.000311,0.003815,0.00472,0.012354,-0.375092,-0.380738,-0.128961,-0.906566,1,0,0,0,0,0,0,0,0,0,0
1322,-0.002471,-0.003347,-0.003097,-0.002096,0.019018,-6.3e-05,0.003065,-0.002127,-0.008101,-0.009227,-0.008008,-0.019487,-0.023772,-0.02299,-0.054958,-0.002252,-0.008633,0.005349,0.043635,0.082985,-0.003409,-0.013012,-0.016703,-0.014889,-0.00635,-0.006569,-0.007976,-0.015014,-0.016359,0.000594,-0.025399,-0.05818,-0.059619,-0.046638,-0.042759,0.008539,0.018517,0.031749,0.065656,0.131374,-0.017101,-0.036636,-0.033932,-0.022398,0.017256,-0.006546,-0.01293,-0.015573,-0.010876,0.004463,0.000214,0.000427,0.000414,0.000368,0.000736,-0.00053,0.005574,0.008259,0.008406,0.022684,-0.384498,-0.410011,-0.121676,-0.908958,1,0,0,0,0,0,0,0,0,0,0
1323,0.000501,-0.000627,-0.000188,0.00915,0.032214,0.002632,0.00235,-0.006455,-0.00915,-0.00868,-0.005484,-0.016671,-0.015386,-0.029739,-0.06142,-0.002726,-0.006205,0.030929,0.059195,0.115288,-0.004262,-0.011563,-0.012221,-0.008837,0.000501,-0.000345,-0.00351,-0.011595,0.002507,0.024913,-0.018019,-0.040424,-0.025163,-0.020463,-0.015449,0.005014,0.016702,0.033342,0.088996,0.18028,-0.011911,-0.020844,-0.00961,0.012893,0.05711,-0.003989,-0.008153,-0.00768,0.007588,0.026849,0.000116,0.000279,4.7e-05,0.000429,0.001505,0.00332,0.007654,0.008605,0.016625,0.034046,-0.387666,-0.454592,-0.117949,-0.917445,1,0,0,0,0,0,0,0,0,0,0
1324,-0.001378,-0.001127,-0.000125,0.021011,0.04387,0.000501,-0.004697,-0.010678,-0.011805,-0.004603,-0.006012,-0.010302,-0.009519,-0.041521,-0.067605,-0.003664,0.010333,0.04866,0.088052,0.14833,-0.005355,-0.009049,-0.007233,0.001315,0.012619,-0.001065,-0.00811,-0.009457,0.007515,0.03601,-0.014811,-0.016251,-0.003257,0.000626,0.003037,0.004979,0.018224,0.052167,0.117956,0.236037,-0.007655,-0.004948,0.006599,0.046295,0.090779,-0.002405,-0.005051,-0.000349,0.015007,0.034201,9.9e-05,8.6e-05,3.9e-05,0.00041,0.003031,0.002848,0.005553,0.0057,0.020086,0.036249,-0.39363,-0.501832,-0.12182,-0.929384,1,0,0,0,0,0,0,0,0,0,0
1325,0.00025,0.000688,0.010002,0.033008,0.056139,-0.000781,-0.009565,-0.012253,-0.011784,0.000406,-0.005158,-0.003876,-0.018192,-0.049794,-0.070705,0.000188,0.037228,0.065422,0.121374,0.199424,-0.001938,-0.002594,0.000781,0.010096,0.022631,-0.002094,-0.010159,0.003907,0.026256,0.055139,-0.007564,0.007658,0.012347,0.017348,0.016098,0.006689,0.023287,0.078801,0.169854,0.294917,-0.00127,0.009936,0.032382,0.076488,0.111779,-0.001752,-0.001281,0.013948,0.033161,0.04821,6.1e-05,-0.000167,0.000209,0.001266,0.004008,0.001445,0.002379,0.010259,0.027374,0.042886,-0.399752,-0.551149,-0.120154,-0.947989,1,0,0,0,0,0,0,0,0,0,0
1326,0.0,0.001,0.022083,0.044885,0.060534,-0.004404,-0.01037,-0.011495,-0.00431,0.019303,0.000875,0.001655,-0.030267,-0.056286,-0.090051,0.013775,0.052007,0.0913,0.151428,0.260502,-0.001749,6.2e-05,0.00859,0.019866,0.028893,-0.004935,-0.006278,0.010651,0.039075,0.071404,0.006122,0.019085,0.022958,0.025363,0.006559,0.006528,0.040387,0.106012,0.2238,0.350053,0.003969,0.015487,0.055085,0.099458,0.120015,-0.000888,0.003802,0.01912,0.038267,0.046009,-7.5e-05,-0.00012,0.000245,0.00282,0.003651,0.001221,0.001366,0.015503,0.031387,0.041034,-0.384871,-0.596365,-0.115502,-0.953484,1,0,0,0,0,0,0,0,0,0,0
1327,0.000437,0.009732,0.03269,0.055773,0.058518,-0.004367,-0.00705,-0.006582,0.005584,0.02274,0.000406,-0.013881,-0.045417,-0.066285,-0.113637,0.023208,0.051344,0.10718,0.185069,0.282672,0.001092,0.004461,0.013756,0.026265,0.029945,-0.003119,0.010918,0.033221,0.062043,0.042703,0.009077,0.013756,0.018747,0.017499,-0.007299,0.010044,0.065443,0.156309,0.281113,0.43555,0.007219,0.029618,0.073633,0.108852,0.155845,0.001357,0.016555,0.035728,0.050745,0.014695,-0.000151,0.00022,0.001262,0.003964,0.010407,-0.000288,0.007478,0.024348,0.039637,0.033501,-0.384837,-0.679819,-0.111321,-0.924775,1,0,0,0,0,0,0,0,0,0,0
1328,0.000561,0.021606,0.044366,0.059986,0.062418,-0.00159,-0.002712,0.004458,0.028029,0.026501,0.000374,-0.03149,-0.057461,-0.091164,-0.141642,0.014965,0.054187,0.114205,0.223079,0.287056,0.000717,0.009229,0.020484,0.029494,0.027405,0.001777,0.018676,0.047048,0.079317,-0.005113,0.003866,0.007732,0.010133,-0.008636,-0.05135,0.023758,0.089263,0.206835,0.332856,0.474903,0.004282,0.043807,0.088098,0.108617,0.154681,0.003325,0.018615,0.037726,0.045455,-0.037306,0.000105,0.000465,0.003008,0.003828,0.015506,0.00043,0.014387,0.030068,0.039593,0.032801,-0.354248,-0.724021,-0.105473,-0.877557,1,0,0,0,0,0,0,0,0,0,0
1329,0.008728,0.031671,0.054739,0.057482,0.072819,-0.001091,-0.000623,0.011534,0.028679,0.063592,-0.014651,-0.046166,-0.06702,-0.11434,-0.157295,0.013155,0.068953,0.14679,0.244329,0.29302,0.00265,0.011939,0.024439,0.028117,0.030487,0.012251,0.034539,0.063342,0.044015,-0.006047,0.00081,0.005798,0.004551,-0.020231,-0.094296,0.031609,0.122414,0.247134,0.401468,0.498539,0.018104,0.062089,0.097284,0.144246,0.148397,0.011863,0.031023,0.046031,0.010004,-0.075947,0.000263,0.001301,0.00399,0.010403,0.023583,0.0073,0.024091,0.039309,0.033202,0.033218,-0.319414,-0.767944,-0.104177,-0.877404,1,0,0,0,0,0,0,0,0,0,0
1330,0.012322,0.035095,0.050724,0.053157,0.064481,-3.1e-05,0.007144,0.030727,0.029199,0.061517,-0.01722,-0.043205,-0.076928,-0.127433,-0.157879,0.026079,0.08613,0.195064,0.259077,0.284688,0.005865,0.017126,0.026142,0.024052,0.029168,0.004648,0.033036,0.065323,-0.019154,-0.016378,0.003057,0.005459,-0.01332,-0.056058,-0.135107,0.033909,0.151547,0.277638,0.419764,0.522458,0.02143,0.065746,0.086276,0.132366,0.149617,0.003426,0.022548,0.030281,-0.052526,-0.082644,9.7e-05,0.002649,0.003472,0.015196,0.03734,0.006674,0.022416,0.031977,0.025158,0.02597,-0.27736,-0.81785,-0.099335,-0.875383,1,0,0,0,0,0,0,0,0,0,0
1331,0.010623,0.033674,0.036416,0.051742,0.057411,0.000498,0.012647,0.02978,0.06467,0.058907,-0.014298,-0.035138,-0.082426,-0.125352,-0.165412,0.029718,0.107502,0.204974,0.253632,0.271139,0.003427,0.015918,0.019594,0.021962,0.032646,0.017632,0.046415,0.027101,-0.022927,-0.001931,0.001931,0.000685,-0.02408,-0.098095,-0.184695,0.056882,0.181517,0.335746,0.432751,0.533867,0.022556,0.057727,0.104657,0.108805,0.141528,0.015726,0.030723,-0.005279,-0.091172,-0.063977,0.000937,0.003614,0.009996,0.023113,0.049046,0.010104,0.025249,0.019171,0.019187,0.018715,-0.230628,-0.860364,-0.104444,-0.896864,1,0,0,0,0,0,0,0,0,0,0
1332,0.012036,0.027538,0.029951,0.041183,0.048733,0.006621,0.030013,0.028497,0.060552,0.056561,-0.011572,-0.04502,-0.095114,-0.125313,-0.162381,0.030044,0.138092,0.201584,0.226987,0.244778,0.007766,0.016708,0.014635,0.01971,0.032643,0.010644,0.042668,-0.041121,-0.038367,-0.005972,0.000464,-0.018163,-0.060552,-0.138958,-0.219282,0.060181,0.185247,0.326216,0.428075,0.508121,0.021551,0.041915,0.087629,0.10474,0.132044,0.003347,0.011016,-0.071117,-0.10099,-0.064208,0.001517,0.002295,0.013367,0.03428,0.0586,0.00523,0.01426,0.00782,0.008587,0.008544,-0.196217,-0.895478,-0.103314,-0.913859,1,0,0,0,0,0,0,0,0,0,0
1333,0.010913,0.01365,0.028947,0.034606,0.036969,0.005472,0.022573,0.057397,0.051645,0.052639,-0.009172,-0.056371,-0.099216,-0.139201,-0.164572,0.047447,0.144735,0.193302,0.210776,0.215906,0.004664,0.008333,0.010696,0.02136,0.025216,0.018034,-0.001244,-0.051178,-0.030222,-0.005721,-0.00171,-0.026429,-0.100304,-0.186741,-0.259777,0.063926,0.217865,0.314686,0.415612,0.494587,0.013448,0.06029,0.06443,0.097092,0.139778,0.011606,-0.024328,-0.110059,-0.082916,-0.059428,0.001072,0.007371,0.020316,0.045909,0.080774,0.009535,0.003537,0.003554,0.003087,0.004001,-0.157214,-0.945357,-0.101061,-0.933045,1,0,0,0,0,0,0,0,0,0,0
1334,0.004696,0.007138,0.018502,0.026141,0.032527,0.018158,0.016624,0.049057,0.045019,0.048118,-0.024607,-0.075292,-0.105847,-0.143352,-0.167051,0.061548,0.125789,0.151492,0.169493,0.17566,0.004352,0.002254,0.007388,0.020474,0.025922,0.014244,-0.070533,-0.067747,-0.034969,-0.006762,-0.017125,-0.060014,-0.139345,-0.220616,-0.30865,0.062175,0.204807,0.307867,0.388857,0.465432,0.007063,0.053316,0.070629,0.098255,0.138625,-0.003925,-0.087027,-0.117253,-0.080037,-0.055275,-0.000281,0.011739,0.034441,0.060841,0.113883,-0.000202,-0.007192,-0.00636,-0.006406,-0.003659,-0.106467,-0.970398,-0.102035,-0.949435,1,0,0,0,0,0,0,0,0,0,0
1335,-0.001935,0.013423,0.019105,0.021477,0.031872,-0.000937,0.034026,0.028251,0.02925,0.028969,-0.022851,-0.065867,-0.106012,-0.131485,-0.147187,0.036305,0.085066,0.102609,0.10776,0.115127,-0.000656,0.001717,0.012424,0.016295,0.025473,-0.033558,-0.083692,-0.062652,-0.038053,-0.01411,-0.007742,-0.081913,-0.168695,-0.242023,-0.324873,0.092558,0.189767,0.291096,0.370387,0.418835,0.039986,0.044143,0.076935,0.119792,0.138808,-0.032163,-0.118237,-0.090986,-0.067403,-0.043542,0.006753,0.020064,0.046382,0.082234,0.135673,-0.00597,-0.005953,-0.006433,-0.005493,-0.002536,-0.071077,-0.985996,-0.101622,-0.958596,1,0,0,0,0,0,0,0,0,0,0
1336,0.004394,0.015786,0.023444,0.029847,0.041051,-0.000596,0.031918,0.027869,0.030976,0.029909,-0.027838,-0.058469,-0.096068,-0.119826,-0.127766,0.027901,0.053667,0.071714,0.077896,0.089791,-0.001444,0.003703,0.016822,0.022283,0.031196,-0.051251,-0.048458,-0.015598,0.012679,0.0247,-0.035213,-0.114742,-0.196216,-0.284469,-0.34865,0.049933,0.15325,0.234442,0.311209,0.337791,0.006168,0.023524,0.051219,0.091689,0.093569,-0.050973,-0.081274,-0.043966,-0.019141,-0.006435,0.00522,0.028321,0.055186,0.109161,0.154381,-0.000915,-6.8e-05,-0.000115,0.002681,0.005875,-0.0401,-0.990183,-0.103229,-0.962942,1,0,0,0,0,0,0,0,0,0,0
1337,0.011152,0.016919,0.019327,0.029877,0.043628,0.036087,0.030226,0.031239,0.030954,0.028071,-0.015556,-0.056301,-0.082154,-0.098091,-0.105473,0.021323,0.039129,0.044356,0.051833,0.070146,0.003865,0.014733,0.018661,0.027976,0.038273,0.000855,0.02221,0.047176,0.071477,0.083802,-0.039731,-0.127809,-0.202233,-0.28632,-0.342715,0.048253,0.151096,0.231571,0.280743,0.308941,-0.002007,0.031275,0.074772,0.094072,0.096008,-0.035902,-0.008243,0.015691,0.039909,0.054598,0.009189,0.038386,0.078159,0.137442,0.178414,0.000996,0.000464,0.001507,0.004787,0.00959,-0.013136,-1.003753,-0.105251,-0.970944,1,0,0,0,0,0,0,0,0,0,0
1338,0.000352,0.008164,0.014695,0.026124,0.03845,-0.003298,-0.007427,-0.004258,-0.005347,-0.008548,-0.015527,-0.053881,-0.078117,-0.086216,-0.099823,0.004738,0.023147,0.029454,0.041588,0.050328,0.001345,0.014727,0.020298,0.02939,0.03877,0.001985,0.035505,0.06435,0.076612,0.090571,-0.040979,-0.12409,-0.214116,-0.279587,-0.341184,0.056635,0.139457,0.217766,0.244883,0.282629,0.019733,0.047984,0.089268,0.091186,0.115282,0.005368,0.043426,0.068749,0.081711,0.098427,0.016668,0.047546,0.109584,0.161561,0.209667,-9.8e-05,-0.000152,0.003062,0.006733,0.01195,0.022452,-1.020498,-0.102619,-0.979314,1,0,0,0,0,0,0,0,0,0,0
1339,0.005457,0.007882,0.018508,0.032357,0.043238,-0.002617,-0.001595,-0.001883,-0.004786,-0.005552,-0.02556,-0.051598,-0.067649,-0.075084,-0.088614,0.013211,0.018476,0.026007,0.04445,0.039153,0.009605,0.013562,0.022943,0.033314,0.038419,0.019529,0.044674,0.069149,0.081562,0.087624,-0.047865,-0.122821,-0.20751,-0.264309,-0.323343,0.047131,0.128182,0.177706,0.206106,0.227645,0.013852,0.05766,0.077099,0.079049,0.103457,0.022506,0.046612,0.071003,0.085797,0.091973,0.014403,0.056213,0.118532,0.161601,0.210906,-0.000463,0.000633,0.004081,0.00913,0.016408,0.048205,-1.022424,-0.096151,-0.978911,1,0,0,0,0,0,0,0,0,0,0
1340,0.002337,0.008869,0.0203,0.032627,0.042552,-0.001505,0.001665,0.000576,-0.002626,-0.004226,-0.012711,-0.036949,-0.04505,-0.058658,-0.068743,0.005155,0.011463,0.023597,0.032338,0.021836,0.003746,0.009317,0.018411,0.027792,0.030257,0.013928,0.042776,0.055039,0.068999,0.067206,-0.035092,-0.125127,-0.190605,-0.252208,-0.304814,0.03554,0.113857,0.140977,0.178726,0.176741,0.014356,0.055643,0.057561,0.08166,0.090217,0.015479,0.040805,0.053768,0.070486,0.069546,0.016151,0.078234,0.130247,0.178388,0.228899,0.00042,0.003636,0.00731,0.012531,0.021071,0.079804,-1.017583,-0.092652,-0.97849,1,0,0,0,0,0,0,0,0,0,0
1341,9.6e-05,0.010797,0.024744,0.035702,0.046114,0.002539,0.002249,-0.000675,-0.001446,-0.003342,-0.013465,-0.029629,-0.037116,-0.050741,-0.061892,0.000129,0.007712,0.026287,0.020952,0.013818,0.000225,0.009673,0.020117,0.025258,0.027572,0.011344,0.035991,0.048492,0.054598,0.053216,-0.040265,-0.125552,-0.182753,-0.242203,-0.287224,0.045953,0.095827,0.124427,0.146118,0.133843,0.02971,0.049286,0.051249,0.07583,0.071824,0.008741,0.033304,0.048202,0.054422,0.054198,0.027352,0.092817,0.13806,0.189854,0.231687,0.00072,0.004342,0.009646,0.017291,0.026823,0.097841,-1.00045,-0.087274,-0.970866,1,0,0,0,0,0,0,0,0,0,0
1342,0.006513,0.01808,0.030555,0.0406,0.05126,0.000648,-0.000454,-0.003694,-0.005314,-0.012118,-0.010952,-0.01915,-0.03292,-0.043127,-0.053042,0.006254,0.018534,0.02738,0.016752,0.008716,0.005411,0.014613,0.024107,0.026602,0.028028,0.017756,0.030166,0.044293,0.042479,0.02968,-0.050515,-0.116776,-0.179118,-0.232354,-0.265825,0.03292,0.060365,0.098567,0.096558,0.073487,0.011826,0.013766,0.038154,0.046814,0.033505,0.016816,0.029934,0.046852,0.045901,0.039158,0.038498,0.095034,0.14736,0.202262,0.232368,0.002732,0.006726,0.012401,0.021683,0.0323,0.115764,-0.979955,-0.082073,-0.953066,1,0,0,0,0,0,0,0,0,0,0
1343,0.00427,0.018311,0.029342,0.039824,0.048106,-0.000938,-0.003882,-0.004659,-0.006567,-0.018117,-0.005338,-0.012876,-0.026592,-0.037818,-0.044515,0.001391,0.02009,0.01472,0.007538,0.002103,0.004109,0.014623,0.019799,0.022128,0.023778,0.007085,0.019669,0.025816,0.024425,0.001068,-0.035424,-0.093009,-0.152858,-0.198182,-0.225486,0.01734,0.046132,0.067969,0.055611,0.042606,0.0079,0.009877,0.034623,0.030589,0.024939,0.007939,0.022937,0.029198,0.028973,0.016693,0.030528,0.077941,0.132219,0.176059,0.200526,0.001093,0.006651,0.014663,0.024653,0.031268,0.128162,-0.979993,-0.078008,-0.94193,1,0,0,0,0,0,0,0,0,0,0
1344,0.007296,0.01978,0.029831,0.040499,0.048638,-0.000162,-0.003405,-0.005026,-0.011835,-0.01751,-0.002853,-0.016634,-0.026848,-0.036771,-0.039332,0.010895,0.019747,0.009112,0.00107,-9.7e-05,0.005091,0.014591,0.017088,0.018515,0.020007,0.005318,0.019455,0.017639,0.004831,-0.014721,-0.030804,-0.093191,-0.146466,-0.179962,-0.195202,0.010084,0.048314,0.046304,0.023217,0.024254,-0.005976,0.01843,0.027096,0.013777,0.017372,0.005171,0.022101,0.02115,0.014402,0.000103,0.025801,0.078394,0.133578,0.163838,0.178212,0.002903,0.008607,0.017937,0.028608,0.034655,0.135971,-0.975517,-0.072809,-0.93136,1,0,0,0,0,0,0,0,0,0,0
1345,0.00677,0.017815,0.028309,0.036601,0.045315,-0.002786,-0.003563,-0.005474,-0.017037,-0.01924,-0.004697,-0.01843,-0.02967,-0.036375,-0.035079,0.007839,0.002462,-0.004729,-0.010171,-0.01422,0.005442,0.010624,0.012956,0.014608,0.014997,0.007288,0.013442,0.012049,-0.011337,-0.025103,-0.026884,-0.086807,-0.132186,-0.159524,-0.166909,0.018754,0.040618,0.028245,0.015224,0.009458,0.007949,0.032725,0.028687,0.02303,0.022397,0.009852,0.016121,0.015895,0.0036,-0.008457,0.022215,0.076962,0.12118,0.145859,0.156161,0.002725,0.010806,0.020882,0.027554,0.035112,0.142337,-0.968976,-0.068274,-0.925283,1,0,0,0,0,0,0,0,0,0,0
1346,0.005694,0.015725,0.026369,0.034491,0.04122,-0.000453,-0.002071,-0.008865,-0.014527,-0.017472,-0.009059,-0.019251,-0.029152,-0.031708,-0.028278,0.001003,-0.009609,-0.017634,-0.018798,-0.024105,0.004044,0.006536,0.007959,0.009448,0.009836,0.006827,0.005015,-0.007765,-0.027275,-0.035882,-0.035396,-0.088556,-0.121979,-0.137186,-0.140227,0.019413,0.017407,-0.00563,-0.004594,-0.012004,0.016412,0.02506,0.01177,0.015357,0.014119,0.007053,0.006103,-0.00063,-0.014897,-0.020901,0.029754,0.084104,0.113907,0.128064,0.135783,0.002914,0.012103,0.022612,0.028568,0.034267,0.147561,-0.963185,-0.06267,-0.918869,1,0,0,0,0,0,0,0,0,0,0
1347,0.005338,0.01582,0.024102,0.032804,0.039954,-0.000324,-0.002232,-0.013782,-0.015982,-0.017405,-0.004659,-0.015885,-0.022581,-0.021287,-0.01734,-0.006373,-0.013555,-0.01899,-0.023034,-0.026302,0.001132,0.003462,0.005112,0.0055,0.006276,-0.000679,-0.00207,-0.025428,-0.039178,-0.043901,-0.024458,-0.069782,-0.097087,-0.104463,-0.103137,0.002426,-0.009932,-0.022937,-0.028696,-0.031672,0.008336,0.004302,-0.001348,-0.00198,-0.001337,-0.00079,-0.001016,-0.013296,-0.025339,-0.028933,0.024554,0.0684,0.092871,0.103086,0.10602,0.005102,0.015092,0.021708,0.029202,0.034877,0.150383,-0.960302,-0.057117,-0.915582,1,0,0,0,0,0,0,0,0,0,0
1348,0.004691,0.015335,0.023455,0.030185,0.039146,-0.001294,-0.008088,-0.01375,-0.016694,-0.016985,-0.005532,-0.015432,-0.017988,-0.014558,-0.011064,-0.004238,-0.012261,-0.013426,-0.018732,-0.02187,0.001359,0.002782,0.00427,0.004659,0.004982,-0.001132,-0.013911,-0.03342,-0.042025,-0.045034,-0.028696,-0.062116,-0.077322,-0.080363,-0.076125,-0.004432,-0.027467,-0.026432,-0.03384,-0.036008,0.000311,-0.012978,-0.009391,-0.010629,-0.00977,-0.000159,-0.006891,-0.021157,-0.02716,-0.030213,0.029758,0.059541,0.073689,0.081403,0.080394,0.004081,0.014584,0.020535,0.026231,0.033906,0.150986,-0.958384,-0.051963,-0.91379,1,0,0,0,0,0,0,0,0,0,0
1349,0.005793,0.014077,0.022783,0.029935,0.039158,-0.000615,-0.012168,-0.014369,-0.015793,-0.014886,-0.005696,-0.012395,-0.0111,-0.007152,-0.000712,-0.002945,-0.008382,-0.012427,-0.015695,-0.01809,0.000971,0.002621,0.00301,0.003786,0.00356,-0.000259,-0.023624,-0.037378,-0.042103,-0.043624,-0.016634,-0.043947,-0.051326,-0.049999,-0.043171,-0.007929,-0.020938,-0.026698,-0.029676,-0.034012,-0.004345,-0.009997,-0.01063,-0.009987,-0.011963,-6.7e-05,-0.012351,-0.024397,-0.027992,-0.030695,0.014122,0.038647,0.048885,0.051825,0.051677,0.005923,0.012554,0.020065,0.025752,0.034066,0.150501,-0.955556,-0.047933,-0.914295,1,0,0,0,0,0,0,0,0,0,0
1350,0.004818,0.012881,0.019562,0.028459,0.035879,-0.006135,-0.011756,-0.014679,-0.014969,-0.014069,-0.004176,-0.006713,-0.003308,0.000161,0.01105,-0.005043,-0.006199,-0.011467,-0.014583,-0.015258,0.00045,0.001927,0.002313,0.002634,0.002634,-0.012431,-0.0318,-0.040344,-0.043332,-0.042818,-0.016671,-0.031768,-0.034787,-0.030579,-0.021329,-0.015001,-0.013973,-0.021329,-0.023481,-0.026404,-0.008881,-0.005319,-0.006548,-0.005695,-0.007696,-0.006618,-0.020782,-0.026743,-0.029773,-0.030315,0.014923,0.028379,0.035716,0.034757,0.036862,0.004367,0.010028,0.015445,0.022745,0.028978,0.149608,-0.95565,-0.045408,-0.915906,1,0,0,0,0,0,0,0,0,0,0
1351,0.003385,0.011976,0.019033,0.028135,0.032158,-0.005301,-0.007473,-0.008878,-0.007984,-0.007952,-0.002459,-0.001182,0.002714,0.00907,0.022227,-0.000351,-0.004343,-0.007569,-0.009932,-0.010602,0.001182,0.001565,0.002331,0.002108,0.002587,-0.010698,-0.024271,-0.028933,-0.030434,-0.029763,-0.010379,-0.01766,-0.016351,-0.009612,-0.000926,0.002076,-0.003609,-0.006547,-0.010826,-0.012391,0.003252,0.002628,0.003262,0.001312,0.001065,-0.005542,-0.017429,-0.020977,-0.023645,-0.023058,0.008021,0.01735,0.020029,0.019895,0.024663,0.001849,0.008693,0.013876,0.021452,0.024335,0.148812,-0.955665,-0.043658,-0.918344,1,0,0,0,0,0,0,0,0,0,0
1352,0.004626,0.011262,0.0201,0.02747,0.031171,-0.000287,-0.00319,-0.003478,-0.002584,-0.002871,-6.4e-05,0.003318,0.006764,0.01758,0.032543,-0.000798,-0.00603,-0.009125,-0.009795,-0.010592,0.000287,0.00067,0.000989,0.000989,0.005488,-0.008551,-0.017037,-0.020004,-0.019494,-0.018218,-0.004626,-0.007625,-0.003446,0.005743,0.011231,-0.001053,-0.008359,-0.010497,-0.0134,-0.015889,0.000289,-0.000932,-8.4e-05,-0.002072,-0.002317,-0.008532,-0.014452,-0.017462,-0.018,-0.016426,0.004866,0.011864,0.010949,0.012958,0.022967,0.003562,0.008729,0.015691,0.021637,0.020995,0.148733,-0.954985,-0.044832,-0.920235,1,0,0,0,0,0,0,0,0,0,0
1353,0.003948,0.010983,0.020057,0.024068,0.029289,-0.001878,-0.003279,-0.002388,-0.002356,-0.004457,0.001337,0.005221,0.011556,0.024673,0.039604,-0.003184,-0.006399,-0.008755,-0.009423,-0.010028,9.6e-05,0.00086,0.000637,0.001114,0.009646,-0.004998,-0.009646,-0.011143,-0.010474,-0.008723,-0.002642,-0.001337,0.00538,0.01404,0.01751,-0.004616,-0.007545,-0.011811,-0.013371,-0.01595,-0.000911,-0.000278,-0.002222,-0.002469,-0.002583,-0.003337,-0.006874,-0.009533,-0.008948,-0.005049,0.004336,0.006957,0.006826,0.011491,0.023422,0.003188,0.00826,0.015672,0.018494,0.015844,0.149134,-0.955635,-0.047107,-0.923775,1,0,0,0,0,0,0,0,0,0,0
1354,0.002671,0.01148,0.018826,0.022514,0.028111,-0.001018,-0.001304,-0.000413,-0.0007,-0.008554,0.002035,0.00547,0.01625,0.031164,0.042262,-0.002035,-0.00512,-0.005788,-0.006583,-0.006964,0.000286,0.000604,0.000604,0.005088,0.016123,-0.003466,-0.006424,-0.005915,-0.004643,-0.003657,-0.00035,0.003816,0.012974,0.018444,0.024009,-0.002671,-0.004802,-0.007696,-0.010176,-0.009985,-0.000308,0.000537,-0.001443,-0.001688,-0.000202,-0.002567,-0.005567,-0.006104,-0.004535,0.004415,0.002537,0.001643,0.003605,0.013387,0.018838,0.001886,0.008689,0.014499,0.013872,0.009415,0.146198,-0.96075,-0.051961,-0.928191,1,0,0,0,0,0,0,0,0,0,0
1355,0.004343,0.013377,0.017371,0.02257,0.028593,-0.00038,0.000507,0.000539,-0.001553,-0.013567,0.001839,0.008147,0.021207,0.036074,0.043555,-0.001173,-0.003519,-0.004184,-0.004787,-0.00523,0.000475,0.000254,0.000729,0.009225,0.020478,-0.001173,-0.002663,-0.001997,-0.000254,0.000697,0.001648,0.008337,0.016959,0.020414,0.030146,-0.000254,-0.004501,-0.006055,-0.008622,-0.007766,0.000937,-0.001,-0.001245,-0.001359,-0.00046,-0.000962,-0.00361,-0.003028,0.000855,0.01394,6.3e-05,-6.5e-05,0.004462,0.01604,0.013567,0.003077,0.01027,0.013007,0.010436,0.006214,0.141677,-0.96493,-0.055437,-0.934192,1,0,0,0,0,0,0,0,0,0,0
1356,0.004428,0.011733,0.015402,0.020968,0.028685,9.5e-05,0.00098,0.000696,-0.007116,-0.012998,0.001581,0.012303,0.027135,0.038173,0.043202,-0.001898,-0.002562,-0.003352,-0.003732,-0.004586,-0.000158,-0.000158,0.004301,0.015276,0.028021,-0.001771,-0.001265,0.0,0.00098,0.012872,0.002498,0.011607,0.017047,0.022581,0.032702,-0.001866,-0.004744,-0.007211,-0.007021,-0.007685,-9.4e-05,-0.002064,-0.002308,-0.00083,-0.001492,-0.002024,-0.002557,-0.000997,0.007904,0.025827,-0.000922,0.000967,0.01038,0.015627,0.010592,0.003521,0.009112,0.008508,0.004218,-9.7e-05,0.138775,-0.966285,-0.060401,-0.945789,1,0,0,0,0,0,0,0,0,0,0
1357,0.004586,0.008571,0.013758,0.019767,0.026883,0.000791,0.000822,-0.001265,-0.013252,-0.012113,0.004712,0.017743,0.032576,0.040039,0.042633,-0.000443,-0.001107,-0.001708,-0.002151,-0.002783,-6.3e-05,0.000411,0.008887,0.020115,0.034884,0.000285,0.000949,0.002688,0.003637,0.020621,0.004175,0.012777,0.016224,0.025934,0.032955,-0.002372,-0.003922,-0.006483,-0.00563,-0.005092,-0.001837,-0.002082,-0.002196,-0.001299,-0.000863,-0.000618,-3.7e-05,0.003837,0.016892,0.033008,0.000797,0.005252,0.016645,0.014211,0.009672,0.003558,0.006252,0.003721,-0.000434,-0.007803,0.136765,-0.967279,-0.065049,-0.953147,1,0,0,0,0,0,0,0,0,0,0
1358,0.002719,0.006387,0.011952,0.019666,0.025642,9.5e-05,-0.00019,-0.007999,-0.01388,-0.012299,0.006007,0.020836,0.031871,0.036898,0.038637,-0.000221,-0.001012,-0.001391,-0.002245,-0.002024,6.3e-05,0.004521,0.015493,0.028235,0.043285,0.000221,0.001486,0.002466,0.014355,0.0258,0.004932,0.010371,0.015904,0.026022,0.030606,-0.000506,-0.002972,-0.002782,-0.003446,-0.001328,-0.000132,-0.000376,0.001102,0.000439,0.001863,8.5e-05,0.001645,0.010543,0.028461,0.038727,0.00109,0.010486,0.015723,0.010698,0.007592,0.00203,0.001428,-0.002854,-0.007162,-0.016747,0.135037,-0.969128,-0.071954,-0.961247,1,0,0,0,0,0,0,0,0,0,0
1359,0.001266,0.006455,0.012467,0.019587,0.025694,-6.3e-05,-0.002152,-0.014144,-0.013005,-0.011771,0.007025,0.021865,0.029333,0.031928,0.03275,-0.000443,-0.001044,-0.001487,-0.00212,-0.001519,0.000411,0.008892,0.020125,0.034902,0.049933,0.000443,0.002183,0.003133,0.020125,0.033067,0.003671,0.00712,0.016834,0.023859,0.026675,-0.001044,-0.003607,-0.002753,-0.002215,0.002057,-0.000112,-0.000226,0.000671,0.001107,0.004425,0.000496,0.004372,0.017434,0.033558,0.045725,0.003375,0.014809,0.012367,0.007811,0.005231,0.000662,-0.001877,-0.006047,-0.013443,-0.023176,0.133956,-0.97257,-0.077795,-0.970942,1,0,0,0,0,0,0,0,0,0,0
1360,0.002408,0.007984,0.015714,0.021702,0.027088,-0.000222,-0.008047,-0.01394,-0.012356,-0.011627,0.007826,0.018883,0.02392,0.025663,0.025504,-0.000349,-0.000729,-0.001584,-0.001362,-0.001426,0.004055,0.015049,0.027817,0.042898,0.05706,0.000824,0.001806,0.013718,0.025187,0.034217,0.001774,0.007319,0.017457,0.022051,0.023033,-0.001426,-0.001236,-0.001901,0.000222,0.005069,-0.000131,0.001349,0.000685,0.002112,0.006791,0.001066,0.009982,0.027937,0.038224,0.047063,0.006127,0.011438,0.006341,0.003191,0.001235,-0.001279,-0.005622,-0.009992,-0.019715,-0.030147,0.133792,-0.974528,-0.085074,-0.972967,1,0,0,0,0,0,0,0,0,0,0
1361,0.00279,0.008814,0.015948,0.022067,0.025904,-0.001871,-0.013887,-0.012746,-0.011509,-0.011351,0.007039,0.014521,0.017121,0.017946,0.017597,-0.000254,-0.000698,-0.001332,-0.000729,-0.001458,0.004439,0.015694,0.030501,0.045562,0.058688,0.000919,0.001871,0.018897,0.031865,0.03513,0.00168,0.011414,0.018453,0.021275,0.020736,-0.001141,-0.000285,0.000254,0.004534,0.008053,1.8e-05,0.000916,0.001353,0.004678,0.008906,0.002817,0.015904,0.032061,0.044252,0.048013,0.005436,0.002959,-0.001661,-0.004277,-0.004757,-0.001289,-0.005517,-0.013017,-0.022886,-0.034689,0.133897,-0.976024,-0.090483,-0.973926,1,0,0,0,0,0,0,0,0,0,0
1362,0.002795,0.010546,0.016549,0.021949,0.023506,-0.005972,-0.01188,-0.010292,-0.009561,-0.009879,0.004034,0.009085,0.010832,0.010673,0.009752,-0.000127,-0.000985,-0.000762,-0.000826,-0.001779,0.006575,0.019376,0.034496,0.048695,0.057748,6.4e-05,0.012007,0.023506,0.032559,0.03421,0.003875,0.01404,0.018646,0.01963,0.018614,0.001334,0.000667,0.002795,0.007655,0.009307,0.001467,0.000801,0.002231,0.006922,0.009512,0.006118,0.024119,0.034433,0.043294,0.045851,-9.7e-05,-0.005288,-0.008496,-0.010488,-0.010824,-0.003117,-0.007567,-0.017467,-0.02809,-0.037903,0.133394,-0.975576,-0.093604,-0.97203,1,0,0,0,0,0,0,0,0,0,0
1363,0.00325,0.010418,0.016566,0.020421,0.022301,-0.006085,-0.004938,-0.003696,-0.003536,-0.003441,0.003473,0.006085,0.006913,0.006563,0.003919,-0.000319,-0.000956,-0.00035,-0.001083,-0.002007,0.004715,0.019593,0.034726,0.047915,0.055656,0.000892,0.018,0.03103,0.034311,0.03772,0.005894,0.012966,0.015802,0.01526,0.012584,-0.000478,6.4e-05,0.004365,0.007901,0.009334,-0.000568,-0.000129,0.003212,0.00746,0.009796,0.007015,0.023249,0.035498,0.039278,0.043084,-0.002462,-0.007239,-0.009944,-0.010441,-0.010807,-0.001191,-0.008947,-0.019152,-0.031358,-0.039051,0.134151,-0.97503,-0.096822,-0.972665,1,0,0,0,0,0,0,0,0,0,0
1364,0.004537,0.010576,0.016008,0.017574,0.020098,0.00016,0.001757,0.002492,0.002173,0.003547,0.001598,0.003355,0.003195,0.002269,-0.002524,-0.000543,-0.00032,-0.000383,-0.001342,-0.002205,0.008148,0.023357,0.03764,0.046746,0.053808,0.011119,0.022686,0.031793,0.033454,0.038119,0.004314,0.008947,0.009937,0.008915,0.005336,-0.000192,0.001949,0.006838,0.008499,0.011119,-0.0001,0.001339,0.006058,0.008662,0.011927,0.011072,0.021447,0.030361,0.032933,0.036624,-0.002896,-0.006239,-0.008315,-0.008665,-0.010721,-0.003421,-0.013739,-0.02481,-0.035036,-0.041109,0.133768,-0.975555,-0.099337,-0.972287,1,0,0,0,0,0,0,0,0,0,0
1365,0.00265,0.008811,0.012674,0.014557,0.015739,0.00099,0.002235,0.002394,0.00249,0.003448,0.001022,0.001852,0.0015,-0.001149,-0.009513,-9.6e-05,0.000511,-0.000223,-0.001149,-0.005906,0.006768,0.021932,0.035149,0.042906,0.046961,0.006034,0.019091,0.022379,0.025795,0.026753,0.002777,0.005619,0.005076,0.002394,-0.000511,0.000734,0.005044,0.008588,0.010024,0.011174,0.000539,0.003887,0.008144,0.010485,0.015544,0.005206,0.017481,0.021268,0.025082,0.025354,-0.001969,-0.004714,-0.005218,-0.005588,-0.013148,-0.004469,-0.014823,-0.027207,-0.035012,-0.039153,0.132071,-0.976478,-0.10049,-0.970605,1,0,0,0,0,0,0,0,0,0,0
1366,0.003382,0.008805,0.010368,0.012889,0.012889,0.000606,0.00134,0.001021,0.002393,0.000191,0.000734,0.000574,-0.000351,-0.005136,-0.015983,0.000319,0.000255,-0.000702,-0.001563,-0.015026,0.008422,0.022683,0.031775,0.038825,0.040484,0.005519,0.014611,0.01627,0.020928,0.016781,0.00185,0.002839,0.001818,-0.001755,-0.005009,0.001404,0.006285,0.007944,0.01056,0.008933,0.000897,0.005609,0.008209,0.011468,0.022152,0.005157,0.014056,0.016625,0.02031,0.018534,-0.001347,-0.003401,-0.003747,-0.00578,-0.017186,-0.005758,-0.016708,-0.026823,-0.032829,-0.035477,0.130557,-0.976578,-0.100567,-0.96623,1,0,0,0,0,0,0,0,0,0,0
1367,0.002776,0.006637,0.00852,0.0097,0.009253,0.000638,0.000798,0.000893,0.001851,-0.006477,9.6e-05,-0.000255,-0.002904,-0.011264,-0.020326,0.000287,-0.000447,-0.001372,-0.006126,-0.025272,0.006733,0.019943,0.027697,0.031749,0.031302,0.00753,0.010817,0.014231,0.015188,0.004148,0.000989,0.000447,-0.002234,-0.005137,-0.008966,0.002904,0.006446,0.007881,0.00903,0.003127,0.002449,0.006704,0.009043,0.0141,0.026548,0.007111,0.010896,0.014709,0.014981,0.012282,-0.001386,-0.001888,-0.002258,-0.009792,-0.018847,-0.004553,-0.016894,-0.024673,-0.028799,-0.029189,0.129083,-0.974983,-0.100521,-0.96421,1,0,0,0,0,0,0,0,0,0,0
1368,0.002648,0.004212,0.006733,0.006733,0.00635,9.6e-05,-0.000223,0.001149,-0.001053,-0.014615,-0.000255,-0.001181,-0.005967,-0.016816,-0.024538,-0.000351,-0.001308,-0.00217,-0.015636,-0.032643,0.007531,0.016625,0.023677,0.025336,0.02406,0.001564,0.003223,0.007882,0.003733,-0.007116,0.0,-0.001021,-0.004595,-0.00785,-0.012477,0.001978,0.003638,0.006254,0.004627,-0.002936,0.002264,0.004865,0.008125,0.018811,0.027803,0.001791,0.00436,0.008045,0.006269,0.008881,-0.00067,-0.001017,-0.003053,-0.014477,-0.020418,-0.006414,-0.016544,-0.022559,-0.025212,-0.023571,0.126369,-0.973967,-0.100784,-0.967425,1,0,0,0,0,0,0,0,0,0,0
1369,0.001211,0.003091,0.00427,0.003824,0.003569,6.4e-05,0.000159,0.001115,-0.007201,-0.027179,-9.6e-05,-0.00274,-0.011088,-0.020137,-0.027593,-0.000382,-0.001306,-0.006054,-0.025172,-0.043111,0.005672,0.013414,0.017461,0.017015,0.0159,0.001721,0.00513,0.006086,-0.004939,-0.021507,-0.000542,-0.003218,-0.006118,-0.009941,-0.013542,0.001561,0.002995,0.004142,-0.001752,-0.008221,0.001989,0.004324,0.009374,0.021804,0.03274,0.001992,0.005799,0.006071,0.003375,0.006685,0.000166,-0.0002,-0.007659,-0.016623,-0.02424,-0.005869,-0.013571,-0.017656,-0.018042,-0.016345,0.121228,-0.973443,-0.102725,-0.960469,1,0,0,0,0,0,0,0,0,0,0
1370,0.00035,0.00286,0.00286,0.002479,0.002161,-0.000381,0.000985,-0.001208,-0.014715,-0.039219,-0.000826,-0.005594,-0.016399,-0.024091,-0.030828,-0.000572,-0.00143,-0.014842,-0.031782,-0.049993,0.003401,0.010424,0.012077,0.010806,0.009693,-6.4e-05,0.004577,0.000445,-0.010361,-0.028254,-0.000477,-0.004036,-0.007278,-0.011886,-0.014842,9.5e-05,0.002701,0.001081,-0.006452,-0.012045,0.000607,0.003854,0.014498,0.023453,0.035559,0.000572,0.004243,0.002474,0.005075,0.01158,-0.0005,-0.00248,-0.013588,-0.019365,-0.027246,-0.004085,-0.009934,-0.012513,-0.010917,-0.008858,0.117894,-0.974436,-0.104939,-0.962538,1,0,0,0,0,0,0,0,0,0,0
1371,0.001519,0.002691,0.002248,0.001994,0.001235,0.000475,0.001424,-0.006837,-0.026685,-0.047862,-0.001804,-0.010098,-0.019088,-0.026495,-0.034282,-0.000348,-0.005065,-0.024058,-0.04188,-0.055555,0.004305,0.008325,0.007882,0.006774,0.006109,0.00345,0.0044,-0.006553,-0.023013,-0.040613,-0.002184,-0.005065,-0.008863,-0.01244,-0.015733,0.00133,0.002469,-0.003387,-0.009813,-0.018518,0.001716,0.006733,0.019082,0.029946,0.034403,0.003212,0.003482,0.000805,0.004093,0.007663,0.000137,-0.006988,-0.015551,-0.022826,-0.030637,-0.003385,-0.007287,-0.007656,-0.006035,-0.005702,0.114597,-0.970262,-0.106801,-0.953232,1,0,0,0,0,0,0,0,0,0,0
1372,0.000977,0.000977,0.000599,0.000284,-0.001419,0.000883,-0.001293,-0.014692,-0.039,-0.056403,-0.002932,-0.013652,-0.021281,-0.027965,-0.036856,-0.000504,-0.013809,-0.030614,-0.048679,-0.05798,0.00268,0.004319,0.003058,0.001955,0.00082,0.001167,-0.002932,-0.013652,-0.031402,-0.053534,-0.001356,-0.004572,-0.009143,-0.012075,-0.014566,0.001261,-0.000347,-0.007819,-0.013368,-0.021092,0.001512,0.012071,0.020955,0.032963,0.033878,0.000442,-0.001313,0.001268,0.007721,0.003067,-0.002005,-0.012506,-0.017967,-0.025417,-0.03544,-0.002239,-0.004677,-0.003169,-0.001222,-0.002656,0.11039,-0.966991,-0.10745,-0.947449,1,0,0,0,0,0,0,0,0,0,0
1373,0.000188,-0.000251,-0.000503,-0.001257,-0.003676,6.3e-05,-0.008137,-0.027834,-0.048852,-0.064308,-0.005309,-0.014231,-0.021583,-0.029311,-0.03861,-0.004178,-0.023028,-0.040715,-0.054286,-0.060193,0.001319,0.00088,-0.00022,-0.00088,-0.004901,-0.00022,-0.01109,-0.027426,-0.044893,-0.065502,-0.001508,-0.005278,-0.008828,-0.012095,-0.0142,-0.000126,-0.005938,-0.012315,-0.020954,-0.026264,0.003472,0.015728,0.026511,0.030933,0.03084,-0.000172,-0.00283,0.000434,0.003976,-0.001304,-0.004801,-0.012921,-0.019821,-0.027227,-0.03812,-0.001517,-0.001866,-0.000329,-1.4e-05,0.001443,0.106937,-0.964323,-0.107321,-0.939293,1,0,0,0,0,0,0,0,0,0,0
1374,-0.000187,-0.000562,-0.000875,-0.002561,-0.005873,-0.002218,-0.015494,-0.039578,-0.056821,-0.073376,-0.005342,-0.012901,-0.019523,-0.028332,-0.03711,-0.009028,-0.025677,-0.043576,-0.052791,-0.059101,0.000312,-0.000937,-0.00203,-0.003155,-0.010652,-0.003842,-0.014463,-0.032049,-0.053978,-0.080499,-0.001687,-0.006216,-0.009121,-0.011589,-0.013432,-0.001468,-0.008871,-0.014369,-0.022022,-0.027989,0.007009,0.015811,0.027709,0.028615,0.028342,-0.001567,0.00099,0.007383,0.002772,-0.007537,-0.005229,-0.010348,-0.01733,-0.026724,-0.036806,-0.000828,0.000586,0.002411,0.001066,0.005102,0.103782,-0.96211,-0.105659,-0.926176,1,0,0,0,0,0,0,0,0,0,0
1375,-0.000248,-0.000496,-0.001239,-0.003625,-0.007467,-0.005887,-0.025312,-0.046039,-0.061282,-0.079654,-0.003501,-0.010751,-0.018372,-0.027543,-0.035691,-0.009635,-0.027078,-0.040462,-0.046287,-0.050903,-0.000744,-0.001828,-0.002479,-0.006444,-0.016358,-0.006909,-0.023019,-0.040245,-0.060569,-0.081296,-0.002045,-0.005546,-0.008768,-0.010844,-0.011618,-0.004275,-0.010565,-0.019085,-0.024321,-0.027171,0.005135,0.015769,0.02013,0.020038,0.021203,-0.001066,0.002152,0.005646,0.000439,-0.002435,-0.00243,-0.008689,-0.015409,-0.025291,-0.035702,0.000464,0.001859,0.002145,0.003466,0.010113,0.100191,-0.959762,-0.103078,-0.924877,1,0,0,0,0,0,0,0,0,0,0
1376,-0.000123,-0.000431,-0.002093,-0.005355,-0.008679,-0.007233,-0.030963,-0.047952,-0.064264,-0.07873,-0.00397,-0.010495,-0.019175,-0.027823,-0.036195,-0.006833,-0.024468,-0.033548,-0.039765,-0.042751,-0.000492,-0.00157,-0.002678,-0.010064,-0.020529,-0.003601,-0.020929,-0.042535,-0.068666,-0.073405,-0.002431,-0.005294,-0.007725,-0.009541,-0.009757,-0.003047,-0.008464,-0.016005,-0.021883,-0.023699,0.003572,0.015294,0.016187,0.015918,0.016487,0.003579,0.009878,0.005335,-0.004823,0.004294,-0.002294,-0.008589,-0.017057,-0.026146,-0.037159,0.000831,0.002476,0.001264,0.004902,0.013752,0.097276,-0.957484,-0.100205,-0.928228,1,0,0,0,0,0,0,0,0,0,0
1377,-0.000122,-0.000856,-0.00321,-0.007,-0.009874,-0.011983,-0.032433,-0.047473,-0.0656,-0.076543,-0.00321,-0.010729,-0.019778,-0.027817,-0.035062,-0.010424,-0.023629,-0.029376,-0.033931,-0.038485,-0.000581,-0.001223,-0.005135,-0.014917,-0.025555,-0.012319,-0.029315,-0.049368,-0.069818,-0.0726,-0.001039,-0.004218,-0.006266,-0.007031,-0.00752,-0.003179,-0.011585,-0.016751,-0.019564,-0.023538,0.006944,0.011248,0.011157,0.012306,0.012439,-0.000379,0.003068,-0.002069,-0.004904,0.002678,-0.00351,-0.009627,-0.018622,-0.028098,-0.036837,0.000477,0.000737,0.00194,0.00799,0.017391,0.094266,-0.956108,-0.097527,-0.930045,1,0,0,0,0,0,0,0,0,0,0
1378,-0.000182,-0.001823,-0.005044,-0.008325,-0.011151,-0.011515,-0.028287,-0.04439,-0.05867,-0.070489,-0.003251,-0.011819,-0.020357,-0.028621,-0.033968,-0.007049,-0.016012,-0.022149,-0.025096,-0.027679,-0.000486,-0.00158,-0.008872,-0.019202,-0.028256,-0.004861,-0.02619,-0.051985,-0.056664,-0.069972,-0.001793,-0.004193,-0.005985,-0.006198,-0.006502,-0.002188,-0.009631,-0.015435,-0.017227,-0.020174,0.00467,0.005551,0.005286,0.005847,0.005182,0.006595,0.00211,-0.007917,0.001083,-0.000813,-0.002387,-0.010123,-0.018427,-0.028488,-0.034708,0.001046,-6.1e-05,0.003262,0.011347,0.018117,0.092061,-0.954045,-0.096657,-0.925895,1,0,0,0,0,0,0,0,0,0,0
1379,-0.000544,-0.002869,-0.006613,-0.009452,-0.012079,-0.008757,-0.023615,-0.041523,-0.052334,-0.063295,-0.004198,-0.013136,-0.021078,-0.028235,-0.033278,-0.00604,-0.011717,-0.016216,-0.020716,-0.020052,-0.000151,-0.004016,-0.01368,-0.024189,-0.030319,-0.011958,-0.031769,-0.051971,-0.054719,-0.071691,-0.001359,-0.003382,-0.004137,-0.00462,-0.004651,-0.00613,-0.011234,-0.014012,-0.017938,-0.016911,-0.00039,-0.00048,0.000655,0.000786,0.000878,-0.00315,-0.008225,-0.011026,-0.003536,-0.009744,-0.00333,-0.01159,-0.020291,-0.028317,-0.034317,-0.000763,0.000342,0.005897,0.014529,0.017791,0.08868,-0.952876,-0.096054,-0.921868,1,0,0,0,0,0,0,0,0,0,0
1380,-0.001079,-0.004258,-0.007496,-0.010284,-0.012413,-0.007856,-0.023747,-0.037839,-0.049503,-0.060297,-0.004288,-0.012713,-0.020868,-0.026146,-0.030103,-0.002848,-0.008905,-0.011813,-0.014362,-0.013582,-0.000929,-0.008125,-0.01832,-0.027255,-0.031932,-0.009175,-0.034631,-0.039248,-0.052381,-0.069022,-0.001019,-0.002788,-0.002998,-0.003298,-0.003268,-0.001259,-0.006986,-0.008755,-0.011664,-0.010434,0.001257,0.000995,0.001549,0.000892,0.001141,-0.001299,-0.011194,-0.002312,-0.004184,-0.010166,-0.003884,-0.011453,-0.020623,-0.026293,-0.03088,-0.000283,0.002746,0.010115,0.016286,0.018426,0.086629,-0.950364,-0.095557,-0.91275,1,0,0,0,0,0,0,0,0,0,0
1381,-0.001218,-0.0049,-0.007692,-0.010276,-0.011553,-0.006831,-0.024442,-0.035074,-0.045855,-0.057378,-0.004544,-0.012355,-0.019393,-0.024353,-0.026135,-0.002762,-0.007187,-0.011612,-0.010959,-0.010424,-0.002881,-0.012384,-0.02272,-0.028748,-0.031124,-0.010395,-0.030263,-0.032966,-0.049656,-0.064001,-0.00098,-0.001723,-0.002198,-0.002227,-0.002168,-0.003772,-0.006504,-0.010365,-0.009355,-0.008999,-0.001333,-0.000217,-8.8e-05,2e-06,-0.000262,-0.003705,-0.006459,0.000907,-0.005199,-0.008076,-0.003716,-0.011459,-0.0186,-0.023939,-0.02592,0.001248,0.006191,0.013872,0.016775,0.017613,0.085221,-0.950489,-0.094916,-0.910097,1,0,0,0,0,0,0,0,0,0,0
1382,-0.001919,-0.005106,-0.007851,-0.009947,-0.010095,-0.008855,-0.022727,-0.034209,-0.044835,-0.05307,-0.003778,-0.011806,-0.017001,-0.020897,-0.022344,-0.003217,-0.00608,-0.008589,-0.007822,-0.009504,-0.004221,-0.014256,-0.023052,-0.027657,-0.027745,-0.014729,-0.019274,-0.032202,-0.048584,-0.053542,-0.000767,-0.000974,-0.001269,-0.00124,-0.001151,-0.001889,-0.00363,-0.006494,-0.005283,-0.005254,0.001067,0.001612,0.000966,0.001211,0.002853,-0.006059,0.002685,0.000842,-0.005047,-0.001772,-0.003221,-0.011437,-0.016517,-0.020626,-0.02231,0.001519,0.008121,0.013649,0.015566,0.015667,0.084504,-0.951976,-0.094315,-0.910005,1,0,0,0,0,0,0,0,0,0,0
1383,-0.001731,-0.004488,-0.00704,-0.008301,-0.007949,-0.008595,-0.019096,-0.029744,-0.041126,-0.04667,-0.00396,-0.010912,-0.015811,-0.017571,-0.019067,-0.001173,-0.005544,-0.004899,-0.004371,-0.008565,-0.005192,-0.0154,-0.021355,-0.023701,-0.022381,-0.004987,-0.007656,-0.024141,-0.03831,-0.037195,2.9e-05,-0.00044,-0.000469,-0.000411,-0.000381,-0.000821,-0.004635,-0.003637,-0.003285,-0.003344,4.2e-05,0.000169,0.000258,-3e-06,0.004064,0.003301,0.010577,0.004546,0.001704,0.008406,-0.004016,-0.010565,-0.015461,-0.017277,-0.019015,0.003079,0.010123,0.012785,0.013553,0.013034,0.08408,-0.954293,-0.094734,-0.91165,1,0,0,0,0,0,0,0,0,0,0
1384,-0.001429,-0.004142,-0.006213,-0.006359,-0.006125,-0.005163,-0.016509,-0.027009,-0.035147,-0.042643,-0.003996,-0.009129,-0.01298,-0.014409,-0.015051,-0.001663,-0.004142,-0.003383,-0.005046,-0.010413,-0.004754,-0.013446,-0.017996,-0.018084,-0.014759,0.000467,-0.012309,-0.028497,-0.033397,-0.030947,-0.000233,-0.000525,-0.000496,-0.000408,-0.000175,-0.000904,-0.003733,-0.002538,-0.002508,-0.003763,0.000497,-0.000142,0.0001,0.001722,0.005795,0.005358,0.003538,-0.002282,0.000954,0.01106,-0.0037,-0.008375,-0.012156,-0.013706,-0.014758,0.003116,0.008203,0.009968,0.010061,0.007862,0.083735,-0.956744,-0.096742,-0.912536,1,0,0,0,0,0,0,0,0,0,0
1385,-0.001305,-0.003827,-0.005074,-0.004726,-0.003827,-0.005248,-0.015773,-0.027023,-0.032503,-0.038012,-0.002899,-0.007742,-0.009481,-0.01096,-0.010902,-0.002667,-0.00203,-0.001508,-0.005654,-0.011076,-0.005364,-0.01125,-0.013569,-0.012265,-0.004755,-0.003102,-0.019397,-0.033402,-0.0323,-0.030937,-0.000232,-0.000261,-0.000203,-0.000174,0.000377,-0.00287,-0.001885,-0.001537,-0.001595,-0.004639,-0.000368,-0.00028,-0.000538,0.003481,0.005837,0.001865,-0.004095,-0.006905,-0.000281,0.006991,-0.002487,-0.007001,-0.008675,-0.010277,-0.010861,0.003505,0.005958,0.006667,0.006188,0.000764,0.08346,-0.95978,-0.100085,-0.913073,1,0,0,0,0,0,0,0,0,0,0
1386,-0.001385,-0.003435,-0.003579,-0.003348,-0.001357,-0.006003,-0.016394,-0.024447,-0.031864,-0.031374,-0.002194,-0.006003,-0.007418,-0.008053,-0.007793,0.000202,0.000952,-0.000693,-0.006003,-0.010679,-0.003261,-0.007764,-0.007851,-0.00456,0.00381,-0.009554,-0.025572,-0.030421,-0.027997,-0.025515,-5.8e-05,-2.9e-05,5.8e-05,0.000289,0.001097,5.8e-05,0.001241,0.00127,2.9e-05,-0.003002,-0.000266,-2.7e-05,0.001579,0.005609,0.007231,-0.003658,-0.009418,-0.006215,0.003786,0.006199,-0.001934,-0.005447,-0.006887,-0.007865,-0.008464,0.001332,0.002971,0.003057,0.001014,-0.004383,0.083153,-0.964505,-0.100396,-0.915837,1,0,0,0,0,0,0,0,0,0,0
1387,-0.00112,-0.002355,-0.002011,-0.00112,0.001494,-0.004452,-0.015597,-0.021026,-0.026484,-0.024933,-0.002614,-0.004337,-0.005802,-0.005745,-0.005429,0.000431,0.000948,-0.00316,-0.008531,-0.011145,-0.002585,-0.004883,-0.003591,0.003849,0.01215,-0.006635,-0.020509,-0.019418,-0.018068,-0.004567,2.9e-05,8.6e-05,0.000115,0.000661,0.001896,0.000919,0.001264,0.001206,-0.00181,-0.003016,0.000351,9.6e-05,0.004078,0.006411,0.007782,-0.002264,-0.005048,0.001515,0.008719,0.021059,-0.002357,-0.003926,-0.005426,-0.005973,-0.006905,0.00101,0.001674,0.001226,-0.003855,-0.008064,0.082498,-0.967803,-0.102343,-0.927017,1,0,0,0,0,0,0,0,0,0,0
1388,-0.000915,-0.001057,-0.000829,0.001143,0.004287,-0.005859,-0.013832,-0.021177,-0.020691,-0.019605,-0.001172,-0.002572,-0.003201,-0.002944,-0.002686,0.000314,-0.001315,-0.006573,-0.011203,-0.012403,-0.001886,-0.001972,0.001286,0.009574,0.022349,-0.00926,-0.014061,-0.01166,-0.009202,0.010488,0.0,8.6e-05,0.000314,0.001115,0.002629,0.000257,0.000286,-0.000943,-0.003944,-0.003915,-0.000113,0.001477,0.005468,0.007074,0.008254,-0.00345,-0.000279,0.009624,0.012013,0.031349,-0.001004,-0.002347,-0.003259,-0.003818,-0.005035,0.000555,0.000635,-0.001271,-0.006307,-0.013973,0.081953,-0.972595,-0.108257,-0.937758,1,0,0,0,0,0,0,0,0,0,0
1389,-0.000313,2.8e-05,0.00091,0.003497,0.006909,-0.005203,-0.010576,-0.015978,-0.014443,-0.013306,-0.00054,-0.00199,-0.001933,-0.001621,-0.00145,0.000199,-0.003867,-0.009183,-0.01177,-0.013476,-0.000398,0.000881,0.008245,0.016462,0.030194,-0.004521,-0.00344,-0.002104,0.011259,0.029597,5.7e-05,8.5e-05,0.000625,0.001848,0.003895,8.5e-05,2.8e-05,-0.002957,-0.004151,-0.004179,-0.000141,0.003801,0.00611,0.007467,0.009076,0.000677,0.007172,0.014303,0.026517,0.044569,-0.000492,-0.001888,-0.002397,-0.003265,-0.005032,8.3e-05,-0.000335,-0.005063,-0.008981,-0.017588,0.080777,-0.975499,-0.110953,-0.948705,1,0,0,0,0,0,0,0,0,0,0
1390,0.00017,0.000396,0.002346,0.005455,0.008423,-0.002714,-0.009978,-0.009497,-0.008423,-0.007773,-0.000848,-0.00147,-0.001215,-0.000961,-0.00082,-0.001809,-0.00701,-0.011589,-0.012776,-0.0145,0.000311,0.003533,0.01173,0.024365,0.035643,-0.000254,0.00212,0.004551,0.024026,0.037509,2.8e-05,0.000254,0.001046,0.002544,0.004325,-5.7e-05,-0.001272,-0.00424,-0.004212,-0.004212,0.001712,0.005659,0.007248,0.008415,0.010082,0.002463,0.012257,0.014621,0.033744,0.047334,-0.000772,-0.001616,-0.002134,-0.00326,-0.004764,-5e-06,-0.00177,-0.006432,-0.013529,-0.020897,0.080836,-0.980282,-0.112025,-0.955134,1,0,0,0,0,0,0,0,0,0,0
1391,0.000169,0.00104,0.003598,0.006972,0.009389,-0.002614,-0.007956,-0.006438,-0.005313,-0.004442,-0.00059,-0.000534,-0.000225,-5.6e-05,0.000112,-0.002221,-0.007478,-0.010036,-0.011723,-0.014562,0.000956,0.008237,0.016361,0.029939,0.03781,0.001321,0.002643,0.015855,0.033987,0.043826,0.0,0.000534,0.001743,0.003767,0.004751,0.0,-0.002952,-0.004132,-0.004161,-0.004751,0.002194,0.004478,0.005819,0.007411,0.009632,0.003973,0.011023,0.0231,0.040949,0.050431,-0.000547,-0.001018,-0.001819,-0.003453,-0.004224,-0.000381,-0.00475,-0.00837,-0.016323,-0.021074,0.081491,-0.983883,-0.110161,-0.962952,1,0,0,0,0,0,0,0,0,0,0
1392,5.6e-05,0.001991,0.005075,0.008018,0.011327,-0.004598,-0.004121,-0.003056,-0.002411,0.006336,-2.8e-05,0.000224,0.000477,0.000617,0.000981,-0.002944,-0.007486,-0.008663,-0.010373,-0.014495,0.002243,0.010373,0.022905,0.034092,0.040288,0.001037,0.003448,0.022765,0.036139,0.06053,0.000224,0.001009,0.002495,0.004261,0.004766,-0.001206,-0.004149,-0.004121,-0.004121,-0.00656,0.001726,0.003302,0.00446,0.006113,0.00779,0.005752,0.008096,0.027065,0.040544,0.056407,-0.00026,-0.000749,-0.001813,-0.003234,-0.003399,-0.001293,-0.005697,-0.0124,-0.019359,-0.020678,0.082537,-0.984009,-0.107735,-0.980425,1,0,0,0,0,0,0,0,0,0,0
1393,0.000813,0.003364,0.006728,0.009139,0.015839,-0.000729,0.000785,0.001906,0.002775,0.028538,8.4e-05,0.000392,0.000561,0.000729,0.001766,-0.002299,-0.00485,-0.006532,-0.009363,-0.013568,0.005018,0.01312,0.02666,0.034509,0.042162,0.00028,0.013456,0.031537,0.041349,0.071765,0.000308,0.001514,0.003532,0.004513,0.004429,-0.001738,-0.002915,-0.002943,-0.003532,-0.005326,0.000551,0.001889,0.003476,0.005691,0.008137,0.001279,0.013322,0.031121,0.040577,0.045306,-0.000201,-0.000987,-0.002589,-0.003345,-0.002432,-0.002992,-0.006542,-0.01434,-0.018999,-0.01953,0.084578,-0.985899,-0.105025,-0.990743,1,0,0,0,0,0,0,0,0,0,0
1394,0.001121,0.004205,0.007149,0.010457,0.01884,0.001206,0.002271,0.002916,0.011663,0.040791,0.000168,0.000421,0.000561,0.000925,0.002916,-0.002243,-0.00342,-0.00513,-0.009252,-0.012644,0.003112,0.015644,0.02683,0.033025,0.038744,0.002131,0.021447,0.03482,0.05921,0.078078,0.000477,0.001962,0.003729,0.004233,0.003785,-0.001206,-0.001177,-0.001177,-0.003617,-0.003953,0.001024,0.002182,0.003835,0.005512,0.008651,0.001065,0.020033,0.033511,0.049374,0.038888,-0.000287,-0.001351,-0.002772,-0.002937,-0.00086,-0.001409,-0.00811,-0.015068,-0.016386,-0.01463,0.087036,-0.985539,-0.102146,-0.994414,1,0,0,0,0,0,0,0,0,0,0
1395,0.001432,0.004802,0.007217,0.013929,0.020388,0.000309,0.001432,0.002303,0.028111,0.043388,0.00014,0.000309,0.000477,0.001516,0.003623,-0.000309,-0.001994,-0.00483,-0.009043,-0.015165,0.004999,0.018563,0.026426,0.034093,0.035974,0.011065,0.029178,0.039007,0.069477,0.080036,0.00073,0.002752,0.003735,0.003651,0.002668,2.8e-05,0.0,-0.00059,-0.002387,-0.006796,0.000314,0.001904,0.004122,0.006573,0.0084,0.010998,0.028829,0.038301,0.043038,0.037868,-0.000505,-0.002126,-0.002892,-0.001968,0.000779,-0.002168,-0.010064,-0.014781,-0.015318,-0.010714,0.090041,-0.985469,-0.098718,-0.995069,1,0,0,0,0,0,0,0,0,0,0
1396,0.001658,0.00461,0.007927,0.016331,0.020744,0.000759,0.001405,0.010175,0.03938,0.047138,0.000112,0.000253,0.000618,0.002614,0.004244,-0.000871,-0.002586,-0.006718,-0.010119,-0.021025,0.007561,0.018776,0.024988,0.030723,0.030976,0.008292,0.0217,0.046154,0.065071,0.073335,0.000759,0.00253,0.003036,0.002586,0.0,0.0,0.0,-0.002445,-0.002783,-0.012536,0.000847,0.002504,0.004185,0.007332,0.00866,0.00801,0.021523,0.037428,0.026914,0.026998,-0.000575,-0.002022,-0.00219,-7.5e-05,0.003767,-0.004643,-0.011729,-0.013072,-0.011283,-0.006543,0.093848,-0.981478,-0.094851,-0.994511,1,0,0,0,0,0,0,0,0,0,0
1397,0.001718,0.00414,0.010871,0.017348,0.020587,0.000366,0.001239,0.027121,0.042441,0.049003,5.6e-05,0.000225,0.001267,0.00338,0.004281,-0.000817,-0.003661,-0.007886,-0.014025,-0.027965,0.006027,0.013912,0.021601,0.023488,0.023319,0.009857,0.019714,0.05027,0.060859,0.068773,0.001267,0.002253,0.002169,0.001183,-0.002844,-2.8e-05,-0.00062,-0.002422,-0.006844,-0.023797,0.000746,0.002971,0.005428,0.007261,0.004477,0.009856,0.019355,0.024106,0.018922,0.019938,-0.001071,-0.001853,-0.00091,0.001892,0.006605,-0.003348,-0.00816,-0.008708,-0.004011,3e-05,0.096922,-0.971298,-0.091851,-0.993242,1,0,0,0,0,0,0,0,0,0,0
1398,0.00124,0.004564,0.012989,0.017412,0.020145,0.000282,0.009072,0.038346,0.046122,0.05032,8.5e-05,0.000451,0.002451,0.004085,0.004254,-0.000902,-0.005043,-0.008452,-0.019384,-0.035641,0.005212,0.011439,0.017187,0.01744,0.01775,0.003578,0.02809,0.047052,0.055335,0.06221,0.000507,0.001014,0.000563,-0.002029,-0.006565,2.8e-05,-0.002423,-0.002761,-0.012538,-0.035472,0.000915,0.0026,0.005755,0.007086,0.000661,0.003685,0.019627,0.009088,0.009172,0.01161,-0.000397,-0.000568,0.001582,0.005489,0.010064,-0.003846,-0.005211,-0.003393,0.001427,0.004512,0.101442,-0.962294,-0.090315,-0.992942,1,0,0,0,0,0,0,0,0,0,0
1399,0.001185,0.007931,0.014423,0.017669,0.019842,0.000593,0.026532,0.041886,0.048462,0.04993,8.5e-05,0.001129,0.003246,0.004149,0.004206,-0.001948,-0.006181,-0.012334,-0.026306,-0.038979,0.002681,0.010387,0.012278,0.012109,0.01225,0.006294,0.036918,0.047531,0.055462,0.063478,0.00048,0.000395,-0.000593,-0.004629,-0.011121,-0.000621,-0.002427,-0.006859,-0.02385,-0.034491,0.001313,0.003776,0.005613,0.002823,0.005234,0.005829,0.01059,0.005394,0.006412,0.01275,-0.000392,0.000566,0.003412,0.008198,0.014005,-0.000993,-0.001549,0.003221,0.007325,0.010476,0.106679,-0.964404,-0.088499,-0.995226,1,0,0,0,0,0,0,0,0,0,0
1400,0.002147,0.010592,0.015027,0.017767,0.019405,0.00822,0.037568,0.045364,0.049573,0.049205,0.000282,0.002288,0.003926,0.004096,0.004322,-0.002203,-0.005621,-0.016581,-0.032879,-0.045025,0.003559,0.009321,0.009576,0.009886,0.009067,0.018276,0.037285,0.04559,0.052482,0.055787,2.8e-05,-0.000424,-0.003022,-0.00757,-0.015536,-0.001836,-0.002175,-0.011977,-0.034969,-0.036325,0.000375,0.003538,0.004872,-0.001569,0.009733,0.010149,-0.000416,-0.000332,0.002112,0.005553,0.00022,0.002409,0.006385,0.011043,0.018113,-0.000392,0.001459,0.006365,0.009506,0.012937,0.112518,-0.964488,-0.086847,-0.99374,1,0,0,0,0,0,0,0,0,0,0
1401,0.004599,0.01109,0.014335,0.016507,0.017269,0.017721,0.033071,0.039646,0.041113,0.031858,0.000762,0.002878,0.003781,0.003838,0.004007,-0.002032,-0.008183,-0.022151,-0.034821,-0.046334,0.004148,0.006039,0.005869,0.00601,0.002652,0.012359,0.022969,0.030898,0.038912,0.033551,-0.000113,-0.0011,-0.005136,-0.011626,-0.018567,2.8e-05,-0.004402,-0.021389,-0.032027,-0.036119,0.002088,0.003923,0.001135,0.003545,0.011462,-0.005379,-0.010574,-0.009556,-0.003219,0.000318,0.000737,0.003578,0.008356,0.014152,0.020636,-0.000167,0.004595,0.008692,0.011837,0.017391,0.116389,-0.965058,-0.084371,-0.990243,1,0,0,0,0,0,0,0,0,0,0
1402,0.00383,0.008252,0.010984,0.012618,0.012618,0.011576,0.019349,0.023546,0.023179,0.006365,0.001239,0.002873,0.003042,0.003267,0.003211,-0.00138,-0.012308,-0.028559,-0.04067,-0.048246,0.001605,0.001859,0.002169,0.001352,-0.004534,0.006619,0.014899,0.021771,0.025066,0.020785,-0.000338,-0.002929,-0.007464,-0.015406,-0.022841,-0.000366,-0.010139,-0.033065,-0.034417,-0.040951,0.00107,0.0024,-0.004023,0.007247,0.008884,-0.005166,-0.005082,-0.002646,0.000785,0.012818,0.001417,0.005313,0.009877,0.016804,0.024126,0.001978,0.006785,0.009863,0.013225,0.022049,0.121349,-0.963017,-0.08192,-0.992024,1,0,0,0,0,0,0,0,0,0,0
1403,0.00264,0.00587,0.008032,0.008791,0.008987,0.003735,0.010279,0.01174,0.002528,-0.010925,0.000871,0.001769,0.001826,0.001994,0.001151,-0.004746,-0.018649,-0.031259,-0.042718,-0.051733,0.000281,0.000112,0.000253,-0.003089,-0.008819,0.00396,0.011852,0.019828,0.014492,0.013116,-0.000646,-0.004662,-0.011122,-0.018031,-0.027074,-0.004044,-0.020952,-0.03154,-0.035612,-0.045021,0.000761,-0.002015,0.000384,0.008264,0.008595,-1.9e-05,0.000995,0.007301,0.010822,0.022442,0.00136,0.005982,0.011591,0.017864,0.026003,0.002667,0.006632,0.009675,0.015049,0.024154,0.12596,-0.961507,-0.079569,-0.992811,1,0,0,0,0,0,0,0,0,0,0
1404,0.001763,0.004478,0.006102,0.006102,0.006298,0.004002,0.008173,0.007809,-0.008901,-0.01531,0.000756,0.000924,0.001148,0.001092,-0.000728,-0.00613,-0.022279,-0.034315,-0.041844,-0.047106,-2.8e-05,0.00028,-0.000532,-0.006382,-0.013995,0.004282,0.011112,0.014386,0.010132,0.008537,-0.001931,-0.006437,-0.01433,-0.02172,-0.032915,-0.005682,-0.028465,-0.029808,-0.036302,-0.040136,0.000564,-0.005818,0.005381,0.007008,0.009353,0.000102,0.002524,0.005933,0.017892,0.022201,0.002402,0.006771,0.013402,0.02041,0.029421,0.001997,0.004943,0.008161,0.016608,0.027754,0.132175,-0.964237,-0.074792,-0.992901,1,0,0,0,0,0,0,0,0,0,0
1405,0.001448,0.003592,0.004344,0.004539,0.002506,0.002506,0.003954,-0.00518,-0.018519,-0.023838,0.000139,0.000195,0.000362,-0.000473,-0.004734,-0.007686,-0.02019,-0.031552,-0.040491,-0.040129,-0.000139,0.0,-0.003314,-0.008995,-0.020635,0.003565,0.011473,0.006182,0.004818,-0.013813,-0.002061,-0.008466,-0.015316,-0.024284,-0.036982,-0.011111,-0.02161,-0.025648,-0.034977,-0.033056,-0.003314,-0.000934,0.006879,0.007206,0.009648,0.000903,0.007156,0.010648,0.022169,0.008339,0.002037,0.007323,0.013235,0.020904,0.028806,0.001808,0.004676,0.00974,0.018321,0.029922,0.134445,-0.965028,-0.070408,-0.97526,1,0,0,0,0,0,0,0,0,0,0
1406,0.001247,0.002854,0.002854,0.003048,-0.002577,0.001635,0.001275,-0.015267,-0.021612,-0.02962,2.8e-05,0.000249,0.000194,-0.001607,-0.007814,-0.00834,-0.020254,-0.027708,-0.032917,-0.031559,0.000443,-0.00036,-0.006151,-0.013688,-0.03106,0.003214,0.006456,0.002244,0.000665,-0.031559,-0.002411,-0.010224,-0.017539,-0.028622,-0.04134,-0.011499,-0.012829,-0.019257,-0.023053,-0.021335,-0.003021,0.008066,0.009676,0.011997,0.013105,0.001499,0.004874,0.016712,0.020978,-0.003737,0.002104,0.008282,0.014812,0.023208,0.029272,0.000999,0.003998,0.011868,0.022254,0.034189,0.136651,-0.964716,-0.062951,-0.961464,1,0,0,0,0,0,0,0,0,0,0
1407,0.000884,0.001629,0.001822,-0.000193,-0.01005,-0.000193,-0.00925,-0.022475,-0.027749,-0.038379,2.8e-05,0.000193,-0.000635,-0.00486,-0.012066,-0.004086,-0.015352,-0.024215,-0.023856,-0.026286,-0.000304,-0.003589,-0.009222,-0.020763,-0.043957,0.004639,-0.000607,-0.00196,-0.020432,-0.043625,-0.003948,-0.010741,-0.019631,-0.032222,-0.044812,0.001049,-0.002954,-0.012204,-0.010299,-0.015821,0.00537,0.013116,0.013441,0.015862,0.013441,0.004707,0.008168,0.019592,0.005879,-0.007125,0.002926,0.008494,0.015718,0.02316,0.028439,0.001726,0.006496,0.014578,0.025505,0.038516,0.135942,-0.958087,-0.057667,-0.95396,1,0,0,0,0,0,0,0,0,0,0
1408,0.000716,0.000716,0.000909,-0.004683,-0.01716,-0.000165,-0.016609,-0.022917,-0.030877,-0.043107,0.000193,0.000138,-0.001653,-0.007823,-0.016086,-0.007767,-0.015177,-0.020355,-0.019005,-0.022641,-0.000496,-0.006253,-0.013745,-0.031015,-0.052637,-0.001405,-0.005591,-0.007161,-0.039195,-0.058779,-0.003829,-0.0111,-0.022118,-0.034761,-0.046136,-0.002369,-0.008759,-0.012533,-0.010825,-0.023743,0.005665,0.007266,0.009573,0.010675,0.001861,-0.00134,0.010428,0.014669,-0.0099,-0.017469,0.003051,0.009315,0.017371,0.023188,0.026944,0.00118,0.00873,0.018694,0.030144,0.038707,0.134204,-0.948651,-0.058155,-0.946153,1,0,0,0,0,0,0,0,0,0,0
1409,2.8e-05,0.00022,-0.00179,-0.011624,-0.02198,-0.008869,-0.022063,-0.027324,-0.037928,-0.04374,-2.8e-05,-0.000854,-0.005068,-0.012257,-0.022283,-0.003471,-0.012312,-0.011954,-0.014378,-0.01559,-0.002782,-0.008401,-0.019914,-0.043052,-0.06247,-0.003829,-0.005178,-0.023605,-0.046743,-0.059055,-0.002947,-0.011816,-0.024377,-0.036937,-0.048671,-0.001625,-0.010852,-0.008952,-0.014461,-0.022944,0.002063,0.002387,0.004802,0.002387,-0.004603,0.004793,0.016189,0.00251,-0.010463,-0.017057,0.002424,0.009527,0.016844,0.022034,0.02428,0.00351,0.011456,0.022199,0.034992,0.043077,0.133809,-0.945484,-0.055655,-0.94721,1,0,0,0,0,0,0,0,0,0,0
1410,-2.8e-05,0.000165,-0.005428,-0.01791,-0.026976,-0.007577,-0.013887,-0.02185,-0.034085,-0.034884,-2.8e-05,-0.001819,-0.007991,-0.016257,-0.030282,-0.00394,-0.00912,-0.00777,-0.011407,-0.011848,-0.002976,-0.010471,-0.027747,-0.049377,-0.068527,-0.000358,-0.001929,-0.033974,-0.053565,-0.056734,-0.004326,-0.015348,-0.027995,-0.039375,-0.05453,-0.004767,-0.008542,-0.006833,-0.019756,-0.021382,-0.000462,0.001846,0.002948,-0.005869,-0.006893,0.006977,0.01122,-0.013359,-0.02093,-0.023331,0.00385,0.011926,0.017759,0.021524,0.022577,0.004051,0.01404,0.025519,0.034104,0.043078,0.13391,-0.943256,-0.055228,-0.947553,1,0,0,0,0,0,0,0,0,0,0
1411,0.000221,-0.001792,-0.011636,-0.022003,-0.039126,-0.005625,-0.010891,-0.021507,-0.027325,-0.028952,-0.0008,-0.005018,-0.012215,-0.022251,-0.040725,-0.004908,-0.00455,-0.006976,-0.008189,-0.007776,-0.002647,-0.014173,-0.037334,-0.056773,-0.074751,-0.000993,-0.019439,-0.0426,-0.054926,-0.059255,-0.00455,-0.017123,-0.029696,-0.041442,-0.055642,-0.004467,-0.002564,-0.008079,-0.016571,-0.020514,0.000787,0.003205,0.000787,-0.00621,-0.011079,0.004426,-0.009268,-0.022255,-0.028855,-0.031557,0.003286,0.010657,0.015885,0.018148,0.015208,0.003934,0.014757,0.027644,0.035788,0.036594,0.127709,-0.938784,-0.056918,-0.948772,1,0,0,0,0,0,0,0,0,0,0
1412,-2.8e-05,-0.005626,-0.01812,-0.027194,-0.048128,-0.00069,-0.00866,-0.020906,-0.021706,-0.023305,-0.000993,-0.007171,-0.015445,-0.029483,-0.048238,-0.000276,0.001076,-0.002565,-0.003006,-0.002758,-0.004854,-0.022147,-0.043798,-0.062966,-0.078328,-0.000579,-0.032655,-0.052265,-0.055437,-0.057864,-0.006481,-0.019141,-0.030531,-0.045701,-0.058084,0.00069,0.002399,-0.010536,-0.012163,-0.016576,0.001523,0.002626,-0.006199,-0.007224,-0.012661,-0.000181,-0.024782,-0.032361,-0.034764,-0.035602,0.004838,0.010709,0.0145,0.01556,0.010978,0.006114,0.01767,0.026312,0.035345,0.030487,0.123474,-0.937393,-0.060779,-0.95026,1,0,0,0,0,0,0,0,0,0,0
1413,-0.001986,-0.011835,-0.022209,-0.039341,-0.060032,-0.00458,-0.015201,-0.021022,-0.02265,-0.02356,-0.003228,-0.010428,-0.02047,-0.038955,-0.056501,0.000635,-0.001793,-0.003007,-0.002593,0.000248,-0.006676,-0.02985,-0.0493,-0.067288,-0.080889,-0.017877,-0.041051,-0.053383,-0.057715,-0.057163,-0.006097,-0.018677,-0.03043,-0.044638,-0.05926,0.001214,-0.004304,-0.012801,-0.016746,-0.01647,0.000895,-0.001524,-0.008525,-0.013396,-0.016298,-0.013521,-0.026514,-0.033118,-0.035821,-0.034314,0.002552,0.007801,0.010072,0.007121,0.005107,0.004738,0.017675,0.02585,0.02666,0.020451,0.118605,-0.93666,-0.067163,-0.952902,1,0,0,0,0,0,0,0,0,0,0
1414,-0.003613,-0.016106,-0.025179,-0.046111,-0.072614,-0.003392,-0.015637,-0.016437,-0.018036,-0.019112,-0.002951,-0.011224,-0.025262,-0.044015,-0.062217,0.000717,-0.002923,-0.003365,-0.003116,0.004247,-0.010618,-0.032267,-0.051434,-0.066795,-0.082129,-0.014203,-0.033811,-0.036983,-0.03941,-0.039106,-0.006564,-0.017954,-0.033122,-0.045505,-0.064037,0.000496,-0.012438,-0.014065,-0.018478,-0.011969,0.000208,-0.008616,-0.009642,-0.015079,-0.015887,-0.011084,-0.018663,-0.021066,-0.021903,-0.020341,0.003322,0.007111,0.008171,0.003591,0.003916,0.006824,0.015462,0.024491,0.019635,0.009798,0.11836,-0.940232,-0.073704,-0.954604,1,0,0,0,0,0,0,0,0,0,0
1415,-0.006229,-0.016592,-0.033708,-0.054379,-0.08128,-0.007221,-0.013037,-0.014663,-0.015572,-0.014663,-0.004245,-0.014277,-0.032743,-0.050273,-0.071027,-0.003142,-0.004355,-0.003941,-0.001102,0.008461,-0.012541,-0.031972,-0.049942,-0.06353,-0.078992,-0.008958,-0.021278,-0.025605,-0.025054,-0.023042,-0.006008,-0.01775,-0.031944,-0.046552,-0.070062,-0.006008,-0.014497,-0.018439,-0.018163,-0.006257,-0.002625,-0.009619,-0.014486,-0.017384,-0.014725,-0.001904,-0.008501,-0.011202,-0.009696,-0.008291,0.001905,0.004161,0.00123,-0.000771,0.001106,0.006055,0.014176,0.014979,0.008813,-0.001274,0.116639,-0.942155,-0.077256,-0.955265,1,0,0,0,0,0,0,0,0,0,0
1416,-0.006245,-0.015297,-0.03618,-0.06262,-0.088427,-0.005007,-0.005805,-0.007401,-0.008474,-0.004622,-0.004017,-0.018021,-0.03673,-0.054889,-0.077202,-0.000495,-0.000935,-0.000688,0.006658,0.015297,-0.009079,-0.028201,-0.043526,-0.058823,-0.075276,-0.01062,-0.013784,-0.016205,-0.015903,-0.009657,-0.005365,-0.020497,-0.032851,-0.051339,-0.073157,-0.006906,-0.008529,-0.012931,-0.006438,0.003109,-0.006183,-0.007206,-0.01263,-0.013436,-0.012595,-0.00566,-0.008057,-0.008893,-0.007334,-0.004581,0.001845,0.002887,-0.001617,-0.001297,-0.001764,0.002515,0.011395,0.006619,-0.003055,-0.011249,0.112208,-0.943112,-0.082807,-0.959106,1,0,0,0,0,0,0,0,0,0,0
1417,-0.004089,-0.021132,-0.041716,-0.068502,-0.095727,-0.000796,-0.002415,-0.003321,-0.002415,0.001262,-0.005983,-0.024371,-0.041826,-0.062491,-0.089195,-0.000714,-0.000302,0.002525,0.012048,0.018607,-0.010292,-0.028186,-0.041716,-0.057112,-0.076214,-0.001674,-0.005983,-0.005434,-0.003431,0.007684,-0.00634,-0.020474,-0.035019,-0.05843,-0.08033,-0.001564,-0.005489,-0.005214,0.006642,0.013119,-0.000796,-0.005642,-0.008529,-0.005881,-0.006532,-0.000923,-0.003613,-0.002113,-0.000714,0.0071,0.000377,-0.002468,-0.00441,-0.002589,-0.006187,0.00541,0.006191,0.000205,-0.009585,-0.016515,0.107168,-0.941984,-0.091764,-0.964897,1,0,0,0,0,0,0,0,0,0,0
1418,-0.004933,-0.025731,-0.052066,-0.07777,-0.104487,0.0,-0.001589,-0.002658,0.001178,0.003371,-0.007974,-0.026608,-0.044694,-0.066918,-0.098568,0.000274,0.000521,0.007837,0.016442,0.021594,-0.008769,-0.024032,-0.039268,-0.055655,-0.076345,-0.00148,-0.003891,-0.00359,0.002631,0.018004,-0.008742,-0.021045,-0.03946,-0.061191,-0.084538,-5.5e-05,-0.004439,0.002028,0.011537,0.019785,-0.000224,-0.005626,-0.006429,-0.005591,-0.00344,-0.001466,-0.002298,-0.000746,0.001996,0.015485,0.000641,-0.003739,-0.003428,-0.003882,-0.010358,0.003281,-0.001362,-0.010769,-0.018736,-0.023684,0.100171,-0.941788,-0.097015,-0.971408,1,0,0,0,0,0,0,0,0,0,0
1419,-0.012069,-0.032595,-0.059306,-0.086455,-0.115519,-0.001615,-0.002518,-0.001615,0.002053,0.003558,-0.010372,-0.027778,-0.048386,-0.075015,-0.104216,0.000137,0.002956,0.012452,0.018993,0.022688,-0.009086,-0.022578,-0.037932,-0.05698,-0.078436,-0.002819,-0.002272,-0.000274,0.01081,0.023837,-0.005364,-0.019869,-0.043214,-0.065053,-0.088671,-0.003859,-0.003585,0.008238,0.014696,0.022031,-0.004609,-0.007488,-0.004847,-0.005496,-0.002473,-0.001218,0.000278,0.001673,0.009465,0.021443,-0.003424,-0.005329,-0.003542,-0.007071,-0.011547,-0.002487,-0.008356,-0.017956,-0.024751,-0.031747,0.098845,-0.942811,-0.101012,-0.975384,1,0,0,0,0,0,0,0,0,0,0
1420,-0.008702,-0.034999,-0.060666,-0.087347,-0.121278,2.7e-05,-0.00104,0.002791,0.00498,0.00613,-0.008237,-0.026297,-0.048489,-0.080095,-0.103464,0.000109,0.007416,0.016008,0.021153,0.026926,-0.006157,-0.021371,-0.037735,-0.058395,-0.084364,0.00041,0.000711,0.006923,0.022274,0.02616,-0.006923,-0.025312,-0.047012,-0.070326,-0.092847,-0.00052,0.005938,0.015433,0.02367,0.025668,-0.000786,-0.001588,-0.000752,0.001396,-0.002446,0.000387,0.001937,0.004675,0.018145,0.021418,-0.000915,-0.000607,-0.001057,-0.007469,-0.007831,-0.002113,-0.011428,-0.019316,-0.024216,-0.032298,0.094518,-0.938257,-0.099089,-0.972418,1,0,0,0,0,0,0,0,0,0,0
1421,-0.011827,-0.038548,-0.065707,-0.094782,-0.127992,-0.000931,-2.7e-05,0.003641,0.005147,0.005284,-0.009172,-0.029787,-0.056426,-0.085638,-0.107595,0.00271,0.012211,0.018754,0.02245,0.026912,-0.007337,-0.022696,-0.041751,-0.063216,-0.095932,0.000137,0.002135,0.013224,0.026255,0.019603,-0.007584,-0.030937,-0.052785,-0.076412,-0.100285,0.000794,0.012621,0.019082,0.02642,0.027296,-0.002093,0.000549,-0.000101,0.002923,-0.000448,0.001109,0.002505,0.010299,0.022282,0.015545,-0.000991,0.0008,-0.002738,-0.007226,-0.005553,-0.003763,-0.013389,-0.020201,-0.027216,-0.028334,0.098513,-0.933093,-0.093064,-0.961835,1,0,0,0,0,0,0,0,0,0,0
1422,-0.014514,-0.040248,-0.066998,-0.101019,-0.128208,-0.000137,0.003704,0.005899,0.007051,0.003978,-0.008917,-0.031167,-0.062856,-0.086286,-0.110951,0.004609,0.013224,0.018382,0.024171,0.026174,-0.007902,-0.024308,-0.045022,-0.071059,-0.100991,0.000165,0.006393,0.021784,0.02568,0.014157,-0.010837,-0.032594,-0.055969,-0.078549,-0.104778,0.005679,0.015199,0.023458,0.02546,0.029,0.001294,0.002132,0.004286,0.000433,0.002121,0.000443,0.003188,0.016693,0.019975,0.011344,0.001319,0.000861,-0.005669,-0.006037,-0.005,-0.005667,-0.013701,-0.018691,-0.026923,-0.024753,0.094471,-0.927778,-0.094932,-0.954405,1,0,0,0,0,0,0,0,0,0,0
1423,-0.012284,-0.039545,-0.06873,-0.102064,-0.126137,0.001044,0.004727,0.006238,0.006376,-0.001951,-0.011762,-0.038501,-0.067823,-0.089863,-0.11215,0.004919,0.011487,0.015197,0.019676,0.024348,-0.007502,-0.026629,-0.048174,-0.081014,-0.107643,0.001841,0.012971,0.026052,0.019374,0.002446,-0.012586,-0.034516,-0.058232,-0.082195,-0.103576,0.006183,0.012669,0.020034,0.020913,0.023936,0.001356,0.000704,0.00374,0.000356,-0.001379,0.000958,0.008782,0.020809,0.014046,0.005287,0.000504,-0.003128,-0.007735,-0.006018,-0.006572,-0.004149,-0.011144,-0.018345,-0.019493,-0.017644,0.091284,-0.926504,-0.094109,-0.94538,1,0,0,0,0,0,0,0,0,0,0
1424,-0.013494,-0.040291,-0.07437,-0.101606,-0.124747,0.002803,0.005002,0.006156,0.003078,-0.004205,-0.010526,-0.042269,-0.06574,-0.090448,-0.11161,0.00371,0.008877,0.014676,0.016682,0.026247,-0.008932,-0.029682,-0.055764,-0.085748,-0.111445,0.004397,0.019815,0.023718,0.012175,-0.002419,-0.009207,-0.032623,-0.055241,-0.081516,-0.099819,0.003353,0.011625,0.013632,0.017177,0.020887,-0.000516,0.001641,-0.002218,-0.000527,-0.006641,0.001792,0.015321,0.018608,0.009963,0.002492,-0.000968,-0.007578,-0.007951,-0.006901,-0.00854,-0.00398,-0.009031,-0.017363,-0.015167,-0.01324,0.087594,-0.928214,-0.094848,-0.944923,1,0,0,0,0,0,0,0,0,0,0
1425,-0.013792,-0.043028,-0.07642,-0.100535,-0.122614,0.000881,0.002395,0.002533,-0.005809,-0.008974,-0.016242,-0.045615,-0.067693,-0.090019,-0.106784,0.002863,0.006579,0.011067,0.015747,0.027061,-0.010213,-0.031796,-0.064693,-0.091368,-0.113336,0.006745,0.019848,0.013159,-0.003799,-0.010021,-0.012746,-0.036503,-0.060508,-0.081926,-0.098553,0.003138,0.010516,0.011397,0.014425,0.021665,-0.000136,0.002905,-0.000485,-0.002222,-0.006289,0.006042,0.018091,0.011316,0.002541,-0.0005,-0.002697,-0.007361,-0.005623,-0.006184,-0.00602,-0.003054,-0.010344,-0.011506,-0.009634,-0.009917,0.087588,-0.931627,-0.095944,-0.945209,1,0,0,0,0,0,0,0,0,0,0
1426,-0.013038,-0.047147,-0.074407,-0.097568,-0.118776,0.00132,0.002476,-0.000605,-0.007895,-0.012021,-0.015542,-0.039033,-0.063762,-0.084942,-0.099604,0.002311,0.008115,0.010123,0.019695,0.024124,-0.010563,-0.036667,-0.066677,-0.092397,-0.114017,0.008692,0.012598,0.001045,-0.013561,-0.020548,-0.0107,-0.033339,-0.059636,-0.077955,-0.093634,0.005144,0.007152,0.0107,0.014414,0.018402,0.002296,-0.001567,0.000126,-0.005994,-0.006329,0.007503,0.010793,0.00214,-0.005337,-0.008219,-0.003968,-0.004343,-0.003286,-0.004936,-0.004179,-0.002045,-0.010428,-0.008218,-0.00628,-0.006096,0.085359,-0.931079,-0.095191,-0.944534,1,0,0,0,0,0,0,0,0,0,0
1427,-0.016142,-0.049441,-0.073488,-0.095505,-0.114391,0.000192,0.000329,-0.007988,-0.011145,-0.01702,-0.013781,-0.035797,-0.05806,-0.074779,-0.093528,0.0014,0.005875,0.010541,0.021824,0.023142,-0.010981,-0.043786,-0.070386,-0.092293,-0.113019,0.004392,-0.002278,-0.019189,-0.025393,-0.032311,-0.013012,-0.03695,-0.058308,-0.074888,-0.089328,0.002224,0.003102,0.006122,0.013342,0.013863,0.000742,-0.002638,-0.004371,-0.008426,-0.009647,0.004527,-0.002228,-0.010979,-0.014011,-0.015175,-0.000661,0.001043,0.000493,0.000655,-0.002298,-0.005132,-0.006272,-0.004437,-0.004714,-0.003174,0.082103,-0.931712,-0.096354,-0.945064,1,0,0,0,0,0,0,0,0,0,0
1428,-0.017892,-0.045087,-0.068192,-0.08935,-0.107022,0.00096,-0.002113,-0.009385,-0.013501,-0.020773,-0.009659,-0.034329,-0.055459,-0.070086,-0.086002,0.004391,0.006394,0.015944,0.020362,0.021898,-0.015065,-0.045004,-0.070662,-0.092231,-0.111029,-0.000494,-0.012019,-0.026591,-0.033561,-0.041794,-0.009577,-0.035811,-0.054087,-0.069729,-0.083944,-0.00022,0.00332,0.007025,0.011004,0.011553,-0.004595,-0.002906,-0.009011,-0.009346,-0.010498,-0.001243,-0.009876,-0.017335,-0.02021,-0.021243,0.00029,0.001329,-0.000293,0.000452,-0.000669,-0.003125,-0.000952,0.000954,0.001135,0.002056,0.084939,-0.934898,-0.093031,-0.945779,1,0,0,0,0,0,0,0,0,0,0
1429,-0.015356,-0.039335,-0.061288,-0.08012,-0.094463,-0.000821,-0.009115,-0.012263,-0.018121,-0.027263,-0.012318,-0.034517,-0.051187,-0.069883,-0.08231,8.2e-05,0.004735,0.015986,0.0173,0.020283,-0.017683,-0.044207,-0.066051,-0.086717,-0.102237,-0.006159,-0.023021,-0.029207,-0.036105,-0.045466,-0.014316,-0.035612,-0.052145,-0.066543,-0.083104,0.001095,0.004106,0.011305,0.011825,0.013413,0.001213,-0.000514,-0.004558,-0.005775,-0.006753,-0.005496,-0.014221,-0.017245,-0.018405,-0.018699,0.001385,0.000846,0.001004,-0.00189,0.001006,0.001954,0.003752,0.00348,0.00499,0.005975,0.086956,-0.938245,-0.094104,-0.94668,1,0,0,0,0,0,0,0,0,0,0
1430,-0.011715,-0.034654,-0.055659,-0.073204,-0.086635,-0.002234,-0.009454,-0.01354,-0.02076,-0.034272,-0.012232,-0.03321,-0.047731,-0.063532,-0.075655,0.001907,0.011388,0.015774,0.0173,0.020405,-0.012123,-0.037596,-0.05901,-0.077671,-0.092873,-0.005313,-0.019779,-0.026699,-0.034872,-0.045878,-0.011796,-0.029941,-0.04547,-0.059582,-0.074756,0.002425,0.006103,0.010053,0.010598,0.014112,0.000469,-0.005591,-0.005924,-0.007068,-0.006353,-0.0031,-0.010506,-0.01336,-0.014385,-0.011994,-0.000352,-0.001894,-0.001186,-0.002252,-0.000277,0.000175,0.001987,0.002159,0.003035,0.004634,0.089132,-0.943165,-0.091083,-0.94539,1,0,0,0,0,0,0,0,0,0,0
1431,-0.012118,-0.033908,-0.052601,-0.066838,-0.078984,-0.006005,-0.009129,-0.014944,-0.024018,-0.039614,-0.009836,-0.026382,-0.044939,-0.057275,-0.069583,0.002717,0.013884,0.015188,0.01815,0.021057,-0.014237,-0.035919,-0.056432,-0.071838,-0.086265,-0.011439,-0.017579,-0.024426,-0.033718,-0.048471,-0.009374,-0.025784,-0.040076,-0.056514,-0.070479,0.000571,0.007716,0.008233,0.009808,0.013205,-0.002183,-0.006196,-0.007404,-0.008375,-0.007713,-0.005569,-0.00857,-0.009722,-0.010014,-0.009309,-0.000166,-1.6e-05,-0.002764,-1.5e-05,0.001033,0.001535,0.001277,0.00271,0.003645,0.005569,0.092719,-0.944903,-0.08942,-0.940393,1,0,0,0,0,0,0,0,0,0,0
1432,-0.010755,-0.031696,-0.049187,-0.062576,-0.069747,-0.001195,-0.005269,-0.012466,-0.025938,-0.039355,-0.011081,-0.025557,-0.04131,-0.053396,-0.062821,0.006736,0.011108,0.012629,0.015726,0.019555,-0.011163,-0.03251,-0.051115,-0.06627,-0.07803,-0.002988,-0.009886,-0.018034,-0.029007,-0.04389,-0.008718,-0.024199,-0.038268,-0.053396,-0.066243,0.003096,0.007034,0.007578,0.011081,0.012684,-0.00386,-0.004192,-0.005332,-0.004619,-0.006461,-0.001816,-0.004662,-0.005684,-0.0033,-0.005019,-0.001343,-0.00065,-0.001694,0.000239,0.002606,0.000242,0.00041,0.001268,0.002833,0.006522,0.094788,-0.944855,-0.089177,-0.93586,1,0,0,0,0,0,0,0,0,0,0
1433,-0.011031,-0.029723,-0.04396,-0.056105,-0.060751,-0.001929,-0.007743,-0.016818,-0.032413,-0.041379,-0.005461,-0.024018,-0.036353,-0.04866,-0.055018,0.004429,0.005733,0.008694,0.011601,0.012742,-0.010515,-0.031027,-0.046432,-0.060859,-0.06776,-0.003152,-0.009998,-0.01929,-0.034043,-0.045074,-0.007689,-0.02198,-0.038417,-0.052383,-0.062843,0.004048,0.004564,0.00614,0.009536,0.009998,-0.000152,-0.00136,-0.002331,-0.001669,-0.001881,-0.001185,-0.002336,-0.002628,-0.001924,-0.004109,0.001497,-0.00125,0.001498,0.002545,0.005233,-0.000501,0.000932,0.001867,0.003791,0.005554,0.09774,-0.944386,-0.092078,-0.932402,1,0,0,0,0,0,0,0,0,0,0
1434,-0.009935,-0.027463,-0.040882,-0.048067,-0.050599,-0.00215,-0.009363,-0.022863,-0.036309,-0.040855,-0.009036,-0.024823,-0.036935,-0.04638,-0.050463,-5.4e-05,0.00147,0.004573,0.00841,0.006886,-0.01086,-0.029505,-0.044692,-0.056478,-0.058274,-0.003756,-0.011922,-0.022918,-0.037833,-0.046162,-0.007812,-0.021911,-0.037071,-0.049946,-0.059799,-0.000109,0.000435,0.003947,0.005553,0.005444,-0.00018,-0.001323,-0.000608,-0.002454,-0.00036,-0.001665,-0.002689,-0.000301,-0.002024,-0.005764,-0.000812,-0.001871,9.1e-05,0.002494,0.006161,0.000678,0.001548,0.003137,0.006883,0.006121,0.104058,-0.944194,-0.091412,-0.930393,1,0,0,0,0,0,0,0,0,0,0
1435,-0.008797,-0.023069,-0.035244,-0.039901,-0.041182,-0.003677,-0.012774,-0.028408,-0.037396,-0.040773,-0.00956,-0.021925,-0.034263,-0.040637,-0.041645,0.001362,0.004331,0.007245,0.008389,0.005611,-0.009696,-0.025139,-0.039602,-0.04652,-0.047637,-0.003105,-0.01242,-0.027209,-0.038267,-0.048644,-0.00651,-0.022988,-0.036987,-0.047473,-0.056543,0.000626,0.002206,0.005611,0.006074,0.002751,-0.001031,-0.002004,-0.00134,-0.001553,-0.001072,0.000511,0.000219,0.000925,-0.001266,-0.008247,-0.001979,0.000817,0.001883,0.004618,0.009997,0.000776,0.001728,0.003685,0.005479,0.005065,0.108477,-0.940692,-0.093067,-0.925392,1,0,0,0,0,0,0,0,0,0,0
1436,-0.008747,-0.022181,-0.029375,-0.031909,-0.030247,-0.003542,-0.017058,-0.030519,-0.03507,-0.038013,-0.00624,-0.018366,-0.027822,-0.031909,-0.031419,0.000163,0.00327,0.007112,0.005586,0.004115,-0.008965,-0.02417,-0.035969,-0.037768,-0.03755,-0.005068,-0.016077,-0.03101,-0.039348,-0.046842,-0.007603,-0.022781,-0.035669,-0.045534,-0.055044,-8.2e-05,0.003433,0.005041,0.004932,-0.003161,-0.000113,0.000603,-0.001245,0.000851,-0.004327,-0.001537,0.000854,-0.000871,-0.004615,-0.009234,0.000918,0.002896,0.005318,0.009015,0.016136,9.8e-05,0.0017,0.005476,0.004707,0.005605,0.113997,-0.933022,-0.093637,-0.923404,1,0,0,0,0,0,0,0,0,0,0
1437,-0.00555,-0.01777,-0.022444,-0.023729,-0.01941,-0.005577,-0.021269,-0.03029,-0.03368,-0.03409,-0.006151,-0.018535,-0.024932,-0.025944,-0.024467,0.002816,0.005741,0.006889,0.004101,0.009869,-0.006506,-0.021023,-0.027967,-0.029087,-0.02742,-0.004265,-0.019109,-0.030208,-0.040624,-0.041007,-0.008912,-0.022964,-0.033489,-0.042592,-0.063314,0.001668,0.005085,0.00555,0.002214,-0.001531,-0.000863,-0.000197,-0.000411,7.2e-05,-0.005706,0.001249,0.001957,-0.000242,-0.007249,-0.007357,0.001931,0.003025,0.005831,0.011353,0.026458,0.000876,0.002884,0.004726,0.004301,0.006343,0.128702,-0.922976,-0.092838,-0.916591,1,0,0,0,0,0,0,0,0,0,0
1438,-0.007942,-0.015173,-0.01772,-0.016049,-0.012461,-0.007997,-0.021527,-0.0261,-0.029058,-0.030647,-0.006025,-0.015529,-0.019637,-0.019144,-0.018487,0.000301,0.004163,0.002629,0.00115,0.015364,-0.008764,-0.020623,-0.02243,-0.022211,-0.019171,-0.006792,-0.021801,-0.030181,-0.037713,-0.038671,-0.006327,-0.019281,-0.029195,-0.038753,-0.067812,0.001862,0.003478,0.003369,-0.004765,-0.002054,0.001584,-0.000273,0.001834,-0.00337,-0.009139,0.001152,-0.000581,-0.004345,-0.008987,-0.008385,9.3e-05,0.002603,0.006433,0.013811,0.03383,0.000772,0.004684,0.003888,0.004818,0.005268,0.141119,-0.915049,-0.092829,-0.908223,1,0,0,0,0,0,0,0,0,0,0
1439,-0.004314,-0.009012,-0.010303,-0.005962,-0.003709,-0.007748,-0.016815,-0.020222,-0.020634,-0.023052,-0.006402,-0.012831,-0.013848,-0.012364,-0.01154,0.002638,0.003792,0.000989,0.006787,0.021624,-0.005797,-0.012776,-0.013903,-0.012227,-0.008353,-0.008105,-0.019261,-0.029729,-0.030114,-0.032339,-0.007776,-0.018354,-0.027503,-0.04833,-0.078196,0.001566,0.002033,-0.001319,-0.005083,-0.004918,-0.000919,-0.001134,-0.000649,-0.006457,-0.013782,-0.000444,-0.002654,-0.009697,-0.009805,-0.009532,0.001037,0.003945,0.009664,0.025311,0.045986,0.001291,0.003198,0.002759,0.004873,0.003589,0.157087,-0.906015,-0.093181,-0.901275,1,0,0,0,0,0,0,0,0,0,0
1440,-0.002942,-0.005499,-0.003822,-0.00022,0.002695,-0.005829,-0.010421,-0.013391,-0.014986,-0.015068,-0.003135,-0.007259,-0.006764,-0.006104,-0.005224,0.001237,-0.000302,-0.001787,0.012484,0.030439,-0.006104,-0.007919,-0.007699,-0.004647,0.003795,-0.006957,-0.015371,-0.022932,-0.023895,-0.023977,-0.005224,-0.015178,-0.024775,-0.053949,-0.094177,5.5e-05,-5.5e-05,-0.008222,-0.005499,-0.006462,-0.000944,0.001171,-0.004054,-0.009846,-0.016838,-0.001296,-0.005075,-0.009736,-0.009131,-0.008828,0.001538,0.005476,0.013063,0.033648,0.06048,0.002725,0.001906,0.002863,0.003324,-0.001105,0.179532,-0.895663,-0.095938,-0.894333,1,0,0,0,0,0,0,0,0,0,0
1441,-0.00176,-0.003053,0.001293,0.003548,0.008582,-0.003246,-0.006657,-0.007069,-0.00949,-0.009077,-0.003301,-0.004319,-0.002833,-0.002008,-0.002751,-8.3e-05,-0.002888,0.002916,0.017769,0.037217,-0.00088,-0.002008,-0.00033,0.003548,0.019832,-0.004209,-0.014689,-0.015074,-0.017302,-0.017302,-0.005364,-0.014524,-0.035374,-0.065273,-0.106726,0.000413,-0.002943,-0.006712,-0.006547,-0.012626,0.00073,0.001216,-0.004599,-0.011932,-0.023219,-0.000916,-0.007966,-0.008075,-0.007802,-0.007495,0.001389,0.007154,0.022924,0.043761,0.070646,-0.000809,-0.001252,0.000879,-0.000415,-0.009483,0.195647,-0.881575,-0.100362,-0.886996,1,0,0,0,0,0,0,0,0,0,0
1442,-0.000797,0.00088,0.00448,0.007394,0.014622,-0.001347,-0.004315,-0.005909,-0.005992,-0.005662,-0.000825,-0.00033,0.00033,0.001209,-2.7e-05,-0.001457,-0.002941,0.011324,0.029272,0.043318,-0.000935,-0.000715,0.002336,0.010774,0.036694,-0.004205,-0.011764,-0.012726,-0.012808,-0.016079,-0.00459,-0.014183,-0.043345,-0.083557,-0.118711,-0.000522,-0.008686,-0.005964,-0.006926,-0.029657,0.001385,-0.003837,-0.009627,-0.016617,-0.038044,-0.002862,-0.007521,-0.006916,-0.006614,-0.008673,0.002546,0.010111,0.030638,0.057395,0.080717,-1.1e-05,0.000942,0.001403,-0.003015,-0.018105,0.212959,-0.863404,-0.111351,-0.882148,1,0,0,0,0,0,0,0,0,0,0
1443,-0.000495,0.003849,0.006103,0.011134,0.023891,-0.002062,-0.002474,-0.004894,-0.004481,-0.003464,-0.000192,0.001292,0.002117,0.001375,8.2e-05,-0.001347,0.004454,0.0193,0.038737,0.046187,-0.000192,0.001485,0.005361,0.021636,0.047534,-0.006268,-0.006653,-0.00888,-0.00888,-0.011684,-0.004564,-0.025403,-0.055287,-0.096718,-0.135289,-0.002832,-0.006598,-0.006433,-0.012509,-0.067384,-0.0009,-0.006712,-0.014041,-0.025322,-0.064975,-0.004184,-0.004292,-0.00402,-0.003713,-0.00632,0.003194,0.018906,0.039668,0.066454,0.092099,-0.00043,0.001693,0.000404,-0.008631,-0.019291,0.235863,-0.825997,-0.114513,-0.881889,1,0,0,0,0,0,0,0,0,0,0
1444,0.00217,0.005769,0.00868,0.015905,0.033678,-0.000906,-0.0025,-0.002582,-0.002252,-0.001264,0.000687,0.001346,0.002225,0.000989,-0.001346,-0.000137,0.014119,0.032057,0.046094,0.046176,0.000412,0.003461,0.011894,0.037798,0.05656,-0.001291,-0.002252,-0.002335,-0.005604,-0.007856,-0.005027,-0.034172,-0.07436,-0.109493,-0.151357,-0.005329,-0.00261,-0.003571,-0.026288,-0.095594,-0.00432,-0.010107,-0.017092,-0.038506,-0.078555,-0.000475,0.000129,0.000431,-0.001627,-0.004748,0.004359,0.024801,0.051446,0.074671,0.09768,0.001377,0.001836,-0.002563,-0.017591,-0.018626,0.260873,-0.796193,-0.116571,-0.879493,1,0,0,0,0,0,0,0,0,0,0
1445,0.002165,0.004412,0.009427,0.022142,0.040337,0.000493,-0.001918,-0.001507,-0.000493,-0.000301,0.000795,0.001617,0.000877,-0.000411,-0.003261,0.005919,0.020717,0.040091,0.047517,0.045434,0.001261,0.005124,0.021347,0.047161,0.064452,0.000904,-0.001315,-0.001315,-0.00411,-0.007317,-0.015757,-0.045544,-0.086841,-0.125287,-0.165241,0.001562,0.001726,-0.00433,-0.059026,-0.12948,-0.001483,-0.008788,-0.020032,-0.059557,-0.092972,0.000366,0.000638,0.000944,-0.001654,-0.005129,0.011074,0.031369,0.057553,0.082621,0.100352,0.000722,-0.000539,-0.009371,-0.019791,-0.019389,0.285241,-0.75785,-0.117761,-0.87874,1,0,0,0,0,0,0,0,0,0,0
1446,0.001413,0.004293,0.011438,0.029017,0.045645,-0.002065,-0.002146,-0.00182,-0.000842,-0.001304,-0.000136,0.000734,-0.000489,-0.002798,-0.005325,0.008232,0.025974,0.039858,0.039939,0.033391,0.001766,0.010107,0.035728,0.054285,0.072189,-0.001848,-0.001929,-0.005162,-0.00739,-0.008939,-0.013204,-0.052953,-0.087703,-0.12911,-0.162012,0.001141,0.00019,-0.022279,-0.090828,-0.162175,-0.004253,-0.011162,-0.032343,-0.071954,-0.100968,0.000234,0.000533,-0.001503,-0.004589,-0.005533,0.0085,0.033174,0.054682,0.075988,0.088811,-0.000255,-0.004329,-0.018245,-0.019203,-0.02017,0.304177,-0.726788,-0.122095,-0.878438,1,0,0,0,0,0,0,0,0,0,0
1447,0.000809,0.005746,0.018264,0.036177,0.049153,-0.000324,8.1e-05,0.001079,0.001268,-0.000216,0.000944,0.000216,-0.001052,-0.003858,-0.008201,0.006394,0.025467,0.032778,0.030727,0.018156,0.00205,0.018021,0.043434,0.060457,0.080312,-0.000351,-0.000351,-0.003102,-0.006259,-0.008201,-0.016213,-0.056869,-0.094718,-0.134051,-0.156146,-0.000971,-0.006933,-0.06078,-0.130139,-0.195614,-0.002969,-0.014039,-0.052949,-0.085845,-0.109601,3.5e-05,0.000336,-0.002222,-0.005642,-0.005323,0.0101,0.033566,0.056033,0.071923,0.079656,-0.000887,-0.008802,-0.018141,-0.017781,-0.022401,0.318441,-0.694029,-0.126443,-0.877697,1,0,0,0,0,0,0,0,0,0,0
1448,0.002036,0.00908,0.026409,0.0428,0.05263,0.000241,0.000562,0.001527,0.001071,-0.000643,-8e-05,-0.001286,-0.003562,-0.006053,-0.012481,0.011142,0.024829,0.024909,0.018454,0.001339,0.006187,0.031444,0.049737,0.067388,0.086351,0.000268,-0.002919,-0.005116,-0.006642,-0.008303,-0.023088,-0.057344,-0.098163,-0.130598,-0.144097,2.7e-05,-0.022123,-0.089699,-0.160033,-0.216279,-0.003863,-0.024743,-0.063792,-0.092394,-0.112319,0.00026,-0.001747,-0.00479,-0.00572,-0.004578,0.012721,0.03218,0.051456,0.063058,0.067378,-0.002842,-0.015433,-0.0163,-0.017175,-0.023016,0.330218,-0.672177,-0.128427,-0.878245,1,0,0,0,0,0,0,0,0,0,0
1449,0.002847,0.015192,0.032857,0.045654,0.054913,0.00016,0.001144,0.00133,-0.000133,0.00125,-0.000639,-0.001889,-0.004656,-0.008939,-0.016203,0.007742,0.014952,0.01293,0.000532,-0.014819,0.009604,0.034667,0.051454,0.071036,0.088382,-0.000266,-0.00298,-0.006093,-0.008008,-0.006971,-0.01716,-0.054487,-0.093278,-0.115067,-0.128663,-0.005906,-0.05901,-0.127412,-0.191983,-0.237771,-0.007079,-0.045453,-0.077894,-0.101323,-0.114346,3.9e-05,-0.002484,-0.005857,-0.005542,-0.004835,0.009152,0.029536,0.043954,0.05097,0.053817,-0.004469,-0.012942,-0.012615,-0.016808,-0.021835,0.343003,-0.649692,-0.131761,-0.879796,1,0,0,0,0,0,0,0,0,0,0
1450,0.004126,0.021236,0.037421,0.047127,0.055695,0.000159,0.001111,0.000661,-0.001031,0.002169,-0.000555,-0.002803,-0.005263,-0.01161,-0.020337,0.005818,0.005897,-0.000476,-0.017375,-0.030333,0.015392,0.033454,0.050882,0.069606,0.086558,-0.002883,-0.005051,-0.006559,-0.008198,-0.006162,-0.016767,-0.05707,-0.089096,-0.102425,-0.119721,-0.016,-0.082723,-0.15217,-0.207706,-0.247693,-0.013579,-0.052136,-0.080377,-0.100051,-0.108292,-0.00202,-0.005025,-0.005943,-0.004815,-0.0048,0.009028,0.026666,0.037281,0.041234,0.043697,-0.007235,-0.008028,-0.008829,-0.014173,-0.01927,0.354964,-0.632457,-0.135773,-0.878861,1,0,0,0,0,0,0,0,0,0,0
1451,0.008154,0.025733,0.038467,0.04768,0.055093,0.000821,0.001006,-0.00045,0.000927,0.002515,-0.000688,-0.003442,-0.007704,-0.014931,-0.024674,0.00135,-0.000662,-0.012999,-0.028274,-0.043868,0.009531,0.026236,0.045721,0.062982,0.076431,0.000185,-0.002912,-0.004818,-0.003786,-0.00323,-0.020359,-0.058958,-0.080641,-0.094169,-0.10955,-0.036826,-0.104891,-0.169144,-0.214706,-0.249414,-0.024591,-0.056873,-0.080186,-0.093146,-0.098462,-0.000488,-0.003845,-0.003531,-0.002828,-0.002967,0.010596,0.024524,0.031302,0.034052,0.035701,-0.000896,-0.000581,-0.004631,-0.009487,-0.013197,0.364473,-0.614803,-0.137274,-0.877839,1,0,0,0,0,0,0,0,0,0,0
1452,0.008984,0.025203,0.034929,0.043515,0.050485,0.000133,-0.000318,-0.002014,0.001193,0.00326,-0.001564,-0.004028,-0.010389,-0.019134,-0.029046,-0.001272,-0.007659,-0.024593,-0.037579,-0.050379,0.00856,0.026024,0.044787,0.061775,0.071183,-0.002359,-0.003869,-0.005512,-0.003472,-0.001988,-0.020009,-0.052102,-0.065459,-0.082791,-0.093126,-0.03,-0.099592,-0.155246,-0.195316,-0.227303,-0.014022,-0.042322,-0.062037,-0.070295,-0.07957,-0.002522,-0.003442,-0.002312,-0.002297,-0.002502,0.007226,0.017999,0.02201,0.024509,0.025877,9.7e-05,-0.000715,-0.006138,-0.011311,-0.012833,0.370986,-0.5993,-0.137115,-0.875436,1,0,0,0,0,0,0,0,0,0,0
1453,0.008616,0.021368,0.030594,0.038017,0.043691,5.3e-05,-0.001405,-2.7e-05,0.001564,0.004348,-0.001193,-0.005461,-0.012699,-0.022455,-0.028738,-0.000742,-0.013097,-0.028394,-0.044009,-0.054243,0.008166,0.027678,0.044964,0.058431,0.065563,-0.000742,-0.002651,-0.001617,-0.00106,0.000822,-0.018638,-0.040351,-0.053898,-0.069301,-0.074126,-0.03815,-0.102493,-0.14812,-0.182876,-0.212887,-0.018301,-0.041647,-0.054624,-0.059948,-0.070615,-0.000838,-0.000524,0.00018,4e-05,-0.000624,0.00682,0.013665,0.016443,0.018108,0.019343,0.000221,-0.003869,-0.008773,-0.012521,-0.013483,0.3759,-0.584601,-0.136251,-0.873185,1,0,0,0,0,0,0,0,0,0,0
1454,0.00761,0.017342,0.025933,0.032907,0.036514,-0.000504,-0.002201,0.001008,0.003076,0.006576,-0.001273,-0.007637,-0.016387,-0.026305,-0.027737,-0.005648,-0.022592,-0.035586,-0.048393,-0.058045,0.009307,0.028081,0.045079,0.054492,0.059292,-0.000769,-0.002413,-0.000371,0.001114,0.002546,-0.013471,-0.026835,-0.044177,-0.054519,-0.057594,-0.031475,-0.087161,-0.127254,-0.15926,-0.180871,-0.010012,-0.029739,-0.038002,-0.047282,-0.051309,-8.2e-05,0.001048,0.001064,0.000858,-0.000998,0.003986,0.008013,0.010523,0.011896,0.012694,-0.001037,-0.006483,-0.011676,-0.013204,-0.014114,0.381183,-0.578844,-0.134689,-0.871318,1,0,0,0,0,0,0,0,0,0,0
1455,0.005147,0.01438,0.021808,0.027486,0.031598,-0.000955,0.000424,0.002016,0.004802,0.010321,-0.002998,-0.010241,-0.020004,-0.026292,-0.026982,-0.006712,-0.022021,-0.037647,-0.047888,-0.055476,0.010214,0.027513,0.04099,0.048127,0.05399,-0.001141,-0.000106,0.000451,0.002335,0.004245,-0.008251,-0.021808,-0.037223,-0.042051,-0.045182,-0.032898,-0.078558,-0.11334,-0.143373,-0.149581,-0.013346,-0.026333,-0.03166,-0.042335,-0.039534,0.000397,0.001102,0.000962,0.000297,-0.002986,0.002879,0.005671,0.007345,0.008587,0.008572,-0.00307,-0.008,-0.011766,-0.012734,-0.014105,0.385021,-0.579076,-0.135709,-0.871229,1,0,0,0,0,0,0,0,0,0,0
1456,0.00459,0.013185,0.020163,0.023771,0.028228,-0.000743,0.002467,0.004537,0.008039,0.012814,-0.003369,-0.012124,-0.022047,-0.023479,-0.023426,-0.010241,-0.02324,-0.036054,-0.045711,-0.052636,0.008569,0.025575,0.034993,0.039795,0.046216,-0.000504,0.001539,0.003024,0.004457,0.006579,-0.00512,-0.022471,-0.032818,-0.035895,-0.036214,-0.022816,-0.06293,-0.094951,-0.116573,-0.122012,-0.006391,-0.014659,-0.023944,-0.027972,-0.026982,0.000735,0.00075,0.000544,-0.001313,-0.003615,0.001163,0.003681,0.005059,0.00586,0.005779,-0.002395,-0.007607,-0.00914,-0.010054,-0.011448,0.386945,-0.573558,-0.134988,-0.870626,1,0,0,0,0,0,0,0,0,0,0
1457,0.004648,0.012086,0.01777,0.021887,0.025685,0.002125,0.003719,0.006508,0.012033,0.014981,-0.003878,-0.013653,-0.019948,-0.020639,-0.019948,-0.005073,-0.020718,-0.030971,-0.038568,-0.045501,0.008739,0.022232,0.029378,0.035248,0.038329,0.001541,0.002098,0.003984,0.005897,0.007145,-0.008447,-0.023879,-0.028713,-0.031848,-0.028979,-0.02287,-0.057693,-0.087761,-0.093976,-0.101918,-0.006604,-0.011938,-0.022624,-0.019821,-0.02222,-3e-05,-0.00017,-0.000835,-0.004122,-0.005916,0.001643,0.00333,0.004582,0.004567,0.004564,-0.002554,-0.006352,-0.007327,-0.00871,-0.008463,0.388079,-0.571026,-0.133642,-0.86907,1,0,0,0,0,0,0,0,0,0,0
1458,0.003958,0.010945,0.014557,0.01902,0.022553,0.001089,0.003161,0.006668,0.011449,0.01384,-0.004888,-0.014823,-0.016258,-0.016204,-0.014371,-0.007943,-0.020774,-0.030443,-0.037377,-0.043194,0.008288,0.017719,0.022527,0.028956,0.032675,0.000505,0.001992,0.003427,0.005552,0.005632,-0.008926,-0.019286,-0.022367,-0.022686,-0.019233,-0.017294,-0.049357,-0.071007,-0.076453,-0.083944,-0.001674,-0.010971,-0.015005,-0.014013,-0.016208,4.6e-05,-0.000161,-0.00202,-0.004325,-0.006575,0.000898,0.002289,0.003097,0.003015,0.003066,-0.002703,-0.00425,-0.005172,-0.006579,-0.006892,0.390761,-0.566629,-0.134045,-0.867359,1,0,0,0,0,0,0,0,0,0,0
1459,0.003478,0.00916,0.013275,0.017071,0.021346,0.000504,0.003292,0.008814,0.011761,0.0167,-0.004885,-0.011177,-0.011868,-0.011177,-0.005124,-0.007699,-0.017947,-0.02554,-0.03247,-0.039665,0.005204,0.012345,0.018213,0.021293,0.028726,5.3e-05,0.001938,0.00385,0.005097,0.010301,-0.006505,-0.011337,-0.014469,-0.011602,-0.009797,-0.017523,-0.047576,-0.053789,-0.061727,-0.072214,-0.003658,-0.01434,-0.011538,-0.013936,-0.011574,-0.000185,-0.000851,-0.004136,-0.005929,-0.005147,0.000788,0.002035,0.002021,0.002018,0.002351,-0.001093,-0.002065,-0.003443,-0.003197,-0.004959,0.39563,-0.561888,-0.135125,-0.871801,1,0,0,0,0,0,0,0,0,0,0
1460,0.003501,0.007109,0.011566,0.015094,0.019364,0.001565,0.005067,0.009841,0.012229,0.019842,-0.00504,-0.006472,-0.006419,-0.004589,0.004589,-0.00512,-0.014775,-0.021699,-0.027508,-0.033742,0.004218,0.009019,0.015438,0.019152,0.025518,0.001432,0.002865,0.004987,0.005067,0.011194,-0.003846,-0.006923,-0.007242,-0.003793,0.003289,-0.01451,-0.036129,-0.041567,-0.049047,-0.062205,-0.005629,-0.009657,-0.008666,-0.010858,-0.011945,-2.1e-05,-0.001877,-0.004179,-0.006425,-0.007538,0.000594,0.001394,0.001313,0.001364,0.001861,-0.000446,-0.001358,-0.002751,-0.003061,-0.004386,0.394257,-0.555404,-0.13516,-0.872019,1,0,0,0,0,0,0,0,0,0,0
1461,0.00217,0.006272,0.010057,0.014318,0.016991,0.001217,0.006722,0.00966,0.014582,0.019584,-0.001244,-0.001932,-0.001244,0.00479,0.021384,-0.005108,-0.012677,-0.019584,-0.026756,-0.034325,0.002911,0.00876,0.01183,0.01924,0.022892,0.00045,0.002355,0.003599,0.008786,0.010004,-0.000979,-0.004102,-0.001244,0.000556,0.03504,-0.015482,-0.021675,-0.029588,-0.040042,-0.063119,-0.005032,-0.002239,-0.00463,-0.002275,-0.025042,-0.000643,-0.003917,-0.005704,-0.004925,-0.008488,0.000636,0.000621,0.000618,0.000944,0.001367,-0.000512,-0.00186,-0.001619,-0.003343,-0.004237,0.370785,-0.542363,-0.135763,-0.873095,1,0,0,0,0,0,0,0,0,0,0
1462,0.001428,0.005872,0.00939,0.013649,0.015977,0.002275,0.007036,0.009417,0.017008,0.019468,-0.000185,-0.000132,0.001693,0.010845,0.039809,-0.004523,-0.011427,-0.01722,-0.023436,-0.039651,0.001878,0.008279,0.011982,0.018331,0.022008,0.000979,0.003095,0.003174,0.009284,0.010184,-0.00209,-0.002407,0.001032,0.008094,0.064753,-0.006084,-0.011506,-0.018966,-0.032085,-0.067583,0.001013,0.002,-0.000184,-0.001269,-0.034419,-0.001209,-0.003505,-0.005744,-0.006854,-0.008159,0.000151,7.2e-05,0.000121,0.000608,0.000889,-0.000384,-0.00175,-0.002053,-0.003353,-0.004224,0.348321,-0.527922,-0.138267,-0.87915,0,0,1,0,0,0,0,0,0,0,0
1463,0.002669,0.006448,0.010702,0.013371,0.01678,0.003224,0.006157,0.011072,0.016067,0.018181,-0.000502,0.000185,0.00621,0.022779,0.064451,-0.003039,-0.009936,-0.017097,-0.024655,-0.044632,0.003964,0.007029,0.014428,0.018075,0.022118,0.000925,0.002167,0.007346,0.008562,0.011601,-0.001031,0.001823,0.00362,0.038052,0.124938,-0.000106,-0.008007,-0.018445,-0.041488,-0.081337,0.001777,-0.00061,0.001741,-0.020991,-0.070376,-0.002062,-0.003846,-0.003068,-0.006625,-0.005605,-0.000164,-0.000167,0.000155,0.000573,0.000636,-0.000952,-0.000714,-0.002419,-0.003304,-0.003553,0.296236,-0.514857,-0.13969,-0.888358,0,0,1,0,0,0,0,0,0,0,0
1464,0.00177,0.005283,0.009535,0.011859,0.01627,0.001532,0.003909,0.01149,0.013946,0.016614,0.000555,0.002377,0.011516,0.040438,0.079186,-0.003856,-0.009641,-0.015848,-0.032039,-0.053724,0.00243,0.006128,0.012467,0.016138,0.018832,0.001189,0.001268,0.007369,0.008267,0.013629,0.000713,0.004147,0.011199,0.067775,0.177838,-0.005309,-0.012757,-0.025858,-0.061304,-0.112836,-0.00079,-0.002972,-0.004054,-0.037157,-0.114458,-0.000231,-0.002467,-0.003576,-0.004879,-0.002519,8.5e-05,0.000134,0.000616,0.000894,0.00082,-0.000403,-0.000703,-0.00199,-0.002851,-0.00167,0.24539,-0.491511,-0.141035,-0.8966,0,0,1,0,0,0,0,0,0,0,0
1465,0.002005,0.006252,0.008917,0.01232,0.015089,0.001398,0.006305,0.011291,0.013401,0.01654,0.000132,0.006147,0.022687,0.064289,0.098055,-0.003034,-0.010183,-0.017727,-0.037671,-0.057087,0.000633,0.00802,0.01166,0.015696,0.017675,5.3e-05,0.005223,0.006437,0.00947,0.012557,0.002137,0.003931,0.038304,0.125042,0.237448,-0.002585,-0.013005,-0.036009,-0.07579,-0.144748,-0.001594,0.000753,-0.02194,-0.071241,-0.162628,-0.00155,-0.000773,-0.004325,-0.003306,-0.003494,-8.7e-05,0.000231,0.000645,0.000706,0.000758,0.000634,-0.001051,-0.001925,-0.002171,-0.00175,0.185613,-0.462556,-0.144238,-0.905818,0,0,1,0,0,0,0,0,0,0,0
1466,0.001504,0.005751,0.008072,0.012478,0.013111,0.000976,0.008547,0.011001,0.013665,0.016171,0.001688,0.010816,0.039702,0.078402,0.116759,-0.002744,-0.008943,-0.025114,-0.046772,-0.060833,0.00306,0.009391,0.013058,0.015749,0.018704,2.6e-05,0.00612,0.007017,0.012372,0.013348,0.001293,0.008336,0.064843,0.174769,0.32263,-0.004854,-0.017939,-0.053341,-0.104809,-0.212836,-0.000585,-0.001666,-0.034728,-0.111934,-0.226458,-0.000683,-0.00179,-0.003091,-0.000735,-0.001842,0.000136,0.000614,0.000889,0.000816,0.000857,-0.000932,-0.002208,-0.003062,-0.001891,-0.003274,0.096929,-0.401286,-0.146737,-0.908575,0,0,1,0,0,0,0,0,0,0,0
1467,0.002744,0.005409,0.008813,0.011584,0.011531,0.003932,0.008919,0.01103,0.01417,0.014064,0.004327,0.020872,0.062484,0.096259,0.151671,-0.004407,-0.011953,-0.031902,-0.051322,-0.075308,0.004327,0.007969,0.012006,0.013985,0.015436,0.005145,0.006359,0.009394,0.012481,0.013088,0.000501,0.034883,0.121643,0.234077,0.43232,-0.005568,-0.028577,-0.068368,-0.137343,-0.258194,0.002933,-0.019766,-0.069079,-0.160488,-0.205923,0.001461,-0.002092,-0.001073,-0.001261,-0.000299,0.000183,0.000597,0.000659,0.00071,0.000725,-0.000754,-0.00163,-0.001877,-0.001454,-0.002189,-0.017014,-0.354735,-0.14694,-0.910227,0,0,1,0,0,0,0,0,0,0,0
1468,0.001505,0.003829,0.008239,0.008873,0.008424,0.003644,0.0061,0.008767,0.011276,0.0061,0.004806,0.033722,0.072461,0.110857,0.173362,-0.001796,-0.017983,-0.039663,-0.053738,-0.099158,0.002007,0.005678,0.008371,0.011329,0.011065,0.000951,0.001848,0.007209,0.008186,0.007975,0.006549,0.063113,0.173151,0.321162,0.490774,-0.007526,-0.042964,-0.094484,-0.202621,-0.304156,-0.004017,-0.037112,-0.114396,-0.229037,-0.171564,-0.00257,-0.003872,-0.001513,-0.002622,0.002299,0.000297,0.000575,0.000501,0.000542,0.000548,-0.000526,-0.001387,-0.000207,-0.0016,-0.00122,-0.078163,-0.303218,-0.146727,-0.907981,0,0,1,0,0,0,0,0,0,0,0
1469,0.001162,0.004569,0.007342,0.007289,0.005757,0.001347,0.00346,0.006602,0.006497,-0.006866,0.011752,0.053399,0.087202,0.14266,0.180953,-0.005757,-0.025722,-0.045159,-0.069165,-0.135055,0.001637,0.005678,0.007659,0.009111,0.008768,0.000264,0.003301,0.006391,0.006998,0.00956,0.027861,0.114693,0.227221,0.425631,0.568423,-0.015502,-0.055326,-0.124359,-0.245312,-0.332487,-0.0187,-0.068055,-0.15954,-0.205013,-0.114011,-0.000985,3.4e-05,-0.000154,0.000808,0.016699,0.000119,0.000181,0.000233,0.000248,0.000338,-0.000355,-0.000603,-0.000178,-0.000917,3.9e-05,-0.164437,-0.273879,-0.146269,-0.906419,0,0,1,0,0,0,0,0,0,0,0
1470,0.001166,0.005589,0.006225,0.005775,0.004477,0.001113,0.003788,0.006305,0.001113,-0.009431,0.017219,0.05608,0.094597,0.1573,0.192214,-0.010464,-0.032212,-0.046332,-0.091895,-0.182598,0.00204,0.004742,0.007709,0.007444,0.006967,0.000636,0.006013,0.006993,0.006782,0.009457,0.028795,0.13918,0.287659,0.457806,0.621887,-0.02,-0.071683,-0.180161,-0.282016,-0.367924,-0.014441,-0.09197,-0.206972,-0.149318,-0.045627,-0.000318,0.002048,0.000936,0.005872,0.019035,0.000163,8.6e-05,0.000129,0.000135,0.000486,-0.000517,0.000689,-0.000735,-0.000346,0.000591,-0.241603,-0.233868,-0.14677,-0.905267,0,0,1,0,0,0,0,0,0,0,0
1471,0.002267,0.005067,0.005013,0.003467,-0.00176,0.001013,0.004187,0.00408,-0.009413,-0.0036,0.02472,0.058854,0.114854,0.153521,0.211014,-0.009627,-0.029253,-0.053494,-0.120027,-0.200481,0.002027,0.004027,0.005493,0.005147,0.004827,0.002427,0.005547,0.00616,0.008747,0.01208,0.058694,0.172321,0.372668,0.516855,0.671069,-0.02008,-0.089787,-0.211921,-0.299948,-0.390748,-0.035299,-0.127678,-0.173596,-0.081705,0.009916,0.00135,0.00116,0.002132,0.018178,0.016604,-0.000104,-4.8e-05,-3.2e-05,6.5e-05,0.000404,0.000277,0.000731,-6e-05,0.000963,-0.002736,-0.313421,-0.19958,-0.14392,-0.903491,0,0,1,0,0,0,0,0,0,0,0
1472,0.002204,0.00285,0.002393,0.001075,-0.012474,0.001694,0.004248,-0.001022,-0.011721,-0.004543,0.014517,0.053607,0.117241,0.152675,0.217519,-0.012367,-0.026696,-0.072937,-0.164988,-0.214401,0.000699,0.00371,0.003441,0.002957,0.002231,0.003011,0.004006,0.003791,0.006506,0.00742,0.052854,0.203539,0.376216,0.542736,0.676269,-0.032207,-0.142297,-0.245667,-0.332852,-0.42122,-0.043094,-0.159806,-0.101294,0.003937,0.082426,0.00104,-8.9e-05,0.004921,0.01828,0.014502,2.5e-05,7.3e-05,7.9e-05,0.000468,-0.000258,0.001044,-0.000534,-0.000103,0.000937,-0.009059,-0.371309,-0.155746,-0.147332,-0.896855,0,0,1,0,0,0,0,0,0,0,0
1473,0.000622,0.000568,-0.001001,-0.006302,-0.019448,0.001515,0.001407,-0.01228,-0.006384,-0.005978,0.020016,0.07682,0.116041,0.174359,0.228431,-0.007466,-0.032053,-0.099541,-0.181149,-0.240224,0.001325,0.002813,0.002461,0.002137,0.0,0.000135,0.000757,0.003381,0.006762,0.003138,0.062078,0.265299,0.411554,0.567979,0.665221,-0.038302,-0.162187,-0.251476,-0.343579,-0.438062,-0.050345,-0.096921,-0.003712,0.089222,0.14287,-0.00124,-0.000254,0.016022,0.014425,0.012623,3.5e-05,5.2e-05,0.00016,0.000534,-0.000633,-0.000588,-0.001462,-0.000331,-0.004418,-0.013062,-0.40615,-0.112215,-0.147569,-0.884882,0,0,1,0,0,0,0,0,0,0,0
1474,2.7e-05,-0.000437,-0.001776,-0.01555,-0.024404,0.001066,-0.004291,-0.015167,-0.00787,-0.004919,0.019512,0.084198,0.120216,0.186132,0.235404,-0.007023,-0.054028,-0.147599,-0.197828,-0.260164,0.001722,0.001448,0.000956,0.000219,-0.002514,0.000874,0.000656,0.003416,0.004345,0.002705,0.090456,0.265985,0.435255,0.570994,0.638576,-0.073212,-0.178289,-0.266914,-0.356741,-0.429981,-0.067775,-0.008297,0.098672,0.178458,0.199637,0.000105,0.005197,0.018777,0.014936,0.01172,1.5e-05,2.3e-05,0.000459,-0.000355,-0.000604,-0.001139,-0.000655,0.00051,-0.0107,-0.016123,-0.431191,-0.092066,-0.145536,-0.87128,0,0,1,0,0,0,0,0,0,0,0
1475,-8.2e-05,-0.001672,-0.007045,-0.020367,-0.030153,-0.001179,-0.015049,-0.009073,-0.008662,-0.004605,0.037993,0.077741,0.136841,0.191638,0.241391,-0.017873,-0.086266,-0.168968,-0.228836,-0.277877,-0.000219,-0.000576,-0.000905,-0.00307,-0.005318,-0.000247,0.002412,0.005839,0.002166,0.000658,0.115213,0.26343,0.421955,0.520501,0.592074,-0.05211,-0.142598,-0.235936,-0.331687,-0.385771,0.020783,0.115242,0.209424,0.263791,0.285748,0.000894,0.017388,0.01577,0.013943,0.01015,4e-06,0.000121,0.000532,-0.000748,-4.6e-05,0.000204,0.001445,-0.003041,-0.012531,-0.019193,-0.465739,-0.077456,-0.144643,-0.862866,0,0,1,0,0,0,0,0,0,0,0
1476,-0.000385,-0.001732,-0.015585,-0.02449,-0.034687,-0.004205,-0.015145,-0.007806,-0.004838,-0.001072,0.026964,0.06319,0.129487,0.179044,0.223077,-0.029355,-0.123467,-0.173987,-0.236682,-0.29946,-5.5e-05,-0.00055,-0.001292,-0.00404,-0.007971,2.7e-05,0.002804,0.003738,0.002089,-0.001567,0.061019,0.231267,0.367791,0.435763,0.496398,-0.053433,-0.14257,-0.232917,-0.306579,-0.352508,0.038983,0.14657,0.226817,0.248118,0.256945,0.004226,0.017884,0.014021,0.010786,0.004958,4e-06,0.000458,-0.00039,-0.000648,0.003319,0.000295,0.001509,-0.010163,-0.015809,-0.021848,-0.477992,-0.070052,-0.141657,-0.853104,0,0,1,0,0,0,0,0,0,0,0
1477,-0.001207,-0.006582,-0.019911,-0.029702,-0.036997,-0.009681,-0.003702,-0.003291,0.000768,0.005046,0.012863,0.071992,0.126816,0.176594,0.202374,-0.039136,-0.12188,-0.181777,-0.230842,-0.288874,-0.000302,-0.000631,-0.002797,-0.005046,-0.010257,0.002633,0.006061,0.002386,0.000878,-0.003785,0.087406,0.246008,0.344603,0.416212,0.446352,-0.037217,-0.130601,-0.226399,-0.280509,-0.308922,0.055609,0.149837,0.204231,0.226199,0.2194,0.012286,0.010667,0.00884,0.005045,-0.003172,0.000114,0.000526,-0.000759,-5.4e-05,0.004953,0.000954,-0.003547,-0.01307,-0.019755,-0.02278,-0.483741,-0.078401,-0.141053,-0.842046,0,0,1,0,0,0,0,0,0,0,0
1478,-0.000136,-0.013885,-0.022723,-0.032844,-0.036254,-0.001228,0.006056,0.009002,0.012739,0.014758,0.02316,0.088956,0.13814,0.18184,0.191688,-0.054476,-0.104614,-0.166837,-0.229142,-0.270305,-0.000191,-0.000927,-0.003655,-0.007556,-0.012903,0.000136,0.001064,-0.000573,-0.004201,-0.008402,0.082027,0.217521,0.284981,0.345158,0.360953,-0.051448,-0.141113,-0.21422,-0.259803,-0.275107,0.051465,0.131107,0.152247,0.161008,0.158477,0.001335,-0.002499,-0.00571,-0.011493,-0.017993,0.000321,-0.000483,-0.000729,0.003034,0.007275,0.000232,-0.010837,-0.016192,-0.02192,-0.021669,-0.479951,-0.090542,-0.139918,-0.835,0,0,1,0,0,0,0,0,0,0,0
1479,-0.005202,-0.018438,-0.028161,-0.035406,-0.039927,0.007163,0.007571,0.011602,0.015851,0.014625,0.035596,0.090039,0.139471,0.165072,0.182312,-0.02778,-0.087261,-0.135985,-0.193614,-0.229783,-0.000136,-0.002288,-0.004521,-0.009696,-0.017403,0.003268,-0.000381,-0.001879,-0.006509,-0.009342,0.075605,0.173515,0.244626,0.274557,0.282374,-0.04137,-0.136502,-0.190237,-0.218453,-0.228502,0.04219,0.096206,0.118022,0.11127,0.094614,-0.00294,-0.004755,-0.008524,-0.016683,-0.018987,7.6e-05,-0.001148,-0.000477,0.004291,0.007711,-0.004517,-0.013586,-0.019953,-0.022833,-0.021043,-0.478003,-0.102496,-0.140655,-0.832734,0,0,1,0,0,0,0,0,0,0,0
1480,-0.008482,-0.017262,-0.027315,-0.030703,-0.04081,0.000108,0.003035,0.006748,0.008753,0.007344,0.029944,0.078802,0.122214,0.131997,0.151941,-0.022167,-0.083978,-0.145871,-0.186763,-0.219985,-0.000596,-0.003306,-0.007181,-0.012492,-0.020866,-0.00233,-0.003956,-0.00756,-0.011734,-0.012113,0.059373,0.126387,0.186167,0.201857,0.200502,-0.04791,-0.120534,-0.165816,-0.181018,-0.18156,0.037136,0.058137,0.06684,0.064325,0.035908,-0.000883,-0.004072,-0.009818,-0.016274,-0.014868,-0.00084,-0.001075,0.002517,0.006566,0.009553,-0.006207,-0.011319,-0.016787,-0.016547,-0.017475,-0.465804,-0.114182,-0.141669,-0.830319,0,0,1,0,0,0,0,0,0,0,0
1481,-0.004666,-0.014294,-0.021467,-0.025944,-0.035141,0.000297,0.004288,0.008495,0.007282,0.009035,0.02411,0.073059,0.09841,0.115481,0.129236,-0.03684,-0.085087,-0.142154,-0.177969,-0.213676,-0.001537,-0.003749,-0.008873,-0.016505,-0.023355,-0.001295,-0.002778,-0.007363,-0.010167,-0.008738,0.037864,0.108281,0.13792,0.14566,0.134548,-0.046522,-0.099731,-0.127671,-0.137623,-0.127267,0.016529,0.038131,0.031446,0.014952,-0.018351,-0.000918,-0.00465,-0.01273,-0.015012,-0.014782,-0.00033,0.000297,0.004748,0.007941,0.011614,-0.002464,-0.008409,-0.011098,-0.009427,-0.010889,-0.454633,-0.12554,-0.143309,-0.828713,1,0,0,0,0,0,0,0,0,0,0
1482,-0.004038,-0.01396,-0.017303,-0.027278,-0.034526,0.002594,0.006258,0.008237,0.006846,0.008531,0.02431,0.067152,0.076807,0.09649,0.10938,-0.02447,-0.085552,-0.125907,-0.158695,-0.180196,-0.00115,-0.004974,-0.010216,-0.01848,-0.026396,-0.000321,-0.003878,-0.007996,-0.008371,-0.010858,0.028589,0.087584,0.103069,0.101731,0.083118,-0.02554,-0.070228,-0.085231,-0.085766,-0.078518,0.004335,0.012923,0.010442,-0.017603,-0.053096,-0.002237,-0.007907,-0.014279,-0.012891,-0.017103,9.7e-05,0.003372,0.007064,0.009787,0.011491,-0.002337,-0.007323,-0.007104,-0.007951,-0.008142,-0.439747,-0.132544,-0.143864,-0.823549,1,0,0,0,0,0,0,0,0,0,0
1483,-0.005472,-0.012538,-0.016947,-0.026005,-0.032459,0.001355,0.005498,0.004303,0.00603,0.006853,0.024066,0.049035,0.065849,0.079396,0.087152,-0.023216,-0.079422,-0.114697,-0.149866,-0.168912,-0.001036,-0.006083,-0.0136,-0.020347,-0.026775,-0.001142,-0.005658,-0.00842,-0.007013,-0.012909,0.04096,0.070152,0.077775,0.066831,0.042049,-0.027041,-0.05456,-0.064361,-0.054161,-0.056127,0.016971,0.010387,-0.005859,-0.03866,-0.072699,-0.001454,-0.009412,-0.011659,-0.011433,-0.017956,0.000471,0.004473,0.007344,0.010647,0.01121,-0.003116,-0.005534,-0.004031,-0.005346,-0.006211,-0.422535,-0.134168,-0.146505,-0.818936,1,0,0,0,0,0,0,0,0,0,0
1484,-0.004356,-0.007656,-0.017503,-0.024657,-0.029435,0.00227,0.004224,0.002851,0.004514,0.00557,0.018374,0.027904,0.047334,0.060059,0.050265,-0.037223,-0.07706,-0.109426,-0.130651,-0.161406,-0.002746,-0.00792,-0.016077,-0.023892,-0.026109,-0.002376,-0.006441,-0.006811,-0.009266,-0.011959,0.017529,0.032815,0.031495,0.013121,-0.005253,-0.017239,-0.032049,-0.032577,-0.025423,-0.025106,-0.008389,-0.010839,-0.038523,-0.07356,-0.083541,-0.004152,-0.010442,-0.009072,-0.01323,-0.016256,0.00254,0.005913,0.0084,0.009956,0.010941,-0.00157,-0.00137,-0.002143,-0.002317,-0.004028,-0.413667,-0.142381,-0.146968,-0.818212,1,0,0,0,0,0,0,0,0,0,0
1485,-0.002659,-0.007029,-0.016006,-0.022403,-0.025799,0.001843,0.000658,0.002369,0.003185,0.003475,0.006423,0.023087,0.036513,0.0442,0.025746,-0.018586,-0.053546,-0.088401,-0.107276,-0.134392,-0.002264,-0.009714,-0.016401,-0.022772,-0.025615,-0.002106,-0.004844,-0.003449,-0.009293,-0.008977,0.011452,0.019007,0.008161,-0.016401,-0.041252,-0.010083,-0.019797,-0.009688,-0.011636,-0.004818,0.00184,-0.014261,-0.046769,-0.080505,-0.086763,-0.003747,-0.005974,-0.005749,-0.012214,-0.012056,0.001268,0.003964,0.007066,0.007595,0.008652,-0.000732,0.000679,-0.000555,-0.001368,-0.001629,-0.394325,-0.147644,-0.144541,-0.820072,1,0,0,0,0,0,0,0,0,0,0
1486,-0.000629,-0.010403,-0.017504,-0.022247,-0.025968,0.000105,-0.001258,0.000393,0.001441,0.003406,0.003066,0.022351,0.034982,0.02526,0.018631,-0.021041,-0.053167,-0.074234,-0.104761,-0.115636,-0.002882,-0.010979,-0.018735,-0.020936,-0.026334,-0.001939,-0.002306,-0.004743,-0.007416,-0.005293,0.003773,0.002463,-0.015774,-0.034012,-0.079815,-0.004664,-0.005188,0.001913,0.002227,0.008359,-0.004263,-0.031742,-0.066518,-0.076425,-0.114517,-0.002514,-0.001154,-0.005281,-0.008285,-0.008537,0.001973,0.004334,0.005811,0.006746,0.007258,0.000898,0.000164,-1e-06,-0.001625,-0.000822,-0.367346,-0.150379,-0.142431,-0.823293,1,0,0,0,0,0,0,0,0,0,0
1487,-0.003702,-0.012592,-0.018927,-0.02229,-0.028443,-0.001277,0.000417,0.001225,0.001512,0.008864,0.013452,0.026748,0.03436,0.016085,0.00803,-0.013687,-0.048204,-0.066896,-0.093748,-0.092158,-0.00451,-0.011132,-0.017441,-0.020256,-0.027869,-0.000782,0.0006,-0.005188,-0.004875,0.005605,0.003728,-0.007013,-0.031336,-0.055946,-0.101074,-0.004979,0.005032,0.003102,0.009855,0.015016,-0.011703,-0.043897,-0.077305,-0.083503,-0.120075,0.000296,0.000518,-0.005884,-0.005728,-0.003035,0.000614,0.003511,0.004005,0.004993,0.005114,0.000452,-0.000702,-0.00146,-0.001705,-0.000682,-0.349235,-0.152237,-0.138547,-0.832934,1,0,0,0,0,0,0,0,0,0,0
1488,-0.006029,-0.013102,-0.017827,-0.021533,-0.026936,-7.8e-05,0.001566,0.00261,0.004568,0.015582,0.005742,0.018322,0.008639,0.002036,-0.010205,-0.018296,-0.039281,-0.069688,-0.08052,-0.074882,-0.00355,-0.011275,-0.013468,-0.018844,-0.027797,0.000418,-0.00201,-0.004672,-0.002558,0.009501,-0.005037,-0.023203,-0.041369,-0.086993,-0.109857,0.004463,0.011536,0.01185,0.017957,0.021455,-0.015654,-0.050294,-0.060162,-0.098104,-0.108891,0.001058,-0.003053,-0.006044,-0.006296,-0.006116,0.001678,0.003114,0.004024,0.004522,0.004514,-0.001169,-0.00133,-0.002909,-0.002129,-0.000358,-0.344078,-0.153943,-0.134261,-0.83691,1,0,0,0,0,0,0,0,0,0,0
1489,-0.002877,-0.009232,-0.012606,-0.018778,-0.021628,0.001778,0.002589,0.002877,0.010252,0.01849,0.007584,0.015221,-0.003112,-0.011193,-0.019798,-0.016293,-0.035044,-0.061982,-0.060386,-0.058006,-0.003086,-0.009415,-0.012239,-0.019876,-0.026283,0.000968,-0.004838,-0.004524,0.005989,0.013102,-0.005727,-0.030128,-0.054816,-0.100086,-0.109422,0.005571,0.003635,0.010409,0.015587,0.018202,-0.01661,-0.050124,-0.056341,-0.093029,-0.093731,-0.000837,-0.007259,-0.007103,-0.004402,-0.006317,0.001261,0.001766,0.002776,0.002899,0.002902,7e-06,-0.000769,-0.001019,2.7e-05,0.001563,-0.340361,-0.154681,-0.132403,-0.842994,1,0,0,0,0,0,0,0,0,0,0
1490,-0.004213,-0.00895,-0.012666,-0.018084,-0.019288,-0.000131,0.000916,0.002879,0.013923,0.018005,0.005025,-0.004685,-0.011306,-0.02358,-0.030776,-0.004737,-0.035225,-0.046086,-0.040433,-0.042004,-0.004658,-0.006857,-0.012248,-0.021224,-0.02426,-0.003402,-0.006072,-0.003952,0.008139,0.017246,-0.012483,-0.030698,-0.076444,-0.099369,-0.102667,0.001518,0.001832,0.007956,0.011463,0.013321,-0.018111,-0.028006,-0.06605,-0.076866,-0.07262,-0.003284,-0.006284,-0.006536,-0.006356,-0.00188,0.000197,0.001124,0.001632,0.001623,0.001654,-0.000171,-0.00178,-0.000985,0.00082,0.002241,-0.341925,-0.155016,-0.131228,-0.849576,1,0,0,0,0,0,0,0,0,0,0
1491,-0.002144,-0.005516,-0.011686,-0.014535,-0.016209,0.000941,0.001229,0.008601,0.016836,0.019215,0.002614,-0.015712,-0.02379,-0.032391,-0.035999,-0.014013,-0.04094,-0.039345,-0.036966,-0.034273,-0.001673,-0.004497,-0.01213,-0.018535,-0.020261,-0.002405,-0.002091,0.008418,0.015529,0.025724,-0.011921,-0.0366,-0.081853,-0.091186,-0.088546,-0.003451,0.00332,0.008496,0.011111,0.011817,-0.015409,-0.021624,-0.058298,-0.058999,-0.052998,-0.003139,-0.002982,-0.000282,-0.002197,0.005407,0.000308,0.001315,0.001438,0.001441,0.00141,-0.000604,-0.000853,0.00019,0.001722,0.002617,-0.342698,-0.15469,-0.130374,-0.854876,1,0,0,0,0,0,0,0,0,0,0
1492,-0.002582,-0.006286,-0.011685,-0.012885,-0.014789,0.000104,0.002061,0.013067,0.017136,0.019927,-0.012285,-0.018884,-0.031116,-0.038289,-0.038915,-0.016406,-0.02723,-0.021596,-0.023161,-0.018049,-0.000522,-0.005895,-0.014841,-0.017866,-0.018571,-0.000261,0.001852,0.013902,0.022979,0.033255,-0.00626,-0.051852,-0.0747,-0.077986,-0.075743,0.003756,0.009859,0.013354,0.015206,0.015519,0.005512,-0.032404,-0.043183,-0.038952,-0.036589,0.000142,-0.000109,7e-05,0.004532,0.012096,0.000602,0.001098,0.00109,0.00112,0.001061,-0.000977,-0.0002,0.001562,0.00295,0.003205,-0.342976,-0.154694,-0.130215,-0.860177,1,0,0,0,0,0,0,0,0,0,0
1493,-0.000782,-0.006933,-0.009774,-0.011442,-0.011859,0.000182,0.007532,0.015742,0.018114,0.021919,-0.005994,-0.014048,-0.022622,-0.026219,-0.028408,-0.010451,-0.008861,-0.00649,-0.003805,-0.000235,-0.002294,-0.009904,-0.016289,-0.018009,-0.017697,0.000573,0.011051,0.01814,0.028304,0.040971,-0.018348,-0.063463,-0.072767,-0.070135,-0.069223,0.002997,0.008158,0.010764,0.011468,0.011702,-0.011704,-0.048266,-0.048965,-0.042982,-0.040195,1.4e-05,0.002706,0.000796,0.008378,0.01718,0.000387,0.000508,0.000511,0.00048,0.000437,0.000728,0.001749,0.003248,0.004124,0.00482,-0.342878,-0.155061,-0.130179,-0.867412,1,0,0,0,0,0,0,0,0,0,0
1494,-0.002921,-0.008318,-0.009518,-0.011421,-0.010874,0.001773,0.012777,0.016845,0.019635,0.024303,-0.0006,-0.01283,-0.02,-0.020626,-0.024225,-0.000365,0.005267,0.003703,0.008814,0.011239,-0.003077,-0.012021,-0.015046,-0.01575,-0.014629,0.001538,0.013586,0.02266,0.032934,0.043469,-0.027224,-0.050066,-0.053352,-0.051109,-0.048684,0.003103,0.006597,0.008449,0.008762,0.008918,-0.026197,-0.036974,-0.032743,-0.030381,-0.024566,-0.000265,-8.6e-05,0.004374,0.011937,0.017785,0.000107,9.9e-05,0.000128,7e-05,3.5e-05,4.5e-05,0.001804,0.003189,0.003444,0.003847,-0.345305,-0.155749,-0.129927,-0.870336,1,0,0,0,0,0,0,0,0,0,0
1495,-0.003242,-0.006091,-0.007765,-0.008183,-0.007817,0.005595,0.01383,0.016209,0.020026,0.029203,-0.007477,-0.016078,-0.019686,-0.021882,-0.023451,0.001961,0.00434,0.007033,0.010614,0.013307,-0.004549,-0.010954,-0.01268,-0.012366,-0.009098,0.008967,0.016078,0.026274,0.03898,0.045516,-0.017961,-0.027294,-0.024654,-0.023739,-0.006301,0.002065,0.00468,0.005386,0.005621,0.006667,-0.010411,-0.011112,-0.00511,-0.002314,0.016519,0.002966,0.001051,0.008656,0.017486,0.015562,1.5e-05,1.8e-05,-1.4e-05,-5.8e-05,-0.000104,0.000998,0.00253,0.003426,0.004136,0.002151,-0.360548,-0.157433,-0.132192,-0.872305,1,0,0,0,0,0,0,0,0,0,0
1496,-0.002173,-0.003377,-0.005287,-0.004738,-0.004424,0.005445,0.009528,0.012329,0.017014,0.025888,-0.00479,-0.011988,-0.012617,-0.016229,-0.013899,0.003691,0.00212,0.007251,0.009685,0.016909,-0.004424,-0.00746,-0.008167,-0.007041,-0.00055,0.003115,0.012224,0.022537,0.033112,0.036122,-0.004947,-0.008245,-0.005994,-0.00356,0.019318,0.00144,0.003298,0.003612,0.003769,0.008271,-0.000394,0.003853,0.006223,0.012061,0.032385,-0.00279,0.001688,0.009279,0.015149,0.01086,-2.3e-05,8e-06,-5.2e-05,-8.8e-05,-0.000167,0.000801,0.002223,0.002485,0.002899,-0.001326,-0.368483,-0.161492,-0.136182,-0.871168,1,0,0,0,0,0,0,0,0,0,0
1497,-0.000681,-0.002359,-0.002778,-0.002411,-0.001782,0.002804,0.005189,0.009015,0.018214,0.022355,-0.003826,-0.007443,-0.009644,-0.011217,0.000708,-0.00131,0.001389,0.004979,0.007679,0.033519,-0.001992,-0.003721,-0.003407,-0.000131,0.010142,0.00401,0.014231,0.026968,0.033519,0.034777,-0.004403,-0.001756,-0.000839,0.016642,0.045024,0.001179,0.001887,0.002123,0.003171,0.021831,-0.000308,0.005708,0.008511,0.02739,0.043478,0.000873,0.008496,0.017348,0.01542,0.014929,2.6e-05,-6e-06,-5e-05,-9.8e-05,-0.000294,0.000751,0.001662,0.002385,0.000366,-0.005375,-0.38994,-0.176772,-0.142517,-0.870487,1,0,0,0,0,0,0,0,0,0,0
1498,-0.000525,-0.002443,-0.001891,-0.001576,0.001865,0.001287,0.004098,0.008801,0.017706,0.021962,-0.003389,-0.004019,-0.007645,-0.005307,0.013792,-0.000263,0.004886,0.007329,0.01458,0.070589,-0.001051,-0.00176,-0.00063,0.005885,0.019913,0.005123,0.015473,0.026087,0.029108,0.031814,0.001103,0.003363,0.005806,0.028766,0.052856,0.000683,0.000998,0.001156,0.005674,0.048154,0.004571,0.00695,0.012809,0.033207,0.03784,0.003618,0.011237,0.017129,0.012824,0.01397,5e-06,-5.7e-05,-9.3e-05,-0.000175,-0.000548,0.000695,0.000963,0.001388,-0.002945,-0.009135,-0.393074,-0.202177,-0.14948,-0.869143,1,0,0,0,0,0,0,0,0,0,0
1499,-0.001158,-0.001579,-0.00121,-0.000579,0.004289,0.001105,0.004947,0.014183,0.018341,0.022656,-0.000237,-0.002447,-0.004026,0.007947,0.015762,0.002973,0.006579,0.009289,0.035235,0.096783,-0.000684,-0.000368,0.002921,0.013236,0.023998,0.005131,0.01792,0.024498,0.025761,0.026472,0.001553,0.002474,0.020025,0.048523,0.054049,2.6e-05,0.000263,0.001316,0.020051,0.079074,0.001462,0.004276,0.023232,0.039386,0.037031,0.00403,0.012918,0.010982,0.010489,0.008529,-3.8e-05,-8.3e-05,-0.000132,-0.000334,-0.000406,0.000234,0.000978,-0.0011,-0.007006,-0.010905,-0.394861,-0.231165,-0.149489,-0.868679,1,0,0,0,0,0,0,0,0,0,0
1500,-0.000763,-0.000211,0.000105,0.003553,0.011632,0.001711,0.006421,0.015343,0.019606,0.024027,-0.000395,-0.004026,-0.001684,0.017448,0.012974,0.002184,0.004632,0.011895,0.068003,0.143321,-2.6e-05,0.001105,0.007632,0.021685,0.029922,0.005237,0.015869,0.018895,0.021606,0.021317,0.000711,0.003158,0.026159,0.050291,0.05066,0.000289,0.000447,0.004974,0.047528,0.126794,0.000921,0.006791,0.027224,0.031865,0.036726,0.003602,0.009504,0.005192,0.00634,0.001837,-2.5e-05,-6.1e-05,-0.000144,-0.000522,-0.00042,3.8e-05,0.000468,-0.003919,-0.010185,-0.011005,-0.392748,-0.272765,-0.151331,-0.870938,1,0,0,0,0,0,0,0,0,0,0
1501,0.000342,0.000711,0.001342,0.006212,0.015741,0.002132,0.011371,0.01553,0.019847,0.026927,-0.001816,-0.003396,0.008581,0.016399,0.012187,0.001421,0.004133,0.030086,0.091653,0.192782,0.000342,0.003632,0.013951,0.024716,0.034666,0.007554,0.014135,0.015398,0.016109,0.022953,0.000211,0.017767,0.046274,0.051802,0.048354,-5.3e-05,0.001,0.019742,0.078782,0.182727,0.001893,0.020855,0.037014,0.034658,0.035497,0.005288,0.003351,0.002858,0.000898,0.000781,-2.1e-05,-7e-05,-0.000272,-0.000345,-0.000264,0.000708,-0.001374,-0.007293,-0.0112,-0.011466,-0.391189,-0.315668,-0.153101,-0.879761,1,0,0,0,0,0,0,0,0,0,0
1502,0.000211,0.000527,0.003976,0.012059,0.023829,0.00258,0.011507,0.015772,0.020196,0.02483,-0.001817,0.000527,0.019669,0.015193,-0.004318,0.001027,0.008294,0.064431,0.13979,0.238319,0.00079,0.00732,0.021381,0.029622,0.037047,0.003081,0.006109,0.008821,0.008531,0.019116,0.002238,0.025251,0.049396,0.049765,0.046526,0.000211,0.00474,0.047316,0.126624,0.232763,0.003978,0.024422,0.029066,0.03393,0.050411,0.000616,-0.003699,-0.00255,-0.007055,-0.002431,-1.6e-05,-9.8e-05,-0.000478,-0.000375,-0.000161,-0.000278,-0.00468,-0.01097,-0.011793,-0.008415,-0.388515,-0.350175,-0.148814,-0.875882,1,0,0,0,0,0,0,0,0,0,0
1503,0.000158,0.00079,0.005665,0.015203,0.045189,0.006666,0.010829,0.015151,0.022239,0.01523,0.000237,0.012226,0.020052,0.015836,-0.014887,0.001686,0.027667,0.089297,0.19053,0.280539,0.002503,0.012832,0.023609,0.033569,0.036414,0.003504,0.004769,0.005481,0.012331,0.016969,0.015335,0.043871,0.049405,0.045953,0.038944,0.000843,0.019604,0.078705,0.182757,0.288628,0.015,0.031175,0.028817,0.029657,0.05432,-0.002555,-0.003048,-0.005011,-0.005127,-0.000151,-3.4e-05,-0.000237,-0.00031,-0.000228,0.000397,-0.001817,-0.007779,-0.011715,-0.011982,0.005528,-0.38566,-0.39345,-0.141737,-0.877714,1,0,0,0,0,0,0,0,0,0,0
1504,0.000158,0.003613,0.011711,0.0235,0.06578,0.002268,0.006541,0.010972,0.015614,0.007728,0.00211,0.021285,0.016801,-0.002743,-0.036213,0.005592,0.061823,0.137309,0.236005,0.331535,0.004035,0.01812,0.026375,0.033813,0.035211,-0.000475,0.002242,0.001952,0.012555,0.016906,0.007702,0.031888,0.032257,0.029013,0.009363,0.003693,0.046341,0.125783,0.232101,0.371283,0.005464,0.010116,0.014988,0.031497,0.05062,-0.001765,-0.000614,-0.005126,-0.000494,0.003145,-5e-05,-0.000434,-0.00033,-0.000113,0.002005,-0.002625,-0.008989,-0.009822,-0.006404,0.019751,-0.375776,-0.464078,-0.137231,-0.882552,1,0,0,0,0,0,0,0,0,0,0
1505,0.000475,0.005358,0.014911,0.044945,0.068592,0.0019,0.006228,0.013328,0.006308,0.0128,0.009897,0.017735,0.013513,-0.01726,-0.072419,0.020427,0.082158,0.183555,0.27371,0.385954,0.006308,0.017102,0.027078,0.029928,0.033175,0.001742,0.002454,0.009316,0.013961,0.027052,0.020876,0.026418,0.022961,0.015941,-0.021325,0.015096,0.074293,0.178514,0.284557,0.450086,0.010734,0.008373,0.009214,0.033917,0.061249,0.001272,-0.000694,-0.000811,0.004173,0.007061,-0.000156,-0.000229,-0.000147,0.000486,0.003386,-0.003393,-0.007374,-0.007644,0.010066,0.023297,-0.357552,-0.529422,-0.129144,-0.893186,1,0,0,0,0,0,0,0,0,0,0
1506,0.002987,0.011101,0.022916,0.065285,0.061955,0.002379,0.006819,0.011471,0.003568,0.021568,0.009304,0.00481,-0.014775,-0.048316,-0.109452,0.035894,0.11154,0.210446,0.30618,0.415367,0.007797,0.01607,0.023524,0.024925,0.022044,0.000978,0.000687,0.011313,0.015674,0.021462,0.00333,0.0037,0.000449,-0.019242,-0.064624,0.027621,0.107232,0.213776,0.353254,0.521066,-0.006089,-0.001206,0.015338,0.034502,0.066639,-0.00012,-0.004642,-1e-06,0.003647,-0.008339,-0.000233,-0.000127,9.3e-05,0.002243,0.006586,-0.003031,-0.003877,-0.000407,0.02614,0.024784,-0.337259,-0.601686,-0.118129,-0.891172,1,0,0,0,0,0,0,0,0,0,0
1507,0.001902,0.011464,0.041524,0.065191,0.060463,0.001955,0.00906,0.002034,0.008532,0.040203,-0.001453,-0.005679,-0.036478,-0.091685,-0.137038,0.025913,0.127397,0.217629,0.32997,0.410904,0.003011,0.012996,0.015849,0.019098,0.014211,-0.000264,0.006604,0.011253,0.024354,0.019917,0.002219,-0.001241,-0.008268,-0.045565,-0.109488,0.031645,0.135955,0.242089,0.407761,0.582413,0.003721,0.004563,0.029287,0.056643,0.078981,-0.001847,-0.001964,0.003024,0.005915,-0.029759,0.000157,0.00024,0.000877,0.003795,0.013611,-0.000987,-0.001259,0.016558,0.029869,0.026736,-0.298226,-0.6856,-0.115436,-0.893853,1,0,0,0,0,0,0,0,0,0,0
1508,0.006206,0.018009,0.06034,0.057012,0.061871,0.002482,0.00713,-0.000766,0.017217,0.035649,-0.003037,-0.022604,-0.056114,-0.117193,-0.153212,0.049671,0.148486,0.244131,0.353218,0.395152,0.005255,0.012702,0.014101,0.011223,0.011144,-2.6e-05,0.010589,0.014946,0.020729,0.018353,-0.001848,-0.005097,-0.02477,-0.07011,-0.152552,0.047902,0.154348,0.293697,0.461354,0.639256,0.001158,0.017687,0.036834,0.068941,0.108252,-0.002671,0.001967,0.005611,-0.006365,-0.027694,-5.2e-05,0.000166,0.002302,0.006618,0.024702,0.000145,0.003592,0.029968,0.028621,0.029121,-0.256419,-0.770724,-0.108419,-0.891492,1,0,0,0,0,0,0,0,0,0,0
1509,0.003351,0.03338,0.057023,0.0523,0.059741,0.004618,-0.002401,0.00409,0.035728,0.031902,-0.001187,-0.031955,-0.087104,-0.132411,-0.169828,0.051745,0.141884,0.254109,0.33496,0.350739,0.004723,0.007573,0.010819,0.005937,0.00665,0.006887,0.011531,0.024619,0.020186,0.017996,-0.00161,-0.008629,-0.045887,-0.109745,-0.19801,0.056337,0.162361,0.327862,0.502334,0.625668,-0.000316,0.024383,0.05171,0.074025,0.111707,0.002553,0.007536,0.010423,-0.025214,-0.024657,0.000134,0.000766,0.003663,0.013409,0.032556,-0.000415,0.017274,0.030489,0.027379,0.030274,-0.208635,-0.803384,-0.104384,-0.892994,1,0,0,0,0,0,0,0,0,0,0
1510,0.008438,0.050708,0.047386,0.052238,0.057986,2.6e-05,-0.007858,0.010099,0.028505,0.026053,-0.018353,-0.051816,-0.112808,-0.148776,-0.184638,0.046964,0.142474,0.251405,0.29328,0.305199,0.002716,0.004114,0.001239,0.00116,0.001846,0.003718,0.008069,0.013844,0.011471,0.011945,-0.001635,-0.02128,-0.066556,-0.148881,-0.249296,0.049996,0.189147,0.356566,0.534217,0.62585,0.016821,0.035941,0.068003,0.107258,0.135363,0.00208,0.005719,-0.006239,-0.027538,-0.025407,8.3e-05,0.002198,0.00647,0.024376,0.046287,0.003826,0.02994,0.028607,0.029102,0.031389,-0.15451,-0.858365,-0.100413,-0.896308,1,0,0,0,0,0,0,0,0,0,0
1511,0.021364,0.044764,0.040089,0.047454,0.054584,-0.006973,-0.000548,0.030766,0.026979,0.025307,-0.012275,-0.066859,-0.111702,-0.148736,-0.176524,0.042701,0.153776,0.233798,0.249416,0.259785,0.000131,0.003343,-0.001489,-0.000784,-0.000888,0.000914,0.013868,0.00948,0.007313,0.008749,-0.005328,-0.042205,-0.105408,-0.192769,-0.295173,0.05542,0.219225,0.39191,0.51398,0.623566,0.007786,0.034833,0.056919,0.094216,0.147736,0.002872,0.00573,-0.029542,-0.028991,-0.026921,0.000511,0.003206,0.012274,0.030089,0.061025,0.012882,0.025178,0.022284,0.024977,0.028052,-0.103425,-0.909265,-0.09667,-0.899603,1,0,0,0,0,0,0,0,0,0,0
1512,0.020521,0.017227,0.022037,0.027736,0.037147,-0.000837,0.016966,0.035212,0.032781,0.0315,-0.020887,-0.081351,-0.117008,-0.15256,-0.177106,0.051942,0.159931,0.201443,0.213259,0.213024,0.001255,-0.001595,-0.001673,-0.000993,-0.001673,0.003398,0.009123,0.006771,0.007241,0.011607,-0.014142,-0.059027,-0.140639,-0.240184,-0.346056,0.082475,0.248445,0.424558,0.515398,0.582816,0.011161,0.042946,0.081861,0.109723,0.146068,0.000733,-0.011122,-0.032236,-0.030123,-0.025842,0.001476,0.005496,0.022345,0.042963,0.080309,0.011607,0.010352,0.010819,0.012971,0.017396,-0.045423,-0.924637,-0.092094,-0.911822,1,0,0,0,0,0,0,0,0,0,0
1513,0.002906,-0.00178,0.005602,0.012749,0.019896,0.007278,0.038667,0.034871,0.033195,0.024635,-0.033797,-0.078747,-0.115869,-0.143724,-0.165924,0.059322,0.139535,0.15519,0.165583,0.168986,0.001963,-0.00288,-0.002173,-0.002278,-0.003691,0.009582,0.005183,0.003011,0.00445,0.009582,-0.022802,-0.086156,-0.173725,-0.276373,-0.365383,0.0816,0.254697,0.377058,0.486906,0.52196,0.015934,0.038073,0.075458,0.129107,0.143774,0.002131,-0.033225,-0.032672,-0.030597,-0.018005,0.00125,0.01047,0.028585,0.060041,0.091379,0.000777,-0.002166,0.000573,0.0037,0.008129,-0.010471,-0.942368,-0.086609,-0.921536,1,0,0,0,0,0,0,0,0,0,0
1514,-0.006212,-0.001389,0.004325,0.013761,0.022096,0.010563,0.028859,0.026421,0.025137,0.009331,-0.026788,-0.062541,-0.098189,-0.122801,-0.140573,0.048885,0.090509,0.102356,0.10212,0.104977,-0.004823,-0.004902,-0.00422,-0.004902,-0.005452,-0.003853,-0.006212,-0.00574,-0.001363,-7.9e-05,-0.022175,-0.104008,-0.203821,-0.309978,-0.378417,0.084716,0.261303,0.352389,0.419988,0.448873,0.015916,0.054936,0.082873,0.119316,0.137464,-0.01402,-0.035192,-0.033073,-0.02878,-0.01271,0.002836,0.020006,0.041015,0.079072,0.105625,-0.002062,-0.001587,0.000606,0.005116,0.010276,0.028366,-0.948087,-0.081947,-0.926025,1,0,0,0,0,0,0,0,0,0,0
1515,0.001528,0.008959,0.016153,0.023346,0.03502,0.020975,0.017154,0.015468,0.006851,-0.003478,-0.018314,-0.055678,-0.083715,-0.106061,-0.115968,0.031594,0.047352,0.057813,0.061238,0.051252,-2.6e-05,0.000685,0.00058,-0.000843,-0.000105,-0.000553,-0.00274,-0.001291,0.003874,0.003742,-0.041476,-0.129618,-0.232938,-0.322529,-0.391041,0.089065,0.212226,0.322793,0.358076,0.377496,0.006284,0.043914,0.097913,0.112676,0.137217,-0.021493,-0.020937,-0.018848,-0.006173,0.002988,0.006708,0.025669,0.058594,0.091396,0.126442,-0.00094,0.001926,0.005199,0.009836,0.01623,0.065016,-0.958299,-0.074818,-0.928097,1,0,0,0,0,0,0,0,0,0,0
1516,0.003349,0.009143,0.018712,0.027165,0.039258,-0.002605,-0.005077,-0.006379,-0.022407,-0.024852,-0.017782,-0.05393,-0.078889,-0.09691,-0.099515,0.01034,0.022354,0.022114,0.025012,0.021822,-5.3e-05,0.000638,-5.3e-05,-0.000611,0.001249,-0.001834,-0.001356,0.003083,0.004386,0.006034,-0.041146,-0.142362,-0.25001,-0.31941,-0.375759,0.089229,0.181593,0.250143,0.279434,0.30107,0.03323,0.061559,0.098515,0.116918,0.140507,0.000211,0.002359,0.006713,0.023009,0.026279,0.011803,0.034968,0.076929,0.106206,0.143569,0.001523,0.003941,0.008913,0.014602,0.020781,0.092565,-0.968331,-0.069155,-0.934112,1,0,0,0,0,0,0,0,0,0,0
1517,0.004161,0.011442,0.018723,0.030539,0.044221,-0.001254,-0.002961,-0.011682,-0.022137,-0.02115,-0.019977,-0.048355,-0.070973,-0.081001,-0.082415,0.005574,0.016163,0.01963,0.009522,0.014963,0.000773,0.000667,-0.000773,-2.7e-05,0.004161,-0.000373,0.001094,0.006321,0.006188,0.014936,-0.047929,-0.152507,-0.24319,-0.312536,-0.360011,0.035126,0.14704,0.182753,0.202409,0.216465,0.004743,0.0594,0.074343,0.099183,0.109631,0.000351,0.002465,0.015295,0.024568,0.031692,0.008547,0.044385,0.080087,0.118233,0.154052,0.00156,0.005122,0.010169,0.017129,0.023316,0.121797,-0.967576,-0.065251,-0.943587,1,0,0,0,0,0,0,0,0,0,0
1518,0.001659,0.011295,0.019806,0.031984,0.048365,-0.001231,-0.002543,-0.018682,-0.021145,-0.019137,-0.016354,-0.041486,-0.059633,-0.062256,-0.065334,0.006504,0.006263,0.00918,0.005969,0.010653,-8e-05,-0.000776,-0.001338,0.000535,0.006076,0.000856,0.005326,0.006638,0.008297,0.016139,-0.053825,-0.162224,-0.232108,-0.28885,-0.332129,0.057759,0.126787,0.156282,0.178069,0.182565,0.023767,0.06098,0.079511,0.103264,0.106377,0.001811,0.006194,0.022604,0.025897,0.031137,0.01556,0.059613,0.090349,0.129575,0.16267,0.00094,0.00616,0.012133,0.018619,0.02594,0.144026,-0.963384,-0.059264,-0.944882,1,0,0,0,0,0,0,0,0,0,0
1519,0.005662,0.012988,0.024875,0.038641,0.050985,-0.000483,-0.009258,-0.019777,-0.018784,-0.018918,-0.012156,-0.034911,-0.045001,-0.046423,-0.048891,0.004132,0.007621,-0.002549,0.002925,0.002361,-2.7e-05,-0.001476,-0.000725,0.003488,0.006977,0.000617,0.005877,0.005742,0.014544,0.015671,-0.051253,-0.142488,-0.212257,-0.260021,-0.28986,0.054688,0.090618,0.110395,0.124536,0.110127,0.031162,0.046197,0.071188,0.0817,0.071293,0.000311,0.013219,0.022549,0.029717,0.03059,0.021553,0.058806,0.098609,0.135984,0.160005,0.00276,0.008026,0.015289,0.021744,0.027761,0.158179,-0.946445,-0.055408,-0.94509,1,0,0,0,0,0,0,0,0,0,0
1520,0.00401,0.012568,0.024813,0.041284,0.049519,-0.000834,-0.017063,-0.019538,-0.01752,-0.021503,-0.013079,-0.031326,-0.033964,-0.037058,-0.036439,-0.004387,-0.001453,-0.004683,2.7e-05,-0.001965,-0.000673,-0.001238,0.000646,0.006217,0.008101,0.003875,0.005194,0.006863,0.014748,0.014613,-0.057593,-0.127861,-0.184916,-0.228433,-0.246545,0.01456,0.044217,0.066124,0.070645,0.052452,0.006164,0.024797,0.048682,0.051811,0.038569,0.004095,0.020595,0.023906,0.029175,0.032805,0.02378,0.055719,0.096481,0.130872,0.147379,0.002608,0.008814,0.015555,0.023162,0.027677,0.169207,-0.941736,-0.053558,-0.946723,1,0,0,0,0,0,0,0,0,0,0
1521,0.003367,0.015394,0.029323,0.041812,0.047785,-0.008037,-0.01868,-0.017675,-0.017811,-0.023132,-0.009828,-0.020037,-0.021476,-0.023974,-0.02115,0.007955,-0.002335,0.003204,0.002634,0.001493,-0.000787,-2.7e-05,0.004235,0.007765,0.009557,0.001412,0.001276,0.010181,0.011322,0.01067,-0.03421,-0.104801,-0.153129,-0.18332,-0.191275,0.021666,0.041676,0.055984,0.041404,0.029431,0.008993,0.034279,0.044914,0.034385,0.025508,0.008928,0.018368,0.02562,0.026504,0.031052,0.015149,0.058357,0.098929,0.125004,0.134797,0.002943,0.010827,0.017834,0.024366,0.027593,0.174368,-0.932575,-0.052892,-0.947766,1,0,0,0,0,0,0,0,0,0,0
1522,0.005304,0.017743,0.034474,0.04284,0.047433,-0.008393,-0.010908,-0.008858,-0.012904,-0.015446,-0.008639,-0.011318,-0.014462,-0.013833,-0.009268,-0.00503,-0.008311,-0.003527,-0.00555,-0.0076,0.000219,0.002132,0.007792,0.009705,0.011838,-8.2e-05,0.001613,0.009623,0.009487,0.009295,-0.036935,-0.094893,-0.1391,-0.157499,-0.15851,0.008311,0.030565,0.035158,0.016677,0.00216,0.009873,0.034136,0.037315,0.023863,0.012602,0.007771,0.011134,0.016487,0.020175,0.022466,0.019754,0.065256,0.103647,0.122074,0.128022,0.003839,0.011364,0.019855,0.024895,0.02691,0.178545,-0.928177,-0.051377,-0.948179,1,0,0,0,0,0,0,0,0,0,0
1523,0.006824,0.020884,0.033491,0.039521,0.044372,-0.00233,-0.001316,-0.001453,-0.006824,-0.007071,-0.001644,-0.003097,-0.005618,-0.002768,0.00011,-0.005344,0.000247,-0.000329,-0.00148,-0.003015,0.000548,0.004851,0.008414,0.010223,0.013375,-5.5e-05,0.008935,0.010086,0.009428,0.009894,-0.034231,-0.083016,-0.113492,-0.121522,-0.117877,0.011867,0.026311,0.011593,-0.000493,-0.010141,0.015627,0.026363,0.015734,0.006773,-0.001344,0.001738,0.009059,0.009951,0.014542,0.015217,0.026046,0.069378,0.097227,0.107686,0.108335,0.004513,0.011998,0.018974,0.02242,0.023822,0.177832,-0.925775,-0.051924,-0.949111,1,0,0,0,0,0,0,0,0,0,0
1524,0.005656,0.022459,0.030861,0.035473,0.038384,-0.000192,0.001867,-0.002196,-0.00475,-0.004887,-0.001043,-0.004201,-0.003569,0.001016,0.003322,0.002059,0.006864,0.004832,0.002773,0.003459,0.001373,0.007056,0.008978,0.01112,0.015348,0.001757,0.009802,0.009665,0.009472,0.010104,-0.023914,-0.068311,-0.086789,-0.087805,-0.078579,0.010461,0.015073,-0.003487,-0.018066,-0.02471,0.008712,0.011904,-0.001606,-0.012915,-0.021383,0.001636,0.007011,0.010715,0.013017,0.013815,0.020512,0.06007,0.079057,0.085186,0.081307,0.003183,0.011933,0.017127,0.019203,0.018118,0.173511,-0.924286,-0.053838,-0.949952,1,0,0,0,0,0,0,0,0,0,0
1525,0.008465,0.021149,0.027215,0.032096,0.032509,0.001213,0.001075,-0.004329,-0.004577,-0.003667,-0.000414,-0.00295,-8.3e-05,0.002813,0.008272,0.003557,0.002978,0.00182,0.000276,0.004853,0.00295,0.006535,0.008355,0.011526,0.016158,0.007279,0.008438,0.007776,0.008245,0.010506,-0.025064,-0.055726,-0.063805,-0.060138,-0.048916,0.004026,-0.010781,-0.022941,-0.032647,-0.037445,0.002052,-0.008641,-0.017657,-0.025823,-0.036074,0.005722,0.006619,0.011238,0.011917,0.013372,0.024076,0.053133,0.064045,0.064723,0.061909,0.004529,0.011808,0.015404,0.016866,0.013276,0.168461,-0.923939,-0.056163,-0.952788,1,0,0,0,0,0,0,0,0,0,0
1526,0.008429,0.016886,0.021529,0.024459,0.024542,0.000857,-0.003234,-0.005804,-0.005942,-0.003068,-0.002764,-0.002128,0.002487,0.004809,0.016665,0.001271,-0.000774,-0.002847,-0.002156,0.003289,0.002764,0.004698,0.006854,0.01111,0.014703,0.000801,0.000663,0.00047,0.001105,0.008816,-0.019567,-0.038167,-0.039189,-0.029903,-0.016914,0.000608,-0.018075,-0.03275,-0.039438,-0.043197,0.001156,-0.012442,-0.023826,-0.032351,-0.041609,-0.000325,0.003404,0.00572,0.006524,0.011455,0.016954,0.036835,0.043253,0.03919,0.039472,0.004559,0.009997,0.012171,0.011035,0.008075,0.162941,-0.924445,-0.057965,-0.961006,1,0,0,0,0,0,0,0,0,0,0
1527,0.004286,0.010371,0.015265,0.01568,0.016012,-0.000996,-0.006416,-0.006665,-0.005752,-0.001272,0.000221,0.003097,0.006001,0.011477,0.026908,-0.001853,-0.003014,-0.004563,2.8e-05,0.003623,0.00083,0.002655,0.005835,0.010481,0.012998,0.00036,-0.000304,0.000166,0.002434,0.014242,-0.011173,-0.019275,-0.015597,-0.004342,0.006056,-0.015459,-0.027655,-0.037389,-0.042201,-0.04505,-0.011882,-0.020924,-0.029114,-0.039396,-0.044825,0.001225,0.005857,0.006538,0.007997,0.015391,0.012631,0.02377,0.024462,0.02159,0.02545,0.00285,0.006521,0.008014,0.004349,0.002552,0.160623,-0.924842,-0.05957,-0.968684,1,0,0,0,0,0,0,0,0,0,0
1528,0.004175,0.00882,0.011751,0.011834,0.011308,-0.003097,-0.005668,-0.005806,-0.002931,0.001106,0.000415,0.005032,0.007355,0.019216,0.032183,-0.000194,-0.002267,-0.001576,0.003871,0.005557,0.001106,0.003263,0.00752,0.011115,0.012138,-0.000498,-0.000691,-5.5e-05,0.007659,0.018497,-0.007438,-0.008461,0.000829,0.013824,0.021566,-0.003235,-0.017916,-0.024607,-0.028368,-0.027953,-0.001725,-0.013113,-0.021642,-0.030904,-0.031196,0.002505,0.004823,0.005627,0.010561,0.017409,0.007328,0.013765,0.009691,0.009973,0.013331,0.002608,0.004788,0.003649,0.00068,-0.000568,0.157236,-0.929177,-0.060374,-0.975395,1,0,0,0,0,0,0,0,0,0,0
1529,0.001912,0.006816,0.007232,0.007564,0.006927,-0.002327,-0.002577,-0.001662,0.002826,0.006844,0.002466,0.005375,0.010861,0.026322,0.034966,-0.00097,-0.002521,0.002078,0.00568,0.009808,0.00072,0.003907,0.008561,0.011083,0.011027,-0.000166,0.000305,0.002577,0.014408,0.021695,-0.000665,0.00302,0.014297,0.024715,0.040231,-0.008977,-0.01873,-0.023551,-0.026405,-0.021778,-0.007331,-0.015536,-0.025838,-0.031276,-0.032021,0.00213,0.002813,0.004275,0.011682,0.014969,0.00385,0.004551,0.001641,0.005553,0.001225,0.001073,0.002585,-0.001128,-0.002949,-0.003416,0.14642,-0.932225,-0.060952,-0.978286,1,0,0,0,0,0,0,0,0,0,0
1530,0.002744,0.005683,0.005766,0.005239,0.00474,-0.000249,-0.000388,0.002495,0.006542,0.016688,0.002162,0.004491,0.016383,0.029385,0.034652,-0.001109,-0.000416,0.005045,0.006736,0.014498,0.001442,0.005711,0.009314,0.01034,0.009536,-2.8e-05,0.00061,0.008344,0.019211,0.025698,-0.00036,0.008954,0.021983,0.029745,0.055138,-0.005738,-0.012447,-0.016217,-0.015801,-0.011172,-0.004084,-0.012635,-0.021922,-0.022214,-0.028671,0.000192,0.000998,0.005945,0.012811,0.009144,0.002692,-0.001458,-0.001171,0.002249,-0.009708,0.001144,-1.7e-05,-0.003041,-0.004311,-0.004138,0.132499,-0.934484,-0.061147,-0.982043,1,0,0,0,0,0,0,0,0,0,0
1531,0.002164,0.00258,0.002913,0.002275,0.000472,0.0,0.000915,0.00541,0.009432,0.016811,0.000749,0.006242,0.021722,0.030377,0.032818,-0.000444,0.004161,0.007768,0.011901,0.017311,0.001748,0.006408,0.008933,0.008877,0.006852,0.000499,0.002774,0.01462,0.021916,0.024496,0.00405,0.015341,0.025772,0.041307,0.063806,-0.004023,-0.00885,-0.011707,-0.007074,-0.005132,-0.004129,-0.014443,-0.019889,-0.020634,-0.027062,0.000491,0.001954,0.009371,0.012663,0.007858,-0.001999,-0.004934,-0.000988,-0.005353,-0.017001,0.000376,-0.00337,-0.005207,-0.005678,-0.005612,0.124411,-0.936223,-0.062748,-0.98225,1,0,0,0,0,0,0,0,0,0,0
1532,0.000778,0.000861,0.000333,-0.000167,-0.006473,-0.000139,0.00275,0.006807,0.016975,0.014502,0.001584,0.013502,0.026532,0.03181,0.031838,0.001139,0.006612,0.008307,0.016086,0.019114,0.002528,0.00614,0.007168,0.006362,0.001806,0.000139,0.00789,0.018781,0.025281,0.013724,0.005279,0.018336,0.026115,0.051563,0.064898,-0.002695,-0.006473,-0.006056,-0.001417,0.001139,-0.004435,-0.013742,-0.014035,-0.020506,-0.0227,0.000316,0.005274,0.012155,0.00848,-0.000536,-0.002195,-0.001903,0.00157,-0.010571,-0.018328,-0.001558,-0.004629,-0.005919,-0.005743,-0.007679,0.119521,-0.942195,-0.065136,-0.976689,1,0,0,0,0,0,0,0,0,0,0
1533,-0.000362,-2.8e-05,-0.000668,-0.002478,-0.012861,0.001058,0.005567,0.009604,0.017009,0.011441,0.003925,0.019458,0.028144,0.030593,0.030148,0.00348,0.007099,0.011246,0.016675,0.018623,0.002143,0.004677,0.004621,0.002589,-0.009604,0.002143,0.01403,0.021351,0.02394,0.007516,0.006041,0.016508,0.032097,0.054673,0.061938,-0.002143,-0.005011,-0.000362,0.001587,0.005094,-0.005906,-0.011371,-0.012119,-0.018569,-0.017929,0.001152,0.008594,0.011897,0.007076,-0.003834,-0.000782,0.003261,-0.001211,-0.013143,-0.017805,-0.002257,-0.004139,-0.004621,-0.004554,-0.003396,0.116833,-0.948587,-0.062607,-0.978252,1,0,0,0,0,0,0,0,0,0,0
1534,0.000447,-8.4e-05,-0.000586,-0.006926,-0.017287,0.001843,0.005921,0.016142,0.013657,0.0093,0.008043,0.021141,0.026448,0.026476,0.025973,0.002011,0.003714,0.011534,0.014578,0.01846,0.00148,0.002514,0.001704,-0.002877,-0.020806,0.005641,0.016589,0.023124,0.011506,-0.000223,0.007066,0.014886,0.040468,0.053873,0.057504,-0.001648,-0.001229,0.003435,0.006004,0.008267,-0.00343,-0.003725,-0.01023,-0.012436,-0.014499,0.003828,0.010745,0.007051,-0.002013,-0.009611,0.001102,0.004705,-0.00789,-0.015937,-0.018321,-0.000877,-0.002215,-0.002032,-0.004041,0.002422,0.113048,-0.952175,-0.059796,-0.975836,1,0,0,0,0,0,0,0,0,0,0
1535,-0.000112,-0.000756,-0.002577,-0.013027,-0.020872,0.00269,0.006752,0.014204,0.008601,0.00776,0.007564,0.016305,0.018771,0.018322,0.016389,0.001625,0.005799,0.011262,0.013224,0.022693,0.001065,0.001009,-0.001037,-0.013308,-0.028016,0.006304,0.013672,0.016277,-0.000252,-0.013504,0.003446,0.019135,0.041856,0.049168,0.050149,-0.001233,0.003446,0.005407,0.008937,0.012439,-0.002058,-0.002811,-0.009303,-0.008659,-0.014902,0.00365,0.006974,0.002123,-0.008857,-0.02143,0.003101,-0.001576,-0.014054,-0.01893,-0.020303,-0.001073,-0.001577,-0.001506,-0.000295,0.005363,0.109975,-0.952894,-0.061169,-0.970026,1,0,0,0,0,0,0,0,0,0,0
1536,-0.000421,-0.000927,-0.007302,-0.017722,-0.024519,0.001404,0.011684,0.009184,0.004803,0.006741,0.005589,0.010925,0.010954,0.010448,0.004887,8.4e-05,0.007948,0.01101,0.014914,0.034995,-2.8e-05,-0.000843,-0.005449,-0.02348,-0.034321,0.00469,0.011262,-0.000421,-0.012217,-0.021486,0.004409,0.030136,0.043617,0.047269,0.046342,0.001657,0.006347,0.008931,0.011206,0.020475,0.001767,-0.004775,-0.006993,-0.009068,-0.020294,0.003297,-0.000418,-0.009533,-0.017174,-0.028451,0.000593,-0.01251,-0.020881,-0.023361,-0.025359,-0.000301,-0.000111,-0.002201,0.004523,0.007654,0.10466,-0.952835,-0.062617,-0.972606,1,0,0,0,0,0,0,0,0,0,0
1537,-0.000226,-0.002059,-0.012577,-0.020472,-0.030032,0.002679,0.01018,0.00454,0.003694,0.009277,0.003186,0.005668,0.005217,0.003271,-0.004173,0.004117,0.009616,0.01159,0.021121,0.043877,-2.8e-05,-0.002087,-0.014438,-0.029242,-0.04055,0.002707,0.00533,-0.011308,-0.024646,-0.025999,0.011364,0.034233,0.041593,0.04258,0.041734,0.003045,0.005019,0.008572,0.012097,0.02693,-0.002532,-0.009066,-0.008418,-0.014701,-0.023224,3.5e-05,-0.004848,-0.0159,-0.028555,-0.035517,-0.005504,-0.018564,-0.023666,-0.025103,-0.028334,-0.000218,-0.000145,0.001123,0.007044,0.008361,0.10269,-0.9605,-0.062463,-0.970941,1,0,0,0,0,0,0,0,0,0,0
1538,-0.000283,-0.00671,-0.017213,-0.024064,-0.036322,0.007672,0.005152,0.000736,0.002689,0.00988,0.00218,0.002208,0.001699,-0.003907,-0.010843,0.003794,0.006879,0.010814,0.031056,0.045155,-0.000793,-0.005436,-0.023611,-0.034538,-0.048269,0.003907,-0.00787,-0.01976,-0.029103,-0.028452,0.014523,0.028112,0.031792,0.030858,0.029188,0.00167,0.004275,0.006568,0.01591,0.024715,-0.004053,-0.006288,-0.00838,-0.019695,-0.025446,-0.00378,-0.012968,-0.02067,-0.032037,-0.038594,-0.008194,-0.017045,-0.019666,-0.021779,-0.024413,0.000425,-0.001784,0.005324,0.008634,0.009699,0.101031,-0.95843,-0.062727,-0.976474,1,0,0,0,0,0,0,0,0,0,0
1539,-0.001563,-0.012167,-0.020126,-0.029763,-0.044432,-0.000142,-0.005828,-0.00668,-0.001052,0.004008,0.000313,-0.000142,-0.002104,-0.009608,-0.016658,0.001734,0.003724,0.013332,0.036273,0.046564,-0.001279,-0.01373,-0.028655,-0.040054,-0.054211,-0.001279,-0.018051,-0.031497,-0.032862,-0.034795,0.008471,0.015891,0.016886,0.016033,0.013332,0.000313,0.003895,0.007448,0.022401,0.024362,-0.002518,-0.001864,-0.008198,-0.016791,-0.02546,-0.001127,-0.012268,-0.025025,-0.032044,-0.039029,-0.005384,-0.010783,-0.012303,-0.015722,-0.017672,-0.00036,0.000982,0.007247,0.00864,0.008227,0.098706,-0.957996,-0.064299,-0.975323,1,0,0,0,0,0,0,0,0,0,0
1540,-0.004908,-0.015494,-0.0224,-0.034755,-0.051163,-0.002397,-0.006848,-0.004879,0.002368,0.006934,-0.000285,-0.000799,-0.006449,-0.01344,-0.01986,0.00137,0.005336,0.025738,0.039949,0.051562,-0.003396,-0.021715,-0.032729,-0.046569,-0.059495,-0.010586,-0.022571,-0.031987,-0.031331,-0.036467,0.005193,0.008903,0.007961,0.006278,0.001969,0.002311,0.004623,0.014039,0.022913,0.031788,0.000274,-0.001834,-0.013239,-0.019036,-0.021942,-0.008129,-0.015892,-0.02735,-0.033958,-0.043608,-0.003826,-0.006596,-0.008829,-0.011613,-0.012619,-0.001966,0.005547,0.009045,0.010171,0.007463,0.09941,-0.964213,-0.065705,-0.973112,1,0,0,0,0,0,0,0,0,0,0
1541,-0.005778,-0.013826,-0.023571,-0.038403,-0.05312,-0.003334,-0.004197,0.001495,0.006611,0.010291,-0.000172,-0.002156,-0.009744,-0.016873,-0.023197,0.000632,0.010348,0.033545,0.043951,0.054759,-0.00917,-0.024261,-0.035787,-0.050102,-0.060479,-0.006295,-0.019891,-0.021271,-0.023226,-0.030038,0.002271,0.003277,0.002415,-0.000316,-0.007589,0.001294,0.004887,0.020006,0.02199,0.034609,0.000385,-0.00602,-0.014708,-0.023475,-0.021592,-0.003077,-0.015976,-0.023073,-0.030137,-0.040541,-0.001808,-0.003451,-0.007147,-0.009255,-0.008809,0.003519,0.010291,0.011797,0.01135,0.008018,0.100686,-0.963826,-0.07136,-0.971556,1,0,0,0,0,0,0,0,0,0,0
1542,-0.00493,-0.011947,-0.024503,-0.041177,-0.053154,-0.00116,0.000841,0.008206,0.012846,0.019313,-0.000348,-0.00609,-0.013194,-0.019719,-0.02633,0.003393,0.024126,0.038568,0.05037,0.061708,-0.009366,-0.02056,-0.034624,-0.04776,-0.055067,-0.005829,-0.015398,-0.014731,-0.019951,-0.027664,0.001479,0.000522,-0.001189,-0.005568,-0.013716,0.001044,0.010613,0.019632,0.02865,0.041612,-0.002531,-0.014121,-0.020012,-0.022964,-0.021219,-0.004785,-0.016429,-0.023145,-0.032952,-0.047014,-0.001178,-0.003677,-0.006793,-0.007919,-0.007095,0.004667,0.008583,0.009843,0.006812,0.003152,0.101996,-0.968332,-0.075628,-0.969597,1,0,0,0,0,0,0,0,0,0,0
1543,-0.003213,-0.013116,-0.028189,-0.043145,-0.052785,0.000292,0.006076,0.011276,0.015015,0.032249,-0.001665,-0.009377,-0.016621,-0.023048,-0.030964,0.006456,0.030029,0.040604,0.051587,0.0652,-0.005901,-0.017614,-0.032162,-0.042707,-0.050273,-0.007945,-0.009348,-0.011334,-0.018257,-0.021996,-0.000467,-0.001344,-0.004119,-0.011509,-0.019776,0.0026,0.017965,0.019981,0.032804,0.048608,-0.00396,-0.012789,-0.021698,-0.019785,-0.017572,-0.008288,-0.015501,-0.022679,-0.033252,-0.05416,-0.000598,-0.004735,-0.007094,-0.006596,-0.006497,0.002668,0.004353,0.003853,0.000123,-0.001805,0.104942,-0.974357,-0.07685,-0.970421,1,0,0,0,0,0,0,0,0,0,0
1544,-0.003886,-0.016632,-0.033558,-0.045715,-0.055194,0.001737,0.009214,0.013924,0.020488,0.041977,-0.004151,-0.011363,-0.017986,-0.024697,-0.03294,0.014542,0.029201,0.041182,0.052692,0.066056,-0.005416,-0.019693,-0.033028,-0.040446,-0.048306,-0.001707,-0.00103,-0.006329,-0.014159,-0.013924,-0.0005,-0.002237,-0.006682,-0.014954,-0.023903,0.007094,0.016249,0.025404,0.038562,0.049483,-0.007775,-0.013755,-0.016753,-0.014981,-0.017355,-0.003467,-0.010285,-0.02024,-0.034514,-0.055703,-0.002144,-0.005605,-0.006856,-0.00594,-0.005352,0.001535,0.002934,-0.000432,-0.004497,-0.005891,0.108002,-0.97583,-0.078814,-0.969276,1,0,0,0,0,0,0,0,0,0,0
1545,-0.006163,-0.021527,-0.036772,-0.046598,-0.055888,0.004139,0.009439,0.01325,0.030817,0.04499,-0.003662,-0.011047,-0.017597,-0.025666,-0.032812,0.00932,0.020098,0.031294,0.045169,0.061575,-0.006461,-0.021289,-0.032038,-0.03975,-0.044484,0.000298,-0.001727,-0.008784,-0.012595,-0.012148,-0.000387,-0.003216,-0.010749,-0.019175,-0.025994,0.008486,0.01054,0.023612,0.03972,0.053833,-0.001135,-0.010215,-0.008266,-0.006011,-0.008323,-0.003845,-0.011161,-0.021939,-0.04325,-0.056799,-0.002406,-0.005103,-0.004534,-0.00442,-0.004498,0.000264,-0.000308,-0.004572,-0.006775,-0.009839,0.108132,-0.985278,-0.084041,-0.968243,1,0,0,0,0,0,0,0,0,0,0
1546,-0.0068,-0.024101,-0.036527,-0.046215,-0.054489,0.00346,0.008274,0.014984,0.036948,0.045644,-0.003671,-0.010441,-0.017301,-0.025725,-0.032706,0.005566,0.017812,0.029577,0.043237,0.063576,-0.008064,-0.021693,-0.029276,-0.037309,-0.039235,0.000391,-0.005025,-0.013028,-0.012787,-0.012456,-0.001384,-0.005927,-0.014382,-0.023529,-0.02738,0.000782,0.01014,0.023589,0.034752,0.059604,-0.004966,-0.008029,-0.006218,-0.008645,-0.004404,-0.003084,-0.013259,-0.027849,-0.049507,-0.057587,-0.001446,-0.002904,-0.001836,-0.001151,-0.003733,0.001347,-0.002576,-0.007315,-0.008939,-0.013037,0.106773,-0.994076,-0.089789,-0.963308,1,0,0,0,0,0,0,0,0,0,0
1547,-0.008809,-0.024362,-0.034386,-0.043863,-0.051579,0.001914,0.005802,0.023724,0.038183,0.048268,-0.003827,-0.01051,-0.018742,-0.026032,-0.031044,0.005377,0.016798,0.030953,0.047691,0.066251,-0.006987,-0.017952,-0.02582,-0.03065,-0.030862,-0.00246,-0.00966,-0.013548,-0.013092,-0.013001,-0.001488,-0.009174,-0.01777,-0.024726,-0.026792,0.001306,0.014641,0.031075,0.045473,0.064215,-0.004251,-0.002261,3.9e-05,-0.002319,-0.002372,-0.004351,-0.015346,-0.037088,-0.05091,-0.060497,-0.001557,-0.000902,-0.000771,-0.00086,-0.003206,-0.002098,-0.007002,-0.009536,-0.01306,-0.017982,0.104797,-0.993603,-0.095369,-0.959635,1,0,0,0,0,0,0,0,0,0,0
1548,-0.008755,-0.021443,-0.031335,-0.039783,-0.044422,0.00298,0.009831,0.032257,0.041135,0.058584,-0.003041,-0.010046,-0.018648,-0.025775,-0.029154,0.007066,0.019078,0.033025,0.053792,0.064974,-0.006851,-0.014592,-0.022795,-0.024761,-0.023286,-0.003041,-0.011213,-0.010967,-0.010629,-0.003932,-0.003134,-0.011766,-0.021105,-0.025037,-0.025805,0.008233,0.021965,0.033363,0.058738,0.067524,0.001171,0.00302,0.000542,0.004872,0.002285,-0.005989,-0.020886,-0.042999,-0.051249,-0.061617,-2e-06,0.001233,0.002026,-0.000962,-0.002993,-0.002269,-0.00775,-0.009629,-0.01437,-0.018599,0.103258,-0.993565,-0.101116,-0.965692,1,0,0,0,0,0,0,0,0,0,0
1549,-0.007039,-0.017271,-0.026946,-0.034822,-0.038139,0.000961,0.019256,0.034015,0.04431,0.059038,-0.003752,-0.012155,-0.019597,-0.024713,-0.027194,0.004527,0.018977,0.036062,0.055007,0.061209,-0.004279,-0.01231,-0.01724,-0.017457,-0.015938,-0.004279,-0.008248,-0.007783,-0.00769,0.005519,-0.004682,-0.013457,-0.020558,-0.022667,-0.023628,0.005302,0.022077,0.036775,0.055907,0.059535,0.000849,0.003197,0.000789,0.000736,-0.001944,-0.005179,-0.027373,-0.041482,-0.051268,-0.052456,0.000759,0.00091,0.000806,-0.001903,-0.003078,-0.003242,-0.006169,-0.010238,-0.015922,-0.019028,0.101779,-0.991157,-0.104691,-0.973951,1,0,0,0,0,0,0,0,0,0,0
1550,-0.005821,-0.015899,-0.024506,-0.029232,-0.03399,0.006009,0.028857,0.037902,0.055679,0.057776,-0.003349,-0.012112,-0.019374,-0.022816,-0.023411,0.007668,0.021877,0.043035,0.054427,0.061094,-0.003568,-0.011925,-0.013928,-0.012425,-0.011267,-0.004006,-0.003756,-0.003411,0.003411,0.010829,-0.004069,-0.013583,-0.01759,-0.018372,-0.019874,0.008638,0.02025,0.046102,0.055053,0.05496,0.001027,-0.001497,0.002914,0.000278,-0.006396,-0.00995,-0.032478,-0.040883,-0.051447,-0.045702,0.000597,0.001501,-0.001903,-0.004217,-0.002967,-0.002784,-0.004924,-0.010325,-0.015143,-0.018889,0.101167,-0.988446,-0.107339,-0.974709,1,0,0,0,0,0,0,0,0,0,0
1551,-0.004553,-0.014417,-0.022448,-0.025831,-0.032502,0.012584,0.027633,0.03813,0.053148,0.051789,-0.005185,-0.012773,-0.01799,-0.020519,-0.020646,0.006987,0.024408,0.043726,0.05005,0.056499,-0.004584,-0.009612,-0.009833,-0.008284,-0.007398,0.0,0.000474,0.000569,0.014038,0.020646,-0.004837,-0.012078,-0.014228,-0.015208,-0.017453,0.008378,0.023365,0.042873,0.046572,0.045845,0.001357,-0.001098,-0.001152,-0.003885,-0.01088,-0.012579,-0.026966,-0.036944,-0.038155,-0.029597,-0.000468,-0.000586,-0.003691,-0.005037,-0.002583,-0.000366,-0.005029,-0.011543,-0.015102,-0.020286,0.102145,-0.9855,-0.1098,-0.981805,1,0,0,0,0,0,0,0,0,0,0
1552,-0.005695,-0.014493,-0.019325,-0.024188,-0.030683,0.010622,0.019869,0.038041,0.040185,0.039033,-0.003711,-0.011134,-0.014653,-0.015261,-0.016061,0.007455,0.029083,0.040729,0.047544,0.049463,-0.003903,-0.005951,-0.004415,-0.003231,-0.001824,0.000256,0.000608,0.007583,0.015165,0.023196,-0.004831,-0.008926,-0.009726,-0.011262,-0.014621,0.003391,0.029819,0.038969,0.038873,0.037881,-0.003954,0.000555,-0.002139,-0.008961,-0.011661,-0.010301,-0.018892,-0.029691,-0.023819,-0.013972,0.001562,-0.002408,-0.005108,-0.00365,-0.000969,-0.002099,-0.008399,-0.014019,-0.01839,-0.024388,0.104035,-0.987736,-0.112917,-0.981926,1,0,0,0,0,0,0,0,0,0,0
1553,-0.004327,-0.012528,-0.015982,-0.022795,-0.028542,0.004649,0.015369,0.030706,0.029317,0.028445,-0.004004,-0.009331,-0.011914,-0.012043,-0.012689,0.010267,0.029995,0.036453,0.043039,0.041554,-0.001195,-0.001421,0.000161,0.001065,0.005198,0.000226,0.000323,0.014077,0.020826,0.023053,-0.002518,-0.004714,-0.005715,-0.008007,-0.012011,0.011882,0.031803,0.035581,0.034838,0.034225,0.001483,0.001427,-0.001363,-0.008507,-0.00736,-0.004297,-0.014487,-0.015723,-0.006984,-0.002911,-0.001802,-0.005399,-0.006958,-0.004115,-0.000785,-0.003164,-0.010709,-0.014831,-0.020835,-0.029789,0.106422,-0.990009,-0.118439,-0.980762,1,0,0,0,0,0,0,0,0,0,0
1554,-0.004584,-0.009493,-0.014435,-0.021035,-0.025846,0.004714,0.02318,0.025359,0.024188,0.023701,-0.003511,-0.007087,-0.007705,-0.008518,-0.008745,0.011639,0.023473,0.030398,0.032348,0.031341,-0.000878,0.000683,0.001886,0.003316,0.009981,0.00013,0.007217,0.014923,0.023083,0.02344,-0.001626,-0.002438,-0.003999,-0.007413,-0.010924,0.01489,0.024188,0.024091,0.023083,0.02175,0.003089,0.000351,-0.006581,-0.009325,-0.009368,-0.004404,-0.015377,-0.009409,0.000596,0.002686,-0.00255,-0.00557,-0.003939,-0.000939,0.002567,-0.003728,-0.010015,-0.014904,-0.021614,-0.032816,0.108296,-0.994184,-0.123193,-0.981296,1,0,0,0,0,0,0,0,0,0,0
1555,-0.003691,-0.007186,-0.014077,-0.019891,-0.022406,0.006108,0.021622,0.020218,0.019336,0.018617,-0.001862,-0.004475,-0.004605,-0.005259,-0.005226,0.008264,0.014796,0.021459,0.019957,0.016658,0.000653,0.002254,0.003168,0.007349,0.013849,-3.3e-05,0.013881,0.020708,0.022962,0.023027,-0.000588,-0.0016,-0.003919,-0.00797,-0.010387,0.005193,0.009015,0.008264,0.007643,0.005161,-0.003159,-0.005982,-0.013209,-0.012049,-0.011019,-0.005884,-0.007135,0.001706,0.005826,0.007687,-0.001265,-0.002955,0.000128,0.003737,0.006326,-0.004329,-0.008798,-0.015307,-0.025014,-0.034134,0.10971,-0.995806,-0.126782,-0.980244,1,0,0,0,0,0,0,0,0,0,0
1556,-0.001248,-0.006242,-0.012911,-0.017773,-0.018988,0.012517,0.014718,0.013535,0.013042,0.012681,-0.001741,-0.002365,-0.003187,-0.003417,-0.003318,0.003647,0.010644,0.012615,0.011597,0.003154,0.00092,0.002135,0.003581,0.010315,0.018036,0.007195,0.01498,0.023226,0.023588,0.023095,-0.00023,-0.001807,-0.005256,-0.008804,-0.010381,0.004172,0.004074,0.003055,0.001708,-0.003219,0.000412,-0.006594,-0.009366,-0.00941,-0.005757,-0.00517,0.00086,0.01097,0.013082,0.01412,-0.001931,-0.000177,0.003049,0.006821,0.008363,-0.002255,-0.007515,-0.014733,-0.026784,-0.03633,0.11046,-0.994342,-0.132545,-0.979137,1,0,0,0,0,0,0,0,0,0,0
1557,-0.002273,-0.009225,-0.01509,-0.017627,-0.018549,0.003097,0.00168,0.000791,6.6e-05,-0.000132,-0.00089,-0.001021,-0.00168,-0.001647,-0.001252,0.002932,0.009654,0.008138,0.00481,-0.003031,0.000692,0.001614,0.005832,0.012388,0.019274,0.00682,0.013706,0.01598,0.016045,0.014332,-0.000791,-0.00313,-0.007216,-0.009654,-0.010741,-0.000329,-0.001087,-0.001713,-0.004217,-0.011663,-0.00326,-0.01055,-0.00938,-0.008341,-0.00781,0.003923,0.012841,0.016997,0.018875,0.018453,0.000175,0.003451,0.007287,0.010038,0.011743,-0.002448,-0.009365,-0.019681,-0.029374,-0.038087,0.111256,-0.991228,-0.136114,-0.978026,1,0,0,0,0,0,0,0,0,0,0
1558,-0.002746,-0.009463,-0.01436,-0.015585,-0.015949,-0.000893,-0.002085,-0.002581,-0.002945,-0.00354,0.000265,-0.000562,-0.000794,-0.000695,-3.3e-05,0.004103,0.006088,0.005062,-0.003441,-0.007544,0.000529,0.001985,0.008768,0.016544,0.021011,0.000993,0.009298,0.009662,0.009165,0.006088,-0.000794,-0.004268,-0.007842,-0.00943,-0.010357,0.000232,-0.000794,-0.002151,-0.007114,-0.012706,-0.003782,-0.006574,-0.006618,-0.002939,-0.004272,0.002133,0.012316,0.014443,0.015489,0.013738,0.001664,0.005057,0.009023,0.010645,0.012726,-0.003008,-0.010598,-0.023268,-0.033306,-0.039057,0.112135,-0.992589,-0.138629,-0.97872,1,0,0,0,0,0,0,0,0,0,0
1559,-0.004247,-0.010153,-0.012708,-0.013637,-0.012907,-0.000531,-0.001427,-0.002157,-0.002356,-0.00438,-0.000398,-0.001062,-0.001029,-0.00063,0.000597,0.002654,0.001128,-0.002223,-0.01012,-0.013372,0.000398,0.004645,0.011248,0.018183,0.022264,0.005939,0.008229,0.008295,0.00657,-0.003683,-0.001559,-0.005674,-0.008129,-0.009224,-0.009755,-0.000995,-0.001626,-0.004148,-0.011646,-0.014898,-0.003549,-0.002371,-0.001324,-0.000789,-0.00062,0.006842,0.011027,0.012918,0.012494,0.004868,0.001744,0.005775,0.008665,0.010456,0.012603,-0.0042,-0.015037,-0.02522,-0.034373,-0.039434,0.114213,-0.992409,-0.140313,-0.971772,1,0,0,0,0,0,0,0,0,0,0
1560,-0.002496,-0.007422,-0.008653,-0.00902,-0.008421,-0.000666,-0.001165,-0.001531,-0.00213,-0.006224,-0.000433,-0.000666,-0.000566,0.0001,0.00223,-0.000666,-0.001697,-0.010251,-0.014378,-0.016309,0.001065,0.007888,0.015709,0.020203,0.024063,0.002396,0.002762,0.002263,-0.000832,-0.02403,-0.00193,-0.005525,-0.007122,-0.008054,-0.008188,-3.3e-05,-0.001398,-0.00639,-0.012015,-0.01501,0.000751,0.000707,0.004408,0.003066,0.002229,0.00338,0.005519,0.006571,0.00481,-0.01354,0.001752,0.005885,0.007574,0.009742,0.012681,-0.003616,-0.016818,-0.027275,-0.033267,-0.039772,0.115543,-0.992371,-0.140953,-0.95812,1,0,0,0,0,0,0,0,0,0,0
1561,-0.003439,-0.00601,-0.006945,-0.00621,-0.004307,-0.000234,-0.000968,-0.001169,-0.003205,-0.010384,-0.000234,-0.0002,0.0002,0.001436,0.004841,-0.000868,-0.00424,-0.012186,-0.015458,-0.017495,0.003205,0.009849,0.016827,0.020934,0.025842,-0.0001,-3.3e-05,-0.00177,-0.012086,-0.032519,-0.002204,-0.004674,-0.005776,-0.00631,-0.00591,-0.000601,-0.003138,-0.010684,-0.013956,-0.017094,0.000432,0.001485,0.002024,0.002194,0.001402,0.000821,0.002724,0.002297,-0.005377,-0.017969,0.002418,0.005437,0.007308,0.009551,0.013471,-0.007623,-0.018259,-0.02782,-0.033105,-0.038214,0.118569,-0.991139,-0.141466,-0.953754,1,0,0,0,0,0,0,0,0,0,0
1562,-0.001502,-0.002737,-0.003105,-0.002504,0.001502,-0.000267,-0.000634,-0.001235,-0.005341,-0.013119,0.0,0.0001,0.000768,0.002904,0.009213,-0.000167,-0.008746,-0.012885,-0.014822,-0.018594,0.003639,0.011483,0.01599,0.019862,0.02497,0.000467,-3.3e-05,-0.003138,-0.026405,-0.034784,-0.001402,-0.003004,-0.003939,-0.004073,-0.001135,-0.000768,-0.005775,-0.011417,-0.014421,-0.020029,-0.000476,0.003236,0.001891,0.00105,-0.000424,0.001325,0.00238,0.000614,-0.017791,-0.0182,0.001804,0.003529,0.005743,0.008744,0.0132,-0.005865,-0.016543,-0.022662,-0.029303,-0.030429,0.121249,-0.987513,-0.139853,-0.951857,1,0,0,0,0,0,0,0,0,0,0
1563,-0.001071,-0.002009,-0.001272,0.000636,0.007599,-0.000469,-0.00067,-0.002712,-0.009909,-0.014696,3.3e-05,0.000435,0.001674,0.005088,0.014763,-0.003214,-0.011181,-0.014462,-0.016504,-0.021258,0.003013,0.010009,0.014127,0.019048,0.025308,-0.000402,-0.002142,-0.012487,-0.032974,-0.036188,-0.001071,-0.002176,-0.002712,-0.00231,0.00385,-0.001774,-0.00934,-0.012621,-0.015767,-0.025208,0.001533,0.002073,0.002243,0.001449,-0.002828,0.000579,0.000151,-0.007543,-0.020169,-0.018735,0.001235,0.003142,0.005427,0.00942,0.014454,-0.004853,-0.014594,-0.019979,-0.025184,-0.024256,0.124051,-0.983717,-0.13941,-0.952933,1,0,0,0,0,0,0,0,0,0,0
1564,-0.000168,-0.000537,6.7e-05,0.004092,0.013248,0.000101,-0.000503,-0.004629,-0.012443,-0.015496,6.7e-05,0.000738,0.002884,0.009224,0.021332,-0.0054,-0.009559,-0.011504,-0.015294,-0.018346,0.004863,0.009391,0.013282,0.018414,0.025189,-0.000101,-0.00322,-0.026597,-0.035016,-0.038907,-0.000537,-0.001476,-0.00161,0.001342,0.010934,-0.003253,-0.008922,-0.01194,-0.017575,-0.028375,0.002193,0.000841,-3e-06,-0.001484,-0.008903,0.00048,-0.001295,-0.019786,-0.020198,-0.021418,0.000531,0.00282,0.005921,0.010528,0.014719,-0.006119,-0.012443,-0.019308,-0.020472,-0.018306,0.123629,-0.978787,-0.135976,-0.949901,1,0,0,0,0,0,0,0,0,0,0
1565,-0.000772,-3.4e-05,0.00188,0.008861,0.019602,-0.000302,-0.002349,-0.009566,-0.014366,-0.015641,0.000336,0.001578,0.005001,0.014701,0.028899,-0.002584,-0.005874,-0.007921,-0.012687,-0.013996,0.002148,0.006277,0.01121,0.017487,0.022656,-0.001645,-0.012016,-0.032557,-0.03578,-0.041049,-0.000571,-0.001108,-0.000705,0.005471,0.019568,-0.00433,-0.007619,-0.010774,-0.020239,-0.031181,-0.001653,-0.001482,-0.002279,-0.006567,-0.016125,-0.00091,-0.008623,-0.021283,-0.019845,-0.02468,0.001408,0.003735,0.007803,0.012929,0.014387,-0.003771,-0.009256,-0.014557,-0.013612,-0.008941,0.122614,-0.97012,-0.129664,-0.945226,1,0,0,0,0,0,0,0,0,0,0
1566,0.000403,0.001008,0.005039,0.014209,0.025328,-0.000302,-0.004434,-0.012261,-0.015318,-0.017501,0.000336,0.002486,0.008835,0.020961,0.036481,-0.001579,-0.003527,-0.007323,-0.01038,-0.012395,0.002385,0.006282,0.011421,0.018207,0.02469,-0.001478,-0.024892,-0.033323,-0.03722,-0.042057,-0.00037,-0.000504,0.002452,0.012059,0.026907,-0.001344,-0.004367,-0.01001,-0.020827,-0.03077,0.000301,-0.000544,-0.002028,-0.009458,-0.017253,-0.000867,-0.019387,-0.019799,-0.021021,-0.024374,0.000897,0.004032,0.008689,0.012926,0.014696,-0.0026,-0.009539,-0.010716,-0.008526,-0.00455,0.124719,-0.965954,-0.125932,-0.941948,1,0,0,0,0,0,0,0,0,0,0
1567,0.000337,0.002256,0.009258,0.02003,0.032284,-0.001751,-0.008988,-0.013802,-0.015082,-0.018246,0.000909,0.004343,0.014072,0.028312,0.046154,-0.001717,-0.00377,-0.008551,-0.009864,-0.010907,0.001751,0.006699,0.012994,0.018179,0.028076,-0.008921,-0.029524,-0.032755,-0.038041,-0.040296,-0.000168,0.000236,0.00643,0.020569,0.036324,-0.001953,-0.005117,-0.01461,-0.025585,-0.030702,-0.00013,-0.000929,-0.00523,-0.014817,-0.018615,-0.006868,-0.019565,-0.018122,-0.022972,-0.022432,0.001465,0.005618,0.010852,0.012341,0.015194,-0.00296,-0.008373,-0.007409,-0.00264,-0.000283,0.125533,-0.964541,-0.121086,-0.941665,1,0,0,0,0,0,0,0,0,0,0
1568,0.00027,0.004316,0.013522,0.024684,0.042118,-0.002394,-0.010251,-0.01332,-0.015512,-0.018311,0.001248,0.007621,0.019794,0.035373,0.054426,-0.000236,-0.004047,-0.007115,-0.009138,-0.009273,0.002158,0.007317,0.014129,0.020637,0.033249,-0.014567,-0.023031,-0.026943,-0.031799,-0.030855,3.4e-05,0.003001,0.012645,0.02755,0.04549,-0.001079,-0.006744,-0.017602,-0.027584,-0.029911,-0.000718,-0.002207,-0.009666,-0.017491,-0.019533,-0.011712,-0.012126,-0.013352,-0.016718,-0.013727,0.001738,0.006522,0.010874,0.012692,0.014216,-0.004133,-0.005341,-0.003092,0.000993,0.006192,0.126932,-0.963791,-0.114976,-0.941934,1,0,0,0,0,0,0,0,0,0,0
1569,0.001654,0.008672,0.019471,0.031754,0.052912,-0.004859,-0.009685,-0.010967,-0.014139,-0.015894,0.002193,0.011946,0.02622,0.044105,0.066073,-0.001822,-0.006614,-0.00793,-0.008976,-0.009752,0.002801,0.009111,0.014308,0.024229,0.039279,-0.006074,-0.009314,-0.014612,-0.016872,-0.015995,0.000371,0.00658,0.020753,0.036546,0.0574,-0.002092,-0.011608,-0.022609,-0.027738,-0.032429,-8.2e-05,-0.004393,-0.014003,-0.017811,-0.021559,-0.001007,0.000439,-0.004423,-0.003882,-0.002146,0.002476,0.007799,0.009313,0.012214,0.013941,-0.001351,-0.00037,0.004479,0.006875,0.013243,0.127544,-0.96037,-0.109559,-0.94033,1,0,0,0,0,0,0,0,0,0,0
1570,0.002398,0.011617,0.022795,0.040255,0.062037,-0.003006,-0.006079,-0.008274,-0.011077,-0.011043,0.004188,0.016379,0.031981,0.051061,0.078078,-0.001992,-0.005066,-0.007092,-0.007227,-0.005842,0.002364,0.009186,0.015703,0.028334,0.042112,-0.002398,-0.006315,-0.011178,-0.010233,-0.009996,0.0026,0.012259,0.027185,0.045152,0.066022,-0.00358,-0.014454,-0.02445,-0.02678,-0.031474,-0.00141,-0.008879,-0.016716,-0.018761,-0.023997,0.000594,-0.000634,-0.004005,-0.001009,-0.001872,0.002343,0.006741,0.008578,0.010118,0.017437,0.000137,0.00241,0.006537,0.011791,0.019733,0.129652,-0.954293,-0.101474,-0.93269,1,0,0,0,0,0,0,0,0,0,0
1571,0.004626,0.01543,0.027721,0.048891,0.071851,-0.001823,-0.003106,-0.00628,-0.008036,-0.006213,0.005571,0.019854,0.037749,0.05973,0.084952,-0.002802,-0.004119,-0.005166,-0.005943,0.002499,0.00395,0.00915,0.019077,0.034136,0.047642,-0.000844,-0.006145,-0.008407,-0.00753,-0.007563,0.003613,0.017794,0.033596,0.054462,0.071986,-0.005943,-0.01695,-0.022082,-0.026775,-0.027822,-0.002905,-0.01252,-0.01633,-0.02008,-0.028452,0.000853,-0.004011,-0.003469,-0.001733,-0.00476,0.003004,0.004524,0.007437,0.009171,0.018467,0.000848,0.005718,0.008123,0.014517,0.023559,0.134482,-0.948875,-0.091155,-0.922426,1,0,0,0,0,0,0,0,0,0,0
1572,0.004601,0.015798,0.033288,0.055108,0.084505,-0.001252,-0.003451,-0.006258,-0.006225,-0.00433,0.006631,0.02226,0.041373,0.068436,0.096785,-0.000271,-0.0023,-0.002436,-0.001049,0.010386,0.002875,0.009404,0.022057,0.035859,0.057442,-0.003078,-0.00795,-0.007003,-0.006766,-0.00636,0.006055,0.021008,0.039005,0.059911,0.079837,-0.004939,-0.014952,-0.017287,-0.021989,-0.02253,-0.004572,-0.012422,-0.014471,-0.019716,-0.03032,-0.002085,-0.005461,-0.002461,-0.003325,-0.005709,0.001406,0.003266,0.004824,0.012233,0.022146,0.001441,0.005618,0.010936,0.018975,0.026431,0.138277,-0.941514,-0.087057,-0.914197,1,0,0,0,0,0,0,0,0,0,0
1573,0.006224,0.018536,0.039744,0.062745,0.097957,-3.4e-05,-0.003213,-0.004972,-0.003146,-0.003078,0.007678,0.025605,0.047625,0.072892,0.105499,-0.001049,-0.002097,-0.002875,0.005581,0.011162,0.002334,0.012278,0.027364,0.040894,0.068022,-0.002232,-0.004499,-0.003619,-0.003653,0.001556,0.008152,0.023982,0.044885,0.062441,0.084663,-0.006088,-0.01123,-0.015931,-0.01698,-0.01901,-0.005061,-0.008877,-0.012635,-0.021021,-0.026916,-0.002788,-0.002246,-0.000506,-0.003538,0.00072,0.000134,0.003083,0.004839,0.014252,0.025125,0.003491,0.005927,0.012401,0.021556,0.030032,0.144176,-0.935659,-0.080171,-0.913653,1,0,0,0,0,0,0,0,0,0,0
1574,0.004959,0.022398,0.044155,0.073467,0.107941,-0.002159,-0.004959,-0.004925,-0.003036,-0.003171,0.007927,0.026985,0.053971,0.082238,0.113304,-0.000978,-0.001113,0.00027,0.011671,0.011739,0.004183,0.016798,0.030561,0.052082,0.080349,-0.002631,-0.001687,-0.00145,-0.001046,0.005296,0.00678,0.024725,0.045571,0.065439,0.08615,-0.003913,-0.00624,-0.010929,-0.011469,-0.015247,-0.00278,-0.004823,-0.010053,-0.020626,-0.02265,-0.000586,0.002406,0.001544,-0.000833,0.00499,0.001691,0.003219,0.010479,0.020194,0.030092,0.00067,0.005881,0.013759,0.021066,0.027828,0.152391,-0.931054,-0.077429,-0.912239,1,0,0,0,0,0,0,0,0,0,0
1575,0.007317,0.028457,0.051384,0.086484,0.124449,-0.001012,-0.002765,-0.000944,-0.000877,-0.001315,0.009946,0.031896,0.057083,0.089586,0.122291,-6.7e-05,-0.000843,0.007586,0.01315,0.01234,0.005732,0.02077,0.034256,0.061297,0.095082,0.000371,0.001248,0.001214,0.006406,0.007923,0.009002,0.029839,0.047338,0.06949,0.0938,-0.001214,-0.0059,-0.006946,-0.008969,-0.018747,-0.001025,-0.00477,-0.01313,-0.019006,-0.026318,0.001127,0.002861,-0.000162,0.004082,0.005647,0.001198,0.002915,0.012119,0.022752,0.031585,0.001714,0.008045,0.016998,0.025287,0.029709,0.154666,-0.919523,-0.077251,-0.906898,1,0,0,0,0,0,0,0,0,0,0
1576,0.010107,0.031838,0.061116,0.095548,0.13719,-0.001786,-0.001752,0.000135,0.0,-0.001078,0.009097,0.036049,0.064283,0.095312,0.131159,-6.7e-05,0.001314,0.012702,0.012769,0.010309,0.006873,0.020619,0.042114,0.070347,0.10798,0.000573,0.000809,0.001213,0.007547,0.00758,0.008928,0.029749,0.049593,0.07028,0.097536,-0.001112,-0.005795,-0.006334,-0.010107,-0.020114,-0.001016,-0.00624,-0.0168,-0.018821,-0.024563,0.001863,0.001002,-0.001373,0.004444,0.005199,0.000322,0.007522,0.017156,0.026971,0.035308,0.003462,0.011274,0.01852,0.025225,0.029388,0.161612,-0.918981,-0.079319,-0.906431,1,0,0,0,0,0,0,0,0,0,0
1577,0.011013,0.033914,0.068972,0.106893,0.150304,3.4e-05,0.001852,0.00192,0.001482,0.002189,0.012831,0.037989,0.070454,0.103121,0.138887,-0.000707,0.007712,0.013269,0.012461,0.005321,0.00815,0.021621,0.048631,0.082376,0.122385,0.000303,0.000269,0.005456,0.006971,0.007914,0.011888,0.029367,0.051493,0.075775,0.103054,-0.00357,-0.004614,-0.006635,-0.016401,-0.023777,-0.002725,-0.011075,-0.016944,-0.024248,-0.022779,-0.00013,-0.003149,0.00109,0.002653,0.002605,0.001382,0.010511,0.021058,0.02982,0.03681,0.002827,0.011707,0.019929,0.024315,0.027789,0.166655,-0.916018,-0.079674,-0.906132,1,0,0,0,0,0,0,0,0,0,0
1578,0.01071,0.039978,0.074398,0.116026,0.161796,0.0,0.001886,0.001751,0.000674,0.002358,0.014112,0.042335,0.073354,0.109189,0.143003,0.002088,0.013472,0.013539,0.011081,-0.00293,0.005591,0.027078,0.055302,0.092922,0.136368,-6.7e-05,0.000337,0.006669,0.006702,0.009363,0.008925,0.028762,0.049441,0.076688,0.10343,-0.001111,-0.00165,-0.005422,-0.015425,-0.023205,-0.002496,-0.013053,-0.015074,-0.020813,-0.013232,-0.000731,-0.003104,0.00271,0.003465,0.00425,0.0058,0.01541,0.025202,0.033519,0.038342,0.004965,0.012194,0.018883,0.023035,0.025472,0.173751,-0.9147,-0.082378,-0.908216,1,0,0,0,0,0,0,0,0,0,0
1579,0.012143,0.047064,0.084836,0.128075,0.170678,0.001811,0.001879,0.001442,0.002147,0.002248,0.011003,0.04334,0.075879,0.111504,0.148773,0.006306,0.011841,0.011036,0.003925,-0.013049,0.00785,0.034753,0.068365,0.108217,0.150651,3.4e-05,0.0052,0.006709,0.007648,0.01211,0.00852,0.03056,0.054746,0.081917,0.109424,6.7e-05,-0.001946,-0.011674,-0.01902,-0.027943,-0.00583,-0.011676,-0.018951,-0.017488,-0.0075,-0.002279,0.001943,0.0035,0.003452,0.007787,0.003241,0.013501,0.022023,0.028823,0.035733,0.00381,0.011808,0.016075,0.019453,0.019962,0.177884,-0.91438,-0.08306,-0.912653,1,0,0,0,0,0,0,0,0,0,0
1580,0.01691,0.050998,0.092223,0.13755,0.177441,6.7e-05,-6.7e-05,-0.001134,0.000534,0.0002,0.01701,0.047729,0.083217,0.116704,0.150691,0.005003,0.00507,0.002635,-0.01124,-0.022614,0.013475,0.041425,0.078681,0.121707,0.165234,0.000367,0.006637,0.006671,0.009306,0.025415,0.011173,0.031653,0.058636,0.085118,0.11607,-0.0006,-0.004336,-0.014242,-0.021947,-0.031386,-0.004658,-0.006659,-0.012343,-0.004834,-0.00228,-8.4e-05,0.005674,0.006421,0.007199,0.023883,0.005865,0.015012,0.022781,0.027288,0.029484,0.003092,0.009341,0.013221,0.015497,0.013002,0.179547,-0.912923,-0.086748,-0.925608,1,0,0,0,0,0,0,0,0,0,0
1581,0.017703,0.055032,0.097765,0.139868,0.179385,0.0,-0.000431,0.000265,0.000365,-0.000133,0.015051,0.047208,0.082416,0.119247,0.148719,0.000497,-0.000298,-0.007327,-0.024101,-0.027947,0.013194,0.046413,0.085797,0.127734,0.177263,0.004741,0.006233,0.007161,0.01157,0.02798,0.010675,0.034577,0.06143,0.088615,0.117093,-0.001392,-0.011006,-0.018267,-0.027085,-0.031428,-0.001148,-0.008338,-0.006892,0.002979,0.002722,0.004257,0.005795,0.005748,0.010031,0.02775,0.003826,0.011673,0.017935,0.024297,0.02522,0.0044,0.008329,0.01144,0.011908,0.002297,0.18569,-0.915659,-0.093642,-0.930045,1,0,0,0,0,0,0,0,0,0,0
1582,0.0161,0.056879,0.101715,0.141174,0.178752,-0.000132,-0.001188,0.000462,0.000132,-0.000264,0.015407,0.050511,0.083635,0.117254,0.150247,-0.000429,-0.002837,-0.016562,-0.027812,-0.031771,0.014517,0.051369,0.093929,0.136984,0.186769,0.001485,0.001518,0.004124,0.020059,0.029594,0.009634,0.036324,0.06252,0.093137,0.121477,-0.002309,-0.012108,-0.019729,-0.029066,-0.036126,-0.000837,-0.006459,0.000968,0.003494,0.001538,0.00146,0.002199,0.002969,0.019471,0.030519,0.004777,0.011976,0.016151,0.018186,0.022533,0.001536,0.005131,0.00724,0.004929,-0.007882,0.188408,-0.912947,-0.100283,-0.936806,1,0,0,0,0,0,0,0,0,0,0
1583,0.020985,0.063384,0.105157,0.144365,0.179823,-0.000296,0.000395,0.000493,0.0,0.002401,0.016545,0.051477,0.08802,0.117262,0.150253,-0.000362,-0.007335,-0.023979,-0.027794,-0.031971,0.018486,0.057562,0.099171,0.148312,0.19321,0.0,0.000921,0.005296,0.021577,0.033813,0.014111,0.040754,0.067726,0.09598,0.125254,-0.007236,-0.01444,-0.023189,-0.027498,-0.033715,-0.006299,-0.004864,0.004929,0.004674,0.00356,7.1e-05,2.4e-05,0.004274,0.021854,0.03263,0.00275,0.008677,0.014698,0.015572,0.018863,0.002214,0.005159,0.005602,-0.003495,-0.013444,0.191574,-0.916825,-0.103561,-0.943105,1,0,0,0,0,0,0,0,0,0,0
1584,0.019558,0.064005,0.103121,0.140373,0.175205,-0.000752,0.000883,0.000556,0.000164,0.004088,0.018348,0.051185,0.084512,0.117217,0.148321,-0.002028,-0.015633,-0.026786,-0.030711,-0.033196,0.018152,0.060342,0.103023,0.152376,0.195711,3.3e-05,0.002616,0.018413,0.027865,0.036794,0.012428,0.038397,0.068748,0.096842,0.122549,-0.002518,-0.010073,-0.019329,-0.026328,-0.02659,0.00069,0.008052,0.010557,0.008617,0.012069,0.000662,0.001425,0.017784,0.028736,0.034688,0.00413,0.008058,0.009972,0.014062,0.017759,0.001254,0.003238,0.001063,-0.010988,-0.020529,0.196232,-0.917359,-0.111177,-0.945754,1,0,0,0,0,0,0,0,0,0,0
1585,0.022583,0.064089,0.103046,0.138277,0.171449,0.001438,0.001536,0.001046,0.003432,0.006994,0.016374,0.052683,0.081737,0.114517,0.146643,-0.004902,-0.021439,-0.02523,-0.029381,-0.036375,0.020688,0.06203,0.110857,0.155467,0.199098,0.000882,0.005229,0.021407,0.033564,0.040918,0.014053,0.040852,0.068926,0.098013,0.12393,-0.004641,-0.013334,-0.017616,-0.023792,-0.033989,0.000736,0.010467,0.010214,0.009107,0.00753,-0.000708,0.003515,0.020982,0.031689,0.036753,0.001557,0.007314,0.00815,0.011296,0.016652,0.001568,0.001991,-0.006706,-0.016218,-0.028502,0.19783,-0.908997,-0.11897,-0.948945,1,0,0,0,0,0,0,0,0,0,0
1586,0.021794,0.060816,0.097977,0.132724,0.162023,0.000196,-0.000131,-0.000522,0.003393,0.006134,0.016411,0.049657,0.082284,0.113311,0.144143,-0.008679,-0.019804,-0.023719,-0.026199,-0.03367,0.021436,0.064013,0.113246,0.156476,0.197357,0.001697,0.017455,0.026884,0.035791,0.041011,0.011876,0.042153,0.070179,0.095824,0.124796,-0.002904,-0.012137,-0.019119,-0.01938,-0.036444,0.006609,0.009108,0.007173,0.010617,0.001792,0.001468,0.017787,0.028713,0.03465,0.038673,0.002323,0.004205,0.008225,0.011861,0.015111,0.000402,-0.001736,-0.013584,-0.022965,-0.036969,0.1948,-0.903707,-0.125669,-0.948557,1,0,0,0,0,0,0,0,0,0,0
1587,0.019617,0.05846,0.093588,0.126663,0.156447,-9.8e-05,-0.000587,0.001792,0.005344,0.007462,0.019813,0.048782,0.081466,0.113498,0.137906,-0.007821,-0.011601,-0.015739,-0.022713,-0.025678,0.019813,0.068497,0.112977,0.15648,0.193857,0.002639,0.01877,0.030892,0.038224,0.038745,0.014859,0.042851,0.071853,0.097694,0.120928,-0.005768,-0.010037,-0.016195,-0.026362,-0.035552,0.003101,0.002848,0.001745,0.000173,-0.005542,0.002744,0.020161,0.030836,0.035886,0.035391,0.003337,0.004156,0.007238,0.012486,0.014409,1.6e-05,-0.008504,-0.017824,-0.029859,-0.039622,0.196482,-0.902528,-0.129549,-0.946334,1,0,0,0,0,0,0,0,0,0,0
1588,0.019356,0.056471,0.091174,0.120436,0.149372,-0.000228,-0.000619,0.003291,0.006028,0.010069,0.013393,0.045978,0.076967,0.10776,0.130081,-0.003291,-0.007201,-0.009678,-0.01714,-0.0218,0.022712,0.071883,0.115059,0.155889,0.189615,0.013099,0.022517,0.031412,0.036626,0.037832,0.01538,0.043371,0.068983,0.097919,0.118383,-0.003454,-0.010427,-0.010688,-0.02773,-0.037929,-0.000605,-0.002538,0.000901,-0.007913,-0.012786,0.013555,0.024467,0.030396,0.034414,0.032341,-0.001471,0.002514,0.006118,0.00934,0.011605,-0.002136,-0.013881,-0.023179,-0.037061,-0.0435,0.192936,-0.895974,-0.134194,-0.946682,1,0,0,0,0,0,0,0,0,0,0
1589,0.019451,0.054515,0.087529,0.117258,0.142564,-0.00026,0.002114,0.00566,0.007774,0.012946,0.015548,0.048172,0.080145,0.104508,0.128155,-0.000488,-0.004619,-0.011579,-0.014539,-0.022183,0.025924,0.070322,0.113745,0.151053,0.181889,0.003025,0.015125,0.022443,0.022964,0.026769,0.012588,0.041536,0.06733,0.090521,0.111208,-0.000813,-0.006961,-0.017109,-0.026281,-0.042512,0.000352,-0.000749,-0.002319,-0.008022,-0.015514,0.003854,0.01451,0.019551,0.019057,0.018575,0.00226,0.005303,0.010484,0.012382,0.015722,-0.006303,-0.015503,-0.027384,-0.037022,-0.04399,0.19252,-0.888526,-0.139636,-0.946884,1,0,0,0,0,0,0,0,0,0,0
1590,0.017609,0.052273,0.081502,0.110405,0.130325,-0.00013,0.003776,0.00651,0.010546,0.014289,0.01699,0.047944,0.078703,0.100998,0.121016,-0.003418,-0.005891,-0.013345,-0.017999,-0.023435,0.023175,0.066302,0.107085,0.140773,0.167268,0.00638,0.015265,0.020473,0.021677,0.023956,0.015363,0.040946,0.069849,0.09029,0.103635,-0.006152,-0.006412,-0.023435,-0.033623,-0.045698,-0.002282,0.001153,-0.007651,-0.012518,-0.017101,0.007043,0.012966,0.016979,0.014908,0.014545,0.001683,0.005258,0.008454,0.010701,0.015979,-0.00532,-0.014544,-0.028317,-0.034706,-0.042976,0.194359,-0.884551,-0.143991,-0.944456,1,0,0,0,0,0,0,0,0,0,0
1591,0.017456,0.05045,0.080161,0.105451,0.121347,0.002503,0.006046,0.008159,0.013328,0.015733,0.015636,0.04759,0.071937,0.095569,0.110327,-0.000715,-0.007672,-0.01063,-0.018269,-0.021584,0.021227,0.064623,0.101908,0.132724,0.152066,0.005721,0.013035,0.013555,0.017358,0.017554,0.013588,0.039365,0.062543,0.083217,0.089361,0.0,-0.010142,-0.019309,-0.03553,-0.054806,0.001179,-0.000389,-0.00609,-0.013577,-0.0264,0.003616,0.008653,0.00816,0.007678,0.006073,0.001363,0.006521,0.008411,0.011737,0.019399,-0.003889,-0.015719,-0.025316,-0.032254,-0.036856,0.199871,-0.870364,-0.143575,-0.942963,1,0,0,0,0,0,0,0,0,0,0
1592,0.017173,0.046381,0.075264,0.095169,0.110098,0.001399,0.004131,0.008164,0.011904,0.013466,0.015287,0.046023,0.068303,0.088306,0.097251,-0.001756,-0.009205,-0.013856,-0.019288,-0.020719,0.021857,0.062611,0.096275,0.122751,0.136151,0.003155,0.008359,0.009562,0.011839,0.011774,0.011969,0.040852,0.061278,0.074613,0.065961,-0.00026,-0.017271,-0.027451,-0.039518,-0.05139,0.002253,-0.006544,-0.011408,-0.015988,-0.020593,0.002301,0.006311,0.004242,0.003879,0.002016,0.002189,0.005369,0.007606,0.012857,0.024179,-0.005274,-0.018978,-0.025335,-0.033563,-0.032083,0.214283,-0.872887,-0.141288,-0.941149,1,0,0,0,0,0,0,0,0,0,0
1593,0.015804,0.045464,0.070711,0.086579,0.093199,0.002142,0.004251,0.009411,0.011812,0.012591,0.016647,0.040953,0.064545,0.079278,0.083464,-0.005192,-0.008145,-0.015771,-0.019081,-0.01853,0.021515,0.058736,0.0895,0.108808,0.115234,0.004154,0.004673,0.00847,0.008664,0.007496,0.013792,0.036929,0.057568,0.063701,0.048936,-0.009865,-0.019016,-0.035209,-0.054453,-0.047865,-0.003814,-0.009504,-0.016979,-0.02978,-0.017991,0.002733,0.002241,0.00176,0.000158,-0.001794,0.002943,0.00481,0.008096,0.015668,0.024842,-0.0065,-0.015982,-0.022837,-0.027385,-0.027538,0.222015,-0.876185,-0.139268,-0.939881,1,0,0,0,0,0,0,0,0,0,0
1594,0.013305,0.042052,0.061864,0.076724,0.079378,0.000583,0.004597,0.00832,0.009874,0.012075,0.013985,0.03616,0.05607,0.064972,0.067983,-0.002234,-0.006863,-0.012269,-0.013694,-0.012658,0.0191,0.052606,0.078957,0.092295,0.091874,0.001036,0.002234,0.0045,0.004435,0.000615,0.014989,0.035319,0.048592,0.03998,0.024344,-0.00709,-0.017222,-0.029233,-0.041049,-0.037261,-0.004952,-0.009793,-0.014351,-0.018935,-0.00991,0.001265,-0.000795,-0.001156,-0.00301,-0.00946,0.000184,0.002348,0.007429,0.018385,0.028588,-0.006869,-0.013021,-0.020983,-0.01955,-0.017335,0.235391,-0.876323,-0.133562,-0.936647,1,0,0,0,0,0,0,0,0,0,0
1595,0.016241,0.041362,0.057152,0.063739,0.067,0.001518,0.006652,0.009041,0.009816,0.014498,0.010236,0.03371,0.048369,0.052534,0.053212,-0.00071,-0.008298,-0.011592,-0.011043,-0.009977,0.017985,0.048595,0.067807,0.0742,0.072521,-0.000517,0.003261,0.003455,0.002293,-0.002583,0.008072,0.028608,0.034711,0.020019,-0.00352,-0.002034,-0.018146,-0.037294,-0.030739,-0.029092,-0.000723,-0.008161,-0.020898,-0.009168,0.000189,-0.001752,-0.00223,-0.003824,-0.005766,-0.016016,0.001623,0.004796,0.012107,0.020965,0.035121,-0.00241,-0.009029,-0.013421,-0.013568,-0.009973,0.249804,-0.877249,-0.132216,-0.934425,1,0,0,0,0,0,0,0,0,0,0
1596,0.012401,0.032114,0.046898,0.049539,0.04941,0.00248,0.006184,0.00773,0.009921,0.014366,0.011853,0.031663,0.04052,0.043516,0.04139,-0.003897,-0.009277,-0.010694,-0.009663,-0.007634,0.015396,0.041616,0.054886,0.054467,0.052986,0.001707,0.003962,0.003897,9.7e-05,-0.003414,0.012175,0.025382,0.016814,0.001256,-0.031566,-0.008053,-0.020002,-0.031759,-0.027991,-0.032371,-0.004095,-0.00863,-0.013192,-0.004211,0.002133,-0.000302,-0.000661,-0.002506,-0.008923,-0.016994,0.000494,0.005399,0.015975,0.025825,0.046107,-0.003569,-0.011255,-0.009872,-0.007734,-0.007694,0.268781,-0.870876,-0.131127,-0.931577,1,0,0,0,0,0,0,0,0,0,0
1597,0.012629,0.028343,0.034898,0.038144,0.035219,0.002635,0.005013,0.005784,0.010444,0.011729,0.011536,0.026125,0.030271,0.030946,0.027668,-0.003663,-0.006941,-0.006395,-0.005334,0.000289,0.015103,0.034223,0.040586,0.038915,0.034223,0.002057,0.002249,0.001093,-0.00376,-0.008162,0.008291,0.014364,-0.000257,-0.023683,-0.05585,-0.008001,-0.027057,-0.020534,-0.018895,-0.046306,-0.003316,-0.015992,-0.004318,0.004993,-0.012275,-0.000175,-0.001761,-0.003694,-0.013895,-0.019795,0.002582,0.009652,0.018218,0.031905,0.057389,-0.00289,-0.007136,-0.007279,-0.003803,-0.003051,0.280376,-0.848534,-0.128649,-0.927959,1,0,0,0,0,0,0,0,0,0,0
1598,0.007011,0.021704,0.024329,0.024201,0.022024,0.001056,0.002593,0.00477,0.009187,0.009572,0.008195,0.016998,0.019976,0.017863,0.015046,-0.001697,-0.003105,-0.002081,-6.4e-05,0.004002,0.011012,0.024201,0.023785,0.022312,0.016326,0.000192,0.000128,-0.003649,-0.007139,-0.01098,0.004866,-0.003649,-0.019111,-0.051731,-0.070683,-0.003905,-0.01559,-0.011844,-0.016198,-0.073404,-0.001204,-0.005737,0.003188,0.009493,-0.036561,-0.000183,-0.002017,-0.008395,-0.016415,-0.021199,0.002183,0.012313,0.021746,0.041171,0.063227,-0.004548,-0.003223,-0.001175,-0.001137,0.001626,0.286623,-0.812679,-0.126749,-0.926057,1,0,0,0,0,0,0,0,0,0,0
1599,0.008613,0.01512,0.018342,0.015439,0.014099,0.001308,0.002073,0.006699,0.007975,0.005423,0.006316,0.010431,0.011101,0.007847,0.005359,-0.001563,-0.001021,3.2e-05,0.005614,0.004593,0.008007,0.014323,0.012664,0.008007,0.003254,0.0,-0.001148,-0.005965,-0.010335,-0.012664,0.00118,-0.013334,-0.036588,-0.068518,-0.094069,-0.015024,-0.008549,-0.006922,-0.034132,-0.09458,-0.011384,0.000205,0.009448,-0.007694,-0.045627,-0.001392,-0.003311,-0.013437,-0.019293,-0.019614,0.004584,0.01272,0.02572,0.049922,0.068767,0.000403,0.000268,0.003569,0.004283,0.007245,0.305444,-0.788749,-0.126285,-0.926773,1,0,0,0,0,0,0,0,0,0,0
1600,0.006018,0.008629,0.008502,0.006337,0.004649,0.000223,0.002388,0.006782,0.007164,-0.000796,0.002452,0.005413,0.003312,0.000509,-0.002707,0.000159,0.001178,0.003184,0.007228,0.002452,0.005127,0.004713,0.003248,-0.002707,-0.005763,-6.4e-05,-0.003821,-0.007292,-0.011113,-0.01417,-0.009648,-0.025028,-0.057474,-0.076325,-0.117178,0.003375,0.007101,0.00277,-0.054131,-0.095653,0.006855,0.015732,0.022004,-0.023806,-0.031493,-0.000434,-0.006778,-0.014756,-0.019515,-0.014883,0.005231,0.014319,0.033032,0.05428,0.070745,0.000878,0.002851,0.002887,0.00555,0.007383,0.327774,-0.774187,-0.126084,-0.92898,1,0,0,0,0,0,0,0,0,0,0
1601,0.000476,0.003685,0.000794,-0.00054,-0.002319,0.00054,0.005146,0.006416,0.003875,-0.005972,0.001652,0.002319,-0.000921,-0.003399,-0.010482,0.000381,0.001429,0.006988,0.005972,-0.002287,0.001175,-0.000476,-0.005114,-0.009847,-0.014802,-0.00108,-0.005876,-0.010228,-0.012547,-0.017756,-0.004828,-0.027984,-0.059781,-0.085224,-0.123627,0.003081,0.004701,-0.022394,-0.082588,-0.124898,0.004702,0.013906,-0.003163,-0.040937,-0.046968,-0.001478,-0.011561,-0.017393,-0.017712,-0.013605,0.002756,0.015378,0.038877,0.057173,0.071017,-0.000994,0.002211,0.002904,0.00578,0.009196,0.343494,-0.748516,-0.122708,-0.926825,1,0,0,0,0,0,0,0,0,0,0
1602,0.002127,0.002,-0.000159,-0.001842,-0.003493,0.001619,0.006001,0.006382,-0.001556,-0.008923,0.001302,-0.000794,-0.003588,-0.006795,-0.017909,0.000635,0.002635,0.006668,0.001905,-0.008764,-0.001588,-0.003048,-0.008986,-0.012034,-0.019401,-0.002667,-0.006128,-0.009939,-0.012987,-0.019274,-0.01051,-0.042866,-0.061664,-0.102403,-0.128567,0.000635,-0.003683,-0.060425,-0.101831,-0.154128,0.004152,0.010406,-0.035275,-0.042941,-0.063013,-0.004849,-0.012805,-0.01755,-0.012932,-0.012702,0.006162,0.024513,0.045348,0.061493,0.07241,0.002926,0.002962,0.005573,0.007371,0.012546,0.35247,-0.722311,-0.119846,-0.925615,1,0,0,0,0,0,0,0,0,0,0
1603,0.001079,-0.001809,-0.003142,-0.004919,-0.006124,0.002983,0.004252,0.001714,-0.008124,-0.010916,-0.000635,-0.003871,-0.006346,-0.013423,-0.027544,0.000413,0.005966,0.00495,-0.0033,-0.015739,-6.3e-05,-0.004696,-0.009425,-0.014375,-0.021451,-0.002126,-0.006473,-0.00879,-0.013994,-0.016755,-0.01263,-0.044394,-0.069811,-0.108176,-0.124645,0.000984,-0.026084,-0.086217,-0.128485,-0.173386,0.005045,-0.012007,-0.049743,-0.055768,-0.076781,-0.005227,-0.011053,-0.011372,-0.007269,-0.008058,0.006398,0.029732,0.0479,0.061646,0.067667,0.000269,0.000958,0.003814,0.007205,0.012351,0.35923,-0.704152,-0.116687,-0.926549,1,0,0,0,0,0,0,0,0,0,0
1604,-0.001206,-0.003363,-0.005045,-0.006695,-0.00771,0.001396,0.001777,-0.006155,-0.013517,-0.014056,-0.00146,-0.004252,-0.007456,-0.018562,-0.036616,0.001586,0.005616,0.000857,-0.009804,-0.020751,-0.001396,-0.007329,-0.010375,-0.017737,-0.024336,-0.001333,-0.00514,-0.008186,-0.014469,-0.015293,-0.019704,-0.038488,-0.079196,-0.105341,-0.119207,-0.005299,-0.061999,-0.103374,-0.155632,-0.185108,0.001205,-0.044443,-0.052103,-0.07216,-0.087799,-0.002723,-0.007465,-0.00285,-0.002621,-0.003653,0.011862,0.032589,0.04865,0.059511,0.061782,-0.000233,0.002364,0.004152,0.009301,0.014141,0.365407,-0.693549,-0.113888,-0.926341,1,0,0,0,0,0,0,0,0,0,0
1605,-0.001679,-0.00301,-0.004784,-0.005988,-0.008522,-0.000127,-0.002661,-0.012482,-0.01527,-0.015777,-0.001774,-0.004245,-0.01131,-0.025408,-0.045114,0.00396,0.002946,-0.005291,-0.01771,-0.027594,-0.003231,-0.007952,-0.012894,-0.019959,-0.025218,-0.00301,-0.005322,-0.010518,-0.013274,-0.0147,-0.012039,-0.037415,-0.075717,-0.09216,-0.10705,-0.021733,-0.081768,-0.123967,-0.168796,-0.189864,-0.018227,-0.055902,-0.061917,-0.082897,-0.09394,-0.003098,-0.003416,0.00068,-0.000107,-0.001373,0.011334,0.029296,0.042887,0.048839,0.049783,0.000911,0.003735,0.007088,0.012176,0.01442,0.371076,-0.68325,-0.113134,-0.926451,1,0,0,0,0,0,0,0,0,0,0
1606,-0.000475,-0.002153,-0.003799,-0.004812,-0.008737,0.000506,-0.007407,-0.014752,-0.01529,-0.015701,-0.001013,-0.00421,-0.01529,-0.033302,-0.051061,6.3e-05,-0.004685,-0.015321,-0.026243,-0.034347,-0.002691,-0.00573,-0.013074,-0.019658,-0.023837,-0.000791,-0.00383,-0.010098,-0.010921,-0.012282,-0.006711,-0.047325,-0.07341,-0.087243,-0.101457,-0.034853,-0.076132,-0.128269,-0.157678,-0.174107,-0.027329,-0.034972,-0.054982,-0.070585,-0.07875,-0.001636,0.002969,0.003197,0.002168,0.001194,0.009123,0.024926,0.035612,0.037847,0.038509,0.001649,0.003408,0.008474,0.013236,0.013348,0.37386,-0.676824,-0.113826,-0.926148,1,0,0,0,0,0,0,0,0,0,0
1607,-0.000853,-0.002623,-0.003825,-0.006353,-0.010304,-0.003034,-0.012833,-0.015614,-0.01612,-0.016183,-0.001454,-0.008503,-0.022568,-0.042229,-0.057906,-0.001075,-0.009293,-0.021683,-0.031545,-0.038878,-0.002023,-0.006954,-0.014002,-0.019249,-0.022379,-0.001517,-0.006701,-0.009451,-0.010873,-0.011632,-0.018617,-0.056832,-0.073236,-0.088092,-0.103738,-0.025097,-0.067199,-0.111925,-0.132944,-0.144197,-0.010301,-0.016302,-0.037233,-0.048251,-0.050851,0.001316,0.005403,0.004617,0.003354,0.00277,0.008648,0.022023,0.02788,0.028809,0.029279,0.001147,0.004447,0.009454,0.011662,0.010899,0.37951,-0.671237,-0.115146,-0.92613,1,0,0,0,0,0,0,0,0,0,0
1608,-0.000823,-0.002468,-0.003481,-0.007404,-0.011423,-0.004873,-0.012214,-0.012752,-0.013163,-0.012657,-0.00174,-0.012815,-0.03082,-0.048571,-0.064013,-0.003671,-0.014302,-0.025219,-0.033319,-0.039047,-0.001013,-0.008354,-0.014935,-0.019112,-0.020947,-0.001519,-0.007784,-0.008607,-0.009967,-0.010126,-0.02196,-0.048033,-0.061861,-0.076068,-0.097712,-0.016138,-0.068253,-0.097648,-0.114071,-0.123342,0.002672,-0.01733,-0.032926,-0.041088,-0.038666,0.003285,0.003514,0.002485,0.001511,0.001136,0.007043,0.017697,0.019925,0.020585,0.021677,0.000599,0.00565,0.010398,0.010509,0.008599,0.388227,-0.66535,-0.116154,-0.925227,1,0,0,0,0,0,0,0,0,0,0
1609,-0.000951,-0.002155,-0.00469,-0.008651,-0.011914,-0.004943,-0.007732,-0.008239,-0.008302,-0.007542,-0.005323,-0.019424,-0.039134,-0.054851,-0.068128,-0.004563,-0.016984,-0.026871,-0.034222,-0.0353,-0.003929,-0.010996,-0.016256,-0.019393,-0.02009,-0.003676,-0.006433,-0.007858,-0.008619,-0.008429,-0.016319,-0.032765,-0.047658,-0.063343,-0.083116,-0.026047,-0.070885,-0.091957,-0.103238,-0.110779,-0.008692,-0.029676,-0.040722,-0.043328,-0.042506,0.000808,2e-05,-0.001246,-0.001832,-0.002057,0.006498,0.012459,0.013404,0.013882,0.015391,0.002753,0.007849,0.010096,0.009319,0.007081,0.391141,-0.658805,-0.117799,-0.92371,1,0,0,0,0,0,0,0,0,0,0
1610,-0.000697,-0.001712,-0.005642,-0.009668,-0.011539,-0.002409,-0.002948,-0.00336,-0.002853,-0.002441,-0.005769,-0.023806,-0.04159,-0.057059,-0.0666,-0.006086,-0.017023,-0.025138,-0.030875,-0.030431,-0.003424,-0.010017,-0.014201,-0.01604,-0.016167,-0.002599,-0.003424,-0.004787,-0.004945,-0.004184,-0.009795,-0.023648,-0.037881,-0.059563,-0.073162,-0.026152,-0.055601,-0.072053,-0.08134,-0.085493,-0.011343,-0.026967,-0.035143,-0.032717,-0.032487,-0.000579,-0.00161,-0.002585,-0.00296,-0.00238,0.004274,0.006531,0.007199,0.008305,0.00932,0.002354,0.007162,0.007276,0.005341,0.003902,0.394481,-0.654933,-0.119609,-0.923309,1,0,0,0,0,0,0,0,0,0,0
1611,-0.000507,-0.003043,-0.007005,-0.01027,-0.011633,-0.00038,-0.000888,-0.000951,-0.00019,0.000539,-0.008336,-0.028052,-0.043774,-0.057055,-0.063711,-0.006339,-0.016229,-0.023583,-0.02466,-0.024216,-0.003645,-0.008907,-0.012045,-0.012742,-0.012742,-0.000158,-0.001585,-0.002346,-0.002155,-0.001046,-0.006656,-0.021554,-0.037244,-0.057023,-0.068212,-0.018701,-0.03978,-0.051064,-0.058608,-0.062348,-0.009648,-0.020697,-0.023304,-0.022482,-0.021553,-0.000209,-0.001476,-0.002062,-0.002287,-0.001724,0.001701,0.002649,0.003128,0.00464,0.005658,0.002753,0.005005,0.004227,0.001984,0.000867,0.398159,-0.650475,-0.12172,-0.923871,1,0,0,0,0,0,0,0,0,0,0
1612,-0.000508,-0.004442,-0.008471,-0.010343,-0.012087,-0.000159,-0.000571,-6.3e-05,0.000349,0.001015,-0.009708,-0.027506,-0.042988,-0.052538,-0.05663,-0.0046,-0.012722,-0.018464,-0.01802,-0.017608,-0.00295,-0.007138,-0.008978,-0.009105,-0.009074,-0.000666,-0.00203,-0.002189,-0.001428,-0.000857,-0.007202,-0.021447,-0.043147,-0.056757,-0.063737,-0.010755,-0.027221,-0.036516,-0.040672,-0.048287,-0.00598,-0.014163,-0.011735,-0.011505,-0.014174,-0.000822,-0.001799,-0.002174,-0.001594,-0.001442,0.000557,0.00123,0.002342,0.003363,0.004712,0.002066,0.002179,0.000234,-0.001214,-0.002749,0.39849,-0.644471,-0.124259,-0.924156,1,0,0,0,0,0,0,0,0,0,0
1613,-0.002031,-0.005999,-0.009268,-0.010633,-0.0133,-0.000349,-0.000413,0.000349,0.001079,-0.000159,-0.01003,-0.025774,-0.039074,-0.045739,-0.045231,-0.005301,-0.012665,-0.013744,-0.0133,-0.012824,-0.002317,-0.00546,-0.006158,-0.006158,-0.00619,-0.000762,-0.001524,-0.001333,-0.000222,-0.000476,-0.007713,-0.023425,-0.043232,-0.054436,-0.050818,-0.010348,-0.021648,-0.029202,-0.032948,-0.044152,-0.005081,-0.007691,-0.006868,-0.005938,-0.015505,-0.000446,-0.001032,-0.001258,-0.000694,0.000652,0.000397,0.000882,0.002408,0.003437,0.004628,0.000201,-0.000585,-0.002849,-0.003977,-0.006132,0.392137,-0.638108,-0.12724,-0.925709,1,0,0,0,0,0,0,0,0,0,0
1614,-0.001906,-0.005941,-0.007815,-0.009563,-0.013026,-6.4e-05,0.000445,0.000858,0.001525,-0.000858,-0.007784,-0.023288,-0.03285,-0.036949,-0.033867,-0.002828,-0.008578,-0.008133,-0.00772,-0.009086,-0.001874,-0.003717,-0.003844,-0.003812,-0.004003,-0.000604,-0.000762,0.0,0.000572,-0.000318,-0.006545,-0.028275,-0.041905,-0.048894,-0.041714,-0.006132,-0.01544,-0.019602,-0.027227,-0.047655,-0.003108,-0.000677,-0.000446,-0.003119,-0.017663,-0.000532,-0.000908,-0.000326,-0.000174,0.001774,0.000279,0.001402,0.002433,0.003796,0.005616,-8.8e-05,-0.002052,-0.003514,-0.005065,-0.007742,0.391826,-0.62652,-0.129026,-0.928674,1,0,0,0,0,0,0,0,0,0,0
1615,-0.002066,-0.005339,-0.006705,-0.009374,-0.01306,0.0,0.000763,0.001494,0.000254,-0.00197,-0.007976,-0.021291,-0.027964,-0.027456,-0.024024,-0.004544,-0.005625,-0.00518,-0.004703,-0.007213,-0.001271,-0.00197,-0.00197,-0.002002,-0.002383,-0.000159,3.2e-05,0.001144,0.00089,0.0,-0.009184,-0.029013,-0.04023,-0.036607,-0.012298,-0.00518,-0.012743,-0.016492,-0.02771,-0.056214,0.000496,0.00132,0.002252,-0.007327,-0.039482,-5.5e-05,-0.000281,0.000283,0.001631,0.003437,0.000209,0.001747,0.002784,0.003984,0.005273,-0.000704,-0.002987,-0.004124,-0.006295,-0.009047,0.371388,-0.616274,-0.131511,-0.935469,1,0,0,0,0,0,0,0,0,0,0
1616,-0.00197,-0.003846,-0.005594,-0.009058,-0.013412,0.000509,0.000922,0.001589,-0.000795,-0.002129,-0.007532,-0.017099,-0.021199,-0.018116,-0.005911,-0.001208,-0.000763,-0.00035,-0.001716,-0.003464,-0.000572,-0.000699,-0.000667,-0.000858,-0.001494,0.0,0.000763,0.001335,0.000445,0.000159,-0.012554,-0.026188,-0.03318,-0.025998,0.038043,-0.004132,-0.008295,-0.015923,-0.036359,-0.077993,0.001936,0.002167,-0.000507,-0.015056,-0.080371,-0.000321,0.000261,0.000413,0.002362,0.003961,0.000917,0.001951,0.003317,0.005141,0.005298,-0.001265,-0.002731,-0.004285,-0.00697,-0.010156,0.332285,-0.59347,-0.133923,-0.942406,1,0,0,0,0,0,0,0,0,0,0
1617,-0.001302,-0.002668,-0.005336,-0.00902,-0.014769,0.000254,0.000985,-0.000254,-0.002477,-0.002668,-0.005781,-0.012451,-0.011943,-0.008512,0.017088,0.000127,0.000572,0.001048,-0.001461,-0.005812,-0.000127,-0.000127,-0.000159,-0.00054,-0.002477,0.000191,0.001302,0.001048,0.000159,-0.000254,-0.007273,-0.018485,-0.014865,0.009433,0.105069,-0.00343,-0.007178,-0.01839,-0.046881,-0.097859,-0.001111,-0.00018,-0.009754,-0.041894,-0.125996,9.5e-05,0.000659,0.002006,0.003811,0.004181,0.00062,0.001653,0.00285,0.004135,0.004229,-0.001016,-0.002149,-0.004313,-0.007055,-0.010501,0.277692,-0.571241,-0.134484,-0.944794,0,0,1,0,0,0,0,0,0,0,0
1618,-0.000571,-0.002315,-0.005773,-0.010118,-0.017413,0.000159,0.000825,-0.001554,-0.002886,-0.002918,-0.003774,-0.007866,-0.004789,0.00739,0.040503,0.000317,0.00073,-0.000634,-0.002379,-0.014717,0.0,3.2e-05,-0.000159,-0.000793,-0.004821,0.000571,0.001142,0.000254,-3.2e-05,-0.000476,-0.006344,-0.013321,-0.006153,0.057758,0.157192,-0.00073,-0.008342,-0.028736,-0.070286,-0.116847,0.00134,-0.001328,-0.015848,-0.081031,-0.154884,0.000486,0.000638,0.002583,0.004178,0.004289,0.000405,0.001752,0.003551,0.003705,0.003526,-0.000439,-0.001972,-0.004618,-0.00776,-0.010722,0.233108,-0.551237,-0.134666,-0.9481,0,0,1,0,0,0,0,0,0,0,0
1619,-0.000792,-0.003455,-0.007131,-0.012867,-0.02022,0.00057,-0.000666,-0.002884,-0.003074,-0.002662,-0.002884,-0.002377,0.001046,0.02659,0.061421,0.000127,0.000602,-0.001902,-0.006243,-0.0264,0.0,-3.2e-05,-0.000412,-0.002345,-0.006972,0.000539,0.000285,-0.000602,-0.001014,-0.001046,-0.004849,-0.001236,0.023009,0.118436,0.205877,-0.003011,-0.014198,-0.042627,-0.093494,-0.143474,-0.00041,-0.009963,-0.042033,-0.125952,-0.185935,7.7e-05,0.001421,0.003223,0.003592,0.003596,0.000615,0.001794,0.003059,0.003152,0.003094,-0.000679,-0.002811,-0.005511,-0.008905,-0.01138,0.19063,-0.526664,-0.136207,-0.951843,0,0,1,0,0,0,0,0,0,0,0
1620,-0.000951,-0.004406,-0.008749,-0.016039,-0.024851,9.5e-05,-0.002282,-0.003614,-0.003645,-0.003233,-0.001205,0.00187,0.014042,0.047135,0.086599,0.000285,-0.001078,-0.002821,-0.015152,-0.035185,3.2e-05,-0.000158,-0.000792,-0.004818,-0.009573,3.2e-05,-0.000856,-0.001141,-0.001585,-0.003455,-0.002124,0.00504,0.068911,0.168285,0.270004,-0.004596,-0.024978,-0.066502,-0.113035,-0.180298,-0.002257,-0.016768,-0.08191,-0.155718,-0.23386,7.4e-05,0.002018,0.003612,0.003723,0.00215,0.000725,0.002516,0.00267,0.002492,0.002483,-0.000846,-0.003482,-0.00661,-0.009559,-0.013467,0.130119,-0.489985,-0.136593,-0.953158,0,0,1,0,0,0,0,0,0,0,0
1621,-0.001712,-0.00539,-0.011129,-0.018485,-0.028187,-0.001332,-0.003551,-0.003741,-0.003329,-0.003361,0.001712,0.005136,0.030692,0.065538,0.115064,0.00019,-0.002315,-0.006658,-0.026824,-0.037826,-6.3e-05,-0.000444,-0.002378,-0.007007,-0.012366,-0.000285,-0.001173,-0.001585,-0.001617,-0.005549,0.005739,0.029995,0.125464,0.212942,0.350264,-0.006595,-0.035036,-0.085925,-0.135927,-0.226893,-0.0073,-0.039384,-0.12334,-0.183349,-0.299846,0.00127,0.003072,0.003442,0.003445,0.000343,0.000456,0.001725,0.001818,0.00176,0.001762,-0.00129,-0.003999,-0.007403,-0.009886,-0.014266,0.050061,-0.443817,-0.138765,-0.954823,0,0,1,0,0,0,0,0,0,0,0
1622,-0.001747,-0.006097,-0.0134,-0.022228,-0.034485,-0.001048,-0.002382,-0.002413,-0.002001,-0.003144,0.001365,0.013559,0.046711,0.086245,0.140895,-0.001556,-0.003302,-0.015655,-0.035724,-0.050553,-0.000127,-0.000762,-0.004795,-0.009558,-0.016766,-0.000603,-0.000889,-0.001334,-0.003207,-0.005303,0.001429,0.065414,0.164965,0.266865,0.393439,-0.013813,-0.055412,-0.102027,-0.169411,-0.240604,-0.007226,-0.072484,-0.146423,-0.224706,-0.306238,0.000675,0.002272,0.002383,0.000808,0.000766,0.001353,0.001509,0.001329,0.00132,0.00132,-0.001364,-0.004532,-0.007518,-0.011475,-0.016005,0.001922,-0.431191,-0.138164,-0.958269,0,0,1,0,0,0,0,0,0,0,0
1623,-0.001944,-0.007712,-0.015105,-0.024856,-0.03894,-0.001179,-0.00137,-0.000956,-0.000988,-0.007329,0.002071,0.027755,0.062776,0.112551,0.152288,-0.000956,-0.005322,-0.025588,-0.036646,-0.135335,-0.000255,-0.002199,-0.006851,-0.012237,-0.019056,-0.000287,-0.000701,-0.000733,-0.004684,-0.004748,0.022944,0.118892,0.206811,0.344823,0.42213,-0.014722,-0.065867,-0.11612,-0.207544,-0.283385,-0.024994,-0.109372,-0.169683,-0.286765,-0.272107,0.001134,0.001505,0.001509,-0.00161,0.005888,-7.3e-05,2.4e-05,-3.6e-05,-3.4e-05,-3.4e-05,-0.001407,-0.004933,-0.007505,-0.012041,-0.01754,-0.028331,-0.384972,-0.14045,-0.968232,0,0,1,0,0,0,0,0,0,0,0
1624,-0.00244,-0.009822,-0.018746,-0.031136,-0.039322,-0.00016,-0.000193,0.000225,-0.000931,-0.007864,0.01024,0.043751,0.083715,0.138958,0.146341,-0.000802,-0.013289,-0.033576,-0.048566,-0.156612,-0.000385,-0.004462,-0.009277,-0.016563,-0.022598,0.0,-0.000449,-0.002343,-0.004462,-0.004494,0.041569,0.1422,0.245206,0.373154,0.455296,-0.02722,-0.074342,-0.142457,-0.214423,-0.2705,-0.04079,-0.115532,-0.194664,-0.277081,-0.190565,0.000472,0.000584,-0.001008,-0.00105,0.006129,0.000244,5e-05,4e-05,4.1e-05,3.9e-05,-0.001935,-0.005156,-0.009423,-0.014309,-0.015048,-0.083739,-0.388507,-0.138427,-0.964105,0,0,1,0,0,0,0,0,0,0,0
1625,-0.003395,-0.010896,-0.02079,-0.035081,-0.040125,-3.2e-05,0.000388,0.000356,-0.006079,-0.009635,0.015746,0.05128,0.101784,0.142103,0.137156,-0.003621,-0.024185,-0.035404,-0.135539,-0.169942,-0.001584,-0.006305,-0.011769,-0.018688,-0.025349,-0.00042,-0.000453,-0.004462,-0.004527,-0.003427,0.055483,0.14469,0.284723,0.363163,0.463427,-0.024476,-0.075465,-0.168228,-0.24518,-0.25252,-0.044527,-0.105721,-0.224518,-0.209645,-0.106835,-9.9e-05,-9.5e-05,-0.003259,0.004348,0.008622,-0.000149,-0.000216,-0.000214,-0.000214,-0.000231,-0.001867,-0.004715,-0.009737,-0.015825,-0.013196,-0.131225,-0.386211,-0.138023,-0.960996,0,0,1,0,0,0,0,0,0,0,0
1626,-0.004054,-0.013069,-0.025587,-0.033856,-0.037229,0.0,0.000422,-0.000746,-0.007751,-0.009761,0.018063,0.058438,0.114248,0.121707,0.140516,-0.008983,-0.029478,-0.044623,-0.153779,-0.174048,-0.002529,-0.007394,-0.014755,-0.020852,-0.02617,-3.2e-05,-0.001946,-0.004086,-0.004119,-0.001232,0.046017,0.150083,0.279346,0.362332,0.474343,-0.023057,-0.091872,-0.164578,-0.221232,-0.255186,-0.030851,-0.110796,-0.194061,-0.106655,-0.023718,0.000213,-0.001396,-0.001439,0.005814,0.010275,-5.6e-05,-6.6e-05,-6.6e-05,-6.7e-05,-0.000235,-0.001553,-0.006137,-0.011385,-0.012179,-0.008994,-0.196576,-0.362139,-0.137869,-0.959937,0,0,1,0,0,0,0,0,0,0,0
1627,-0.003486,-0.013454,-0.027852,-0.032933,-0.034725,0.000423,0.000391,-0.006092,-0.009675,-0.00658,0.017656,0.068538,0.109159,0.104175,0.152973,-0.011694,-0.022998,-0.123883,-0.158543,-0.162224,-0.002215,-0.00772,-0.014691,-0.021402,-0.025441,0.0,-0.004039,-0.004104,-0.002997,0.010033,0.043651,0.184734,0.263761,0.364777,0.516577,-0.02821,-0.121668,-0.199197,-0.206592,-0.274869,-0.030663,-0.150351,-0.135366,-0.031786,0.060235,-0.00021,-0.003398,0.004267,0.008572,0.017943,-1.3e-05,-1e-05,-1e-05,-2.9e-05,-0.001051,-0.001398,-0.006689,-0.013104,-0.010334,-0.005578,-0.281454,-0.323124,-0.140067,-0.969075,0,0,1,0,0,0,0,0,0,0,0
1628,-0.005596,-0.018229,-0.026574,-0.029977,-0.036097,0.0,-0.001178,-0.008247,-0.010276,0.001407,0.023007,0.079328,0.086855,0.105837,0.158886,-0.008934,-0.024217,-0.134374,-0.154828,-0.166151,-0.002684,-0.010112,-0.016265,-0.021632,-0.024054,-0.001931,-0.004091,-0.004124,-0.001211,0.016134,0.061165,0.191612,0.275359,0.388395,0.518515,-0.041104,-0.114476,-0.171649,-0.205914,-0.267603,-0.049872,-0.133899,-0.045693,0.038004,0.112003,-0.001413,-0.001456,0.005864,0.010366,0.016605,2e-06,3e-06,1e-06,-0.000178,-0.001229,-0.003443,-0.009036,-0.009882,-0.006487,-0.010007,-0.322438,-0.308518,-0.137761,-0.972502,0,0,1,0,0,0,0,0,0,0,0
1629,-0.004436,-0.018959,-0.024085,-0.025892,-0.031938,-3.3e-05,-0.006572,-0.010186,-0.007065,0.004896,0.028225,0.0692,0.064173,0.113395,0.165245,-0.002432,-0.104194,-0.139156,-0.142869,-0.171981,-0.002859,-0.00989,-0.016659,-0.020734,-0.021391,-0.002136,-0.002202,-0.001084,0.012059,0.020767,0.080897,0.160612,0.262506,0.415627,0.510555,-0.053001,-0.131204,-0.138663,-0.207534,-0.262933,-0.070655,-0.05554,0.048941,0.141763,0.187046,-0.001797,0.005935,0.010277,0.019729,0.017508,1e-06,1e-06,-1.9e-05,-0.001105,-0.002533,-0.002081,-0.008897,-0.005954,-0.0009,-0.008755,-0.370029,-0.278515,-0.137092,-0.971366,0,0,1,0,0,0,0,0,0,0,0
1630,-0.008283,-0.016698,-0.02013,-0.026301,-0.027489,-0.001155,-0.008283,-0.010329,0.001452,0.004785,0.028446,0.036036,0.055176,0.108669,0.163647,-0.012969,-0.124047,-0.144672,-0.15609,-0.176154,-0.00462,-0.010824,-0.016236,-0.018678,-0.018645,-3.3e-05,-6.6e-05,0.002871,0.020361,0.02508,0.050292,0.134739,0.248721,0.379929,0.471933,-0.020757,-0.078408,-0.112959,-0.175164,-0.238161,-0.013771,0.075173,0.15957,0.234189,0.276548,0.001761,0.009142,0.013682,0.019973,0.021561,0.0,-1e-06,-0.000191,-0.001306,-0.004485,-0.003785,-0.004682,-0.001083,-0.004814,-0.006083,-0.406846,-0.255693,-0.137318,-0.971666,0,0,1,0,0,0,0,0,0,0,0
1631,-0.006328,-0.011497,-0.013319,-0.019416,-0.019515,-0.005434,-0.009078,-0.005931,0.00613,0.006163,0.012756,0.007687,0.05732,0.109604,0.154929,-0.089591,-0.124845,-0.128589,-0.157944,-0.180674,-0.002452,-0.009277,-0.013386,-0.014048,-0.015042,-3.3e-05,0.001093,0.014347,0.023127,0.025678,0.029886,0.132631,0.28703,0.382751,0.448354,-0.058016,-0.065537,-0.134983,-0.190845,-0.238259,0.029068,0.134422,0.228018,0.27368,0.297832,0.006028,0.010406,0.019937,0.017697,0.020005,0.0,-2.1e-05,-0.001172,-0.002685,-0.004853,-0.003332,-0.000212,0.005144,-0.003181,-0.001278,-0.427767,-0.239006,-0.136689,-0.964872,0,0,1,0,0,0,0,0,0,0,0
1632,-0.002146,-0.005633,-0.011903,-0.01311,-0.014987,-0.001743,-0.003822,0.008147,0.011534,0.008751,-0.005197,0.01425,0.068599,0.124457,0.159025,-0.022196,-0.043151,-0.054752,-0.075137,-0.094181,-0.003822,-0.009321,-0.011802,-0.011768,-0.013847,0.0,0.002984,0.020754,0.025549,0.025817,0.055556,0.171363,0.304672,0.398149,0.442138,0.000134,-0.03497,-0.098171,-0.162177,-0.188396,0.060954,0.146702,0.222515,0.265553,0.276247,0.001399,0.006012,0.012404,0.014018,0.016978,-2e-06,-0.000214,-0.001459,-0.005012,-0.00574,0.002618,0.00664,0.00247,0.001053,0.002212,-0.443362,-0.235703,-0.135909,-0.961027,0,0,1,0,0,0,0,0,0,0,0
1633,-0.003079,-0.00492,-0.011078,-0.011179,-0.01399,-0.001941,0.001238,0.013421,0.013454,0.005857,6.7e-05,0.050203,0.103017,0.148803,0.175912,-0.013454,-0.017236,-0.04689,-0.06985,-0.088458,-0.003079,-0.007229,-0.007899,-0.008903,-0.010744,0.001138,0.014525,0.023395,0.025972,0.026139,0.048329,0.204294,0.300986,0.367254,0.399886,-0.007731,-0.077882,-0.134311,-0.182205,-0.188965,0.045576,0.140123,0.186247,0.210644,0.213903,0.003026,0.012654,0.010391,0.012722,0.020533,-2.1e-05,-0.001256,-0.00288,-0.005207,-0.003288,0.000763,0.006511,-0.002424,-0.000381,0.000381,-0.454262,-0.24291,-0.13606,-0.955622,0,0,1,0,0,0,0,0,0,0,0
1634,-0.0004,-0.006631,-0.007831,-0.009697,-0.012563,-0.000133,0.011763,0.015129,0.012363,0.004299,0.019261,0.073277,0.128793,0.163148,0.181842,-0.007431,-0.018961,-0.039221,-0.058148,-0.090805,-0.002399,-0.004865,-0.004832,-0.006898,-0.007964,0.001833,0.019494,0.024259,0.024526,0.024559,0.066979,0.19947,0.292374,0.336094,0.360952,-0.027191,-0.090005,-0.153618,-0.179676,-0.186574,0.039845,0.115193,0.157967,0.168595,0.170252,0.001571,0.007924,0.009528,0.01247,0.020761,-0.000183,-0.001376,-0.00478,-0.005476,-0.00162,0.003113,-0.000881,-0.002239,-0.001128,-0.001605,-0.461447,-0.244157,-0.136661,-0.948847,0,0,1,0,0,0,0,0,0,0,0
1635,-0.001428,-0.007538,-0.007637,-0.010427,-0.012817,0.003287,0.015374,0.015407,0.00787,0.003918,0.030549,0.082947,0.128372,0.155269,0.180638,0.003653,-0.025767,-0.048546,-0.067009,-0.099251,-0.001727,-0.002391,-0.003387,-0.005213,-0.005811,0.011456,0.020255,0.022812,0.022978,0.022082,0.087995,0.183925,0.249672,0.282047,0.304328,-0.042503,-0.098487,-0.146005,-0.152712,-0.161379,0.054097,0.099859,0.124064,0.127297,0.121271,0.007986,0.005742,0.008054,0.015804,0.019137,-0.00099,-0.002527,-0.004729,-0.002912,0.000351,0.002402,-0.006052,-0.004119,-0.003398,-0.005306,-0.46804,-0.248277,-0.138036,-0.941401,0,0,1,0,0,0,0,0,0,0,0
1636,-0.004755,-0.005943,-0.007792,-0.010632,-0.011326,0.008519,0.011854,0.009113,0.001123,0.000594,0.023146,0.078156,0.112199,0.130722,0.160472,-0.015057,-0.035132,-0.053887,-0.086246,-0.122104,-0.000726,-0.000693,-0.002741,-0.003797,-0.004193,0.006109,0.01083,0.011094,0.011127,0.009245,0.043783,0.13584,0.179161,0.203793,0.21852,-0.019977,-0.08301,-0.108831,-0.115666,-0.123953,0.020868,0.063252,0.073783,0.075425,0.058073,-0.001646,-5.7e-05,0.002859,0.011074,0.009799,-0.000167,-0.003359,-0.004013,-0.000395,0.002842,-0.006055,-0.007329,-0.006287,-0.006735,-0.00758,-0.466153,-0.249512,-0.139287,-0.933211,0,0,1,0,0,0,0,0,0,0,0
1637,-0.001313,-0.001412,-0.00417,-0.006533,-0.007354,0.00348,0.003513,-0.00394,-0.007847,-0.004038,0.028793,0.073707,0.1003,0.125384,0.13845,-0.014118,-0.03664,-0.054894,-0.086774,-0.130669,6.6e-05,-0.000919,-0.002725,-0.003316,-0.00348,0.002627,0.005155,0.005319,0.004432,0.001937,0.051316,0.116322,0.148333,0.170363,0.167474,-0.035491,-0.082473,-0.089105,-0.097674,-0.110248,0.024497,0.048429,0.051626,0.045668,0.02861,-0.000582,0.001704,0.009366,0.012663,0.006595,-0.001259,-0.003293,-0.001615,0.0014,0.004547,-0.001991,-0.000206,0.00046,-0.001302,-0.003954,-0.454748,-0.248141,-0.139151,-0.92442,0,0,1,0,0,0,0,0,0,0,0
1638,0.00013,-0.001693,-0.004493,-0.005176,-0.006186,-0.000163,-0.002865,-0.010743,-0.011264,-0.005632,0.025686,0.059251,0.077515,0.106848,0.113717,-0.005795,-0.024287,-0.056191,-0.091547,-0.128465,-3.3e-05,-0.002051,-0.003093,-0.003483,-0.003158,0.002051,0.002311,0.002344,0.000488,-0.000716,0.039881,0.082594,0.106881,0.1214,0.110104,-0.026956,-0.052415,-0.059154,-0.067325,-0.078394,0.017498,0.027882,0.0295,0.012392,-0.005675,0.002144,0.005019,0.013119,0.011862,0.005401,-0.001705,-0.002297,0.00098,0.003912,0.006168,0.000723,0.001667,0.001262,0.000496,-0.003044,-0.44548,-0.248789,-0.140173,-0.91897,1,0,0,0,0,0,0,0,0,0,0
1639,-0.000226,-0.002942,-0.005269,-0.006077,-0.006594,0.000194,-0.007144,-0.010991,-0.007241,-0.004558,0.018716,0.0449,0.069596,0.082462,0.092127,-0.016421,-0.034394,-0.065782,-0.109001,-0.131014,-0.000937,-0.002715,-0.003297,-0.003459,-0.001907,0.000453,0.000614,-0.000259,-0.002715,-0.004493,0.024406,0.055923,0.077613,0.074768,0.062226,-0.019492,-0.026022,-0.034459,-0.046839,-0.059479,0.006189,0.009337,0.00347,-0.013325,-0.035167,0.000122,0.007666,0.010911,0.004937,0.000959,-0.000202,0.001302,0.004007,0.006829,0.00758,0.000913,0.001511,-7e-05,-0.002448,-0.006081,-0.433196,-0.245913,-0.143209,-0.911459,1,0,0,0,0,0,0,0,0,0,0
1640,-0.001571,-0.004329,-0.005002,-0.005996,-0.006733,-0.002854,-0.010613,-0.011126,-0.005579,-0.004649,0.014493,0.032481,0.061371,0.068136,0.077178,-0.001924,-0.033347,-0.068168,-0.104529,-0.114052,-0.001058,-0.002084,-0.002469,-0.002148,0.001218,-0.000192,-0.00016,-0.001988,-0.003174,-0.007856,0.01786,0.041779,0.05608,0.044954,0.033828,-0.005739,-0.012377,-0.020425,-0.031327,-0.046589,0.004088,0.005682,-0.011168,-0.028962,-0.049353,0.00271,0.010688,0.00945,0.003086,-0.001607,-0.000341,0.002604,0.00524,0.007268,0.007062,-1.5e-05,-0.000379,-0.001067,-0.00425,-0.010258,-0.426973,-0.244768,-0.147109,-0.902713,1,0,0,0,0,0,0,0,0,0,0
1641,-0.001117,-0.003414,-0.004211,-0.004722,-0.006381,-0.004403,-0.008199,-0.004498,-0.00185,-0.001149,0.011421,0.035796,0.048493,0.058032,0.065753,-0.015824,-0.046802,-0.089457,-0.111183,-0.109971,-0.000702,-0.001276,-0.001436,9.6e-05,0.004084,0.000351,-0.00051,-0.002935,-0.00469,-0.009826,0.013336,0.034743,0.031935,0.019557,0.012889,-0.000734,-0.009061,-0.02128,-0.033754,-0.046037,-0.000961,-0.006751,-0.023326,-0.044883,-0.059678,0.004749,0.007952,0.002056,-0.001871,-0.006443,0.001702,0.004168,0.006743,0.007427,0.006877,0.000559,-0.000882,-0.003052,-0.006365,-0.013827,-0.422277,-0.243433,-0.149893,-0.896665,1,0,0,0,0,0,0,0,0,0,0
1642,-0.001617,-0.002284,-0.003267,-0.003996,-0.005899,-0.003298,-0.003806,0.001681,0.002601,0.005614,0.006438,0.035014,0.041706,0.05065,0.052902,-0.01535,-0.049793,-0.085759,-0.095178,-0.090485,-0.000317,-0.000698,-0.000381,0.00295,0.007104,-0.000317,-0.002125,-0.003298,-0.007929,-0.011291,0.010403,0.024548,0.013543,0.002537,-0.004186,-0.005836,-0.013796,-0.02458,-0.039676,-0.049096,0.002532,-0.014135,-0.031736,-0.051906,-0.060918,0.00317,0.001945,-0.004349,-0.008991,-0.013951,0.001096,0.003537,0.005416,0.005224,0.004718,-0.000874,-0.001511,-0.00446,-0.010026,-0.017627,-0.416918,-0.2424,-0.153116,-0.893554,1,0,0,0,0,0,0,0,0,0,0
1643,-0.000661,-0.001449,-0.001953,-0.003591,-0.005764,-0.000472,0.003181,0.005795,0.006488,0.009543,0.017669,0.030205,0.039622,0.047244,0.043338,-0.015339,-0.057449,-0.078897,-0.077701,-0.075055,-0.000252,-0.000409,0.001102,0.005039,0.008976,-0.000535,-0.002929,-0.004661,-0.009732,-0.013638,0.010803,0.008031,-0.004189,-0.010772,-0.018079,-0.002425,-0.014488,-0.026803,-0.038929,-0.050016,-0.00823,-0.024594,-0.045876,-0.060481,-0.06352,1.4e-05,-0.005807,-0.009683,-0.014196,-0.019659,0.001211,0.003564,0.004189,0.003686,0.003238,-0.000485,-0.002468,-0.005496,-0.012316,-0.019613,-0.412366,-0.237648,-0.155886,-0.89063,1,0,0,0,0,0,0,0,0,0,0
1644,0.0,-0.00097,-0.00169,-0.003568,-0.007637,-3.1e-05,0.005384,0.006291,0.009265,0.011112,0.010642,0.017247,0.026074,0.028296,0.023131,-0.018749,-0.054244,-0.06354,-0.058908,-0.062038,-0.000125,0.000188,0.003474,0.007575,0.010173,-0.001252,-0.00241,-0.00698,-0.010298,-0.013804,0.003224,-0.007637,-0.018499,-0.025134,-0.030894,-0.005446,-0.016089,-0.030988,-0.040284,-0.051771,-0.00827,-0.025641,-0.045546,-0.05444,-0.054652,-0.001223,-0.007435,-0.012016,-0.016912,-0.020619,0.001068,0.002781,0.002606,0.002144,0.001887,-0.000117,-0.002806,-0.007882,-0.014814,-0.021869,-0.409592,-0.235118,-0.158787,-0.888306,1,0,0,0,0,0,0,0,0,0,0
1645,-0.00078,-0.00128,-0.002903,-0.005057,-0.010301,0.003652,0.006243,0.00693,0.009958,0.012393,0.001811,0.011144,0.018699,0.014828,0.012081,-0.023038,-0.044296,-0.04311,-0.040488,-0.043984,-3.1e-05,0.001467,0.005369,0.009271,0.01027,-0.001124,-0.002841,-0.007867,-0.011737,-0.012767,-0.005962,-0.018074,-0.024598,-0.031841,-0.035274,-0.006524,-0.01873,-0.030748,-0.041736,-0.049103,-0.007972,-0.029064,-0.04354,-0.046552,-0.046986,-0.00455,-0.008392,-0.012865,-0.018279,-0.020192,0.001163,0.001751,0.001278,0.000857,0.000739,-0.001748,-0.004593,-0.011,-0.017855,-0.023969,-0.40772,-0.234402,-0.159672,-0.885962,1,0,0,0,0,0,0,0,0,0,0
1646,-0.000187,-0.000904,-0.002773,-0.006824,-0.011404,0.001745,0.002648,0.005608,0.007447,0.010625,0.004767,0.013554,0.015766,0.010625,0.010874,-0.012338,-0.021592,-0.016981,-0.020097,-0.019505,0.000343,0.003614,0.007696,0.010282,0.009565,-3.1e-05,-0.00458,-0.007883,-0.011373,-0.011965,-0.004861,-0.015672,-0.022278,-0.028011,-0.029631,-0.004082,-0.018913,-0.028167,-0.039602,-0.045677,-0.009335,-0.02915,-0.038003,-0.038214,-0.039552,-0.001642,-0.006203,-0.011076,-0.014766,-0.017502,0.000511,0.000342,-0.000105,-0.000355,-0.000554,-0.000878,-0.005795,-0.012508,-0.019341,-0.023387,-0.406439,-0.234334,-0.160178,-0.883543,1,0,0,0,0,0,0,0,0,0,0
1647,-0.000311,-0.00193,-0.004077,-0.009305,-0.014036,0.00084,0.001525,0.004544,0.006971,0.013382,0.004544,0.012075,0.008216,0.005477,0.004419,-0.00887,-0.007687,-0.005073,-0.008559,-0.007594,0.001152,0.005042,0.008932,0.009928,0.008061,-0.001681,-0.006691,-0.01055,-0.011577,-0.012169,-0.00722,-0.013725,-0.020945,-0.024369,-0.023808,-0.008092,-0.020074,-0.031029,-0.038373,-0.045687,-0.011705,-0.026137,-0.029139,-0.029572,-0.027207,-0.00219,-0.00665,-0.012047,-0.013955,-0.020039,6.8e-05,-0.000395,-0.000807,-0.000922,-0.001159,-0.001914,-0.008186,-0.014898,-0.020884,-0.024645,-0.4067,-0.231407,-0.159357,-0.882794,1,0,0,0,0,0,0,0,0,0,0
1648,-0.000403,-0.002266,-0.006301,-0.010863,-0.016947,6.2e-05,0.003011,0.004842,0.008008,0.016481,0.004221,0.006425,0.001304,0.001552,-0.002918,-0.000372,0.004221,0.001117,0.001707,0.001428,0.002111,0.006177,0.008753,0.008039,0.005587,-0.002855,-0.006146,-0.009622,-0.010211,-0.010739,-0.003569,-0.010149,-0.01586,-0.017474,-0.016419,-0.006704,-0.015922,-0.027313,-0.033366,-0.03827,-0.008065,-0.016885,-0.017095,-0.018428,-0.012458,-0.002359,-0.007213,-0.01089,-0.013615,-0.021418,-0.000232,-0.000667,-0.00091,-0.001104,-0.001223,-0.002907,-0.009442,-0.016093,-0.020032,-0.024613,-0.406471,-0.230522,-0.158036,-0.882587,1,0,0,0,0,0,0,0,0,0,0
1649,-0.001209,-0.003348,-0.008557,-0.013269,-0.017238,0.00062,0.003627,0.006046,0.012432,0.02164,0.003286,-0.000558,-0.003286,-0.00434,-0.009921,0.00155,0.004154,0.000682,0.001643,6.2e-05,0.001767,0.005643,0.006635,0.004774,0.001953,-0.002139,-0.005984,-0.007007,-0.007596,-0.005674,-0.002914,-0.010107,-0.013517,-0.012959,-0.012711,-0.00524,-0.016153,-0.023469,-0.030755,-0.030259,-0.006321,-0.009312,-0.009743,-0.007386,-0.001803,-0.002087,-0.007464,-0.009364,-0.015425,-0.022181,-0.000221,-0.000622,-0.000734,-0.000965,-0.000875,-0.003222,-0.009756,-0.015584,-0.019245,-0.021537,-0.406384,-0.231293,-0.155544,-0.884872,1,0,0,0,0,0,0,0,0,0,0
1650,-0.00065,-0.004675,-0.009227,-0.015296,-0.016813,0.002322,0.004149,0.007307,0.01576,0.023099,-0.001084,-0.006193,-0.005945,-0.010404,-0.013593,0.003034,-6.2e-05,0.000526,0.000248,-0.000929,0.002291,0.004861,0.004149,0.001703,-0.000805,-0.001146,-0.004614,-0.005202,-0.005728,-0.001641,-0.003654,-0.009351,-0.010961,-0.009908,-0.007245,-0.003963,-0.015327,-0.021365,-0.026257,-0.024368,-0.002486,-0.002696,-0.004025,0.001931,0.007434,-0.002759,-0.006426,-0.009145,-0.016929,-0.020326,-0.000209,-0.000448,-0.000639,-0.000756,-0.000636,-0.003232,-0.009772,-0.013645,-0.01815,-0.018062,-0.408551,-0.231447,-0.152292,-0.887122,1,0,0,0,0,0,0,0,0,0,0
1651,-0.001484,-0.00668,-0.011381,-0.015339,-0.016515,0.00068,0.003093,0.009463,0.018649,0.020597,-0.002752,-0.005474,-0.006525,-0.012092,-0.013175,-0.000433,-0.003897,-0.002938,-0.004515,-0.002258,0.001577,0.002567,0.000711,-0.002103,-0.005196,-0.002691,-0.003711,-0.004299,-0.002381,-0.000247,-0.003526,-0.006927,-0.006371,-0.006123,-0.002319,-0.006927,-0.014226,-0.021494,-0.020999,-0.013886,-0.000501,-0.000931,0.00142,0.00699,0.01144,-0.002608,-0.004503,-0.01055,-0.017289,-0.017598,-0.000187,-0.000297,-0.000524,-0.000435,-0.000244,-0.003217,-0.008944,-0.012543,-0.014795,-0.013434,-0.409459,-0.237399,-0.148162,-0.888512,1,0,0,0,0,0,0,0,0,0,0
1652,-0.002536,-0.007082,-0.013143,-0.014658,-0.014874,0.001144,0.004298,0.012741,0.020069,0.021894,-0.00235,-0.002103,-0.006556,-0.009741,-0.012493,-0.002659,-0.002072,-0.00235,-0.003525,0.004206,0.00099,0.000278,-0.002165,-0.004669,-0.006989,-0.000773,-0.001361,-0.001886,0.002196,0.00603,-0.002165,-0.003773,-0.002721,-6.2e-05,0.000773,-0.004422,-0.010452,-0.015338,-0.013452,0.003618,0.000291,-0.001037,0.004911,0.010408,0.013278,-0.001055,-0.00377,-0.011544,-0.014936,-0.013526,-5e-05,-0.000239,-0.000356,-0.000237,0.000116,-0.003267,-0.007105,-0.011569,-0.011482,-0.00966,-0.408583,-0.247233,-0.147021,-0.892818,1,0,0,0,0,0,0,0,0,0,0
1653,-0.002661,-0.007364,-0.011324,-0.0125,-0.011757,0.001269,0.007642,0.016832,0.018781,0.021009,-0.000371,-0.001423,-0.006993,-0.008076,-0.010829,-0.000804,0.000155,-0.001423,0.000835,0.029053,0.0,-0.001856,-0.004672,-0.007766,-0.008014,-0.000248,-0.000835,0.001083,0.003218,0.012809,-0.001238,-0.000681,-0.000433,0.003373,0.002723,-0.002877,-0.010149,-0.009653,-0.002537,0.029517,-0.000722,0.00163,0.007203,0.011655,0.013498,-0.000841,-0.00689,-0.013632,-0.013942,-0.007059,-6.1e-05,-0.000288,-0.000199,-8e-06,0.00014,-0.002466,-0.006077,-0.008336,-0.006971,-0.004888,-0.407962,-0.265661,-0.14569,-0.900874,1,0,0,0,0,0,0,0,0,0,0
1654,-0.001888,-0.007953,-0.009469,-0.009686,-0.007179,0.001888,0.010335,0.017669,0.019495,0.019711,0.000619,-0.003837,-0.007024,-0.009778,-0.015998,0.001392,0.001114,-6.2e-05,0.007674,0.043786,-0.000712,-0.003156,-0.005663,-0.007984,-0.007953,-0.00034,-0.000866,0.003218,0.007055,0.02228,-0.000371,0.000681,0.003342,0.004177,0.000155,-0.003156,-0.008045,-0.006158,0.010923,0.05573,-0.000607,0.005345,0.010845,0.013718,0.015589,-0.001876,-0.009655,-0.01305,-0.011639,0.002309,-0.00013,-0.000246,-0.000127,0.000227,0.00057,-0.001388,-0.005873,-0.005786,-0.003954,0.000875,-0.402958,-0.287661,-0.143861,-0.911222,1,0,0,0,0,0,0,0,0,0,0
1655,-0.002812,-0.006767,-0.007941,-0.007199,-0.003399,0.00448,0.013657,0.015604,0.017828,0.015171,-0.001669,-0.00723,-0.008312,-0.011062,-0.030682,-0.000433,-0.002008,0.000247,0.028427,0.066957,-0.001143,-0.003955,-0.007045,-0.007292,-0.006921,-0.000247,0.001669,0.003801,0.013379,0.028149,0.000927,0.001174,0.004975,0.004326,-0.004789,-0.00411,-0.003615,0.003492,0.035502,0.082684,0.002954,0.008519,0.012966,0.014807,0.02496,-0.004167,-0.010901,-0.01121,-0.004336,0.011771,-9.7e-05,-9e-06,0.000181,0.000327,0.000668,-0.002203,-0.004441,-0.003089,-0.001025,0.005292,-0.396468,-0.30739,-0.143089,-0.921343,1,0,0,0,0,0,0,0,0,0,0
1656,-0.003243,-0.004756,-0.004972,-0.002471,0.005343,0.003953,0.011272,0.013094,0.013311,0.009975,-0.002779,-0.00596,-0.008709,-0.014917,-0.044317,0.000154,-0.001019,0.006702,0.042742,0.105713,-0.001297,-0.003799,-0.006115,-0.006084,-0.004941,-0.000278,0.003799,0.007628,0.022823,0.038233,0.000124,0.002779,0.003613,-0.000401,-0.00803,-0.000772,0.001112,0.018159,0.062878,0.112013,0.002987,0.008476,0.011343,0.013211,0.035586,-0.003599,-0.006986,-0.005578,0.008342,0.025094,-1.8e-05,0.0001,0.000449,0.000787,9.5e-05,-0.002229,-0.002142,-0.000336,0.004427,0.014553,-0.394297,-0.323457,-0.140272,-0.935747,1,0,0,0,0,0,0,0,0,0,0
1657,-0.00071,-0.001884,-0.001143,0.002656,0.017759,0.005219,0.007165,0.009389,0.006733,0.007659,-0.00278,-0.003861,-0.006609,-0.026221,-0.052442,-0.00173,0.000525,0.028692,0.067205,0.137436,-0.001513,-0.004602,-0.004849,-0.004478,-0.002285,0.002193,0.004324,0.013898,0.028661,0.051361,0.000124,0.003922,0.003274,-0.005837,-0.011026,0.001266,0.00837,0.040366,0.087527,0.142285,0.002575,0.007019,0.008859,0.019008,0.040783,-0.003131,-0.00344,0.00343,0.01953,0.038073,0.000106,0.000295,0.000441,0.000781,-3e-06,-2e-06,0.001346,0.003404,0.009701,0.027427,-0.39145,-0.347962,-0.139398,-0.945994,1,0,0,0,0,0,0,0,0,0,0
1658,-0.000803,-0.001019,0.001482,0.009295,0.026372,0.0021,0.003922,0.004138,0.000803,3.1e-05,-0.000401,-0.00315,-0.009357,-0.038755,-0.059877,0.000556,0.008276,0.044313,0.107278,0.165364,-0.000988,-0.003304,-0.003273,-0.002131,0.000247,0.001884,0.005713,0.020906,0.036315,0.054442,0.002532,0.003366,-0.000648,-0.008276,-0.015687,0.000618,0.017663,0.062378,0.111508,0.184293,0.002914,0.00578,0.007648,0.030021,0.04311,-0.000257,0.001152,0.01507,0.031821,0.047478,1.2e-05,0.000361,0.000698,8e-06,0.001176,8.8e-05,0.001893,0.006653,0.016772,0.036924,-0.387255,-0.386798,-0.136876,-0.950237,1,0,0,0,0,0,0,0,0,0,0
1659,-0.00037,0.00037,0.004166,0.019256,0.043481,-0.000154,0.002068,-0.000586,0.000339,-0.007129,-0.000679,-0.003425,-0.023021,-0.049221,-0.075544,0.001697,0.029841,0.068323,0.138498,0.200526,-0.002098,-0.002345,-0.001975,0.000216,0.003487,0.000247,0.009813,0.024564,0.047246,0.055486,0.001265,0.000617,-0.008486,-0.013671,-0.02873,0.006481,0.038451,0.085574,0.140288,0.235397,0.001529,0.003367,0.013508,0.035265,0.045998,-5.3e-05,0.006813,0.022899,0.041427,0.053352,0.000176,0.000322,0.00066,-0.000121,0.002456,0.001253,0.003299,0.00956,0.027187,0.055374,-0.37909,-0.433416,-0.137387,-0.95484,1,0,0,0,0,0,0,0,0,0,0
1660,0.000154,0.002652,0.010453,0.027505,0.047147,0.001973,0.002189,-0.001141,-0.001912,-0.00888,-0.002066,-0.008264,-0.037619,-0.05871,-0.103082,0.006013,0.041997,0.10487,0.162871,0.237646,-0.000216,-0.000185,0.000956,0.00333,0.008572,0.003577,0.018748,0.034134,0.052235,0.056644,-0.000432,-0.00444,-0.012057,-0.019457,-0.060622,0.010546,0.055195,0.104253,0.176932,0.300642,0.001335,0.003199,0.02554,0.03861,0.04543,0.001458,0.015357,0.032083,0.047717,0.056638,0.00017,0.000504,-0.00018,0.000976,0.005111,0.00054,0.005252,0.015268,0.035215,0.054876,-0.350833,-0.493151,-0.135283,-0.960989,1,0,0,0,0,0,0,0,0,0,0
1661,0.000585,0.004376,0.019445,0.043635,0.057656,0.000247,-0.002404,-0.001479,-0.008937,-0.008382,-0.000678,-0.020246,-0.046408,-0.072694,-0.117746,0.022095,0.060522,0.130596,0.192535,0.262117,-3.1e-05,0.000339,0.002527,0.005793,0.011063,0.005978,0.020708,0.043357,0.051585,0.054513,-0.000216,-0.009306,-0.014483,-0.029521,-0.078734,0.021386,0.068441,0.123077,0.218051,0.345072,0.000502,0.010628,0.032354,0.043071,0.047279,0.005398,0.021461,0.039963,0.05187,0.053026,-2.5e-05,0.000309,-0.000463,0.002088,0.007091,0.001487,0.007686,0.025137,0.053043,0.064652,-0.333063,-0.531878,-0.129567,-0.959623,1,0,0,0,0,0,0,0,0,0,0
1662,0.00191,0.009702,0.026735,0.046356,0.062742,-3.1e-05,-0.003357,-0.004127,-0.011088,0.022885,-0.005513,-0.034836,-0.055904,-0.100227,-0.141994,0.013861,0.076664,0.134601,0.209294,0.263443,6.2e-05,0.001201,0.003573,0.008809,0.013922,0.009179,0.024549,0.042629,0.047033,0.052855,-0.003789,-0.011396,-0.018789,-0.059908,-0.118677,0.023224,0.072229,0.144827,0.268402,0.370015,0.001361,0.023677,0.036733,0.043545,0.038815,0.008488,0.025195,0.040812,0.049724,0.020296,0.000357,-0.000321,0.000826,0.004928,0.00934,0.003193,0.013133,0.032926,0.052437,0.062262,-0.294065,-0.566641,-0.121,-0.960403,1,0,0,0,0,0,0,0,0,0,0
1663,0.001876,0.01691,0.041046,0.055036,0.060724,-0.002613,-0.001691,-0.009132,-0.008578,0.04861,-0.01402,-0.040124,-0.06635,-0.111301,-0.155667,0.024505,0.094421,0.156221,0.225646,0.262602,0.000307,0.00249,0.00575,0.011007,0.015404,0.005534,0.028133,0.036342,0.039263,0.044182,-0.005288,-0.010454,-0.025458,-0.074559,-0.154161,0.023767,0.07828,0.173039,0.299774,0.422267,0.008745,0.030422,0.041115,0.045313,0.047022,0.007555,0.026014,0.037895,0.039048,-0.012926,-2.3e-05,-0.000784,0.001727,0.006652,0.014449,0.002949,0.020126,0.047595,0.059022,0.054301,-0.255358,-0.642576,-0.116963,-0.957076,1,0,0,0,0,0,0,0,0,0,0
1664,0.005885,0.022837,0.042363,0.05867,0.061613,-0.000705,-0.001471,-0.008399,0.025411,0.04552,-0.015204,-0.036171,-0.080281,-0.121846,-0.166232,0.038071,0.09573,0.170064,0.223952,0.231248,0.000828,0.003188,0.008399,0.013487,0.017196,0.009778,0.027772,0.032155,0.037949,0.037857,-0.002299,-0.009656,-0.050578,-0.109064,-0.201514,0.025074,0.097324,0.220305,0.321429,0.431566,0.01349,0.026483,0.033263,0.028556,0.040619,0.009096,0.024637,0.033506,0.00422,-0.015701,-0.000633,0.000476,0.004443,0.008708,0.018765,0.006723,0.02586,0.044724,0.054223,0.051324,-0.198779,-0.679489,-0.114076,-0.957622,1,0,0,0,0,0,0,0,0,0,0
1665,0.009084,0.033095,0.047012,0.052671,0.059278,0.001621,-0.005781,-0.00523,0.051661,0.04273,-0.010797,-0.036888,-0.081606,-0.125743,-0.169605,0.031566,0.093046,0.162111,0.198876,0.20429,0.001346,0.004588,0.009818,0.014192,0.017771,0.012724,0.020891,0.023797,0.028691,0.027467,-0.002845,-0.017771,-0.066618,-0.145808,-0.242004,0.029211,0.12348,0.249559,0.371418,0.468134,0.008104,0.018742,0.022918,0.024618,0.048402,0.009289,0.021107,0.022255,-0.02945,-0.022222,-0.00011,0.002312,0.007061,0.01458,0.025029,0.009943,0.036432,0.047451,0.042898,0.045843,-0.151812,-0.744723,-0.107597,-0.958804,1,0,0,0,0,0,0,0,0,0,0
1666,0.007807,0.027233,0.043457,0.046385,0.050349,-0.002379,-0.009271,0.024367,0.044372,0.038761,-0.010094,-0.053978,-0.095331,-0.13949,-0.168492,0.025891,0.099845,0.153457,0.160715,0.183374,0.001006,0.006191,0.011253,0.014943,0.017047,0.005215,0.009576,0.01534,0.015248,0.008722,-0.004483,-0.045195,-0.103382,-0.195359,-0.274497,0.042756,0.165107,0.265714,0.375287,0.497516,0.004847,0.011592,0.006909,0.01891,0.066967,0.006201,0.015024,-0.014111,-0.033931,-0.035087,0.001177,0.005004,0.009119,0.018821,0.032533,0.008724,0.026922,0.036086,0.033288,0.034546,-0.110953,-0.806085,-0.102318,-0.952536,1,0,0,0,0,0,0,0,0,0,0
1667,0.016119,0.029983,0.035621,0.042202,0.045463,-0.004997,-0.004449,0.052227,0.04333,0.039765,-0.015906,-0.060454,-0.104424,-0.148119,-0.168108,0.035377,0.10418,0.140806,0.1462,0.162928,0.002224,0.007435,0.011792,0.015357,0.017765,0.002925,0.00582,0.010695,0.009476,3e-05,-0.010391,-0.059053,-0.137942,-0.233773,-0.322108,0.051191,0.176792,0.298189,0.394538,0.488541,0.005755,0.009915,0.011608,0.035303,0.070497,0.005578,0.006721,-0.044788,-0.037587,-0.043529,0.001187,0.005812,0.013133,0.023308,0.041924,0.017121,0.027851,0.023417,0.026285,0.026315,-0.054715,-0.839118,-0.10175,-0.950435,1,0,0,0,0,0,0,0,0,0,0
1668,0.003298,0.019544,0.022475,0.026445,0.032156,-0.001893,0.031789,0.051822,0.046203,0.044279,-0.028003,-0.069411,-0.113629,-0.14267,-0.163497,0.038599,0.092284,0.099552,0.122241,0.128043,0.002962,0.008031,0.011726,0.013833,0.017467,0.001435,0.007207,0.007115,0.00058,-0.007207,-0.030354,-0.088619,-0.18072,-0.259964,-0.363852,0.071213,0.171956,0.281676,0.40407,0.48136,0.000987,-0.003702,0.008315,0.056437,0.094846,0.003245,-0.02593,-0.045776,-0.046934,-0.053018,0.002657,0.006811,0.016605,0.030447,0.055788,0.000987,0.010238,0.007414,0.008683,0.009582,0.000289,-0.882117,-0.100549,-0.945522,1,0,0,0,0,0,0,0,0,0,0
1669,0.010659,0.016342,0.022977,0.026264,0.033913,0.002457,0.059593,0.050624,0.04703,0.038951,-0.016741,-0.061068,-0.105118,-0.125269,-0.142164,0.030534,0.067457,0.072894,0.089759,0.084199,0.002273,0.006666,0.01026,0.012687,0.016096,0.001474,0.006389,0.005161,-0.004362,-0.020305,-0.018523,-0.098053,-0.194661,-0.283714,-0.378571,0.054986,0.177367,0.274498,0.369264,0.419765,0.003201,0.004908,0.028795,0.064275,0.101295,-0.002112,-0.054039,-0.046779,-0.052769,-0.061106,0.002125,0.009872,0.020639,0.040338,0.07003,0.010326,0.005634,0.008669,0.008701,0.010851,0.046861,-0.889161,-0.100089,-0.9348,1,0,0,0,0,0,0,0,0,0,0
1670,0.005696,0.008652,0.012655,0.018413,0.026849,0.031499,0.051698,0.046032,0.044092,0.036087,-0.024971,-0.069556,-0.098838,-0.119837,-0.128397,0.023524,0.030852,0.05373,0.05958,0.050805,0.002833,0.006558,0.008683,0.012347,0.014041,0.004341,0.004249,-0.00234,-0.010192,-0.021615,-0.040182,-0.133047,-0.212948,-0.317698,-0.396615,0.046463,0.157094,0.280503,0.358434,0.385222,-0.007937,0.00418,0.052701,0.091429,0.118721,-0.027301,-0.047311,-0.048479,-0.054614,-0.058829,0.002241,0.012618,0.027285,0.054134,0.084761,-0.000696,-0.003688,-0.002343,-0.00139,0.002792,0.085039,-0.908149,-0.095561,-0.93553,1,0,0,0,0,0,0,0,0,0,0
1671,0.0,0.006698,0.010016,0.017738,0.02611,0.025955,0.0169,0.013272,0.005117,0.004279,-0.019598,-0.064066,-0.084408,-0.101464,-0.10965,0.013582,0.019071,0.036095,0.030483,0.026265,0.001581,0.00521,0.007659,0.011101,0.012993,0.000589,-0.000651,-0.010264,-0.026358,-0.023877,-0.039816,-0.137342,-0.227239,-0.322997,-0.394723,0.076749,0.174802,0.270467,0.321447,0.362597,0.009717,0.03383,0.069646,0.107018,0.150648,-0.024925,-0.017597,-0.023643,-0.032059,-0.029507,0.005922,0.017425,0.038471,0.070192,0.105358,-0.004281,-0.001038,-0.001004,0.001293,0.006024,0.12183,-0.925325,-0.092798,-0.932984,1,0,0,0,0,0,0,0,0,0,0
1672,0.003017,0.007102,0.012978,0.021589,0.030074,-0.005688,-0.01147,-0.01345,-0.02162,-0.02074,-0.025643,-0.055528,-0.076959,-0.085696,-0.092358,-0.006285,0.017064,0.023034,0.014078,0.014015,0.0022,0.004368,0.008108,0.009836,0.012287,-0.000691,-0.007416,-0.01543,-0.027088,-0.022029,-0.054428,-0.135975,-0.242883,-0.323425,-0.383949,0.035133,0.161084,0.24062,0.26796,0.311609,0.00252,0.05204,0.091565,0.11942,0.165263,0.004836,0.003644,-0.002617,-0.006919,-0.003411,0.00547,0.022386,0.053354,0.088679,0.128073,0.001247,0.002799,0.003898,0.008721,0.013658,0.146286,-0.943247,-0.090164,-0.93007,1,0,0,0,0,0,0,0,0,0,0
1673,0.003798,0.007185,0.015067,0.023613,0.028266,-0.003513,-0.007217,-0.015541,-0.016396,-0.01532,-0.019561,-0.040326,-0.057735,-0.066091,-0.068053,0.011933,0.02931,0.023581,0.019277,0.020448,0.001488,0.003988,0.007502,0.009433,0.010224,-0.00057,-0.010382,-0.02681,-0.024278,-0.020701,-0.044725,-0.136487,-0.23423,-0.307443,-0.35315,0.064698,0.162347,0.214384,0.256387,0.285603,0.022075,0.058634,0.096781,0.141315,0.173423,0.002609,-0.003563,-0.012153,-0.009548,-0.007456,0.007527,0.031824,0.068447,0.109046,0.150131,0.002431,0.002471,0.005122,0.010585,0.013904,0.167083,-0.947449,-0.087676,-0.927892,1,0,0,0,0,0,0,0,0,0,0
1674,0.000318,0.006262,0.014971,0.023554,0.025938,-0.00232,-0.004323,-0.012587,-0.011697,-0.013764,-0.010585,-0.032263,-0.0411,-0.047838,-0.048284,0.011634,0.017673,0.008614,0.008551,0.007724,0.000699,0.004482,0.00623,0.008709,0.009663,-0.00623,-0.014336,-0.026128,-0.021011,-0.020057,-0.037571,-0.145709,-0.227177,-0.288398,-0.32581,0.062428,0.14288,0.170534,0.214685,0.209663,0.027921,0.067901,0.096077,0.142447,0.1434,-0.003826,-0.010159,-0.014511,-0.010962,-0.008097,0.010574,0.044124,0.082393,0.125072,0.167226,-0.000823,0.000367,0.005593,0.010941,0.01239,0.181595,-0.935113,-0.089257,-0.928567,1,0,0,0,0,0,0,0,0,0,0
1675,0.003091,0.011025,0.019629,0.024313,0.025906,-0.001402,-0.009783,-0.010643,-0.009559,-0.015996,-0.010292,-0.027818,-0.03623,-0.038206,-0.037951,0.005831,6.4e-05,-0.00427,-0.003091,-0.004907,0.001816,0.005353,0.007297,0.008094,0.009591,-0.003633,-0.02017,-0.017621,-0.014021,-0.01453,-0.054712,-0.153111,-0.226814,-0.272827,-0.298574,0.03572,0.088106,0.130391,0.159802,0.127874,0.008814,0.047216,0.092049,0.124372,0.099187,-0.002379,-0.011027,-0.008404,-0.006297,-0.000408,0.014702,0.053077,0.09562,0.138671,0.172218,0.000879,0.003657,0.009382,0.012859,0.013435,0.190161,-0.915701,-0.090919,-0.93006,1,0,0,0,0,0,0,0,0,0,0
1676,0.00288,0.011647,0.020286,0.022686,0.022398,-0.000608,-0.008927,-0.008031,-0.010111,-0.02083,-0.011487,-0.020382,-0.027165,-0.027613,-0.031421,0.000224,-0.008895,-0.008959,-0.009791,-0.010559,0.001984,0.003744,0.006239,0.007199,0.007775,-0.004512,-0.016382,-0.011231,-0.010271,-0.014495,-0.053915,-0.135923,-0.197549,-0.235209,-0.263974,0.045116,0.072953,0.117397,0.112341,0.090327,0.031395,0.059757,0.106434,0.107394,0.091812,-0.003987,-0.008367,-0.004796,-0.001912,0.004637,0.020002,0.060082,0.104778,0.148926,0.176786,0.000342,0.005815,0.011416,0.012934,0.012711,0.207841,-0.912179,-0.091599,-0.929845,1,0,0,0,0,0,0,0,0,0,0
1677,0.005105,0.013773,0.018492,0.020097,0.018973,-0.007833,-0.0087,-0.007609,-0.014094,-0.023339,-0.006132,-0.014607,-0.016598,-0.016341,-0.023693,-0.006036,-0.010402,-0.009214,-0.011044,-0.010466,0.001573,0.003531,0.004334,0.005843,0.005329,-0.012135,-0.009567,-0.005939,-0.006453,-0.010081,-0.045042,-0.119298,-0.165656,-0.191596,-0.220906,0.007512,0.050114,0.079746,0.047578,0.040547,0.00719,0.05236,0.084925,0.059551,0.057206,-0.004713,-0.002071,5.2e-05,0.005986,0.011637,0.01996,0.064787,0.11015,0.145499,0.167604,0.002577,0.008609,0.012273,0.01288,0.012821,0.214179,-0.90623,-0.09156,-0.934788,1,0,0,0,0,0,0,0,0,0,0
1678,0.003699,0.012383,0.014795,0.014505,0.012736,-0.000515,0.000386,-0.001705,-0.012479,-0.016531,-0.002798,-0.009617,-0.010067,-0.013894,-0.024347,-0.00312,-0.003184,-0.00402,-0.004792,-0.003795,0.000193,0.002702,0.003667,0.004245,0.000611,0.000225,0.005403,0.006368,0.002123,0.002123,-0.037308,-0.099253,-0.137108,-0.166022,-0.188246,0.020455,0.065129,0.060047,0.037919,0.027853,0.021305,0.068223,0.069188,0.053526,0.045819,0.000318,0.003908,0.006807,0.013389,0.017248,0.021337,0.067677,0.113448,0.142333,0.15564,0.003063,0.008871,0.010444,0.010213,0.012528,0.221893,-0.904459,-0.088935,-0.940674,1,0,0,0,0,0,0,0,0,0,0
1679,0.004987,0.009717,0.011326,0.0102,0.005566,-0.000354,0.00074,-0.005759,-0.015026,-0.019337,-0.005695,-0.00769,-0.007433,-0.014801,-0.030695,-0.001255,-6.4e-05,-0.001898,-0.001319,-0.000515,0.00177,0.002574,0.004086,0.003571,-0.005373,0.002349,0.005985,0.00547,0.001834,-0.000579,-0.037098,-0.083559,-0.109557,-0.138933,-0.163225,0.022233,0.051931,0.019691,0.012645,0.00621,0.023956,0.056594,0.031164,0.028813,0.024068,0.00233,0.004457,0.010404,0.016067,0.017563,0.024134,0.070209,0.106113,0.128564,0.137667,0.003054,0.006776,0.007392,0.007333,0.011976,0.228704,-0.906639,-0.085569,-0.94333,1,0,0,0,0,0,0,0,0,0,0
1680,0.003685,0.006088,0.0058,0.004038,-0.003525,0.00125,-0.000833,-0.011568,-0.015605,-0.026564,-0.001122,-0.00157,-0.005383,-0.015798,-0.032012,0.001186,0.000352,-0.000417,0.000577,0.000609,0.000737,0.001698,0.002275,-0.001346,-0.012625,0.00282,0.003781,-0.000449,-0.000449,-0.007979,-0.02477,-0.062485,-0.091292,-0.113435,-0.13532,0.022366,0.017304,-0.004742,-0.014772,-0.017432,0.022887,0.023848,0.008244,0.000566,-0.000454,0.001257,0.004145,0.010703,0.014547,0.017638,0.021705,0.066307,0.094454,0.10742,0.112807,0.002691,0.004224,0.003999,0.006255,0.010352,0.232223,-0.905757,-0.085691,-0.943878,1,0,0,0,0,0,0,0,0,0,0
1681,0.001021,0.002616,0.0015,-0.003095,-0.015474,-0.00016,-0.006604,-0.015793,-0.020068,-0.035798,-0.000861,-0.000606,-0.007913,-0.023674,-0.035542,0.0,-0.001819,-0.001244,-0.000447,-0.000861,6.4e-05,0.001563,0.001053,-0.007817,-0.023291,0.000798,0.000287,-0.003318,-0.005711,-0.013241,-0.021408,-0.047188,-0.076317,-0.100406,-0.113519,0.007179,-0.02479,-0.031778,-0.038159,-0.041573,0.009576,-0.015641,-0.017972,-0.022677,-0.02521,0.000858,0.006755,0.012371,0.013855,0.021771,0.022378,0.056224,0.077389,0.08597,0.087701,0.000898,0.001479,0.001423,0.0058,0.009684,0.227285,-0.905512,-0.084926,-0.9485,1,0,0,0,0,0,0,0,0,0,0
1682,0.001367,0.001081,-0.000668,-0.008173,-0.025441,-0.001908,-0.012561,-0.016568,-0.027444,-0.043504,0.000413,-0.003371,-0.013706,-0.029798,-0.041628,-0.000827,-0.00159,-0.000604,-0.000572,-0.000127,0.00089,0.001463,-0.002131,-0.013325,-0.0332,0.000159,-0.004039,-0.004039,-0.011512,-0.020066,-0.016091,-0.044681,-0.066655,-0.088375,-0.098806,-0.01218,-0.034059,-0.044013,-0.046652,-0.047924,-0.008591,-0.024077,-0.031697,-0.032709,-0.034751,0.002011,0.008519,0.012335,0.015402,0.022676,0.02042,0.047108,0.059403,0.06451,0.06381,0.000577,0.000363,0.002502,0.006387,0.009734,0.224375,-0.905607,-0.08453,-0.948301,1,0,0,0,0,0,0,0,0,0,0
1683,0.000222,-0.00089,-0.005465,-0.017794,-0.036955,-0.004512,-0.013663,-0.017921,-0.033586,-0.044199,-0.000159,-0.007435,-0.023132,-0.034953,-0.049474,-0.000985,-0.000413,0.000381,-3.2e-05,0.00286,0.000604,9.5e-05,-0.008738,-0.024149,-0.044072,-0.000667,-0.004258,-0.006641,-0.01414,-0.020495,-0.009596,-0.038607,-0.062597,-0.075657,-0.091322,-0.019669,-0.026628,-0.032983,-0.036383,-0.034667,-0.016531,-0.018852,-0.023538,-0.026061,-0.026865,0.003864,0.009457,0.010934,0.018818,0.023004,0.012588,0.033157,0.041496,0.043179,0.044321,-9e-06,-6.3e-05,0.004191,0.007966,0.009128,0.220539,-0.905778,-0.084869,-0.949752,1,0,0,0,0,0,0,0,0,0,0
1684,-0.000508,-0.002255,-0.009753,-0.027002,-0.049208,-0.006131,-0.010134,-0.020998,-0.037041,-0.039582,-0.003622,-0.013946,-0.03002,-0.041838,-0.057976,0.000222,0.001207,0.001239,0.001684,0.00467,-3.2e-05,-0.003622,-0.014804,-0.034658,-0.054005,-0.003526,-0.003526,-0.010992,-0.019537,-0.019632,-0.018965,-0.040917,-0.062614,-0.073034,-0.089013,-0.002192,-0.012135,-0.014772,-0.016043,-0.011627,0.001057,-0.006555,-0.007566,-0.009606,-0.008279,0.002639,0.00645,0.009514,0.01678,0.019444,0.013925,0.026129,0.031199,0.030504,0.030049,-0.000203,0.00192,0.005776,0.009098,0.006149,0.214823,-0.907152,-0.087234,-0.951308,1,0,0,0,0,0,0,0,0,0,0
1685,-0.000603,-0.00517,-0.017476,-0.036601,-0.06299,-0.003013,-0.007263,-0.0229,-0.033493,-0.034064,-0.003647,-0.019316,-0.031114,-0.045609,-0.061341,0.000349,0.001142,0.000729,0.003616,0.006407,-0.000476,-0.009293,-0.024676,-0.044562,-0.067779,-6.3e-05,-0.002442,-0.009927,-0.016271,-0.015954,-0.010023,-0.033969,-0.047004,-0.062641,-0.076628,-0.004758,-0.011101,-0.014495,-0.012782,-0.007739,-0.003372,-0.008049,-0.010567,-0.01137,-0.009701,0.002948,0.004423,0.012292,0.016471,0.017608,0.006536,0.014768,0.016429,0.017557,0.015715,0.000147,0.004347,0.008073,0.009221,0.005831,0.208051,-0.906263,-0.084712,-0.950674,1,0,0,0,0,0,0,0,0,0,0
1686,-0.00114,-0.008611,-0.025803,-0.047933,-0.075319,-0.000981,-0.011809,-0.027797,-0.03033,-0.031533,-0.006649,-0.022668,-0.034446,-0.050529,-0.068132,0.000633,0.000665,0.001108,0.004084,0.00668,-0.003103,-0.014247,-0.034034,-0.053315,-0.079846,6.3e-05,-0.007377,-0.015893,-0.015988,-0.016811,-0.011872,-0.033496,-0.04388,-0.059805,-0.072311,-0.005161,-0.007788,-0.009055,-0.004654,-0.002058,-0.00422,-0.005228,-0.007261,-0.005938,-0.007337,0.000856,0.003909,0.01115,0.013806,0.014255,0.005464,0.010414,0.009736,0.009291,0.005422,0.001928,0.005693,0.008938,0.006058,0.005161,0.198877,-0.905756,-0.085283,-0.949628,1,0,0,0,0,0,0,0,0,0,0
1687,-0.003428,-0.015743,-0.034882,-0.06129,-0.08465,-0.003269,-0.018917,-0.029518,-0.030089,-0.032724,-0.009014,-0.020821,-0.035326,-0.051069,-0.076239,0.000159,-0.000254,0.002634,0.005428,0.007427,-0.005713,-0.021107,-0.041008,-0.064241,-0.088173,-0.002444,-0.009935,-0.016283,-0.015965,-0.016854,-0.012061,-0.025106,-0.040754,-0.054751,-0.070685,-0.001174,-0.004571,-0.002857,0.00219,0.006888,-0.00045,-0.00297,-0.003773,-0.002103,-0.001986,0.000618,0.008493,0.012675,0.013813,0.015506,0.002713,0.004383,0.005516,0.003665,-0.004038,0.002259,0.006004,0.007157,0.003751,0.004554,0.191893,-0.907351,-0.090247,-0.949767,1,0,0,0,0,0,0,0,0,0,0
1688,-0.004073,-0.021353,-0.043596,-0.071122,-0.094766,-0.007605,-0.023676,-0.026221,-0.027431,-0.030581,-0.007064,-0.018902,-0.035068,-0.052761,-0.082514,-0.000127,0.000318,0.003309,0.005919,0.008115,-0.005473,-0.025362,-0.044742,-0.071408,-0.09502,-0.005028,-0.013588,-0.013683,-0.014511,-0.01432,-0.009642,-0.02008,-0.036086,-0.048656,-0.070645,-0.001464,-0.002737,0.001687,0.004296,0.014797,-0.000562,-0.002605,-0.001275,-0.002682,0.003334,0.002449,0.009728,0.012397,0.012848,0.016181,0.002368,0.001665,0.001204,-0.002805,-0.010775,0.001602,0.004965,0.00198,0.001051,0.00131,0.185061,-0.910317,-0.092452,-0.950427,1,0,0,0,0,0,0,0,0,0,0
1689,-0.008273,-0.027461,-0.053935,-0.077355,-0.105452,-0.008082,-0.01871,-0.019283,-0.021924,-0.022751,-0.004773,-0.019315,-0.035098,-0.060331,-0.08986,-0.000286,0.002609,0.005409,0.007414,0.011455,-0.00996,-0.029911,-0.053203,-0.077195,-0.102206,-0.002482,-0.008846,-0.008528,-0.009419,-0.008751,-0.003437,-0.019124,-0.033156,-0.04913,-0.072136,-0.001941,-0.000223,0.004837,0.009546,0.022083,-0.001964,-0.00277,-0.001095,-0.000978,0.005627,0.005446,0.009638,0.010779,0.012476,0.014227,-0.000668,0.000486,-0.001399,-0.009238,-0.016473,0.002211,0.003384,-8.4e-05,0.000734,-0.002707,0.176996,-0.911504,-0.096299,-0.950666,1,0,0,0,0,0,0,0,0,0,0
1690,-0.009005,-0.031246,-0.05877,-0.082412,-0.112354,-0.007987,-0.010532,-0.011741,-0.014891,-0.01486,-0.007064,-0.023228,-0.04092,-0.070671,-0.100581,0.000732,0.003723,0.006332,0.008528,0.01346,-0.009928,-0.029306,-0.05597,-0.07958,-0.105544,-0.006077,-0.006173,-0.007,-0.006809,-0.004359,-0.007,-0.023005,-0.035574,-0.057561,-0.082603,0.000668,0.005091,0.0077,0.018201,0.028987,-7.9e-05,0.001251,-0.000155,0.00586,0.010366,0.001832,0.004501,0.004952,0.008284,0.01104,-3.5e-05,-0.000496,-0.004503,-0.012468,-0.017877,0.00115,-0.001832,-0.002761,-0.002503,-0.006912,0.17231,-0.912112,-0.098485,-0.954506,1,0,0,0,0,0,0,0,0,0,0
1691,-0.010173,-0.036622,-0.06002,-0.088091,-0.118005,-0.002639,-0.003211,-0.005849,-0.006676,-0.009664,-0.007471,-0.023239,-0.048448,-0.07795,-0.108945,0.002162,0.004959,0.006962,0.010999,0.017516,-0.010014,-0.033284,-0.057254,-0.082241,-0.108118,-0.000286,3.2e-05,-0.000858,-0.000191,0.002066,-0.008679,-0.022698,-0.038657,-0.061641,-0.087677,0.001049,0.006104,0.010809,0.023334,0.037099,-0.000726,0.000947,0.001064,0.007663,0.013558,0.002358,0.003498,0.005193,0.006942,0.012534,0.001181,-0.000691,-0.00848,-0.015666,-0.021599,2.3e-05,-0.003422,-0.00261,-0.006028,-0.01027,0.165585,-0.916964,-0.102895,-0.958345,1,0,0,0,0,0,0,0,0,0,0
1692,-0.012033,-0.039498,-0.063088,-0.092965,-0.122843,9.5e-05,-0.001111,-0.004255,-0.004223,-0.013335,-0.008668,-0.026321,-0.056008,-0.085853,-0.116302,0.000826,0.003429,0.00562,0.010541,0.01632,-0.009335,-0.035942,-0.0595,-0.085409,-0.112619,0.000191,-0.000635,-0.000445,0.002,0.001334,-0.007303,-0.019844,-0.041784,-0.066771,-0.093029,0.003366,0.005969,0.016447,0.02721,0.035529,0.002052,0.000648,0.006651,0.011148,0.012657,0.000308,0.000759,0.004084,0.006833,0.01549,-0.001624,-0.005571,-0.013417,-0.018745,-0.02302,-0.00296,-0.003876,-0.003621,-0.007963,-0.010206,0.161962,-0.913808,-0.103722,-0.960523,1,0,0,0,0,0,0,0,0,0,0
1693,-0.014349,-0.037662,-0.065631,-0.095438,-0.124294,-0.000665,-0.003294,-0.004118,-0.007095,-0.01929,-0.007064,-0.032182,-0.061577,-0.092461,-0.122742,0.001964,0.003959,0.007982,0.014476,0.016028,-0.013874,-0.037757,-0.062654,-0.088438,-0.116692,0.000127,-0.00076,-9.5e-05,0.002154,-0.002122,-0.006684,-0.022585,-0.045486,-0.071428,-0.102312,0.001679,0.006367,0.018847,0.032562,0.032784,-0.00038,-0.000264,0.006311,0.012186,0.011026,0.000828,0.002518,0.00426,0.009832,0.017772,-0.000228,-0.007821,-0.014828,-0.020613,-0.019816,-0.000447,0.000345,-0.002988,-0.007124,-0.006926,0.159745,-0.911696,-0.108062,-0.962611,1,0,0,0,0,0,0,0,0,0,0
1694,-0.013023,-0.036508,-0.066253,-0.095997,-0.12533,-0.000537,-0.003667,-0.003635,-0.012707,-0.028227,-0.010526,-0.04008,-0.069793,-0.100106,-0.13181,0.000632,0.002813,0.007713,0.013465,0.014351,-0.012644,-0.036098,-0.061891,-0.088979,-0.117554,-0.000948,-0.000759,0.001675,0.001011,-0.015236,-0.005816,-0.027658,-0.052534,-0.078675,-0.106839,0.000917,0.011348,0.022063,0.030345,0.030408,-0.001018,0.004958,0.009435,0.010937,0.009354,-0.000378,0.002932,0.005669,0.014288,0.013637,-0.003601,-0.011205,-0.016369,-0.020513,-0.023393,-0.000447,-0.000199,-0.004409,-0.006582,-0.007637,0.151722,-0.909078,-0.111277,-0.956402,1,0,0,0,0,0,0,0,0,0,0
1695,-0.010226,-0.038096,-0.067797,-0.09655,-0.127009,-0.002083,-0.002904,-0.005871,-0.018022,-0.032289,-0.014519,-0.043809,-0.074583,-0.104757,-0.136351,0.001357,0.005366,0.011836,0.013383,0.013667,-0.011173,-0.035982,-0.061674,-0.089828,-0.11836,6.3e-05,0.000726,0.002967,-0.001294,-0.019853,-0.010037,-0.032857,-0.058707,-0.08948,-0.112142,0.003756,0.016192,0.029858,0.030079,0.02929,0.001132,0.007684,0.013537,0.012382,0.009385,0.002061,0.003797,0.009349,0.017261,0.013175,-0.003842,-0.010677,-0.016318,-0.015541,-0.022915,0.001214,-0.002036,-0.00607,-0.005878,-0.008787,0.146969,-0.908179,-0.110669,-0.954202,1,0,0,0,0,0,0,0,0,0,0
1696,-0.013194,-0.042825,-0.072456,-0.101677,-0.132474,-0.001039,-0.001008,-0.010045,-0.025506,-0.036685,-0.014957,-0.044557,-0.074755,-0.106338,-0.134646,0.000819,0.005699,0.01143,0.012312,0.012249,-0.012218,-0.037913,-0.064899,-0.093364,-0.120949,0.000126,0.002551,0.001889,-0.014296,-0.026577,-0.011745,-0.036527,-0.062568,-0.090625,-0.109266,0.006644,0.017319,0.025569,0.025632,0.025065,0.004823,0.009283,0.01078,0.009202,0.006707,0.001241,0.003968,0.012554,0.011905,0.01113,-0.003624,-0.008653,-0.012687,-0.015491,-0.023373,-0.000954,-0.005052,-0.007169,-0.008195,-0.012219,0.140816,-0.906258,-0.109423,-0.951648,1,0,0,0,0,0,0,0,0,0,0
1697,-0.014552,-0.044062,-0.072632,-0.102896,-0.131905,0.00022,-0.002728,-0.014802,-0.028978,-0.039578,-0.014207,-0.044784,-0.074765,-0.106157,-0.13319,0.003167,0.009596,0.011133,0.011415,0.01129,-0.012482,-0.03801,-0.065984,-0.094334,-0.120395,0.000533,0.00276,-0.001474,-0.019914,-0.028413,-0.010976,-0.036661,-0.067238,-0.089755,-0.109011,0.005739,0.019318,0.019538,0.018754,0.018283,0.001706,0.007522,0.006374,0.003396,0.001498,0.000489,0.006005,0.013867,0.009807,0.012199,-0.003012,-0.008406,-0.007663,-0.014713,-0.020867,-0.002181,-0.006038,-0.005854,-0.008635,-0.011864,0.137508,-0.907571,-0.11103,-0.956073,1,0,0,0,0,0,0,0,0,0,0
1698,-0.014885,-0.044249,-0.073207,-0.103726,-0.127161,-0.000187,-0.009143,-0.024465,-0.035543,-0.042814,-0.015197,-0.045123,-0.076422,-0.104475,-0.1305,0.001685,0.007364,0.008238,0.008176,0.008051,-0.013044,-0.039787,-0.067996,-0.095332,-0.118985,0.001872,0.001217,-0.014822,-0.026992,-0.03108,-0.013637,-0.039443,-0.067247,-0.085721,-0.107752,0.004868,0.013044,0.013106,0.012544,0.013013,0.002722,0.004206,0.002642,0.000169,-1.7e-05,0.002216,0.010724,0.010081,0.009313,0.012457,-0.001811,-0.005598,-0.00823,-0.015628,-0.018792,-0.001741,-0.003727,-0.004691,-0.008467,-0.007802,0.133667,-0.907565,-0.112711,-0.958613,1,0,0,0,0,0,0,0,0,0,0
1699,-0.014411,-0.042705,-0.072676,-0.101404,-0.123362,-0.002733,-0.01469,-0.028729,-0.039226,-0.048047,-0.015156,-0.044848,-0.075937,-0.102709,-0.128953,0.00469,0.006212,0.006491,0.006367,0.00705,-0.012299,-0.040003,-0.068079,-0.093888,-0.118548,0.000342,-0.003851,-0.022113,-0.03053,-0.037984,-0.011864,-0.042146,-0.064445,-0.083515,-0.101467,0.008603,0.00882,0.008044,0.007578,0.013262,0.003051,0.001914,-0.001035,-0.002915,0.000492,0.003258,0.011043,0.007023,0.009392,0.010475,-0.003288,-0.002593,-0.00918,-0.01493,-0.021941,-0.001919,-0.001747,-0.004346,-0.007363,-0.004094,0.125848,-0.909883,-0.112168,-0.956942,1,0,0,0,0,0,0,0,0,0,0
1700,-0.014752,-0.043453,-0.0737,-0.096926,-0.121111,-0.006155,-0.02134,-0.032319,-0.039525,-0.053752,-0.014567,-0.045587,-0.073391,-0.099184,-0.124854,0.000959,0.001825,0.001763,0.001639,0.003031,-0.014257,-0.042216,-0.069308,-0.092751,-0.118266,-0.00099,-0.016886,-0.028948,-0.032999,-0.045865,-0.013763,-0.041319,-0.059628,-0.081463,-0.098627,-0.000464,-0.000402,-0.000959,-0.000495,0.004608,-0.001567,-0.003117,-0.005568,-0.005753,-0.00361,0.005189,0.004552,0.00379,0.006906,0.008125,-0.000365,-0.002837,-0.009787,-0.012758,-0.019631,-3e-06,-0.000908,-0.004455,-0.00383,-0.002182,0.121385,-0.909689,-0.11166,-0.9485,1,0,0,0,0,0,0,0,0,0,0
1701,-0.013374,-0.04311,-0.071613,-0.093399,-0.115,-0.005732,-0.01966,-0.030075,-0.038826,-0.059904,-0.014945,-0.045791,-0.072353,-0.098391,-0.121379,0.000555,0.000832,0.000709,0.001387,0.003205,-0.013281,-0.041138,-0.066745,-0.091211,-0.112967,-0.003174,-0.021293,-0.029644,-0.037039,-0.053463,-0.016332,-0.038457,-0.057377,-0.075188,-0.095156,0.000678,-9.2e-05,-0.000555,0.005084,0.007642,0.000434,-0.002492,-0.004358,-0.000977,-0.000756,0.002555,-0.001434,0.000916,0.001991,0.006606,0.001013,-0.005221,-0.010663,-0.017298,-0.019624,0.000165,-0.002294,-0.00515,-0.002056,-0.001356,0.118188,-0.912633,-0.113968,-0.942231,1,0,0,0,0,0,0,0,0,0,0
1702,-0.015161,-0.045177,-0.068225,-0.092225,-0.109596,-0.009361,-0.020256,-0.027407,-0.041524,-0.061166,-0.015898,-0.043489,-0.069085,-0.094558,-0.115857,0.000307,0.000246,0.000123,0.001504,0.002639,-0.014517,-0.041402,-0.064665,-0.089985,-0.110241,-0.012614,-0.024583,-0.028604,-0.041371,-0.061535,-0.011079,-0.029248,-0.050916,-0.067949,-0.085842,-0.000614,-0.001166,-0.000706,0.004358,0.009729,-0.00197,-0.004402,-0.004585,-0.002459,0.001165,-0.003177,-0.003932,-0.000841,0.00037,-0.000427,-0.003328,-0.009913,-0.012729,-0.019242,-0.02226,-0.001018,-0.004379,-0.003787,-0.002226,0.000917,0.115265,-0.91632,-0.11077,-0.933855,1,0,0,0,0,0,0,0,0,0,0
1703,-0.014399,-0.042677,-0.06429,-0.08572,-0.104276,-0.004494,-0.014827,-0.023509,-0.044419,-0.057962,-0.014766,-0.041117,-0.06695,-0.089755,-0.108067,-3.1e-05,-0.000153,0.00052,0.002323,0.002293,-0.013176,-0.03858,-0.062853,-0.084436,-0.106783,-0.005411,-0.013696,-0.021033,-0.037327,-0.059368,-0.010914,-0.029684,-0.047354,-0.067164,-0.080492,-0.000153,-0.000611,0.004983,0.00752,0.013207,-0.000941,-0.002791,0.000563,0.000782,0.005638,-0.000793,0.001538,0.002605,0.007184,-0.001636,-0.002659,-0.007806,-0.014082,-0.016282,-0.020603,-0.001336,-0.004037,-0.00111,-0.000448,0.002731,0.111659,-0.919437,-0.106769,-0.924769,1,0,0,0,0,0,0,0,0,0,0
1704,-0.015453,-0.038342,-0.062177,-0.079428,-0.096862,-0.00634,-0.013441,-0.027461,-0.046968,-0.056294,-0.012679,-0.038099,-0.063396,-0.084548,-0.099696,-3e-05,-0.000152,0.001219,0.002347,0.002134,-0.013563,-0.036666,-0.061811,-0.081927,-0.102927,-0.006492,-0.010485,-0.023164,-0.043189,-0.058062,-0.007163,-0.028681,-0.045596,-0.063366,-0.073424,-0.000396,6.1e-05,0.00509,0.010424,0.02103,-0.001478,-0.001659,0.000452,0.004051,0.013981,4e-05,0.00311,0.004313,0.003521,-0.002325,-0.00367,-0.006353,-0.012558,-0.015433,-0.020508,-0.001895,-0.001331,0.000157,0.003151,0.006166,0.109048,-0.929603,-0.103577,-0.922984,1,0,0,0,0,0,0,0,0,0,0
1705,-0.012691,-0.034157,-0.05544,-0.073869,-0.086105,-0.003947,-0.01257,-0.033337,-0.046787,-0.052039,-0.013541,-0.039197,-0.061846,-0.080033,-0.091297,-9.1e-05,0.000577,0.002368,0.002338,0.002611,-0.01172,-0.035826,-0.057262,-0.079456,-0.09412,-0.001761,-0.009048,-0.02523,-0.047121,-0.055379,-0.011507,-0.029056,-0.04873,-0.061968,-0.069163,-6.1e-05,0.005495,0.008015,0.013663,0.024714,-0.000366,0.002965,0.003183,0.008006,0.018079,0.002275,0.003335,0.007882,-0.000877,-0.004088,-0.001333,-0.007315,-0.009411,-0.013529,-0.017888,-0.00073,0.002059,0.00269,0.00572,0.00779,0.10555,-0.933298,-0.104052,-0.921929,1,0,0,0,0,0,0,0,0,0,0
1706,-0.010088,-0.033779,-0.050926,-0.068254,-0.075888,-0.00312,-0.017056,-0.036445,-0.045715,-0.04932,-0.011754,-0.036899,-0.057924,-0.07298,-0.079584,-3e-05,0.001333,0.002454,0.002242,0.001454,-0.01127,-0.036263,-0.056257,-0.07713,-0.087915,-0.002212,-0.014814,-0.034718,-0.049502,-0.052107,-0.009906,-0.02672,-0.044382,-0.054379,-0.058499,0.000515,0.005514,0.010815,0.021358,0.024266,0.000184,0.002283,0.00586,0.01573,0.019043,0.000781,0.001976,0.001189,-0.004621,-0.003887,-0.001259,-0.007207,-0.009962,-0.014826,-0.017221,0.00126,0.002686,0.005555,0.008445,0.011452,0.102986,-0.933779,-0.102224,-0.928158,1,0,0,0,0,0,0,0,0,0,0
1707,-0.011277,-0.032414,-0.050717,-0.062868,-0.068235,-0.005458,-0.026082,-0.03944,-0.044656,-0.046887,-0.01378,-0.036274,-0.054335,-0.065522,-0.068416,0.000694,0.002473,0.002442,0.002714,9e-05,-0.012724,-0.034012,-0.056054,-0.070618,-0.080417,-0.005035,-0.021107,-0.042847,-0.051048,-0.048093,-0.007568,-0.027107,-0.040254,-0.0474,-0.04939,0.005005,0.007508,0.013116,0.024092,0.023459,0.003125,0.003341,0.008131,0.018135,0.019981,0.000274,0.00479,-0.003909,-0.007097,-0.002289,-0.004481,-0.006479,-0.010403,-0.014557,-0.015481,0.001439,0.00204,0.004927,0.006899,0.011332,0.10149,-0.93489,-0.100906,-0.933577,1,0,0,0,0,0,0,0,0,0,0
1708,-0.012214,-0.029157,-0.04628,-0.053824,-0.059481,-0.008352,-0.027511,-0.036671,-0.040233,-0.043735,-0.011166,-0.031941,-0.046819,-0.053345,-0.052087,0.000659,0.001766,0.001557,0.000778,-0.001407,-0.012064,-0.031821,-0.052447,-0.063104,-0.069629,-0.007454,-0.027121,-0.04173,-0.044304,-0.0417,-0.0091,-0.026553,-0.036431,-0.040502,-0.040443,-3e-05,0.005209,0.015626,0.0185,0.01838,-0.001029,0.002506,0.012259,0.015532,0.017743,0.000908,0.000131,-0.00561,-0.004885,0.001135,-0.001211,-0.003745,-0.008219,-0.010422,-0.009722,-5.6e-05,0.002583,0.005242,0.008008,0.009194,0.099408,-0.936897,-0.102029,-0.93876,1,0,0,0,0,0,0,0,0,0,0
1709,-0.008741,-0.026849,-0.038871,-0.044181,-0.049222,-0.012082,-0.025297,-0.030458,-0.032666,-0.038035,-0.011127,-0.028996,-0.040064,-0.042928,-0.038006,0.001104,0.001074,0.001342,-0.001253,-0.002924,-0.009039,-0.030846,-0.045255,-0.05495,-0.060051,-0.008472,-0.029981,-0.038095,-0.035172,-0.034486,-0.010262,-0.023269,-0.030339,-0.032308,-0.029712,0.002506,0.008055,0.018913,0.018287,0.015035,0.001239,0.005978,0.015875,0.017702,0.016461,0.003563,-0.005044,-0.008198,-0.003442,0.002592,-0.000672,-0.004313,-0.008167,-0.009024,-0.007114,0.000613,0.003291,0.005121,0.009234,0.009728,0.095595,-0.933916,-0.101352,-0.940661,1,0,0,0,0,0,0,0,0,0,0
1710,-0.008113,-0.025112,-0.0326,-0.038217,-0.040624,-0.006984,-0.016077,-0.019614,-0.023091,-0.030431,-0.009539,-0.024309,-0.030788,-0.029539,-0.024101,0.0,-0.000208,-0.000981,-0.00315,-0.004487,-0.010609,-0.031085,-0.041664,-0.048143,-0.05159,-0.011085,-0.025587,-0.028143,-0.025557,-0.029421,-0.007103,-0.016909,-0.020951,-0.020892,-0.017771,0.002704,0.013046,0.015899,0.01578,0.008886,0.002275,0.011957,0.015207,0.017401,0.012229,-0.004321,-0.010021,-0.0093,-0.003324,6.5e-05,-0.001754,-0.006005,-0.008099,-0.007434,-0.005194,0.001912,0.004438,0.007066,0.008194,0.00939,0.093084,-0.92881,-0.100882,-0.939623,1,0,0,0,0,0,0,0,0,0,0
1711,-0.009876,-0.021793,-0.027057,-0.032054,-0.031522,-0.006151,-0.011266,-0.013454,-0.018777,-0.025076,-0.008221,-0.019191,-0.02203,-0.017151,-0.013484,-3e-05,0.000237,-0.002336,-0.003992,-0.001656,-0.011059,-0.025342,-0.034952,-0.040008,-0.040097,-0.01029,-0.018334,-0.015436,-0.014756,-0.022178,-0.005825,-0.012833,-0.014785,-0.012212,-0.009522,0.002809,0.013573,0.012952,0.009729,0.005411,0.002434,0.012244,0.014055,0.012824,0.006381,-0.004231,-0.007358,-0.002643,0.003338,0.002171,-0.001729,-0.005352,-0.006159,-0.004362,-0.003034,0.000672,0.002393,0.00626,0.006725,0.00721,0.09086,-0.92611,-0.100583,-0.935514,1,0,0,0,0,0,0,0,0,0,0
1712,-0.007012,-0.014436,-0.020004,-0.022391,-0.020004,-0.002887,-0.006393,-0.00984,-0.017117,-0.022126,-0.006452,-0.012875,-0.011637,-0.006246,-0.003889,-0.000177,-0.000943,-0.003093,-0.004419,0.002681,-0.00928,-0.019769,-0.026191,-0.029609,-0.028371,-0.004125,-0.006658,-0.004095,-0.007925,-0.015762,-0.003918,-0.007925,-0.007866,-0.004773,-0.009221,0.007454,0.010282,0.010164,0.003329,0.01205,0.007174,0.010395,0.012571,0.007444,0.010086,-0.001435,-0.000721,0.005204,0.008564,0.005659,-0.002316,-0.004287,-0.00366,-0.001552,0.002727,0.001722,0.004196,0.005257,0.006384,0.007193,0.095966,-0.931001,-0.099511,-0.931607,1,0,0,0,0,0,0,0,0,0,0
1713,-0.004854,-0.01009,-0.015061,-0.014532,-0.011531,-0.002206,-0.004383,-0.009678,-0.015944,-0.028417,-0.004471,-0.007295,-0.002442,0.001206,0.003442,0.000441,-0.002118,-0.003765,-0.001441,0.005883,-0.004942,-0.014503,-0.019533,-0.019621,-0.017209,-0.003883,-0.001,-0.000324,-0.007707,-0.012355,-0.003059,-0.005001,-0.002442,0.000235,-0.014355,0.003265,0.002648,-0.000559,-0.004854,0.017209,0.002597,0.004398,0.003174,-0.003236,0.014046,-0.001678,0.003012,0.008962,0.007801,0.015563,-0.001202,-0.00198,-0.000248,0.001033,0.010933,-4.5e-05,0.003684,0.004132,0.0046,0.005588,0.105414,-0.940588,-0.099807,-0.932594,1,0,0,0,0,0,0,0,0,0,0
1714,-0.002556,-0.008108,-0.010487,-0.008108,-0.00564,-0.001293,-0.00473,-0.011986,-0.01698,-0.027438,-0.001939,-0.000705,0.004671,0.007021,0.009489,-0.001204,-0.003349,-0.004671,0.002409,0.007667,-0.005523,-0.011927,-0.015335,-0.014101,-0.010899,0.001351,0.003907,8.8e-05,-0.007726,-0.008754,-0.00094,-0.000881,0.002203,-0.002233,-0.020857,-0.000441,-0.000558,-0.007374,0.001322,0.014424,0.000619,0.002788,-0.002324,0.000311,0.011869,0.002388,0.008296,0.011645,0.008749,0.018208,-0.00074,-0.000126,0.00194,0.006133,0.020717,0.002469,0.003509,0.004613,0.005406,0.005344,0.115694,-0.940036,-0.100094,-0.932135,1,0,0,0,0,0,0,0,0,0,0
1715,-0.002664,-0.007611,-0.007084,-0.004098,-0.002371,-0.000878,-0.006148,-0.012383,-0.024795,-0.027108,-0.000878,0.003952,0.007582,0.009807,0.011505,-0.001347,-0.002986,-0.000673,0.006616,0.014725,-0.004011,-0.009016,-0.009104,-0.006704,-0.002254,0.001522,0.002196,-0.005152,-0.009777,-0.010685,-0.000995,0.001552,0.004215,-0.010304,-0.030972,-0.000176,-0.003366,-0.00764,0.014315,0.014725,0.001176,-4.3e-05,-0.006421,0.010777,0.007828,0.002288,0.008209,0.007054,0.014778,0.016381,-2.9e-05,0.001645,0.002883,0.012451,0.03004,0.001195,0.001628,0.00208,0.003036,0.000628,0.12668,-0.938183,-0.102388,-0.931329,1,0,0,0,0,0,0,0,0,0,0
1716,-0.002861,-0.005225,-0.002861,-0.000409,0.003328,-0.002539,-0.009749,-0.014711,-0.025102,-0.025891,0.002102,0.007443,0.009778,0.01223,0.012522,-0.000788,-0.002102,0.004933,0.010158,0.022154,-0.002364,-0.00575,-0.004524,-0.001343,0.010917,0.001022,-0.002773,-0.010537,-0.011559,-0.010274,0.001051,0.004116,-0.000292,-0.018798,-0.043725,5.8e-05,-0.006713,0.001926,0.014945,0.014303,0.000983,-0.004097,-0.001479,0.010006,0.003636,0.003589,0.006917,0.004039,0.013437,0.016193,0.000616,0.002591,0.0066,0.020544,0.04017,-0.000176,0.000879,0.001638,0.001578,-0.006048,0.139736,-0.933195,-0.110458,-0.930681,1,0,0,0,0,0,0,0,0,0,0
1717,-0.002067,-0.001543,0.001427,0.003145,0.008852,-0.002708,-0.00891,-0.021256,-0.023556,-0.027429,0.002708,0.006319,0.008532,0.01022,0.011851,-0.000844,0.001456,0.008706,0.016772,0.026555,-0.002621,-0.002708,-0.00032,0.004106,0.023731,-0.000349,-0.007658,-0.012259,-0.013161,-0.013977,0.001485,0.004135,-0.010308,-0.030865,-0.056634,-0.003232,-0.007483,0.014355,0.014763,0.009259,-0.002192,-0.008537,0.008569,0.005636,-0.001831,0.00231,0.001161,0.008843,0.010438,0.014762,0.001007,0.0022,0.011416,0.02836,0.049041,0.000591,0.001026,0.001946,-0.000372,-0.012849,0.151586,-0.926808,-0.120259,-0.929861,1,0,0,0,0,0,0,0,0,0,0
1718,-0.000291,0.002064,0.004506,0.008228,0.016252,-0.004477,-0.00942,-0.01977,-0.020555,-0.024277,0.002617,0.004943,0.007385,0.007676,0.009565,-0.000465,0.006542,0.011746,0.023695,0.033057,-0.000756,0.000465,0.003634,0.015845,0.039366,-0.003431,-0.011164,-0.012182,-0.010903,-0.013607,0.00157,-0.00282,-0.021253,-0.046082,-0.073354,-0.003518,0.005088,0.018055,0.017415,0.004681,-0.002871,-0.000263,0.011177,0.004832,-0.007357,0.001009,-0.001857,0.007504,0.010249,0.012914,0.000925,0.004825,0.018389,0.03748,0.059313,0.000442,0.00118,0.001122,-0.006296,-0.020485,0.166775,-0.917489,-0.13261,-0.930579,1,0,0,0,0,0,0,0,0,0,0
1719,0.000812,0.003769,0.005479,0.011161,0.020785,-0.00171,-0.014002,-0.016292,-0.020147,-0.026844,0.000986,0.003189,0.00487,0.006494,0.007189,0.002754,0.009972,0.018002,0.027743,0.034149,0.000667,0.003044,0.00745,0.026989,0.048499,-0.003856,-0.008436,-0.009334,-0.010146,-0.022119,0.001073,-0.013306,-0.033772,-0.059428,-0.083083,-0.000725,0.021017,0.021423,0.015944,-0.01548,-0.003454,0.013576,0.010656,0.003222,-0.024076,-0.00215,0.005499,0.007086,0.011391,0.007581,0.00025,0.009185,0.025611,0.04566,0.065813,-1.1e-05,0.000881,-0.001367,-0.013463,-0.024808,0.175006,-0.893091,-0.14037,-0.919125,1,0,0,0,0,0,0,0,0,0,0
1720,0.001534,0.003964,0.007668,0.015655,0.023265,-0.003212,-0.013513,-0.014295,-0.017998,-0.033942,0.001331,0.003762,0.004051,0.005932,0.006279,0.004225,0.009404,0.021297,0.030615,0.031222,0.00055,0.003704,0.015857,0.039267,0.054574,-0.003849,-0.004861,-0.003588,-0.006279,-0.033479,-0.00544,-0.023786,-0.048497,-0.07564,-0.094448,0.009289,0.022194,0.021558,0.008883,-0.046154,0.006043,0.017428,0.011114,-0.001017,-0.044884,-0.000707,0.00861,0.011342,0.013995,0.003864,0.003525,0.016646,0.035114,0.056234,0.073295,0.000725,0.000669,-0.006507,-0.020233,-0.02814,0.185288,-0.861113,-0.145852,-0.905414,1,0,0,0,0,0,0,0,0,0,0
1721,0.001413,0.003113,0.008763,0.018334,0.024013,-0.009023,-0.0113,-0.015134,-0.021793,-0.038974,0.000865,0.002537,0.004151,0.004843,0.00663,0.002969,0.010954,0.02064,0.027011,0.026607,0.001816,0.006198,0.025627,0.047017,0.058692,-0.000721,-0.001614,-0.002421,-0.014327,-0.041626,-0.008879,-0.029231,-0.054743,-0.078266,-0.097263,0.012367,0.01277,0.007322,-0.023927,-0.07743,0.010915,0.008011,0.000619,-0.026527,-0.065504,0.00831,0.009889,0.014169,0.01038,0.001214,0.005158,0.020952,0.04023,0.059608,0.073471,0.000152,-0.00201,-0.01364,-0.02455,-0.030475,0.19379,-0.838722,-0.149935,-0.894436,1,0,0,0,0,0,0,0,0,0,0
1722,0.001006,0.004687,0.012623,0.020186,0.024413,-0.001236,-0.002013,-0.005693,-0.021537,-0.031457,0.001553,0.00184,0.003709,0.004054,0.007361,0.002185,0.014003,0.023262,0.023866,0.021968,0.001323,0.0134,0.036662,0.051873,0.059205,-0.000288,0.000978,-0.001697,-0.028726,-0.046208,-0.009374,-0.03393,-0.060902,-0.079592,-0.096356,0.000489,-0.000144,-0.012738,-0.067429,-0.107168,0.000426,-0.005848,-0.017903,-0.061494,-0.085141,0.000969,0.003684,0.00632,-0.003747,-0.010767,0.007487,0.025157,0.045365,0.061689,0.071085,-0.000203,-0.007069,-0.020202,-0.027768,-0.030958,0.202097,-0.821094,-0.151068,-0.890487,1,0,0,0,0,0,0,0,0,0,0
1723,0.00069,0.006321,0.015859,0.021519,0.025397,-0.001034,-0.004855,-0.011492,-0.028615,-0.030396,0.000115,0.001724,0.002413,0.004195,0.006723,0.005775,0.015428,0.021777,0.021375,0.017899,0.003045,0.022409,0.043727,0.055362,0.061367,-0.000603,-0.001408,-0.013273,-0.04048,-0.047548,-0.010917,-0.036343,-0.059786,-0.078719,-0.093774,-8.6e-05,-0.005516,-0.036659,-0.089981,-0.120263,-0.00332,-0.010688,-0.037742,-0.076587,-0.09045,0.000605,0.004871,0.001095,-0.00804,-0.012938,0.007983,0.02681,0.045733,0.059272,0.065896,-0.001909,-0.013267,-0.023921,-0.029707,-0.031807,0.209148,-0.808902,-0.153058,-0.890008,1,0,0,0,0,0,0,0,0,0,0
1724,0.002983,0.010898,0.018441,0.022657,0.026185,0.000258,-0.003413,-0.019216,-0.02911,-0.029799,0.000172,0.002036,0.00238,0.005679,0.007715,0.006023,0.015258,0.01586,0.013967,0.010784,0.009006,0.032208,0.04738,0.054693,0.060888,0.001864,-0.000803,-0.027762,-0.0452,-0.049186,-0.013594,-0.040496,-0.059138,-0.075859,-0.090629,-0.000545,-0.013107,-0.067656,-0.107292,-0.127512,-0.002944,-0.014968,-0.058446,-0.082032,-0.087004,0.002104,0.004733,-0.005308,-0.01231,-0.015151,0.009466,0.029311,0.045342,0.054568,0.059483,-0.004857,-0.017753,-0.025183,-0.028317,-0.030528,0.21763,-0.802489,-0.15415,-0.888836,1,0,0,0,0,0,0,0,0,0,0
1725,0.002628,0.012111,0.017738,0.021595,0.023794,-0.004056,-0.010654,-0.027679,-0.02945,-0.030735,0.001428,0.002114,0.003885,0.006398,0.007941,0.003599,0.009912,0.009512,0.006056,0.001485,0.010283,0.031478,0.043046,0.049016,0.052987,-0.002656,-0.014454,-0.041504,-0.048531,-0.05173,-0.01174,-0.035048,-0.053872,-0.06884,-0.080637,-0.004856,-0.03582,-0.088835,-0.118942,-0.136594,-0.004393,-0.031291,-0.069913,-0.083696,-0.086737,0.002146,-0.001608,-0.010691,-0.015561,-0.017169,0.008879,0.027053,0.040055,0.046417,0.05011,-0.006187,-0.016419,-0.021976,-0.023992,-0.025381,0.222263,-0.79443,-0.154124,-0.888939,1,0,0,0,0,0,0,0,0,0,0
1726,0.00525,0.012753,0.016948,0.020457,0.021998,0.000399,-0.015321,-0.025165,-0.025849,-0.027304,0.000428,0.00077,0.004051,0.006077,0.007475,0.005592,0.006191,0.004308,0.001141,-0.004365,0.012811,0.027904,0.035179,0.041342,0.043539,0.0,-0.026819,-0.044166,-0.048132,-0.048446,-0.015036,-0.033581,-0.050215,-0.064909,-0.070329,-0.007646,-0.061913,-0.101343,-0.121457,-0.139746,-0.007573,-0.050826,-0.074289,-0.079235,-0.085461,0.000472,-0.009517,-0.016482,-0.019309,-0.018077,0.010327,0.025785,0.034681,0.03942,0.041935,-0.006298,-0.013462,-0.016483,-0.018616,-0.018925,0.224588,-0.786952,-0.153601,-0.889759,1,0,0,0,0,0,0,0,0,0,0
1727,0.004221,0.009839,0.013689,0.015885,0.017311,-0.006987,-0.023984,-0.025752,-0.027035,-0.027349,0.000257,0.002025,0.004534,0.006074,0.008213,0.000713,0.000314,-0.003137,-0.0077,-0.011008,0.008356,0.019906,0.025866,0.02983,0.030914,-0.011778,-0.038785,-0.0458,-0.048994,-0.047597,-0.008242,-0.027035,-0.041979,-0.053757,-0.055554,-0.023271,-0.076201,-0.106259,-0.123883,-0.136688,-0.019285,-0.057844,-0.071605,-0.074642,-0.079796,-0.00422,-0.013288,-0.01815,-0.019756,-0.018122,0.007676,0.020532,0.026822,0.030474,0.032109,-0.003839,-0.009334,-0.011327,-0.0127,-0.012286,0.225477,-0.783007,-0.152623,-0.890659,1,0,0,0,0,0,0,0,0,0,0
1728,0.003276,0.007463,0.010966,0.012505,0.013388,-0.008716,-0.018543,-0.019227,-0.020679,-0.019056,8.5e-05,0.003361,0.005383,0.006779,0.008431,-0.000114,-0.001994,-0.005156,-0.010653,-0.012106,0.006722,0.013986,0.020138,0.022332,0.022645,-0.015011,-0.032329,-0.036289,-0.036602,-0.035434,-0.010283,-0.026889,-0.041558,-0.04697,-0.046714,-0.030934,-0.070299,-0.09038,-0.108638,-0.114478,-0.023919,-0.047344,-0.052282,-0.058497,-0.0611,-0.005757,-0.012711,-0.015533,-0.014303,-0.014844,0.007668,0.016462,0.021147,0.023632,0.024307,-0.003275,-0.006261,-0.008369,-0.008674,-0.008345,0.225716,-0.782443,-0.150496,-0.890316,1,0,0,0,0,0,0,0,0,0,0
1729,0.002333,0.006174,0.008365,0.009788,0.010357,-0.008251,-0.010016,-0.011296,-0.011609,-0.007256,0.001679,0.004183,0.005719,0.007853,0.008593,-0.000285,-0.003727,-0.00828,-0.011581,-0.012093,0.004809,0.010755,0.01471,0.015792,0.016162,-0.01195,-0.01895,-0.022137,-0.020743,-0.01986,-0.008479,-0.023389,-0.03514,-0.036932,-0.03588,-0.021909,-0.051899,-0.069483,-0.082259,-0.082116,-0.014578,-0.028308,-0.031338,-0.03648,-0.036158,-0.003296,-0.008147,-0.009749,-0.008119,-0.011577,0.005042,0.011233,0.014827,0.016436,0.016323,-0.002158,-0.004119,-0.005471,-0.005063,-0.005297,0.226397,-0.784698,-0.148335,-0.889753,1,0,0,0,0,0,0,0,0,0,0
1730,0.001849,0.005347,0.006882,0.007764,0.008134,-0.001564,-0.002247,-0.003697,-0.002076,0.004579,0.001593,0.003612,0.005005,0.006655,0.007451,-0.001593,-0.004749,-0.010238,-0.011689,-0.012115,0.002446,0.008589,0.010779,0.011092,0.011717,-0.005347,-0.0093,-0.009613,-0.008447,-0.007679,-0.008105,-0.022752,-0.028156,-0.0279,-0.026705,-0.017405,-0.037455,-0.055685,-0.061516,-0.058217,-0.008817,-0.013747,-0.019953,-0.022552,-0.019862,-0.003649,-0.006466,-0.005238,-0.005779,-0.011547,0.003673,0.008307,0.010766,0.011434,0.010976,-0.000804,-0.002889,-0.003191,-0.002865,-0.003629,0.227072,-0.787613,-0.146651,-0.888912,1,0,0,0,0,0,0,0,0,0,0
1731,0.00199,0.004179,0.0056,0.006169,0.006368,-0.000199,-0.001478,-0.001791,0.002559,0.010547,0.00091,0.002445,0.004577,0.005316,0.006226,-0.001848,-0.006396,-0.009694,-0.010206,-0.010547,0.003497,0.007448,0.008528,0.008898,0.009609,-0.001649,-0.004833,-0.00344,-0.002559,-0.001251,-0.006794,-0.018535,-0.020326,-0.019274,-0.018223,-0.012565,-0.030134,-0.042898,-0.042756,-0.038606,-0.004904,-0.007931,-0.013068,-0.012747,-0.009285,-0.0012,-0.0028,-0.001171,-0.004627,-0.011135,0.00249,0.006062,0.007661,0.007548,0.007036,-0.001148,-0.002491,-0.002086,-0.002319,-0.003298,0.227947,-0.790027,-0.145696,-0.889272,1,0,0,0,0,0,0,0,0,0,0
1732,0.001507,0.003042,0.003923,0.004293,0.004634,-0.000483,-0.001933,-0.000313,0.00634,0.016716,0.001109,0.002502,0.004151,0.004947,0.006993,-0.001308,-0.006794,-0.008244,-0.008671,-0.008898,0.002644,0.004833,0.005146,0.005771,0.00651,-0.002303,-0.002615,-0.00145,-0.000682,0.002331,-0.007846,-0.013248,-0.012992,-0.011798,-0.010803,-0.007477,-0.025699,-0.031527,-0.028229,-0.024676,-2.4e-05,-0.006227,-0.008825,-0.006137,-0.002501,-0.001617,-0.000389,-0.00093,-0.006696,-0.013894,0.002131,0.004582,0.005248,0.004792,0.004524,-0.000931,-0.001232,-0.000907,-0.001669,-0.002617,0.22851,-0.790968,-0.144859,-0.88922,1,0,0,0,0,0,0,0,0,0,0
1733,0.000683,0.002105,0.002673,0.002873,0.003555,-0.000796,-0.001109,0.003242,0.011234,0.01988,0.000427,0.00256,0.003299,0.004209,0.008049,-0.003242,-0.006541,-0.007053,-0.007395,-0.007793,0.001308,0.002389,0.002759,0.00347,0.004721,-0.000882,0.000512,0.001394,0.002702,0.005944,-0.003896,-0.005688,-0.004636,-0.003584,0.00475,-0.010097,-0.022867,-0.022724,-0.018572,-0.01587,-0.003005,-0.008144,-0.007823,-0.00436,-0.004597,1.6e-05,0.001646,-0.001811,-0.008323,-0.013557,0.001446,0.00305,0.002937,0.002423,0.001404,-0.000414,-7e-06,-0.00024,-0.001223,-0.002057,0.221777,-0.791902,-0.144844,-0.889059,1,0,0,0,0,0,0,0,0,0,0
1734,0.000852,0.001733,0.002103,0.002444,0.003495,-0.000654,0.000966,0.007615,0.017987,0.023783,0.000966,0.002614,0.00341,0.005456,0.011679,-0.002245,-0.003694,-0.00412,-0.004348,-0.004745,0.000881,0.001193,0.001819,0.002557,0.00449,0.000568,0.001733,0.002501,0.005513,0.00753,-0.001506,-0.00125,-5.7e-05,0.000938,0.021738,-0.008127,-0.013952,-0.010656,-0.007104,-0.005143,-0.003199,-0.005795,-0.003108,0.000526,-0.006229,0.00121,0.000671,-0.005093,-0.012287,-0.015865,0.001007,0.001671,0.001216,0.000949,-0.001416,0.000111,0.000434,-0.000325,-0.00127,-0.002102,0.20915,-0.791224,-0.144883,-0.887483,1,0,0,0,0,0,0,0,0,0,0
1735,0.000567,0.001134,0.001333,0.002014,0.003403,0.00034,0.00468,0.012649,0.021271,0.025241,0.001163,0.0019,0.002808,0.006636,0.013698,-0.001049,-0.00156,-0.0019,-0.002297,-0.002581,0.000199,0.000567,0.001276,0.002524,0.004765,0.000822,0.001702,0.003006,0.006239,0.007204,-0.000284,0.000766,0.001815,0.010125,0.037379,-0.004623,-0.004481,-0.00034,0.002354,0.003857,-0.001933,-0.001612,0.001842,0.001605,-0.008544,0.000417,-0.00303,-0.009524,-0.014743,-0.017562,0.000579,0.000468,-3.6e-05,-0.001035,-0.003964,0.000289,6.1e-05,-0.000903,-0.00172,-0.002445,0.195312,-0.791716,-0.1452,-0.886071,1,0,0,0,0,0,0,0,0,0,0
1736,0.000312,0.00068,0.00102,0.002069,0.00323,0.001275,0.007906,0.018249,0.02403,0.028422,0.000482,0.001275,0.003315,0.009521,0.01686,-0.000397,-0.000822,-0.001048,-0.001445,-0.002465,0.000113,0.000737,0.001474,0.0034,0.006688,0.00034,0.001105,0.004109,0.006121,0.009096,0.000538,0.001729,0.00272,0.023463,0.052452,-0.00119,0.002097,0.005639,0.007594,0.008671,-0.000659,0.002022,0.005646,-0.001091,-0.011318,-0.000955,-0.006703,-0.013877,-0.017445,-0.018474,7.6e-05,-0.000371,-0.000632,-0.002952,-0.005914,3e-05,-0.000715,-0.001642,-0.002457,-0.003689,0.180925,-0.791931,-0.146612,-0.887229,0,0,1,0,0,0,0,0,0,0,0
1737,0.000255,0.000453,0.001133,0.002521,0.003597,0.003059,0.011017,0.019626,0.023591,0.030161,0.000255,0.001161,0.004984,0.012036,0.01872,-0.000113,-0.000453,-0.00085,-0.001133,-0.002181,0.000255,0.000963,0.002209,0.004446,0.008751,0.000538,0.001841,0.005069,0.006032,0.009856,0.00051,0.001558,0.009856,0.037072,0.07791,0.001331,0.005466,0.008156,0.009657,0.010026,0.000978,0.004427,0.004191,-0.005944,-0.02224,-0.002488,-0.008972,-0.014184,-0.016999,-0.019137,-0.000185,-0.000683,-0.001673,-0.004574,-0.008646,-0.000256,-0.00121,-0.00202,-0.002737,-0.004646,0.155341,-0.792358,-0.148657,-0.887825,0,0,1,0,0,0,0,0,0,0,0
1738,0.000113,0.000453,0.001501,0.002662,0.003795,0.003569,0.013907,0.019685,0.024076,0.027588,0.000538,0.002578,0.008781,0.016117,0.022631,-0.000312,-0.000538,-0.000935,-0.001954,-0.002124,0.000368,0.001105,0.003031,0.006316,0.011386,0.000227,0.003229,0.00524,0.008214,0.009602,0.00068,0.001671,0.022405,0.05138,0.113524,0.001954,0.005495,0.007449,0.008526,0.006061,0.0017,0.005323,-0.00141,-0.011634,-0.039267,-0.003257,-0.010428,-0.013994,-0.015023,-0.016402,-0.00026,-0.000521,-0.002833,-0.005786,-0.011343,-0.000486,-0.00141,-0.002223,-0.003451,-0.005643,0.119483,-0.78997,-0.151449,-0.887672,0,0,1,0,0,0,0,0,0,0,0
1739,8.5e-05,0.000765,0.002153,0.003229,0.003909,0.004391,0.013002,0.016968,0.02354,0.024078,0.000368,0.004192,0.011246,0.017931,0.028497,-2.8e-05,-0.000425,-0.000708,-0.001756,-0.004306,0.00034,0.001586,0.003824,0.00813,0.013201,0.001076,0.004306,0.005269,0.009093,0.010453,0.000368,0.008668,0.035891,0.076739,0.148265,0.002181,0.004872,0.006374,0.006742,0.002833,0.001749,0.001512,-0.008625,-0.024924,-0.049729,-0.003228,-0.008442,-0.011257,-0.013396,-0.011777,-0.00024,-0.001231,-0.004136,-0.008215,-0.01341,-0.000469,-0.00128,-0.001999,-0.003911,-0.006058,0.084458,-0.789353,-0.153851,-0.888905,0,0,1,0,0,0,0,0,0,0,0
1740,0.000255,0.001303,0.002464,0.003597,0.003937,0.005948,0.011726,0.016116,0.019628,0.019628,0.001671,0.007874,0.01521,0.021724,0.02974,-0.000198,-0.000595,-0.001614,-0.001784,-0.014643,0.000397,0.002323,0.005608,0.010678,0.014218,0.001926,0.003937,0.006911,0.008299,0.010083,0.000623,0.021356,0.050331,0.112473,0.180137,0.00136,0.003314,0.00439,0.001926,-0.009233,0.001874,-0.004859,-0.015082,-0.042715,-0.058466,-0.003943,-0.007509,-0.008537,-0.009916,-0.007559,-2.2e-05,-0.002334,-0.005286,-0.010842,-0.01533,-0.000456,-0.001268,-0.002496,-0.004687,-0.006151,0.052513,-0.781511,-0.155554,-0.890418,0,0,1,0,0,0,0,0,0,0,0
1741,0.000424,0.001811,0.002886,0.003566,0.00365,0.00266,0.006622,0.013187,0.013725,0.013866,0.002151,0.009197,0.015875,0.026431,0.028412,-0.000198,-0.000481,-0.001528,-0.004075,-0.035033,0.000849,0.003085,0.007386,0.012451,0.0148,0.001302,0.002264,0.006084,0.007442,0.009735,0.007669,0.034864,0.07567,0.147123,0.212578,0.00133,0.00283,0.003198,-0.000707,-0.019073,-0.002108,-0.012235,-0.028518,-0.053297,-0.052531,-0.001268,-0.004081,-0.006218,-0.004601,-0.002056,-0.000963,-0.003847,-0.007898,-0.013055,-0.017703,-0.000352,-0.001066,-0.002964,-0.005097,-0.006049,0.019339,-0.775305,-0.156759,-0.891597,0,0,1,0,0,0,0,0,0,0,0
1742,0.000622,0.001782,0.002913,0.003253,0.003224,0.003111,0.007495,0.011003,0.011003,0.011681,0.004045,0.01137,0.017876,0.02588,0.026135,-0.000198,-0.001216,-0.001386,-0.014227,-0.051477,0.001075,0.004356,0.009419,0.012954,0.014312,0.000707,0.003677,0.005063,0.006845,0.010889,0.013039,0.041974,0.104029,0.171601,0.245168,0.000622,0.001697,-0.000764,-0.011908,-0.033291,-0.004617,-0.014825,-0.042419,-0.058149,-0.046514,-0.002293,-0.00332,-0.004697,-0.002344,0.001227,-0.00133,-0.004254,-0.009756,-0.014201,-0.019944,-0.000454,-0.00167,-0.00384,-0.005289,-0.005664,-0.021306,-0.767422,-0.157729,-0.896315,0,0,1,0,0,0,0,0,0,0,0
1743,0.000762,0.001835,0.002513,0.002598,0.002598,0.000847,0.007398,0.007935,0.008076,0.011605,0.002993,0.009657,0.020189,0.022166,0.021827,-8.5e-05,-0.001129,-0.003671,-0.034562,-0.048483,0.001158,0.00545,0.010504,0.012848,0.013187,0.000254,0.004066,0.005421,0.007709,0.016208,0.014118,0.054836,0.126134,0.191446,0.284006,0.000875,0.001242,-0.002654,-0.02098,-0.03555,-0.005496,-0.021743,-0.046469,-0.045704,-0.037486,-0.000517,-0.002649,-0.001036,0.001504,0.006445,-0.001526,-0.005515,-0.010595,-0.015172,-0.022904,-0.000254,-0.002124,-0.004224,-0.005162,-0.004815,-0.074136,-0.766761,-0.157604,-0.899253,0,0,1,0,0,0,0,0,0,0,0
1744,0.000395,0.001524,0.001862,0.001834,0.001693,0.003527,0.007026,0.007026,0.007703,0.01518,0.004317,0.010807,0.018792,0.019046,0.018566,-0.000931,-0.0011,-0.013911,-0.051071,-0.061342,0.002116,0.007167,0.010694,0.012048,0.011935,0.002709,0.004091,0.005869,0.009904,0.019046,0.014757,0.076663,0.144072,0.217462,0.298555,0.000198,-0.002257,-0.013374,-0.034706,-0.058407,-0.004692,-0.03222,-0.047912,-0.036305,-0.031673,-0.000508,-0.001881,0.000466,0.004028,0.005667,-0.001357,-0.006767,-0.011137,-0.016784,-0.023978,-0.000942,-0.003076,-0.004501,-0.00487,-0.00471,-0.101933,-0.748307,-0.157364,-0.898026,0,0,1,0,0,0,0,0,0,0,0
1745,0.000677,0.001353,0.001438,0.001438,0.000705,0.003017,0.003553,0.003693,0.007218,0.01796,0.00234,0.012857,0.01483,0.014492,0.014126,-0.000113,-0.00265,-0.033495,-0.047395,-0.062508,0.002171,0.007218,0.009558,0.009896,0.008853,0.0011,0.002453,0.004737,0.013223,0.020357,0.025911,0.097102,0.162317,0.254739,0.323111,0.000169,-0.003722,-0.02202,-0.036568,-0.066652,-0.011534,-0.036223,-0.03546,-0.027253,-0.015875,-0.001621,-1.1e-05,0.002525,0.007459,0.003858,-0.002598,-0.007625,-0.012154,-0.019805,-0.026261,-0.000913,-0.002991,-0.003919,-0.003576,-0.003792,-0.139617,-0.744519,-0.156101,-0.898399,0,0,1,0,0,0,0,0,0,0,0
1746,0.000451,0.00079,0.000761,0.00062,-0.000479,0.000479,0.000479,0.001156,0.00863,0.015512,0.004146,0.012127,0.012381,0.011902,0.014299,-5.6e-05,-0.01286,-0.050004,-0.060269,-0.062892,0.002877,0.006402,0.007756,0.007643,0.006487,0.000282,0.002059,0.006092,0.01523,0.020785,0.035959,0.103335,0.176691,0.257746,0.33096,-0.002623,-0.013735,-0.035056,-0.058746,-0.08568,-0.015977,-0.031662,-0.02006,-0.015431,-0.003552,0.000249,0.002596,0.006156,0.007794,0.006482,-0.002789,-0.007145,-0.012773,-0.019943,-0.027616,-0.001212,-0.002633,-0.003,-0.00284,-0.002949,-0.172888,-0.728975,-0.155898,-0.898761,0,0,1,0,0,0,0,0,0,0,0
1747,0.000226,0.00031,0.00031,-0.000423,-0.002229,5.6e-05,0.000197,0.003724,0.014473,0.015179,0.006376,0.008351,0.008013,0.007646,0.01752,-0.002483,-0.033348,-0.047257,-0.062379,-0.063452,0.002172,0.004514,0.004853,0.003809,0.002342,0.001072,0.003357,0.01185,0.018987,0.021527,0.035267,0.100524,0.193007,0.261424,0.333311,-0.00127,-0.01958,-0.034138,-0.064241,-0.109495,-0.008722,-0.007958,0.000253,0.011639,0.011799,0.001363,0.0039,0.008838,0.005234,0.007099,-0.002254,-0.006804,-0.014491,-0.020976,-0.02925,-0.000872,-0.001805,-0.00146,-0.001677,-0.001664,-0.211086,-0.706924,-0.154734,-0.898733,0,0,1,0,0,0,0,0,0,0,0
1748,0.000113,8.5e-05,-5.7e-05,-0.001159,-0.003364,-5.7e-05,0.000622,0.008112,0.015009,0.00701,0.001611,0.001866,0.001385,0.003788,0.022895,-0.010345,-0.047571,-0.05786,-0.060489,-0.059811,0.001357,0.002714,0.0026,0.001442,-0.001668,0.000707,0.004749,0.013907,0.019475,0.018712,0.032195,0.105714,0.18695,0.260329,0.336477,-0.009865,-0.031234,-0.054977,-0.081971,-0.124511,-0.006982,0.004646,0.009286,0.021191,0.027192,0.000987,0.004554,0.006196,0.004882,0.011812,-0.002141,-0.007858,-0.015141,-0.022935,-0.030883,-0.000559,-0.000932,-0.00077,-0.00088,0.000422,-0.248864,-0.693639,-0.153445,-0.897302,0,0,1,0,0,0,0,0,0,0,0
1749,-2.8e-05,-2.8e-05,-0.000765,-0.002579,-0.002749,0.000198,0.003741,0.014538,0.015246,0.008445,0.000368,2.8e-05,-0.00034,0.009579,0.036728,-0.020631,-0.034602,-0.049792,-0.050869,-0.042509,0.000992,0.001332,0.000283,-0.00119,-0.003854,0.001587,0.010117,0.017287,0.019837,0.021878,0.03327,0.126166,0.194889,0.267097,0.335508,-0.008502,-0.023125,-0.053363,-0.098819,-0.122936,0.007767,0.016015,0.027451,0.027612,0.036328,0.00156,0.006519,0.0029,0.004773,0.012985,-0.002514,-0.010444,-0.017135,-0.025671,-0.031929,-0.000393,-3.7e-05,-0.000261,-0.000247,0.002217,-0.278947,-0.686435,-0.152456,-0.899958,0,0,1,0,0,0,0,0,0,0,0
1750,0.0,-0.000142,-0.00125,-0.003465,-0.000142,0.000483,0.008008,0.014938,0.006901,0.008889,-0.000114,-0.000596,0.001817,0.021015,0.043705,-0.016727,-0.027064,-0.029705,-0.029023,-0.021441,0.000369,0.000256,-0.000909,-0.004033,-0.004885,0.002471,0.011672,0.017266,0.016499,0.028313,0.040525,0.122142,0.195864,0.272369,0.315024,-0.01295,-0.036804,-0.063925,-0.106664,-0.130093,0.003899,0.008561,0.020522,0.026551,0.023234,0.002022,0.003671,0.002351,0.009313,0.018217,-0.003356,-0.010882,-0.018935,-0.027148,-0.031795,1.3e-05,0.000181,6.7e-05,0.001412,0.00519,-0.289623,-0.672413,-0.152092,-0.906865,0,0,1,0,0,0,0,0,0,0,0
1751,0.0,-0.000742,-0.002567,-0.002738,0.001797,0.00308,0.013947,0.01466,0.007815,0.020679,-0.000228,-0.000599,0.009384,0.036708,0.052339,0.002738,-0.01255,-0.013634,-0.00522,-0.001027,-2.9e-05,-0.001084,-0.002567,-0.005248,-0.006189,0.006104,0.01332,0.015887,0.017941,0.028979,0.052795,0.121962,0.194637,0.26349,0.300312,-0.001711,-0.032145,-0.077895,-0.102167,-0.128465,0.004385,0.015896,0.016057,0.024829,0.025338,0.002961,-0.000682,0.001203,0.009469,0.006698,-0.004836,-0.011835,-0.020765,-0.027312,-0.031998,0.000359,0.000125,0.000139,0.002717,0.006136,-0.311225,-0.65713,-0.149813,-0.901561,0,0,1,0,0,0,0,0,0,0,0
1752,-0.000143,-0.001256,-0.003481,-0.000143,0.002368,0.00448,0.011443,0.003367,0.005365,0.028507,-0.000257,0.002169,0.021459,0.044259,0.055217,-0.013127,-0.01578,-0.015096,-0.007476,-0.003538,-8.6e-05,-0.001256,-0.004395,-0.005251,-0.008561,0.003139,0.008761,0.00799,0.019861,0.021488,0.029192,0.103272,0.180147,0.223008,0.261618,-0.022258,-0.04951,-0.092456,-0.115999,-0.138,0.000297,0.012315,0.018374,0.015041,0.025308,-0.001305,-0.002632,0.004364,0.013312,-0.008886,-0.002932,-0.011263,-0.019758,-0.024566,-0.029406,-0.000187,-0.000305,0.001087,0.004994,0.006271,-0.322345,-0.64528,-0.146699,-0.895119,0,0,1,0,0,0,0,0,0,0,0
1753,-0.000599,-0.002425,-0.002596,0.00194,0.001483,0.00639,0.007104,0.000257,0.013123,0.033464,-0.000114,0.009871,0.037201,0.052835,0.059625,-0.002168,-0.003252,0.005164,0.009357,0.009757,-0.00097,-0.002453,-0.005135,-0.006077,-0.012324,0.00408,0.006647,0.008701,0.019742,0.013294,0.039997,0.112688,0.181557,0.218387,0.243692,-0.008188,-0.053948,-0.078226,-0.104529,-0.117795,0.011216,0.011378,0.020152,0.020661,0.030333,-0.002339,-0.000453,0.007814,0.005043,-0.022341,-0.004083,-0.013027,-0.019584,-0.024277,-0.027217,-4.8e-05,-3.4e-05,0.002548,0.005972,0.006605,-0.331222,-0.644963,-0.142253,-0.88699,0,0,1,0,0,0,0,0,0,0,0
1754,-0.000512,-0.002733,0.000598,0.003103,-0.00131,0.000569,-0.007488,-0.005495,0.017594,0.030377,0.002534,0.02178,0.044527,0.05546,0.064541,-0.000484,0.000199,0.007801,0.01173,0.012014,-0.000199,-0.003331,-0.004185,-0.007488,-0.015772,0.001537,0.000769,0.012612,0.014235,0.002505,0.033993,0.110691,0.153453,0.191973,0.21045,-0.019018,-0.061865,-0.085353,-0.107303,-0.112684,0.000798,0.006842,0.003517,0.013761,0.019567,0.00101,0.00799,0.016917,-0.00523,-0.030044,-0.004172,-0.012531,-0.017261,-0.022024,-0.023431,-6.8e-05,0.001301,0.005145,0.006402,0.006278,-0.336788,-0.643606,-0.137709,-0.878682,0,0,1,0,0,0,0,0,0,0,0
1755,-0.001309,-0.00148,0.003045,0.00259,-0.006119,0.000142,-0.006688,0.006147,0.026438,0.029,0.007428,0.034691,0.050287,0.05706,0.068871,-0.000598,0.007798,0.011981,0.01238,0.012579,-0.001281,-0.003956,-0.004895,-0.011127,-0.019067,0.001025,0.003074,0.014087,0.007655,-0.003956,0.038533,0.107233,0.143974,0.169217,0.182422,-0.026638,-0.050856,-0.077095,-0.090329,-0.098155,-0.000636,0.008116,0.008624,0.018272,0.015987,0.000871,0.009119,0.006354,-0.020963,-0.034788,-0.004632,-0.011077,-0.015691,-0.018581,-0.019779,8.2e-05,0.00262,0.005986,0.006608,0.005376,-0.341498,-0.640609,-0.134358,-0.872878,0,0,1,0,0,0,0,0,0,0,0
1756,-0.000911,0.00242,0.004926,0.000513,-0.012501,-0.008201,-0.006208,0.016886,0.029671,0.029187,0.011817,0.034569,0.045503,0.054587,0.068824,0.001281,0.008884,0.012814,0.013099,0.014323,-0.001851,-0.002705,-0.006008,-0.014295,-0.020502,-0.001794,0.010052,0.011675,-5.7e-05,-0.005496,0.038157,0.080926,0.119453,0.137934,0.150036,-0.016202,-0.039694,-0.061649,-0.067031,-0.074292,0.006682,0.003356,0.013602,0.019409,0.013825,0.00611,0.015038,-0.007113,-0.031931,-0.035574,-0.003719,-0.008456,-0.013224,-0.014634,-0.015639,0.001288,0.005138,0.006396,0.006272,0.003439,-0.345911,-0.63735,-0.132444,-0.870792,0,0,1,0,0,0,0,0,0,0,0
1757,0.000741,0.005273,0.004817,-0.003905,-0.016644,0.001368,0.014222,0.034542,0.037107,0.037478,0.015476,0.031094,0.037877,0.049704,0.06595,0.007125,0.011315,0.011714,0.011913,0.014108,-0.000827,-0.001767,-0.008009,-0.01596,-0.018525,0.003848,0.014877,0.008436,-0.003192,0.001311,0.030609,0.067403,0.092683,0.105907,0.113602,-0.008037,-0.034314,-0.047567,-0.055404,-0.062017,0.002077,0.002586,0.012248,0.009959,-0.001516,0.002144,-0.000624,-0.027981,-0.041826,-0.035842,-0.002769,-0.00743,-0.010349,-0.01156,-0.012184,0.001268,0.004668,0.005296,0.004052,0.000566,-0.34668,-0.633538,-0.13288,-0.875319,1,0,0,0,0,0,0,0,0,0,0
1758,0.002591,0.005096,0.000683,-0.012327,-0.017794,0.000626,0.023715,0.036498,0.036014,0.035701,0.007288,0.018221,0.027303,0.041537,0.054206,0.000484,0.004413,0.004698,0.005922,0.006861,-2.8e-05,-0.003331,-0.011616,-0.017822,-0.01711,0.008,0.009623,-0.002107,-0.007544,0.010192,0.012185,0.050705,0.069182,0.081281,0.075416,-0.015459,-0.037409,-0.04279,-0.05005,-0.058107,-0.0054,0.004843,0.010649,0.005067,-0.015532,0.006784,-0.015362,-0.040176,-0.043818,-0.024913,-0.001982,-0.006744,-0.008151,-0.009156,-0.00923,0.002586,0.003842,0.003719,0.000889,1.1e-05,-0.339208,-0.631211,-0.133843,-0.88967,1,0,0,0,0,0,0,0,0,0,0
1759,0.001934,0.001479,-0.007224,-0.019936,-0.019765,0.0122,0.032477,0.035037,0.035407,0.034696,0.008304,0.015073,0.026875,0.043085,0.048944,0.003697,0.004095,0.004294,0.006484,0.005034,-0.00091,-0.007138,-0.015073,-0.017632,-0.016466,0.003015,-0.003413,-0.015016,-0.010522,0.012001,0.024543,0.049768,0.062964,0.070643,0.058243,-0.010778,-0.024003,-0.031823,-0.038421,-0.046498,0.005901,0.015543,0.013259,0.001809,-0.017545,-0.00954,-0.036838,-0.050653,-0.044682,-0.021704,-0.002624,-0.0055,-0.006693,-0.007308,-0.007134,0.000783,0.001402,0.000176,-0.003259,-0.00157,-0.335819,-0.632376,-0.135638,-0.905602,1,0,0,0,0,0,0,0,0,0,0
1760,0.000564,-0.00381,-0.016706,-0.022124,-0.023337,0.01078,0.02345,0.02297,0.02266,0.022265,0.002596,0.011598,0.025707,0.038265,0.04151,0.000226,0.000508,0.001721,0.002653,-0.000734,-0.00237,-0.010582,-0.016734,-0.016028,-0.014928,-0.001383,-0.013009,-0.018399,-0.000818,0.018455,0.013827,0.032141,0.044134,0.038321,0.03358,-0.011062,-0.016395,-0.023591,-0.031577,-0.035527,0.004297,0.010052,0.004519,-0.015899,-0.023368,-0.012485,-0.03708,-0.04069,-0.021952,-0.00221,-0.001991,-0.003313,-0.004257,-0.004327,-0.004082,0.00044,0.000323,-0.002336,-0.003161,-0.002455,-0.336178,-0.6358,-0.137894,-0.917795,1,0,0,0,0,0,0,0,0,0,0
1761,-0.001012,-0.009611,-0.022174,-0.022005,-0.026305,0.009302,0.011831,0.012197,0.011494,0.012113,0.004103,0.015766,0.031785,0.037574,0.041199,0.000169,0.000365,0.002529,0.001096,-0.001377,-0.003794,-0.011635,-0.014164,-0.013012,-0.012337,-0.004974,-0.01644,-0.012,0.010258,0.033331,0.011157,0.024197,0.031785,0.019532,0.020122,-0.002052,-0.00978,-0.0163,-0.024281,-0.022792,0.005248,0.002991,-0.008324,-0.027449,-0.028485,-0.014542,-0.028193,-0.022293,0.000413,0.023406,-0.000712,-0.00181,-0.002376,-0.002216,-0.001814,0.000142,-0.000985,-0.004146,-0.002592,-0.002889,-0.337225,-0.641927,-0.13972,-0.935863,1,0,0,0,0,0,0,0,0,0,0
1762,-0.003339,-0.016161,-0.021548,-0.022755,-0.027469,0.003311,0.002834,0.002525,0.002132,0.002665,0.004854,0.018883,0.031369,0.034595,0.038551,0.000112,0.001319,0.002245,-0.001122,-0.001655,-0.004377,-0.010494,-0.009792,-0.008698,-0.008614,-0.006594,-0.011953,0.005527,0.024691,0.039337,0.007071,0.018995,0.013215,0.008501,0.006762,-0.003255,-0.010409,-0.01835,-0.022278,-0.019444,0.000482,-0.00502,-0.02532,-0.032747,-0.036392,-0.009937,-0.013526,0.005105,0.024735,0.039513,-0.000567,-0.001474,-0.001541,-0.001305,-0.000864,-0.000253,-0.002807,-0.0036,-0.002922,-0.004198,-0.334793,-0.646234,-0.141572,-0.940268,1,0,0,0,0,0,0,0,0,0,0
1763,-0.005243,-0.017774,-0.017606,-0.021896,-0.025877,-0.000785,-0.000421,-0.001121,-0.000505,-0.000729,0.006785,0.022765,0.02854,0.032156,0.034596,8.4e-05,0.002243,0.000813,-0.001654,-0.002103,-0.003448,-0.005972,-0.004822,-0.004149,-0.004177,-0.00485,-0.000421,0.021783,0.0448,0.045894,0.005943,0.013513,0.00129,0.001878,-0.002243,-0.004458,-0.010962,-0.018924,-0.017438,-0.015251,-0.002733,-0.014021,-0.0331,-0.034134,-0.038829,-0.00369,0.002196,0.024847,0.047784,0.049856,-0.000516,-0.001072,-0.000915,-0.00052,-0.000114,-0.000858,-0.003965,-0.002437,-0.002729,-0.005081,-0.333047,-0.64949,-0.143324,-0.943307,1,0,0,0,0,0,0,0,0,0,0
1764,-0.007564,-0.012943,-0.014147,-0.018854,-0.022888,0.000308,0.0,-0.000392,0.00014,2.8e-05,0.007228,0.019694,0.022916,0.026866,0.029275,0.001121,0.002045,-0.001317,-0.001849,-0.002353,-0.002661,-0.001961,-0.000868,-0.000784,-0.000784,-0.000504,0.016949,0.036083,0.050706,0.051295,0.005967,0.000196,-0.00451,-0.006247,-0.008432,-0.002689,-0.010618,-0.01454,-0.01171,-0.010085,-0.002762,-0.023032,-0.030447,-0.034087,-0.037218,0.000104,0.018706,0.038305,0.053061,0.054562,-0.000384,-0.000451,-0.000218,0.000219,0.000513,-0.001674,-0.002458,-0.001787,-0.00305,-0.005542,-0.33243,-0.651223,-0.144123,-0.944867,1,0,0,0,0,0,0,0,0,0,0
1765,-0.004952,-0.004784,-0.009065,-0.013037,-0.018857,5.6e-05,-0.000643,-2.8e-05,-0.000252,-8.4e-05,0.008729,0.014492,0.018101,0.020535,0.023809,0.001035,-0.000392,-0.002854,-0.003301,-0.003497,0.00014,0.001287,0.001958,0.00193,0.001511,0.004924,0.027082,0.050051,0.051142,0.0538,0.001595,-0.010603,-0.010016,-0.014129,-0.01038,-0.003805,-0.01175,-0.010268,-0.008085,-0.005232,-0.008506,-0.027545,-0.028577,-0.033263,-0.031442,0.00577,0.028375,0.051264,0.053332,0.056886,-0.000168,-1.3e-05,0.000377,0.000776,0.000956,-0.001404,0.000102,-0.000186,-0.002504,-0.005646,-0.336743,-0.654906,-0.144643,-0.948535,1,0,0,0,0,0,0,0,0,0,0
1766,-0.00042,-0.001623,-0.006324,-0.010353,-0.016481,-0.000364,-0.000755,-0.000224,-0.000336,5.6e-05,0.003721,0.006939,0.010884,0.013291,0.016145,-0.000112,-0.00347,-0.004001,-0.004505,-0.004225,0.00056,0.001651,0.001735,0.001735,-0.000252,0.012507,0.031618,0.046224,0.046812,0.050953,-0.007359,-0.01206,-0.013794,-0.015977,-0.009681,-0.004113,-0.00803,-0.005204,-0.003582,-0.000616,-0.011738,-0.019144,-0.022779,-0.025906,-0.021614,0.012809,0.032384,0.047122,0.048621,0.053156,0.000102,0.000333,0.000766,0.001058,0.001116,0.000628,0.001293,4.1e-05,-0.00243,-0.004608,-0.338995,-0.656148,-0.143799,-0.950912,1,0,0,0,0,0,0,0,0,0,0
1767,0.000589,-0.003702,-0.007685,-0.013519,-0.018427,-0.000337,0.00028,5.6e-05,0.000224,0.000365,0.002047,0.005666,0.008106,0.011387,0.013631,-0.001318,-0.003786,-0.004235,-0.004432,-0.003618,0.000589,0.001262,0.001234,0.000813,-0.002244,0.009676,0.032703,0.033797,0.036462,0.041062,-0.004852,-0.004263,-0.008386,-0.004628,0.001094,-0.003843,-0.002356,-0.000168,0.002693,0.005581,-0.007321,-0.008356,-0.013053,-0.011228,-0.007184,0.009822,0.032769,0.034842,0.038405,0.043157,5.4e-05,0.00045,0.000857,0.00104,0.001059,0.000894,0.000602,-0.001758,-0.004956,-0.005555,-0.342366,-0.658343,-0.142967,-0.953484,1,0,0,0,0,0,0,0,0,0,0
1768,-0.001808,-0.006553,-0.010621,-0.016806,-0.01949,-5.6e-05,0.00048,0.000367,0.000763,0.00065,0.001186,0.005169,0.007598,0.010479,0.011863,-0.002062,-0.002599,-0.003107,-0.002825,-0.00178,0.000508,0.000593,0.000593,-0.001412,-0.003616,0.009547,0.024292,0.024885,0.029065,0.032511,0.000141,-0.00161,-0.003813,0.002542,0.005565,-8.5e-05,0.002768,0.004406,0.007401,0.009773,-0.000104,-0.003774,-0.00693,-0.002597,-0.000531,0.00987,0.024748,0.026261,0.030839,0.034419,0.000191,0.000653,0.000965,0.001027,0.001062,-0.000229,-0.001567,-0.004207,-0.006533,-0.006307,-0.341654,-0.658621,-0.142744,-0.954238,1,0,0,0,0,0,0,0,0,0,0
1769,-0.002522,-0.006546,-0.012441,-0.0174,-0.018165,0.00068,0.000453,0.000623,0.000765,0.000652,0.002465,0.004931,0.008246,0.010514,0.0104,-0.000425,-0.000878,-0.001077,-0.000255,0.000368,0.00017,0.000142,-0.000283,-0.003372,-0.004959,0.013687,0.014793,0.017485,0.022132,0.022586,0.000453,-0.003712,8.5e-05,0.005866,0.004647,0.001587,0.003797,0.006688,0.009607,0.00836,-0.000941,-0.005688,-0.003843,0.000242,-0.001601,0.013282,0.015377,0.018977,0.023778,0.024157,0.000231,0.000669,0.000865,0.000886,0.000788,-8.1e-05,-0.002616,-0.006054,-0.006698,-0.005983,-0.340661,-0.657067,-0.142479,-0.953592,1,0,0,0,0,0,0,0,0,0,0
1770,-0.00225,-0.006351,-0.012588,-0.015293,-0.016917,-0.000142,-0.000256,0.000142,2.8e-05,0.000199,0.001538,0.003987,0.006892,0.008288,0.007689,-0.000114,-0.000627,-0.000342,0.000712,0.000797,-8.5e-05,-8.5e-05,-0.002107,-0.004329,-0.006607,0.001111,0.001709,0.005924,0.009398,0.008686,-0.002221,-0.004443,0.001965,0.005012,0.003617,0.001282,0.002933,0.005952,0.008344,0.005724,-0.002755,-0.005937,-0.001568,0.000515,-0.001438,0.001652,0.003178,0.007794,0.011403,0.010401,0.000251,0.00058,0.000646,0.000683,0.000505,-0.001334,-0.00413,-0.006595,-0.006355,-0.005994,-0.339894,-0.656078,-0.141373,-0.953097,1,0,0,0,0,0,0,0,0,0,0
1771,-0.001801,-0.007746,-0.012748,-0.01352,-0.015635,-8.6e-05,8.6e-05,0.000229,0.000114,0.000972,0.000943,0.004287,0.006574,0.00646,0.005917,-0.000343,-0.000543,0.000286,0.000915,0.000915,5.7e-05,-0.000372,-0.003487,-0.005088,-0.007117,0.0,0.002715,0.007403,0.00786,0.007432,-0.001972,0.001858,0.007689,0.00646,0.005574,0.000943,0.003859,0.006803,0.005545,0.003173,-0.002023,-0.000163,0.003958,0.002099,0.00071,0.000455,0.004086,0.008928,0.00931,0.008072,0.000207,0.000416,0.000438,0.000334,0.000163,-0.001325,-0.004976,-0.00566,-0.0049,-0.005187,-0.339536,-0.654954,-0.140989,-0.952847,1,0,0,0,0,0,0,0,0,0,0
1772,-0.002323,-0.008603,-0.011327,-0.012962,-0.014568,-2.9e-05,0.000373,0.000258,0.00043,0.00152,0.00152,0.004445,0.00585,0.005248,0.004789,-0.000172,0.000115,0.001176,0.001262,0.001233,-5.7e-05,-0.002093,-0.00433,-0.006624,-0.007226,0.000602,0.004846,0.008345,0.007628,0.007513,-0.000258,0.006194,0.009262,0.007857,0.007398,0.000717,0.003757,0.006165,0.003527,0.002323,-0.001175,0.003224,0.005322,0.003355,0.00282,0.00108,0.005728,0.009362,0.008353,0.00739,0.000134,0.000203,0.000242,5.5e-05,-3.8e-05,-0.001579,-0.004165,-0.003913,-0.003535,-0.004548,-0.339397,-0.655222,-0.140974,-0.952914,1,0,0,0,0,0,0,0,0,0,0
1773,-0.003646,-0.00867,-0.009446,-0.01157,-0.01246,0.000201,0.000345,0.00023,0.001091,0.002613,0.001837,0.004134,0.004019,0.003474,0.003158,-2.9e-05,0.000804,0.001435,0.001435,0.00112,-0.000373,-0.003503,-0.00511,-0.007149,-0.007149,0.002125,0.006833,0.007292,0.006862,0.007177,0.004105,0.009962,0.008728,0.007838,0.007436,0.002211,0.005168,0.003905,0.001522,0.001694,0.003045,0.007184,0.005316,0.003922,0.004067,0.002566,0.00743,0.007814,0.006569,0.005582,8.1e-05,0.000103,-4e-06,-0.000181,-0.000139,-0.002174,-0.00288,-0.002096,-0.002392,-0.003319,-0.339197,-0.655711,-0.140929,-0.95317,1,0,0,0,0,0,0,0,0,0,0
1774,-0.002646,-0.005378,-0.007018,-0.008629,-0.008513,0.000201,8.6e-05,0.000259,0.001352,0.003394,0.001093,0.002502,0.001898,0.001438,0.000892,0.000316,0.001381,0.001467,0.001438,0.00115,-0.001668,-0.003912,-0.006213,-0.006817,-0.006644,0.002128,0.005637,0.004918,0.004803,0.003193,0.002358,0.005436,0.004027,0.003566,0.003135,0.000834,0.00325,0.000604,-0.000604,-0.000719,0.001362,0.003466,0.001493,0.000956,0.001137,0.002091,0.005736,0.004724,0.003759,0.000204,-1.1e-05,2.9e-05,-0.000162,-0.000257,-0.000248,-0.000439,-0.000182,0.000204,-0.00083,-0.001522,-0.338969,-0.655684,-0.140839,-0.951181,1,0,0,0,0,0,0,0,0,0,0
1775,-0.002389,-0.003165,-0.005295,-0.006187,0.000777,-5.8e-05,-0.000173,0.000691,0.002216,0.003453,0.001209,0.001094,0.000547,0.00023,-0.002619,0.000518,0.001151,0.001151,0.000835,0.000806,-0.001468,-0.003079,-0.005122,-0.005122,-0.002504,0.00259,0.00305,0.002619,0.002935,-0.000662,0.003511,0.002273,0.001381,0.000978,-0.003511,0.00213,0.000863,-0.001525,-0.001353,-0.00164,0.002787,0.000914,-0.000483,-0.000338,-0.001916,0.002783,0.003167,0.001921,0.000931,-0.004715,3.4e-05,-7.5e-05,-0.000255,-0.000212,-0.000166,-0.000277,0.00052,0.000219,-0.000723,0.001796,-0.334474,-0.655874,-0.142544,-0.948766,1,0,0,0,0,0,0,0,0,0,0
1776,-0.000345,-0.001986,-0.003597,-0.003482,0.007741,-5.8e-05,0.000115,0.001209,0.003252,0.003453,0.000201,-0.000403,-0.000863,-0.00141,-0.009295,0.000547,0.000633,0.000604,0.000317,-0.000259,-0.000777,-0.003079,-0.003684,-0.003511,-0.001036,0.000921,0.000201,8.6e-05,-0.001525,-0.010389,-0.000432,-0.001842,-0.002302,-0.002734,-0.013382,0.000288,-0.00236,-0.003568,-0.003684,-0.00472,-0.000681,-0.002655,-0.003192,-0.003011,-0.00568,0.000864,-0.000149,-0.001115,-0.004671,-0.015365,6e-06,-0.000185,-0.000281,-0.000271,-0.000196,0.000535,0.000923,-0.000116,-0.00081,0.00432,-0.327705,-0.655382,-0.141852,-0.940439,1,0,0,0,0,0,0,0,0,0,0
1777,-0.000432,-0.002561,-0.003453,0.00351,0.012056,-5.8e-05,0.000806,0.002331,0.003568,0.003539,-0.000317,-0.000863,-0.00118,-0.004028,-0.014991,8.6e-05,8.6e-05,-0.00023,-0.000259,-0.001007,-0.000834,-0.002877,-0.002877,-0.000259,-0.000288,-0.00046,-0.000892,-0.000575,-0.004172,-0.01971,-0.000806,-0.001698,-0.0021,-0.006589,-0.015681,-0.001554,-0.003942,-0.003769,-0.004057,-0.004978,-0.001191,-0.002588,-0.002443,-0.004021,-0.002434,-0.000479,-0.001726,-0.002715,-0.008361,-0.025285,-0.000115,-0.000295,-0.000252,-0.000206,-0.000295,0.000261,-3.9e-05,-0.00098,0.001536,0.005289,-0.32383,-0.654673,-0.140747,-0.929212,1,0,0,0,0,0,0,0,0,0,0
1778,-0.001208,-0.00282,-0.002705,0.008517,0.016486,0.00023,0.001324,0.003366,0.003568,0.003568,-0.000288,-0.000748,-0.001295,-0.009178,-0.02063,0.0,-2.9e-05,-0.000316,-0.000892,-2.9e-05,-0.001467,-0.002072,-0.001899,0.000575,0.001352,-0.000259,-0.000374,-0.001985,-0.010847,-0.02437,-0.000604,-0.001065,-0.001496,-0.012142,-0.015249,-0.001093,-0.002302,-0.002417,-0.003453,-0.003021,-0.000782,-0.00132,-0.001139,-0.003807,0.003448,-0.000533,-0.001499,-0.005054,-0.015747,-0.030421,-7.6e-05,-0.000171,-0.000162,-8.6e-05,-0.000472,0.000126,-0.000911,-0.001605,0.003518,0.00635,-0.322917,-0.654825,-0.140129,-0.923563,1,0,0,0,0,0,0,0,0,0,0
1779,-0.000921,-0.001813,0.005151,0.013697,0.02443,0.000633,0.002158,0.003395,0.003367,0.002935,-0.000259,-0.000576,-0.003424,-0.014388,-0.025898,0.0,-0.000317,-0.000345,-0.001093,0.000317,-0.000576,-0.000576,0.002043,0.002014,0.010445,-0.000173,0.000144,-0.003453,-0.018992,-0.023826,-0.000288,-0.000691,-0.00518,-0.014273,-0.018186,-0.001295,-0.001122,-0.00141,-0.002331,0.004518,-0.000615,-0.00047,-0.002048,-0.000461,0.008779,-0.000714,-0.001703,-0.007349,-0.024275,-0.029042,-0.000104,-6.1e-05,-1.5e-05,-0.000104,6.7e-05,-0.000427,-0.001368,0.001149,0.004903,0.005783,-0.318719,-0.661162,-0.145444,-0.923646,1,0,0,0,0,0,0,0,0,0,0
1780,-0.000691,-0.000576,0.010648,0.01862,0.034535,0.00046,0.002504,0.002705,0.002705,0.001727,-0.000201,-0.000748,-0.008634,-0.020088,-0.03134,-2.9e-05,-0.000317,-0.000892,-2.9e-05,0.002907,-2.9e-05,0.000144,0.002619,0.003396,0.01626,5.8e-05,-0.001554,-0.010418,-0.023944,-0.022937,-0.000173,-0.000604,-0.011253,-0.014361,-0.025728,8.6e-05,-2.9e-05,-0.001065,-0.000633,0.02003,7.8e-05,0.000259,-0.00241,0.004847,0.013036,-0.000252,-0.003809,-0.014504,-0.029181,-0.027804,8e-06,1.7e-05,9.3e-05,-0.000293,0.001402,-0.000612,-0.001306,0.003825,0.006662,0.008711,-0.310673,-0.675621,-0.148427,-0.924665,1,0,0,0,0,0,0,0,0,0,0
1781,-0.000201,0.006764,0.015312,0.026048,0.043749,0.001065,0.002303,0.002274,0.001842,0.00072,-0.000115,-0.002965,-0.01393,-0.025443,-0.036237,-0.000288,-0.000317,-0.001065,0.000345,0.00898,2.9e-05,0.002648,0.002619,0.011052,0.017643,0.000259,-0.003339,-0.018881,-0.023716,-0.022968,-0.00023,-0.00472,-0.013815,-0.01773,-0.036035,8.6e-05,-0.000201,-0.001122,0.005728,0.042022,6.7e-05,-0.001511,7.6e-05,0.009319,0.016589,-0.000738,-0.006384,-0.023314,-0.028082,-0.028246,3.5e-05,8.1e-05,-8e-06,0.000163,0.003316,-0.000331,0.002191,0.005951,0.006832,0.013667,-0.299842,-0.697247,-0.145396,-0.923198,1,0,0,0,0,0,0,0,0,0,0
1782,0.000317,0.011543,0.019516,0.035434,0.045307,0.000979,0.00118,0.00118,0.000201,-0.003051,-0.000432,-0.008319,-0.019775,-0.03103,-0.042284,0.0,-0.000576,0.000288,0.003224,0.018451,0.000144,0.002619,0.003397,0.016263,0.019055,-0.001871,-0.010737,-0.024265,-0.023258,-0.024841,-0.000201,-0.010852,-0.01396,-0.02533,-0.045163,-0.000201,-0.001238,-0.000806,0.019861,0.070407,0.000114,-0.002556,0.004702,0.012893,0.024707,-0.00282,-0.013517,-0.028197,-0.026819,-0.026418,-2.6e-05,5e-05,-0.000336,0.001361,0.005559,-0.000364,0.004774,0.007614,0.009666,0.014066,-0.289776,-0.724915,-0.141164,-0.92155,1,0,0,0,0,0,0,0,0,0,0
1783,0.00665,0.015201,0.025939,0.043645,0.044682,0.000259,0.00023,-0.000202,-0.001324,-0.005672,-0.002418,-0.013387,-0.024903,-0.035699,-0.04828,-2.9e-05,-0.000777,0.000633,0.00927,0.021419,0.002476,0.002447,0.010882,0.017475,0.021621,-0.001727,-0.017274,-0.02211,-0.021362,-0.023809,-0.00429,-0.013387,-0.017303,-0.035613,-0.059825,-8.6e-05,-0.001008,0.005844,0.042148,0.09967,-0.001692,-0.000105,0.00914,0.016412,0.034063,-0.002828,-0.019762,-0.024532,-0.024695,-0.022293,7.2e-05,-1.7e-05,0.000154,0.003313,0.009391,0.002891,0.006659,0.007541,0.014389,0.012694,-0.272614,-0.750126,-0.138245,-0.916932,1,0,0,0,0,0,0,0,0,0,0
1784,0.004579,0.012555,0.02848,0.038357,0.038184,-5.8e-05,-5.8e-05,-0.001037,-0.004291,-0.005817,-0.005471,-0.016932,-0.028192,-0.039452,-0.055981,-0.000547,0.000317,0.003254,0.018488,0.025053,0.0,0.000778,0.01365,0.016443,0.023498,-0.007142,-0.020676,-0.019668,-0.021252,-0.021972,-0.006364,-0.009474,-0.020849,-0.04069,-0.076369,-0.00095,-0.000518,0.020158,0.070725,0.12731,-0.000978,0.006283,0.014478,0.026296,0.044079,-0.007873,-0.022559,-0.021181,-0.020779,-0.01872,4e-06,-0.000383,0.001319,0.005529,0.013554,0.002257,0.005106,0.007164,0.011577,0.007232,-0.249053,-0.776501,-0.138953,-0.914678,1,0,0,0,0,0,0,0,0,0,0
1785,0.003974,0.014715,0.032425,0.033462,0.035823,2.9e-05,-0.000403,-0.001526,-0.005875,-0.004291,-0.0055,-0.017019,-0.027818,-0.040402,-0.057852,-0.000202,0.001209,0.009848,0.022001,0.026579,-2.9e-05,0.008409,0.015003,0.01915,0.025859,-0.008409,-0.013246,-0.012498,-0.014945,-0.014744,-0.002736,-0.006652,-0.024967,-0.049185,-0.093877,2.9e-05,0.006882,0.043195,0.10073,0.160311,0.002566,0.011814,0.019087,0.036742,0.05686,-0.009066,-0.013836,-0.014,-0.011597,-0.012179,-9.4e-05,7.8e-05,0.003243,0.00933,0.020096,0.001516,0.0024,0.00926,0.007562,0.004728,-0.223735,-0.807752,-0.136778,-0.913593,1,0,0,0,0,0,0,0,0,0,0
1786,0.003995,0.019889,0.029747,0.029575,0.03265,-2.9e-05,-0.001006,-0.004254,-0.005777,0.001667,-0.005949,-0.017187,-0.028425,-0.044923,-0.057943,0.001063,0.003995,0.019199,0.025752,0.026615,0.000805,0.013652,0.01644,0.023482,0.027563,-0.005116,-0.00411,-0.005691,-0.006409,-0.005547,-0.000374,-0.011727,-0.031529,-0.06714,-0.120226,0.000402,0.021039,0.071509,0.127986,0.206421,0.004686,0.012865,0.024661,0.042409,0.078174,-0.00561,-0.004234,-0.003833,-0.001778,-0.008059,-0.00029,0.001389,0.005543,0.013462,0.031646,0.001314,0.003345,0.007699,0.003412,0.00209,-0.191218,-0.853258,-0.134541,-0.912888,1,0,0,0,0,0,0,0,0,0,0
1787,0.006722,0.024389,0.025423,0.027779,0.029502,-0.000402,-0.001523,-0.00586,-0.00428,0.004769,-0.005544,-0.016317,-0.02887,-0.046279,-0.054006,0.000345,0.008963,0.021085,0.025653,0.025682,0.007613,0.014191,0.018328,0.025021,0.027204,0.000287,0.001034,-0.001408,-0.001207,-0.000345,-0.003533,-0.021804,-0.045963,-0.090547,-0.139899,0.006435,0.042659,0.100055,0.159491,0.234036,0.004541,0.011797,0.029409,0.049478,0.08874,0.000848,0.000685,0.003082,0.002501,-0.005457,0.000458,0.003569,0.009554,0.020138,0.041582,-0.000441,0.006303,0.004634,0.001847,0.000678,-0.166747,-0.876975,-0.130636,-0.907837,1,0,0,0,0,0,0,0,0,0,0
1788,0.009162,0.019013,0.018841,0.021914,0.023551,-0.000574,-0.00382,-0.005342,0.002097,0.004825,-0.005687,-0.016917,-0.033403,-0.046413,-0.047103,0.002585,0.017778,0.024327,0.025189,0.02516,0.005227,0.008013,0.01505,0.019128,0.019444,0.000718,-0.000862,-0.00158,-0.000718,-0.000632,-0.007812,-0.027601,-0.063187,-0.116235,-0.164314,0.014188,0.064623,0.12106,0.19944,0.247318,0.003633,0.01542,0.033156,0.068896,0.08988,0.000527,0.000927,0.002981,-0.003295,-0.006138,0.001214,0.005347,0.013227,0.031321,0.054309,0.002461,0.006793,0.002527,0.001212,0.001654,-0.135698,-0.895729,-0.125978,-0.907044,1,0,0,0,0,0,0,0,0,0,0
1789,0.008505,0.009539,0.011895,0.013619,0.016406,-0.000546,-0.004884,-0.003304,0.005746,0.004453,-0.005085,-0.017641,-0.035052,-0.042781,-0.043499,0.006034,0.018158,0.022727,0.022755,0.022468,0.00135,0.005488,0.012182,0.014366,0.01382,2.9e-05,-0.002413,-0.002212,-0.00135,-0.001523,-0.010458,-0.034621,-0.079213,-0.128573,-0.18753,0.022037,0.079443,0.138888,0.213446,0.25979,0.003623,0.021238,0.041311,0.080579,0.101656,-0.00069,0.001707,0.001126,-0.006833,-0.006347,0.001898,0.00789,0.018487,0.039955,0.068946,0.004285,0.002614,-0.000176,-0.001347,0.000592,-0.100785,-0.916882,-0.120766,-0.902946,1,0,0,0,0,0,0,0,0,0,0
1790,0.00135,0.001178,0.004252,0.005889,0.012382,-0.002701,-0.004223,0.003218,0.005947,0.004798,-0.006148,-0.022638,-0.035652,-0.036342,-0.039215,0.009164,0.015715,0.016576,0.016548,0.019478,0.001436,0.008475,0.012554,0.01287,0.012698,-0.001609,-0.002327,-0.001465,-0.001379,0.00882,-0.009337,-0.044932,-0.097994,-0.146086,-0.203572,0.028413,0.084865,0.163265,0.211156,0.25626,0.008168,0.025909,0.061658,0.082647,0.10629,0.001091,0.003145,-0.003132,-0.005976,0.004018,0.002245,0.010138,0.028266,0.051296,0.081503,5.9e-05,-0.004215,-0.005533,-0.00509,-0.000131,-0.072081,-0.934203,-0.115506,-0.914028,1,0,0,0,0,0,0,0,0,0,0
1791,-0.000316,0.002042,0.003767,0.006556,0.015615,-0.001639,-5.8e-05,0.009001,0.007707,0.007074,-0.006413,-0.023839,-0.031574,-0.032293,-0.033904,0.002962,0.007534,0.007563,0.007275,0.01041,0.002703,0.009403,0.011589,0.011042,0.012595,-0.000834,-0.000633,0.00023,5.8e-05,0.014551,-0.014838,-0.059468,-0.108871,-0.167879,-0.219841,0.029015,0.088512,0.163134,0.209518,0.241725,0.009454,0.029545,0.068847,0.089942,0.106751,0.001308,0.000726,-0.00724,-0.006754,0.006888,0.003769,0.014429,0.036027,0.065193,0.094779,-0.00174,-0.004547,-0.005724,-0.003774,0.002349,-0.043167,-0.945826,-0.110464,-0.917285,1,0,0,0,0,0,0,0,0,0,0
1792,0.000144,0.003215,0.004851,0.011339,0.019032,0.000115,0.007549,0.010276,0.009128,0.006832,-0.010076,-0.023079,-0.023768,-0.026638,-0.030341,0.003588,0.004449,0.004421,0.007349,0.009387,0.004334,0.008411,0.008726,0.008554,0.009961,0.000115,0.000976,0.001062,0.011252,0.016678,-0.020754,-0.073773,-0.121825,-0.179264,-0.221834,0.027442,0.105779,0.153631,0.198698,0.239861,0.008289,0.044009,0.064981,0.088604,0.120412,0.000748,-0.005525,-0.008367,0.00162,0.008253,0.004127,0.022151,0.04505,0.075084,0.101773,-0.002531,-0.003841,-0.003401,0.00153,0.006355,-0.024054,-0.96629,-0.105068,-0.915401,1,0,0,0,0,0,0,0,0,0,0
1793,0.002211,0.003933,0.006718,0.015761,0.023829,0.001464,0.010508,0.009216,0.008584,0.007608,-0.007321,-0.015044,-0.015761,-0.017369,-0.020814,0.000976,0.001005,0.000718,0.003847,0.008498,0.002354,0.004536,0.003991,0.005541,0.005742,8.6e-05,0.000947,0.000775,0.015245,0.025752,-0.0238,-0.073123,-0.132034,-0.183912,-0.218707,0.031953,0.106454,0.152762,0.184917,0.243656,0.011768,0.051006,0.072066,0.088848,0.138801,-0.001328,-0.009281,-0.008796,0.004824,0.015032,0.006409,0.027762,0.056596,0.085846,0.11531,-0.000241,-0.001406,0.000523,0.006576,0.013085,-0.00321,-0.99293,-0.100347,-0.925426,1,0,0,0,0,0,0,0,0,0,0
1794,0.000861,0.002497,0.008983,0.016674,0.027838,0.005969,0.008696,0.007548,0.005252,0.006228,-0.005682,-0.006371,-0.009241,-0.012943,-0.015669,-0.000115,-0.000143,0.002784,0.004821,0.007318,0.001722,0.002038,0.001865,0.003272,0.004965,0.000775,0.000861,0.011049,0.016473,0.033664,-0.029215,-0.077257,-0.134683,-0.177243,-0.21524,0.046377,0.094218,0.139275,0.180428,0.204392,0.023949,0.044915,0.068534,0.100334,0.118881,-0.004943,-0.007784,0.0022,0.008832,0.023607,0.011603,0.034465,0.06445,0.091097,0.125997,-0.001067,-0.000628,0.004295,0.009112,0.017594,0.020997,-0.983285,-0.097652,-0.932001,1,0,0,0,0,0,0,0,0,0,0
1795,0.00086,0.003641,0.012671,0.020727,0.032682,0.003068,0.001777,0.001147,0.000172,0.000373,-0.002035,-0.002752,-0.004358,-0.007798,-0.015882,0.000143,-0.000143,0.002982,0.007626,0.006594,0.000459,-8.6e-05,0.001462,0.001663,0.004673,8.6e-05,-8.6e-05,0.014363,0.024856,0.037642,-0.020068,-0.078895,-0.130699,-0.165445,-0.20151,0.028066,0.074309,0.106417,0.165073,0.161088,0.015259,0.036289,0.053047,0.102929,0.098611,-0.003004,-0.002519,0.011082,0.021275,0.032654,0.009623,0.038172,0.067131,0.096303,0.122943,-9.4e-05,0.001816,0.007809,0.014253,0.022423,0.041631,-0.98455,-0.093883,-0.935252,1,0,0,0,0,0,0,0,0,0,0
1796,0.00077,0.007216,0.014861,0.025956,0.036196,-0.000342,-0.001483,-0.003765,-0.002795,-0.002539,0.001341,-0.001512,-0.005191,-0.007901,-0.015973,-0.000171,0.002738,0.004763,0.007245,0.006361,-0.000143,-0.000314,0.001084,0.002767,0.006075,0.0,0.010126,0.015517,0.032602,0.040617,-0.027782,-0.084857,-0.127156,-0.164921,-0.188966,0.019624,0.064405,0.105308,0.129125,0.130636,0.005657,0.029131,0.060737,0.079171,0.081199,0.000165,0.010088,0.016679,0.031364,0.038278,0.012614,0.04134,0.066866,0.1003,0.115158,0.000511,0.005228,0.009842,0.017967,0.024157,0.053272,-0.98194,-0.090845,-0.938538,1,0,0,0,0,0,0,0,0,0,0
1797,0.001995,0.010973,0.018982,0.030868,0.041698,-0.000941,-0.001568,-0.002537,-0.002337,-0.001739,-0.002052,-0.003648,-0.007068,-0.015106,-0.019353,-0.000114,0.002993,0.00761,0.006584,0.004361,-0.000399,0.00114,0.00134,0.004332,0.007952,-0.000171,0.014194,0.024626,0.037337,0.047,-0.030725,-0.082228,-0.116772,-0.152628,-0.171638,0.026364,0.058286,0.116601,0.112639,0.104687,0.015255,0.031916,0.081508,0.077215,0.071441,0.000317,0.013839,0.023973,0.035286,0.043555,0.014859,0.042661,0.070667,0.096243,0.109676,0.001325,0.007079,0.013265,0.021108,0.027885,0.067299,-0.971269,-0.086831,-0.93864,1,0,0,0,0,0,0,0,0,0,0
1798,0.004428,0.012034,0.023075,0.033264,0.045752,-0.000199,-0.002469,-0.001504,-0.001249,0.000199,-0.000795,-0.004456,-0.007152,-0.015184,-0.018874,0.003008,0.005024,0.007493,0.006613,-0.000397,0.000227,0.001618,0.003292,0.006585,0.010984,0.010246,0.01561,0.032611,0.040586,0.049158,-0.026197,-0.068287,-0.105865,-0.129791,-0.150652,0.018306,0.059006,0.082705,0.08421,0.070756,0.008167,0.039616,0.057958,0.059976,0.053763,0.009558,0.016117,0.030729,0.037609,0.043922,0.013318,0.037973,0.070265,0.084617,0.099455,0.003269,0.007726,0.015574,0.021552,0.028913,0.082099,-0.963442,-0.085217,-0.938127,1,0,0,0,0,0,0,0,0,0,0
1799,0.004525,0.012521,0.024387,0.035201,0.046555,-0.000427,-0.001394,-0.001195,-0.000598,0.003329,-0.000797,-0.004212,-0.012236,-0.016476,-0.019037,8.5e-05,0.004695,0.003671,0.001451,-0.004098,0.001309,0.001508,0.004496,0.00811,0.014627,0.004069,0.014484,0.027176,0.036823,0.044307,-0.025156,-0.059645,-0.095444,-0.114424,-0.134571,0.013517,0.071739,0.067784,0.059844,0.064597,0.008446,0.057959,0.053673,0.047908,0.058765,0.003917,0.014035,0.02533,0.033586,0.036698,0.01393,0.041626,0.066919,0.080204,0.095348,0.00236,0.008478,0.016235,0.022937,0.027428,0.095364,-0.971465,-0.085406,-0.94012,1,0,0,0,0,0,0,0,0,0,0
1800,0.003102,0.014171,0.024386,0.036907,0.046041,-0.00185,-0.000882,-0.000626,0.000825,0.00774,-0.002874,-0.005577,-0.01363,-0.017329,-0.017927,0.001935,0.004411,0.003528,-0.0035,-0.004211,8.5e-05,0.001764,0.005065,0.009476,0.016959,0.001309,0.018354,0.02635,0.034943,0.04385,-0.017045,-0.05472,-0.078707,-0.099622,-0.111687,0.027289,0.051049,0.052557,0.039069,0.054976,0.023085,0.041475,0.043498,0.037268,0.054375,0.002659,0.017309,0.024207,0.030536,0.032381,0.011179,0.04406,0.058672,0.07378,0.083769,0.002179,0.010169,0.016256,0.023751,0.025362,0.100244,-0.971999,-0.085265,-0.941081,1,0,0,0,0,0,0,0,0,0,0
1801,0.004879,0.016708,0.027487,0.038805,0.045981,0.000879,0.001078,0.001674,0.005588,0.009503,-0.000539,-0.008538,-0.012765,-0.015318,-0.01458,0.002666,0.001645,-0.000567,-0.006099,-0.006184,0.000113,0.003092,0.006694,0.01319,0.01909,0.009077,0.021728,0.031345,0.038805,0.043145,-0.017388,-0.053073,-0.071993,-0.092076,-0.095395,0.030834,0.026891,0.018977,0.023714,0.028508,0.026343,0.022071,0.016324,0.027147,0.03224,0.007435,0.018694,0.026924,0.030027,0.030346,0.016149,0.040884,0.053875,0.068685,0.072441,0.003852,0.011437,0.017991,0.022383,0.023533,0.103319,-0.970516,-0.085255,-0.940552,1,0,0,0,0,0,0,0,0,0,0
1802,0.006165,0.016365,0.028865,0.037985,0.042616,8.5e-05,0.000341,0.00179,0.008694,0.008608,-0.002159,-0.010199,-0.013893,-0.01449,-0.013495,-0.000199,-0.00108,-0.008097,-0.008807,-0.008807,0.001563,0.004858,0.009262,0.016734,0.020626,0.007927,0.01591,0.02449,0.033383,0.03344,-0.0202,-0.04415,-0.065032,-0.077079,-0.082761,-0.00716,-0.005654,-0.01912,-0.003239,-0.004148,-0.008024,-0.006004,-0.012223,0.004857,0.004368,0.00718,0.014067,0.020386,0.022228,0.02231,0.016194,0.030647,0.045591,0.055471,0.062308,0.004009,0.01003,0.017443,0.019036,0.019701,0.110073,-0.968284,-0.0847,-0.939824,1,0,0,0,0,0,0,0,0,0,0
1803,0.005682,0.016479,0.027815,0.035004,0.037561,0.000114,0.00071,0.004631,0.008552,0.008041,-0.005853,-0.010086,-0.012643,-0.011905,-0.008609,-0.000824,-0.00304,-0.00858,-0.008666,-0.008836,0.001421,0.005029,0.011535,0.017445,0.021366,0.004745,0.014377,0.021849,0.026196,0.025173,-0.015541,-0.034492,-0.054608,-0.057932,-0.064808,0.003211,-0.004716,2.8e-05,0.00483,0.002756,0.003745,-0.002011,0.008829,0.01393,0.012738,0.004097,0.01234,0.015448,0.015768,0.01537,0.008818,0.021957,0.036936,0.040735,0.051134,0.003661,0.01029,0.014732,0.015895,0.014652,0.114208,-0.968784,-0.085926,-0.940048,1,0,0,0,0,0,0,0,0,0,0
1804,0.004515,0.01701,0.026126,0.030755,0.033254,0.000142,0.00159,0.008491,0.008406,0.007895,-0.002187,-0.005878,-0.006475,-0.005481,0.000909,-5.7e-05,-0.007071,-0.007781,-0.007781,-0.008292,0.001874,0.006276,0.013745,0.017635,0.022377,0.003237,0.011813,0.020702,0.020759,0.021554,-0.008406,-0.029278,-0.041319,-0.046998,-0.050349,-0.001704,-0.015164,0.00071,-0.000199,-0.005197,-0.001724,-0.00794,0.009132,0.008643,0.004956,0.002789,0.009105,0.010947,0.011028,0.012516,0.00562,0.020515,0.030363,0.037178,0.047234,0.002353,0.009742,0.01133,0.011993,0.010106,0.118018,-0.966525,-0.086812,-0.942636,1,0,0,0,0,0,0,0,0,0,0
1805,0.006286,0.017634,0.02483,0.02739,0.030092,0.000455,0.00438,0.008305,0.007793,0.007281,-0.002048,-0.004608,-0.003868,-0.000569,0.006627,-0.002162,-0.007708,-0.007793,-0.007964,-0.008362,0.001735,0.008248,0.014164,0.018089,0.023465,0.0064,0.01388,0.018231,0.017208,0.019199,-0.010552,-0.030689,-0.034017,-0.0409,-0.042578,-0.006229,-0.001479,0.003328,0.001251,-0.008675,-0.004036,0.006816,0.011922,0.010729,0.002045,0.005459,0.00857,0.00889,0.008492,0.011216,0.007556,0.022646,0.026473,0.03695,0.046411,0.0043,0.008775,0.009946,0.008694,0.00647,0.121087,-0.964007,-0.088814,-0.944512,1,0,0,0,0,0,0,0,0,0,0
1806,0.006208,0.015308,0.019929,0.022423,0.025287,0.000992,0.007881,0.007796,0.007286,0.00669,-0.001644,-0.00224,-0.001247,0.005131,0.012048,-0.004848,-0.005556,-0.005556,-0.006067,-0.006208,0.002665,0.01012,0.014004,0.018738,0.023841,0.002183,0.011056,0.011113,0.011906,0.013465,-0.010319,-0.022338,-0.028008,-0.031353,-0.032742,-0.007229,0.008618,0.007711,0.002721,-0.005868,-0.002184,0.014859,0.014371,0.01069,0.003126,0.000865,0.002703,0.002784,0.00427,0.006613,0.007332,0.017061,0.023793,0.033727,0.042045,0.003098,0.004667,0.005322,0.003458,0.001624,0.124436,-0.962608,-0.090752,-0.946053,1,0,0,0,0,0,0,0,0,0,0
1807,0.005103,0.012275,0.014827,0.01752,0.019703,0.00292,0.006832,0.006322,0.005812,0.00567,-0.000907,-0.00017,0.003118,0.010291,0.017378,-0.00068,-0.000765,-0.000936,-0.001332,-0.001304,0.003827,0.009724,0.013636,0.018994,0.022169,0.005273,0.00961,0.00859,0.010574,0.011878,-0.009752,-0.013069,-0.019929,-0.021602,-0.021715,0.011963,0.016754,0.014685,0.004791,-0.007031,0.013,0.01809,0.0169,0.008245,-0.002738,0.002236,0.002555,0.002158,0.004874,0.006403,0.007414,0.011154,0.021393,0.030639,0.03803,0.001275,0.002419,0.001196,-0.000978,-0.001759,0.125508,-0.954951,-0.091844,-0.947758,1,0,0,0,0,0,0,0,0,0,0
1808,0.003989,0.0086,0.01109,0.013947,0.015559,0.003961,0.003876,0.003366,0.002772,0.002942,0.000311,0.001301,0.007666,0.014569,0.021019,-2.8e-05,-2.8e-05,-0.000538,-0.000679,-0.000339,0.003621,0.007497,0.012221,0.017313,0.018247,0.003593,0.003649,0.004441,0.005997,0.006507,-0.002263,-0.007921,-0.011259,-0.012645,-0.01092,0.003876,0.00297,-0.002009,-0.01058,-0.02184,0.004035,0.003548,-0.000125,-0.007674,-0.018636,-0.000397,-0.000316,0.001167,0.003505,0.003782,0.002283,0.008918,0.018709,0.026907,0.031834,0.00029,0.000936,-0.000902,-0.00271,-0.002069,0.126038,-0.953926,-0.091577,-0.94749,1,0,0,0,0,0,0,0,0,0,0
1809,0.003165,0.005709,0.008394,0.01057,0.011502,-5.7e-05,-0.000565,-0.001074,-0.001215,-0.000452,0.000424,0.003702,0.010852,0.017918,0.022496,-5.7e-05,-0.000226,-0.000622,-0.000593,-0.000311,0.002261,0.006161,0.011502,0.014668,0.014555,0.000735,-0.000283,0.001696,0.002996,0.003165,-0.001046,-0.007885,-0.009552,-0.009665,-0.008846,0.000904,-0.001159,-0.011022,-0.022807,-0.030353,0.001043,-0.000143,-0.008771,-0.01972,-0.027018,0.000715,0.000319,0.003026,0.00455,0.003865,0.001393,0.011413,0.020461,0.027694,0.031275,0.000832,-0.000366,-0.002493,-0.003257,-0.002368,0.127422,-0.952343,-0.09198,-0.948228,1,0,0,0,0,0,0,0,0,0,0
1810,0.001442,0.003929,0.006784,0.008396,0.008226,-2.8e-05,-0.000537,-0.001131,-0.000961,0.001385,0.000565,0.006926,0.013823,0.020268,0.023547,5.7e-05,-0.000452,-0.000594,-0.000254,-0.000254,0.001611,0.006332,0.01142,0.012353,0.012212,-0.000678,0.000113,0.001668,0.002177,0.006869,-0.004608,-0.007943,-0.009328,-0.007604,-0.007802,-0.001809,-0.006784,-0.015349,-0.0266,-0.036946,-0.00153,-0.0052,-0.012743,-0.023697,-0.033504,-0.000634,0.000847,0.003184,0.003461,0.005801,0.005204,0.014942,0.023096,0.027996,0.031491,-0.000191,-0.002018,-0.003817,-0.00318,-0.003017,0.128203,-0.94942,-0.092313,-0.953434,1,0,0,0,0,0,0,0,0,0,0
1811,0.001104,0.003795,0.005975,0.00691,0.006542,-0.000481,-0.000991,-0.001133,-0.000368,0.003115,0.002719,0.009883,0.016963,0.02155,0.023872,-0.000227,-0.000623,-0.000595,-0.000312,0.000312,0.002294,0.007646,0.010818,0.010704,0.010251,-0.00034,0.001642,0.002945,0.003115,0.009345,-0.002237,-0.003908,-0.004021,-0.0032,-0.003681,-0.000255,-0.010138,-0.021947,-0.029508,-0.039079,0.000344,-0.008302,-0.019273,-0.026585,-0.036308,0.000239,0.002951,0.004479,0.003792,0.006521,0.004892,0.014068,0.021403,0.025035,0.027926,-0.001021,-0.003178,-0.003953,-0.003051,-0.002749,0.129467,-0.948257,-0.092472,-0.957134,1,0,0,0,0,0,0,0,0,0,0
1812,0.00139,0.004255,0.005872,0.005702,0.00539,-2.8e-05,-0.000624,-0.000454,0.001901,0.009106,0.003659,0.010581,0.017049,0.02034,0.022013,-0.000284,-0.000426,-8.5e-05,-8.5e-05,0.001021,0.00244,0.007546,0.008482,0.00834,0.005588,0.001135,0.002695,0.003206,0.007915,0.01512,-0.001106,-0.002496,-0.000766,-0.000965,-0.002241,-0.004737,-0.013333,-0.024623,-0.035006,-0.039743,-0.004028,-0.011597,-0.02259,-0.032432,-0.037807,0.001248,0.003592,0.00387,0.006218,0.00601,0.00503,0.013388,0.018411,0.021993,0.024502,-0.00084,-0.002683,-0.00203,-0.001863,0.000425,0.130447,-0.94769,-0.09021,-0.962545,1,0,0,0,0,0,0,0,0,0,0
1813,0.00131,0.003502,0.004442,0.004072,0.003559,-0.000484,-0.000626,0.000142,0.003644,0.015688,0.003531,0.010649,0.015261,0.017596,0.01919,-0.000114,-8.5e-05,0.000199,0.000826,0.001281,0.002933,0.006122,0.006008,0.005552,-0.000256,0.000854,0.002164,0.002335,0.008599,0.014777,-0.000569,-0.000683,0.000142,-0.000342,-0.001338,-0.005182,-0.017055,-0.024657,-0.034281,-0.038438,-0.00465,-0.015681,-0.023033,-0.032809,-0.037002,0.001475,0.00301,0.00232,0.005064,-0.001219,0.004371,0.01199,0.015763,0.018766,0.020929,-0.001379,-0.002184,-0.001248,-0.000934,0.003611,0.130749,-0.944763,-0.086883,-0.962538,1,0,0,0,0,0,0,0,0,0,0
1814,0.001572,0.003202,0.00303,0.002716,0.000657,-0.000114,5.7e-05,0.00243,0.00969,0.020124,0.00343,0.009948,0.013264,0.01495,0.016637,-2.9e-05,0.000314,0.000314,0.001429,0.001458,0.002201,0.003144,0.003001,0.000229,-0.00949,0.000715,0.001229,0.005974,0.013235,0.013921,-0.000829,0.000915,0.000715,-0.000572,-0.000543,-0.003459,-0.014836,-0.025298,-0.030072,-0.038247,-0.002959,-0.014036,-0.023953,-0.02937,-0.037241,0.000882,0.001162,0.003528,0.003318,-0.00698,0.004324,0.009623,0.013401,0.016049,0.017933,-0.000527,0.000162,0.000338,0.002752,0.009082,0.130745,-0.940082,-0.080831,-0.961663,1,0,0,0,0,0,0,0,0,0,0
1815,0.000631,0.001578,0.001205,0.000689,-0.002238,-2.9e-05,0.000746,0.004275,0.016412,0.021203,0.00373,0.008378,0.010731,0.012337,0.013571,5.7e-05,0.000344,0.000976,0.001435,0.001693,0.001004,0.000889,0.00043,-0.005423,-0.015694,0.000603,0.000775,0.007087,0.013313,0.01317,0.000717,0.001549,0.001062,5.7e-05,0.000201,-0.008493,-0.016153,-0.025851,-0.03004,-0.038533,-0.008146,-0.015554,-0.025406,-0.029632,-0.038121,0.000662,-3.3e-05,0.002732,-0.0036,-0.009037,0.003601,0.007583,0.010752,0.013034,0.014581,-0.000309,0.000679,0.001011,0.005806,0.01216,0.131035,-0.935482,-0.077668,-0.961224,1,0,0,0,0,0,0,0,0,0,0
1816,0.001007,0.000834,0.000518,-0.001554,-0.004028,0.000201,0.00259,0.009898,0.0204,0.024313,0.00282,0.006157,0.007855,0.009553,0.009927,0.000288,0.000288,0.00141,0.001439,0.001841,-5.8e-05,-0.000201,-0.002992,-0.012775,-0.021321,-8.6e-05,0.00469,0.011998,0.012689,0.01453,0.001036,0.000834,-0.00046,-0.000432,-0.000978,-0.002935,-0.013466,-0.018271,-0.0265,-0.032629,-0.002981,-0.012963,-0.018415,-0.026338,-0.032653,-0.000382,0.001999,0.001788,-0.008578,-0.011019,0.001874,0.00583,0.008602,0.010575,0.011771,0.001036,0.001221,0.003747,0.010375,0.015728,0.131621,-0.932008,-0.07344,-0.963558,1,0,0,0,0,0,0,0,0,0,0
1817,-5.8e-05,-0.000433,-0.000952,-0.003896,-0.007677,0.000577,0.004127,0.016336,0.021155,0.024272,0.001847,0.004214,0.00583,0.007071,0.007129,0.0,0.000635,0.001097,0.001356,0.001587,-5.8e-05,-0.00052,-0.006407,-0.01674,-0.024907,0.00026,0.006609,0.012872,0.012728,0.014604,-0.000202,-0.000693,-0.001703,-0.001559,-0.00303,-0.004762,-0.014517,-0.018731,-0.027274,-0.031545,-0.004463,-0.014372,-0.018623,-0.027162,-0.031373,-0.000316,0.002465,-0.003904,-0.009373,-0.010865,0.002234,0.005537,0.007915,0.009528,0.010894,-2.9e-05,0.000317,0.005314,0.011936,0.015865,0.132761,-0.930863,-0.071249,-0.964496,1,0,0,0,0,0,0,0,0,0,0
1818,-0.000116,-0.000435,-0.002521,-0.005013,-0.011939,0.001826,0.009186,0.019764,0.023705,0.022778,0.001507,0.003217,0.004926,0.005303,0.005274,0.0,0.00113,0.001159,0.001565,0.001681,-8.7e-05,-0.002898,-0.012751,-0.021358,-0.02895,0.00455,0.01191,0.012606,0.014461,0.012084,0.0,-0.001304,-0.001275,-0.001826,-0.003941,-0.005825,-0.010664,-0.018952,-0.025125,-0.028429,-0.005573,-0.011064,-0.019044,-0.025404,-0.028452,0.002716,0.002503,-0.007937,-0.010396,-0.011879,0.00186,0.004774,0.006847,0.008106,0.009722,0.000223,0.002879,0.009846,0.015474,0.016022,0.134056,-0.930583,-0.068492,-0.964208,1,0,0,0,0,0,0,0,0,0,0
1819,-0.000262,-0.000785,-0.003752,-0.007562,-0.016025,0.001745,0.014048,0.018905,0.022046,0.019574,0.000873,0.002501,0.003752,0.00381,0.003781,0.00064,0.001105,0.001367,0.0016,0.002501,-0.000378,-0.006311,-0.016723,-0.024954,-0.035134,0.001832,0.008144,0.007998,0.009889,0.002239,-0.000494,-0.001512,-0.001367,-0.00285,-0.004828,-0.003985,-0.008231,-0.01684,-0.021144,-0.024111,-0.004393,-0.008676,-0.017281,-0.021524,-0.025029,7.7e-05,-0.006342,-0.011853,-0.013356,-0.018614,0.001578,0.004087,0.005789,0.007231,0.008819,0.000135,0.005409,0.012396,0.016543,0.017854,0.135403,-0.932124,-0.063882,-0.962325,1,0,0,0,0,0,0,0,0,0,0
1820,-5.8e-05,-0.002161,-0.004672,-0.01165,-0.019446,0.005665,0.016322,0.020293,0.019359,0.017694,0.000847,0.002569,0.002949,0.00292,0.002832,0.000496,0.000526,0.000934,0.001051,0.002219,-0.002453,-0.01238,-0.021052,-0.028702,-0.039739,0.005577,0.006278,0.008146,0.005752,-0.003183,-0.000818,-0.000788,-0.001343,-0.003475,-0.005402,-0.000876,-0.009227,-0.015446,-0.018775,-0.021899,-0.001123,-0.009163,-0.015571,-0.018642,-0.022575,-0.000292,-0.010811,-0.013288,-0.014782,-0.022208,0.00145,0.003636,0.004963,0.006667,0.008238,0.002661,0.010006,0.015938,0.016517,0.019167,0.136809,-0.933818,-0.061389,-0.963196,1,0,0,0,0,0,0,0,0,0,0
1821,-0.000468,-0.003451,-0.007281,-0.01579,-0.021814,0.006696,0.01158,0.014738,0.012252,0.01079,0.00079,0.002047,0.002105,0.002076,0.001608,-2.9e-05,0.000234,0.000468,0.001374,0.002018,-0.003509,-0.013977,-0.022253,-0.032487,-0.041611,0.00076,0.000614,0.002515,-0.005176,-0.010001,-0.000205,-5.8e-05,-0.00155,-0.003538,-0.005702,-0.003392,-0.012048,-0.016375,-0.019358,-0.022019,-0.003183,-0.011834,-0.0161,-0.019624,-0.022601,-0.006161,-0.011702,-0.013213,-0.0185,-0.022004,0.001141,0.002909,0.004406,0.006055,0.007428,0.002788,0.010045,0.014351,0.015713,0.018342,0.138441,-0.934316,-0.059663,-0.966194,1,0,0,0,0,0,0,0,0,0,0
1822,-0.00164,-0.004158,-0.011157,-0.018975,-0.022753,0.003983,0.007965,0.007028,0.005359,0.002431,0.000937,0.001318,0.001288,0.001201,-0.000176,5.9e-05,0.000469,0.000586,0.001757,0.003075,-0.006442,-0.015139,-0.022812,-0.033881,-0.041904,-5.9e-05,0.001816,-0.000586,-0.009546,-0.012387,0.000234,-0.000322,-0.00246,-0.004392,-0.007409,-0.004978,-0.011215,-0.014554,-0.017687,-0.018624,-0.004876,-0.011303,-0.014383,-0.018327,-0.020272,-0.00438,-0.006864,-0.008363,-0.01581,-0.015904,0.001078,0.002432,0.00417,0.005774,0.006998,0.004679,0.010732,0.011323,0.014027,0.017839,0.140469,-0.935092,-0.057899,-0.966959,1,0,0,0,0,0,0,0,0,0,0
1823,-0.001351,-0.005197,-0.013741,-0.019789,-0.02208,0.00091,0.004081,0.001585,0.000117,-0.002408,0.000323,0.000382,0.000352,-0.000117,-0.001615,0.000206,0.00044,0.001351,0.001997,0.00596,-0.004052,-0.012361,-0.022637,-0.031798,-0.03861,-8.8e-05,0.00182,-0.005902,-0.010746,-0.017294,-8.8e-05,-0.001585,-0.003582,-0.005755,-0.008867,-0.003699,-0.008045,-0.01104,-0.013712,-0.012801,-0.003798,-0.008081,-0.01162,-0.014608,-0.01734,-0.001172,-0.00269,-0.007998,-0.011516,-0.01571,0.00072,0.002261,0.003957,0.00537,0.006671,0.0027,0.007131,0.008532,0.011238,0.015185,0.140701,-0.934815,-0.057494,-0.963956,1,0,0,0,0,0,0,0,0,0,0
1824,-0.001177,-0.008208,-0.016063,-0.019858,-0.02177,0.003089,0.002148,0.000471,-0.002471,-0.004384,5.9e-05,2.9e-05,-5.9e-05,-0.001442,-0.002501,0.000206,0.000324,0.0015,0.002824,0.00712,-0.004678,-0.012386,-0.023506,-0.031567,-0.036157,0.001971,-0.000441,-0.009444,-0.012297,-0.022918,-0.000471,-0.002618,-0.00456,-0.00759,-0.009473,-0.002559,-0.005913,-0.009061,-0.010003,-0.008532,-0.002651,-0.005745,-0.009708,-0.011663,-0.014302,-0.001322,-0.002827,-0.010309,-0.010403,-0.019201,0.000668,0.002464,0.00412,0.005385,0.006185,0.003515,0.004125,0.006919,0.010857,0.012982,0.139775,-0.933713,-0.059447,-0.960803,1,0,0,0,0,0,0,0,0,0,0
1825,-0.002681,-0.011253,-0.017322,-0.019619,-0.021505,8.8e-05,-0.002416,-0.003889,-0.006422,-0.008425,0.0,-2.9e-05,-0.000501,-0.002003,-0.002916,2.9e-05,0.000943,0.001591,0.005568,0.007718,-0.003653,-0.013963,-0.023154,-0.029989,-0.032522,-5.9e-05,-0.007807,-0.012667,-0.019236,-0.030431,-0.001031,-0.003034,-0.005214,-0.008337,-0.009103,-0.001797,-0.004802,-0.007482,-0.006569,-0.005921,-0.001643,-0.005193,-0.008192,-0.010932,-0.012438,-0.0002,-0.005526,-0.009055,-0.013263,-0.022471,0.000903,0.002639,0.004085,0.005416,0.005488,0.000987,0.002421,0.00519,0.009229,0.009527,0.138524,-0.933165,-0.061458,-0.956258,1,0,0,0,0,0,0,0,0,0,0
1826,-0.004366,-0.012244,-0.016049,-0.017967,-0.019826,-0.001033,-0.002714,-0.005664,-0.007582,-0.008762,-3e-05,-0.000118,-0.001505,-0.002567,-0.004189,8.9e-05,0.001269,0.002596,0.006904,0.008556,-0.004071,-0.015223,-0.023307,-0.027909,-0.028942,-0.00236,-0.011388,-0.01425,-0.0249,-0.03263,-0.001121,-0.003068,-0.006107,-0.007995,-0.00832,-0.001564,-0.00472,-0.005664,-0.004189,-0.003658,-0.001457,-0.005431,-0.007391,-0.010038,-0.011367,-0.00131,-0.008813,-0.008907,-0.01773,-0.024248,0.00092,0.002609,0.003899,0.004715,0.004056,-0.000375,0.002474,0.00649,0.008658,0.007821,0.13786,-0.933473,-0.06358,-0.954074,1,0,0,0,0,0,0,0,0,0,0
1827,-0.004229,-0.010321,-0.012628,-0.01452,-0.01665,-0.001479,-0.002957,-0.005501,-0.007512,-0.008665,0.0,-0.000473,-0.001981,-0.002898,-0.004761,0.000828,0.001479,0.005471,0.00763,0.010321,-0.00627,-0.015496,-0.022357,-0.024901,-0.024457,-0.005412,-0.010292,-0.016886,-0.028124,-0.031939,-0.000887,-0.003076,-0.00621,-0.006979,-0.007334,-0.001449,-0.00414,-0.003223,-0.002573,-0.001597,-0.002103,-0.005113,-0.007865,-0.009376,-0.011326,-0.004034,-0.007577,-0.011801,-0.021045,-0.023612,0.000849,0.002335,0.003702,0.003776,0.003044,0.001855,0.0047,0.008851,0.009157,0.007013,0.137358,-0.93305,-0.066326,-0.952738,1,0,0,0,0,0,0,0,0,0,0
1828,-0.003686,-0.007521,-0.009453,-0.011326,-0.013733,-0.000208,-0.003181,-0.005113,-0.006302,-0.006718,-8.9e-05,-0.001486,-0.002556,-0.004191,-0.005886,0.000357,0.001694,0.006034,0.007699,0.012426,-0.004935,-0.01308,-0.017717,-0.018757,-0.018044,-0.003656,-0.00654,-0.017271,-0.025059,-0.026962,-0.00107,-0.004132,-0.006034,-0.006361,-0.00654,-0.001724,-0.002675,-0.001189,-0.000654,0.000713,-0.00189,-0.003865,-0.006532,-0.007871,-0.011439,-0.003505,-0.0036,-0.01249,-0.019057,-0.020421,0.000901,0.002261,0.003121,0.002426,0.001857,0.001081,0.005315,0.0076,0.006718,0.004105,0.137186,-0.933548,-0.068223,-0.95163,1,0,0,0,0,0,0,0,0,0,0
1829,-0.002453,-0.004787,-0.006701,-0.008855,-0.011727,-0.001286,-0.003859,-0.005894,-0.00706,-0.006223,-0.000389,-0.001915,-0.002842,-0.004727,-0.006971,0.000299,0.004338,0.006522,0.009244,0.014719,-0.004368,-0.011308,-0.013881,-0.013433,-0.013044,-0.001256,-0.007928,-0.019296,-0.023155,-0.025549,-0.001137,-0.004308,-0.005086,-0.005445,-0.005505,-0.000987,-6e-05,0.000598,0.001586,0.004487,-0.001143,-0.003926,-0.005455,-0.007427,-0.010333,-5.7e-05,-0.004331,-0.013681,-0.016278,-0.019367,0.000669,0.002152,0.002232,0.001438,0.000353,0.001954,0.006455,0.006787,0.004462,0.001596,0.137017,-0.935346,-0.071109,-0.950205,1,0,0,0,0,0,0,0,0,0,0
1830,-0.001415,-0.003371,-0.005268,-0.007706,-0.011198,-0.001716,-0.003672,-0.004877,-0.005298,-0.004997,-0.001023,-0.002107,-0.003763,-0.005479,-0.006863,0.001054,0.005449,0.007134,0.011921,0.016887,-0.003853,-0.008549,-0.009603,-0.00888,-0.008489,-0.001656,-0.012523,-0.020409,-0.022336,-0.028266,-0.001957,-0.003883,-0.004214,-0.004395,-0.004395,3e-05,0.001535,0.002077,0.003462,0.005569,-0.00085,-0.003551,-0.004906,-0.00852,-0.011572,-3.9e-05,-0.009041,-0.015691,-0.017073,-0.023114,0.000787,0.001726,0.000967,0.000346,-0.000234,0.002583,0.005078,0.004115,0.001261,-0.002297,0.137292,-0.936841,-0.074324,-0.949348,1,0,0,0,0,0,0,0,0,0,0
1831,-0.000937,-0.002872,-0.005049,-0.007952,-0.011157,-0.000877,-0.002933,-0.004112,-0.003265,-0.002903,-0.000514,-0.001451,-0.003356,-0.005624,-0.006259,0.003023,0.005231,0.007982,0.013515,0.017566,-0.003144,-0.005745,-0.005291,-0.004898,-0.00384,-0.005079,-0.016568,-0.020469,-0.022887,-0.027453,-0.00124,-0.002026,-0.002389,-0.002449,-0.002842,0.000907,0.001572,0.00257,0.005503,0.005593,-0.00196,-0.003504,-0.005498,-0.008434,-0.012379,-0.004279,-0.013729,-0.016354,-0.019475,-0.024177,0.000785,0.000872,1.7e-05,-0.001152,-0.000876,0.002183,0.00254,3.7e-05,-0.003048,-0.006882,0.137778,-0.93924,-0.077832,-0.952405,1,0,0,0,0,0,0,0,0,0,0
1832,-0.001031,-0.002941,-0.005398,-0.008915,-0.010583,-0.001092,-0.002305,-0.002729,-0.002426,0.000455,-0.000576,-0.002244,-0.003972,-0.005367,-0.005943,0.001395,0.003093,0.007914,0.012918,0.015101,-0.001577,-0.002638,-0.00191,-0.001516,0.003457,-0.005852,-0.013797,-0.015738,-0.021712,-0.020711,-0.000697,-0.001031,-0.001213,-0.001213,-0.003427,0.000606,0.001152,0.002547,0.00467,0.003609,-0.000755,-0.002121,-0.005761,-0.008836,-0.011755,-0.004776,-0.011475,-0.012867,-0.018952,-0.020436,0.000187,-0.000612,-0.001266,-0.001876,-0.000483,0.000398,-0.000616,-0.003619,-0.007365,-0.01309,0.139937,-0.941157,-0.084076,-0.957544,1,0,0,0,0,0,0,0,0,0,0
1833,-0.000913,-0.003105,-0.006027,-0.009253,-0.010106,-0.000974,-0.002161,-0.001309,-0.000944,0.004657,-0.000365,-0.002283,-0.004566,-0.005205,-0.005418,0.000822,0.003592,0.009162,0.013241,0.013363,-0.001035,-0.000578,-0.000183,0.000883,0.009771,-0.005692,-0.009619,-0.012054,-0.01665,-0.011628,-9.1e-05,-0.000457,-0.000517,-0.000913,-0.006575,6.1e-05,0.001065,0.004018,0.004109,-0.002983,-0.000797,-0.002804,-0.00576,-0.009732,-0.015875,-0.004719,-0.007362,-0.010504,-0.015237,-0.015157,-0.000101,-0.000998,-0.002223,-0.001934,0.002319,-3.4e-05,-0.002658,-0.005893,-0.009912,-0.018369,0.143979,-0.937283,-0.090713,-0.963426,1,0,0,0,0,0,0,0,0,0,0
1834,-0.001008,-0.003482,-0.007025,-0.008705,-0.009316,-0.000244,-0.000672,-0.000367,0.002535,0.008553,-0.001313,-0.003055,-0.00446,-0.00504,-0.005956,0.000886,0.005743,0.010783,0.012982,0.012615,-3.1e-05,0.000703,0.0011,0.006109,0.016464,-0.002291,-0.004246,-0.010263,-0.009255,-0.003116,-0.000244,-0.000428,-0.000428,-0.002657,-0.017594,0.000489,0.001894,0.004032,0.002963,-0.002932,-0.000576,-0.004243,-0.00734,-0.01028,-0.013048,-0.002012,-0.003413,-0.009544,-0.011038,-0.010052,-0.000737,-0.001425,-0.002067,-0.000601,0.008844,-0.001032,-0.004193,-0.008135,-0.014159,-0.023863,0.155784,-0.939652,-0.097833,-0.969261,1,0,0,0,0,0,0,0,0,0,0
1835,-0.001196,-0.004139,-0.007388,-0.008246,-0.008369,-0.00095,-9.2e-05,0.000276,0.005917,0.010883,-0.000613,-0.002912,-0.003556,-0.003771,-0.005641,0.001901,0.007511,0.011619,0.011741,0.010791,0.00049,0.000889,0.001962,0.010914,0.022072,-0.001655,-0.004108,-0.008737,-0.003679,0.001073,-0.000123,-0.000184,-0.000582,-0.006284,-0.026609,0.000521,0.003495,0.003587,-0.003556,-0.007848,-0.001443,-0.00442,-0.00842,-0.014607,-0.014086,-0.000642,-0.003807,-0.008574,-0.008493,-0.007683,-0.000186,-0.001474,-0.00117,0.0033,0.015551,-0.001699,-0.005099,-0.009323,-0.018211,-0.028478,0.165576,-0.937005,-0.104737,-0.973433,1,0,0,0,0,0,0,0,0,0,0
1836,-0.001292,-0.004861,-0.006553,-0.007168,-0.007137,0.000523,0.000831,0.003753,0.009813,0.012059,-0.001138,-0.002553,-0.003138,-0.004061,-0.006614,0.002984,0.00806,0.010275,0.009906,0.008921,0.000246,0.000646,0.005691,0.01612,0.026672,-0.000308,-0.006368,-0.005353,0.000831,0.002738,-6.2e-05,-6.2e-05,-0.002307,-0.01735,-0.043007,0.000892,0.003046,0.001969,-0.003968,-0.008614,-0.002245,-0.005364,-0.008325,-0.011113,-0.009276,-0.000767,-0.006941,-0.008446,-0.007453,-0.006712,-0.000532,-0.001207,0.000334,0.010261,0.025878,-0.001581,-0.005723,-0.012055,-0.022254,-0.032076,0.182782,-0.937631,-0.110828,-0.974723,1,0,0,0,0,0,0,0,0,0,0
1837,-0.001666,-0.004937,-0.005801,-0.005924,-0.005739,0.000339,0.00071,0.006387,0.011386,0.012126,-0.001173,-0.001821,-0.002036,-0.003919,-0.009627,0.002654,0.006788,0.006912,0.005955,0.008115,0.000154,0.001234,0.010244,0.021476,0.031473,-0.00216,-0.006819,-0.001728,0.003055,0.003456,0.0,-0.000401,-0.00614,-0.026598,-0.063656,0.002098,0.002191,-0.004999,-0.009319,-0.009411,-0.000745,-0.004771,-0.010998,-0.010474,-0.00443,-0.002416,-0.007214,-0.007133,-0.006318,-0.005539,-0.000804,-0.000486,0.004192,0.017014,0.038609,-0.001944,-0.006365,-0.015667,-0.026411,-0.035773,0.203973,-0.937359,-0.116624,-0.975459,1,0,0,0,0,0,0,0,0,0,0
1838,-0.001919,-0.003622,-0.004241,-0.00421,-0.003529,-3.1e-05,0.00291,0.009009,0.011268,0.013064,-0.000248,-0.000836,-0.001765,-0.004334,-0.013993,0.002446,0.004675,0.004303,0.003312,0.009844,0.000248,0.005325,0.015819,0.026438,0.034641,-0.003932,-0.00291,0.003312,0.005232,0.005448,0.0,-0.00226,-0.017398,-0.043216,-0.079313,6.2e-05,-0.001022,-0.006996,-0.011671,-0.012414,-0.002392,-0.005371,-0.008177,-0.006328,-0.005605,-0.003789,-0.005304,-0.004304,-0.003558,-0.004206,0.000117,0.001727,0.012101,0.028421,0.048387,-0.00234,-0.008957,-0.019614,-0.029879,-0.037364,0.219453,-0.934818,-0.120188,-0.974848,1,0,0,0,0,0,0,0,0,0,0
1839,-0.001369,-0.00224,-0.002364,-0.002178,-0.001151,0.000404,0.006129,0.011169,0.011915,0.011978,-0.000404,-0.000622,-0.00252,-0.008275,-0.020689,0.001711,0.001836,0.000871,0.003049,0.010671,0.00084,0.009924,0.021249,0.031329,0.038453,-0.000747,0.004387,0.009209,0.009613,0.004013,-0.000404,-0.006191,-0.026818,-0.064182,-0.097688,3.1e-05,-0.007218,-0.011573,-0.011667,-0.022306,-0.001656,-0.007935,-0.007406,-0.001312,-0.011728,-0.00103,-0.000948,-0.000126,0.000659,-0.00415,0.000215,0.005171,0.018752,0.041627,0.060453,-0.00226,-0.012114,-0.023495,-0.033411,-0.04013,0.236796,-0.920966,-0.123794,-0.966135,1,0,0,0,0,0,0,0,0,0,0
1840,-0.000344,-0.000969,-0.000938,-0.00025,0.000969,0.002564,0.008724,0.011007,0.012821,0.009506,-0.000188,-0.001126,-0.003721,-0.013478,-0.026111,0.000532,0.000156,-0.000844,0.005754,0.010695,0.004284,0.014885,0.025611,0.033897,0.040558,0.001782,0.008068,0.010007,0.010225,6.3e-05,-0.001876,-0.017167,-0.043247,-0.079708,-0.120798,-0.001126,-0.007161,-0.011883,-0.012633,-0.036336,-0.001345,-0.004179,-0.002312,-0.001582,-0.018016,-0.000495,0.000515,0.001268,0.000614,-0.005423,0.001505,0.012636,0.030147,0.05157,0.076918,-0.004757,-0.016192,-0.027206,-0.035237,-0.041542,0.259724,-0.905089,-0.12636,-0.960298,1,0,0,0,0,0,0,0,0,0,0
1841,-0.000535,-0.000661,-0.000472,0.000566,0.002799,0.003208,0.008304,0.009059,0.009122,0.004718,-3.1e-05,-0.00195,-0.007769,-0.020319,-0.029912,-0.000409,-0.001384,0.000818,0.008524,0.010002,0.004875,0.016324,0.026515,0.033718,0.039474,0.003397,0.008272,0.008681,0.00302,-0.004435,-0.003963,-0.024817,-0.062593,-0.096468,-0.132483,-0.006196,-0.0106,-0.010694,-0.021451,-0.066304,-0.004995,-0.00446,0.001701,-0.008829,-0.0407,0.000581,0.001411,0.002205,-0.002657,-0.005172,0.003783,0.018448,0.043146,0.063473,0.090564,-0.005684,-0.017972,-0.028679,-0.035933,-0.039872,0.272344,-0.872774,-0.128955,-0.957161,1,0,0,0,0,0,0,0,0,0,0
1842,-9.5e-05,-6.3e-05,0.000631,0.001863,0.004926,0.003,0.005304,0.007136,0.003789,0.000253,-0.000916,-0.003536,-0.013387,-0.026144,-0.035016,3.2e-05,-0.000979,0.005683,0.010672,0.009946,0.00581,0.01664,0.025007,0.031732,0.037195,0.002936,0.004894,0.005115,-0.005147,-0.009662,-0.011461,-0.037794,-0.07461,-0.116099,-0.156261,0.000126,-0.004641,-0.005399,-0.029333,-0.080609,0.002153,0.004038,0.004775,-0.011819,-0.042493,0.000437,0.001197,0.000536,-0.005559,-0.006174,0.008024,0.026762,0.049685,0.076807,0.103025,-0.006398,-0.018182,-0.026776,-0.033522,-0.036086,0.299211,-0.850946,-0.130924,-0.954212,1,0,0,0,0,0,0,0,0,0,0
1843,-3.2e-05,0.000159,0.001205,0.003456,0.007101,0.002124,0.002885,0.002948,-0.00149,-0.004216,-0.001014,-0.006879,-0.019529,-0.029198,-0.043812,-0.001014,0.001205,0.008972,0.010462,0.009733,0.005706,0.015978,0.023238,0.029039,0.03408,0.001966,0.002378,-0.003329,-0.010842,-0.015154,-0.009511,-0.047585,-0.081728,-0.118027,-0.174869,-0.004565,-0.00466,-0.015502,-0.06071,-0.097865,-0.001622,0.004587,-0.006026,-0.038149,-0.04802,0.000399,0.001199,-0.003702,-0.006237,-0.007596,0.00724,0.033337,0.054815,0.08344,0.10958,-0.006403,-0.017716,-0.025381,-0.029543,-0.031221,0.327807,-0.832214,-0.132788,-0.950241,1,0,0,0,0,0,0,0,0,0,0
1844,6.4e-05,0.000763,0.002003,0.005086,0.010013,0.000191,0.002034,-0.001335,-0.004895,-0.006612,-0.001621,-0.011539,-0.02438,-0.033312,-0.049587,0.0,0.006707,0.011729,0.010998,0.009536,0.005181,0.013605,0.020375,0.025874,0.030515,0.0,0.000223,-0.010108,-0.014654,-0.018468,-0.016974,-0.054037,-0.095805,-0.136237,-0.183981,-0.000223,-0.000985,-0.02508,-0.076701,-0.117547,0.003525,0.004267,-0.012439,-0.043319,-0.058067,0.000366,-0.0003,-0.006436,-0.007056,-0.009173,0.012261,0.036285,0.06471,0.092187,0.113955,-0.005827,-0.014834,-0.021904,-0.024591,-0.024632,0.345154,-0.806304,-0.133308,-0.947073,1,0,0,0,0,0,0,0,0,0,0
1845,0.000127,0.001178,0.003439,0.0071,0.014072,0.000573,0.000637,-0.003821,-0.006559,-0.007546,-0.004266,-0.01697,-0.02668,-0.041358,-0.054316,0.002229,0.010029,0.011525,0.010793,0.008023,0.005126,0.012417,0.018243,0.023305,0.027126,0.000414,-0.005317,-0.012863,-0.017193,-0.019708,-0.021236,-0.055526,-0.09198,-0.149066,-0.179121,0.000127,-0.010761,-0.056162,-0.093477,-0.145627,0.002706,-0.007953,-0.040214,-0.050127,-0.078632,0.000437,-0.004485,-0.00703,-0.008395,-0.010373,0.014489,0.03662,0.066116,0.09305,0.110426,-0.005763,-0.013661,-0.01795,-0.019679,-0.016675,0.356131,-0.77457,-0.132843,-0.943999,1,0,0,0,0,0,0,0,0,0,0
1846,0.000573,0.001816,0.004906,0.009843,0.017138,0.001274,-0.002102,-0.00567,-0.007391,-0.009493,-0.00567,-0.01854,-0.027492,-0.043802,-0.055652,0.004492,0.009525,0.008792,0.007327,-0.002102,0.003313,0.010098,0.015609,0.02026,0.024274,-0.000191,-0.010544,-0.0151,-0.018922,-0.021439,-0.015896,-0.057755,-0.098275,-0.146123,-0.166097,-0.000892,-0.025039,-0.076773,-0.117707,-0.173073,-0.001963,-0.018706,-0.049653,-0.064433,-0.09394,-0.001104,-0.007254,-0.007875,-0.009997,-0.010886,0.009847,0.038708,0.066607,0.088709,0.100677,-0.003359,-0.010537,-0.013266,-0.013308,-0.009999,0.364216,-0.745134,-0.132645,-0.942484,1,0,0,0,0,0,0,0,0,0,0
1847,0.000478,0.002739,0.006401,0.013375,0.020191,-0.00121,-0.005669,-0.008407,-0.009395,-0.012484,-0.007038,-0.016751,-0.031432,-0.044394,-0.056177,0.003312,0.004809,0.004076,0.001306,-0.015509,0.003981,0.009809,0.014872,0.018694,0.023566,-0.005541,-0.013089,-0.01742,-0.019936,-0.023598,-0.018407,-0.054871,-0.111972,-0.142035,-0.164168,-0.01,-0.055413,-0.092737,-0.144901,-0.197734,-0.008699,-0.040968,-0.050884,-0.079396,-0.09822,-0.003819,-0.006366,-0.007731,-0.009709,-0.010554,0.012345,0.041894,0.068877,0.086285,0.095064,-0.00456,-0.008857,-0.010589,-0.00758,-0.005681,0.376176,-0.71387,-0.130413,-0.933501,1,0,0,0,0,0,0,0,0,0,0
1848,0.000762,0.003841,0.008761,0.01603,0.023394,-0.002158,-0.005714,-0.007428,-0.009523,-0.01476,-0.005809,-0.014728,-0.03098,-0.042788,-0.053771,0.001714,0.000984,-0.000476,-0.009872,-0.02825,0.002793,0.008285,0.012919,0.016919,0.022378,-0.004793,-0.009332,-0.013141,-0.015649,-0.021934,-0.023362,-0.063738,-0.111415,-0.131317,-0.147537,-0.014094,-0.065643,-0.106431,-0.161599,-0.215846,-0.008012,-0.038849,-0.053576,-0.082978,-0.104092,-0.00232,-0.002939,-0.005054,-0.00594,-0.007245,0.016083,0.043292,0.064847,0.076518,0.08352,-0.002544,-0.005205,-0.005246,-0.002019,-0.000271,0.379109,-0.681769,-0.128886,-0.925966,1,0,0,0,0,0,0,0,0,0,0
1849,0.00149,0.005134,0.012075,0.018857,0.02751,-0.002282,-0.005007,-0.00599,-0.009064,-0.013501,-0.003867,-0.018477,-0.031376,-0.043103,-0.052167,-0.000222,-0.000951,-0.003708,-0.020442,-0.038982,0.003011,0.00805,0.011853,0.016702,0.023358,-0.002726,-0.007036,-0.00954,-0.013184,-0.019174,-0.012962,-0.069788,-0.099706,-0.121733,-0.128483,-0.031123,-0.068267,-0.12018,-0.172759,-0.23307,-0.024114,-0.033982,-0.062357,-0.08109,-0.110226,-0.000217,-0.001576,-0.003544,-0.004385,-0.0062,0.012658,0.038745,0.055574,0.064062,0.069686,-0.001637,-0.003312,-0.000403,0.001434,0.003173,0.385497,-0.646963,-0.126632,-0.920655,1,0,0,0,0,0,0,0,0,0,0
1850,0.001583,0.006489,0.013737,0.021081,0.03102,-0.001266,-0.002975,-0.005065,-0.010287,-0.011965,-0.005033,-0.021239,-0.033014,-0.043966,-0.051658,-0.000506,-0.001962,-0.011332,-0.029659,-0.04327,0.002469,0.00709,0.011079,0.016523,0.024974,-0.001804,-0.005603,-0.008103,-0.014371,-0.01684,-0.027317,-0.07486,-0.094706,-0.110881,-0.118953,-0.020321,-0.060996,-0.116009,-0.170104,-0.225877,-0.006667,-0.021353,-0.050672,-0.071727,-0.097645,-0.0004,-0.002509,-0.003392,-0.004694,-0.005683,0.014133,0.035269,0.046713,0.053579,0.058704,-0.000987,-0.001027,0.002138,0.003851,0.005179,0.393478,-0.622388,-0.126179,-0.919692,1,0,0,0,0,0,0,0,0,0,0
1851,0.002055,0.008977,0.015741,0.024371,0.033095,-0.001454,-0.002434,-0.0055,-0.009925,-0.012011,-0.009546,-0.022411,-0.034106,-0.043146,-0.047824,-0.000221,-0.002971,-0.019661,-0.038152,-0.049689,0.00256,0.006353,0.01119,0.017827,0.027057,-0.002497,-0.004994,-0.008629,-0.014603,-0.015267,-0.029396,-0.059235,-0.081203,-0.087936,-0.094922,-0.016753,-0.068528,-0.120968,-0.18112,-0.235455,-0.003185,-0.031484,-0.050168,-0.079227,-0.101825,-0.000955,-0.002919,-0.003757,-0.005567,-0.004089,0.011612,0.028131,0.036462,0.041983,0.046465,-0.000667,0.002188,0.003991,0.005699,0.005398,0.402338,-0.590025,-0.126452,-0.916967,1,0,0,0,0,0,0,0,0,0,0
1852,0.002839,0.010062,0.017379,0.027283,0.034821,-0.000252,-0.002334,-0.007538,-0.00921,-0.011859,-0.006624,-0.018357,-0.02927,-0.036935,-0.041445,-0.00123,-0.010566,-0.028829,-0.042391,-0.055355,0.00205,0.006024,0.011449,0.019871,0.029712,-0.001293,-0.003785,-0.01003,-0.01249,-0.013373,-0.018042,-0.037818,-0.053935,-0.061978,-0.070085,-0.023814,-0.078632,-0.132536,-0.188112,-0.240565,-0.011456,-0.040671,-0.061652,-0.087478,-0.105317,-0.001148,-0.002028,-0.003325,-0.00431,-0.002243,0.009179,0.020344,0.027041,0.03204,0.035761,0.000618,0.003705,0.005376,0.006672,0.004707,0.410331,-0.566778,-0.127358,-0.915664,1,0,0,0,0,0,0,0,0,0,0
1853,0.004061,0.010797,0.01939,0.028078,0.039095,-0.000724,-0.003777,-0.008184,-0.010262,-0.011584,-0.006201,-0.017848,-0.026851,-0.031509,-0.037112,-0.001511,-0.018131,-0.036546,-0.048035,-0.06091,0.001731,0.006547,0.013158,0.022349,0.033587,-0.001196,-0.004816,-0.010765,-0.011426,-0.012371,-0.01171,-0.033587,-0.040292,-0.047248,-0.054205,-0.027795,-0.080017,-0.139919,-0.194029,-0.238633,-0.016749,-0.035356,-0.064293,-0.086798,-0.100763,-0.00081,-0.001645,-0.003448,-0.001976,-0.001571,0.006994,0.015086,0.020449,0.024802,0.027357,0.002165,0.003915,0.005574,0.005282,0.005126,0.419007,-0.544318,-0.128176,-0.914735,1,0,0,0,0,0,0,0,0,0,0
1854,0.00314,0.010426,0.020288,0.027793,0.041046,-0.00135,-0.006532,-0.008197,-0.010835,-0.010772,-0.005496,-0.016362,-0.023993,-0.028484,-0.029458,-0.007788,-0.025972,-0.039476,-0.052383,-0.068494,0.00223,0.007631,0.016016,0.025815,0.039005,-0.001288,-0.007506,-0.009955,-0.010835,-0.012122,-0.008008,-0.024056,-0.032064,-0.040135,-0.043213,-0.026851,-0.080522,-0.135857,-0.188084,-0.235348,-0.012379,-0.033269,-0.058984,-0.076745,-0.088225,-6.9e-05,-0.00136,-0.002341,-0.000282,-0.001628,0.003949,0.010446,0.015297,0.018907,0.021174,0.000865,0.002487,0.003744,0.001838,0.001727,0.427451,-0.519626,-0.127727,-0.913251,1,0,0,0,0,0,0,0,0,0,0
1855,0.003579,0.01215,0.020815,0.031803,0.044393,-0.001695,-0.006091,-0.008163,-0.009481,-0.009199,-0.006122,-0.015101,-0.019748,-0.025336,-0.022824,-0.008791,-0.027157,-0.038616,-0.051457,-0.070576,0.002574,0.009167,0.018335,0.029543,0.045021,-0.002323,-0.008257,-0.008916,-0.009858,-0.011553,-0.013814,-0.020501,-0.027439,-0.034378,-0.032494,-0.025242,-0.084987,-0.138955,-0.183442,-0.222247,-0.006182,-0.035044,-0.05749,-0.071418,-0.078751,-0.000764,-0.002562,-0.001094,-0.00069,-0.00224,0.004004,0.009269,0.013543,0.016051,0.017399,0.000855,0.002484,0.002197,0.002044,-0.000881,0.432393,-0.505885,-0.130475,-0.911942,1,0,0,0,0,0,0,0,0,0,0
1856,0.00368,0.013472,0.020925,0.034084,0.04765,-0.003461,-0.005114,-0.007734,-0.007671,-0.007391,-0.004709,-0.012287,-0.016746,-0.017713,-0.017463,-0.009324,-0.022733,-0.03555,-0.051548,-0.069884,0.002807,0.011133,0.020862,0.03396,0.052733,-0.003867,-0.006299,-0.007172,-0.008451,-0.011413,-0.002214,-0.010166,-0.01818,-0.021236,-0.018866,-0.028222,-0.083168,-0.135028,-0.18196,-0.213893,-0.014602,-0.040136,-0.057773,-0.069172,-0.076048,-0.000524,-0.001497,0.000547,-0.000789,-0.003232,0.002365,0.006982,0.010418,0.012576,0.013332,0.000728,0.001924,0.00011,5e-06,-0.004971,0.438296,-0.487828,-0.136143,-0.910342,1,0,0,0,0,0,0,0,0,0,0
1857,0.004815,0.013389,0.024261,0.036718,0.050417,-0.000901,-0.002951,-0.004256,-0.003976,-0.003883,-0.004194,-0.008791,-0.014321,-0.011836,-0.01314,-0.008884,-0.020223,-0.032928,-0.051846,-0.071417,0.003728,0.012799,0.023888,0.039203,0.057065,-0.002019,-0.002672,-0.003603,-0.005281,-0.008667,-0.004411,-0.011276,-0.018142,-0.016278,-0.016091,-0.031002,-0.084402,-0.12842,-0.166816,-0.196544,-0.014012,-0.03622,-0.050002,-0.057258,-0.062254,-0.001258,0.000195,0.000594,-0.000939,-0.003754,0.002587,0.006555,0.008884,0.010136,0.010684,0.000804,0.000538,0.000396,-0.002321,-0.006299,0.44216,-0.476189,-0.137842,-0.90904,1,0,0,0,0,0,0,0,0,0,0
1858,0.004922,0.01232,0.025382,0.038847,0.050454,-0.000743,-0.003343,-0.003281,-0.003003,-0.003745,-0.003343,-0.007769,-0.008729,-0.008481,-0.008481,-0.004457,-0.017179,-0.033059,-0.051259,-0.080541,0.00455,0.014208,0.027208,0.045842,0.058379,-0.000402,-0.001269,-0.002538,-0.005479,-0.010927,-0.003498,-0.011453,-0.014486,-0.012134,-0.010029,-0.023649,-0.075125,-0.12171,-0.153406,-0.183555,-0.011383,-0.02889,-0.040204,-0.047029,-0.049303,0.000287,0.002316,0.000989,-0.001435,-0.005939,0.00186,0.005122,0.007171,0.007889,0.007895,0.000352,-0.001371,-0.00147,-0.006195,-0.007545,0.446355,-0.457859,-0.137096,-0.904893,1,0,0,0,0,0,0,0,0,0,0
1859,0.003619,0.014446,0.026851,0.040492,0.052526,-0.001299,-0.002598,-0.00232,-0.002227,-0.003743,-0.001237,-0.006744,-0.004269,-0.005568,-0.004795,-0.006836,-0.019488,-0.038327,-0.057815,-0.094348,0.004485,0.015529,0.030779,0.048566,0.062084,-0.000247,-0.001175,-0.002846,-0.006218,-0.012312,-0.003341,-0.010177,-0.008321,-0.008136,-0.005413,-0.029542,-0.073375,-0.111609,-0.141213,-0.178859,-0.010739,-0.024463,-0.031689,-0.036664,-0.038875,0.00116,0.001558,3.1e-05,-0.002772,-0.007059,0.002001,0.004263,0.005478,0.00601,0.006031,-0.000608,-0.000747,-0.003384,-0.007247,-0.008976,0.451229,-0.439133,-0.139136,-0.902829,1,0,0,0,0,0,0,0,0,0,0
1860,0.003764,0.016782,0.030202,0.04177,0.054665,-0.001296,-0.001234,-0.000956,-0.001697,-0.002437,-0.003177,-0.004134,-0.003887,-0.003887,-0.00327,-0.005861,-0.021687,-0.039827,-0.06901,-0.098379,0.005152,0.018109,0.03668,0.049174,0.064753,-0.000617,-0.001882,-0.004813,-0.010242,-0.012062,-0.004597,-0.00762,-0.005275,-0.003177,-0.001913,-0.021841,-0.06827,-0.099859,-0.129907,-0.160602,-0.006738,-0.018014,-0.024816,-0.027082,-0.028139,0.000865,-0.000457,-0.002873,-0.007362,-0.007998,0.001222,0.003224,0.003925,0.003931,0.003985,-0.001085,-0.001183,-0.005797,-0.007116,-0.00929,0.456726,-0.428788,-0.141509,-0.902153,1,0,0,0,0,0,0,0,0,0,0
1861,0.007026,0.019383,0.032972,0.044959,0.056761,0.0,0.000277,0.00037,-0.00114,-0.000894,-0.002311,0.000154,-0.00114,-0.00037,0.000247,-0.006748,-0.025515,-0.044928,-0.08132,-0.098885,0.005855,0.021047,0.038765,0.052231,0.067053,-0.000308,-0.001972,-0.005331,-0.011402,-0.011278,-0.002219,-0.00037,-0.000185,0.002527,0.003236,-0.021848,-0.059935,-0.089425,-0.126927,-0.140331,-0.006941,-0.014139,-0.019095,-0.021297,-0.019951,-0.000468,-0.001989,-0.004782,-0.009052,-0.00868,0.000989,0.002171,0.00269,0.00271,0.0025,0.000942,-0.001625,-0.005385,-0.007068,-0.009364,0.459609,-0.428996,-0.14445,-0.902012,1,0,0,0,0,0,0,0,0,0,0
1862,0.005977,0.019381,0.030935,0.043814,0.054876,6.2e-05,0.000339,-0.000401,-0.00114,0.000555,0.001356,0.001602,0.001602,0.002218,0.002927,-0.009059,-0.027176,-0.056324,-0.085656,-0.095239,0.007087,0.025635,0.038114,0.053674,0.068371,-0.000955,-0.003882,-0.009305,-0.011123,-0.010815,-0.000801,0.001541,0.003636,0.004899,0.005823,-0.024526,-0.056077,-0.086088,-0.116745,-0.124356,-0.004322,-0.011116,-0.013379,-0.014435,-0.01397,-0.000852,-0.003265,-0.007749,-0.008384,-0.009142,0.000996,0.001691,0.001697,0.001751,0.001649,-0.001038,-0.005613,-0.006921,-0.009077,-0.011993,0.463096,-0.42368,-0.147523,-0.901181,1,0,0,0,0,0,0,0,0,0,0
1863,0.006377,0.019963,0.031947,0.043746,0.054221,0.000216,0.000308,-0.001201,-0.000955,0.003728,0.001109,-0.000185,0.000585,0.001201,0.003851,-0.009704,-0.029113,-0.065496,-0.083056,-0.088417,0.008102,0.025816,0.039279,0.054098,0.066174,-0.000709,-0.004067,-0.010136,-0.010012,-0.008996,0.002649,0.002834,0.005545,0.006254,0.008072,-0.013555,-0.043038,-0.08053,-0.093931,-0.109859,-0.002874,-0.007829,-0.010031,-0.008686,-0.011417,-0.000668,-0.00346,-0.00773,-0.007358,-0.0107,0.000185,0.000703,0.000723,0.000513,0.00105,-0.001526,-0.005279,-0.006959,-0.009251,-0.010931,0.466997,-0.41462,-0.149086,-0.900705,1,0,0,0,0,0,0,0,0,0,0
1864,0.007023,0.018573,0.031448,0.042506,0.052332,6.2e-05,-0.000678,-0.001417,0.000277,0.008932,-0.000862,-0.000862,-0.000246,0.000462,0.004743,-0.008409,-0.037547,-0.06687,-0.07645,-0.079376,0.010442,0.022916,0.038471,0.053164,0.062435,-0.002218,-0.007639,-0.009456,-0.009148,-0.006592,-0.000308,0.001786,0.003049,0.003973,0.005637,-0.017988,-0.047989,-0.078636,-0.086244,-0.101491,-0.003918,-0.006181,-0.007236,-0.006771,-0.008219,-0.001744,-0.006226,-0.006861,-0.007619,-0.013722,0.000508,0.000514,0.000568,0.000466,0.001112,-0.00304,-0.004345,-0.006497,-0.009406,-0.009769,0.472326,-0.410559,-0.149615,-0.900449,1,0,0,0,0,0,0,0,0,0,0
1865,0.006565,0.018555,0.03036,0.04084,0.047929,3.1e-05,-0.001479,-0.001233,0.003452,0.013839,-0.000432,0.000339,0.000955,0.003606,0.007675,-0.011004,-0.047405,-0.064974,-0.070337,-0.069566,0.007274,0.020744,0.035569,0.047652,0.054371,-0.00114,-0.007212,-0.007089,-0.006072,-0.001664,0.000493,0.003206,0.003914,0.005733,0.005425,-0.011497,-0.049008,-0.062416,-0.078351,-0.082728,-0.001037,-0.00324,-0.001894,-0.004627,-0.002009,-0.001048,-0.005319,-0.004947,-0.008291,-0.014244,8e-06,2.9e-05,-0.000182,0.000356,0.000678,-0.000712,-0.002398,-0.004697,-0.006383,-0.006863,0.477295,-0.411946,-0.148005,-0.901958,1,0,0,0,0,0,0,0,0,0,0
1866,0.004993,0.017877,0.028943,0.038776,0.044694,-0.000771,-0.00151,0.000185,0.008846,0.018679,0.000432,0.001048,0.001757,0.006041,0.010788,-0.018155,-0.047499,-0.057085,-0.060013,-0.057208,0.005209,0.020775,0.035478,0.044755,0.050828,-0.004284,-0.006103,-0.005795,-0.003236,0.003144,0.001603,0.002867,0.003791,0.005456,0.002065,-0.018525,-0.049194,-0.056807,-0.072065,-0.066023,-0.001227,-0.002283,-0.001819,-0.003267,0.005464,-0.003437,-0.004073,-0.004831,-0.010938,-0.014311,-3e-06,5.2e-05,-5.1e-05,0.000598,0.000552,-0.0006,-0.002761,-0.005686,-0.00605,-0.006567,0.485294,-0.417799,-0.147383,-0.903744,1,0,0,0,0,0,0,0,0,0,0
1867,0.007001,0.018814,0.029301,0.036394,0.041823,-0.00074,-0.000493,0.004195,0.014589,0.025013,0.000339,0.000956,0.003609,0.00768,0.014342,-0.018259,-0.035839,-0.041206,-0.040435,-0.037844,0.008266,0.023101,0.035191,0.041915,0.0483,-0.001789,-0.001666,-0.000648,0.003763,0.012615,0.00111,0.00182,0.003639,0.003331,-0.000216,-0.018999,-0.032416,-0.048361,-0.052741,-0.044413,-0.000976,0.000371,-0.002364,0.000255,0.011702,-0.000835,-0.000463,-0.003808,-0.009766,-0.011147,2.3e-05,-0.000188,0.000352,0.000675,0.000531,-0.001091,-0.003402,-0.005096,-0.005578,-0.006411,0.489989,-0.421373,-0.146191,-0.907537,1,0,0,0,0,0,0,0,0,0,0
1868,0.005894,0.016972,0.026815,0.03274,0.036813,0.0,0.001697,0.010368,0.020212,0.027988,0.000278,0.000987,0.005277,0.010029,0.02086,-0.011109,-0.020705,-0.023637,-0.020829,-0.019317,0.007313,0.022032,0.03132,0.037399,0.042306,-3.1e-05,0.000278,0.002839,0.009226,0.020181,0.000154,0.00108,0.002746,-0.000648,-0.00108,-0.011695,-0.019317,-0.034591,-0.028543,-0.024038,-8.1e-05,0.000384,-0.001066,0.007675,0.019319,0.000199,-0.00056,-0.006674,-0.01005,-0.006775,3.1e-05,-7.2e-05,0.000582,0.000535,0.000574,-0.001084,-0.004031,-0.004398,-0.004919,-0.005093,0.495995,-0.422873,-0.145558,-0.912981,1,0,0,0,0,0,0,0,0,0,0
1869,0.005927,0.016423,0.023523,0.028956,0.032198,0.000247,0.004939,0.015343,0.025777,0.030345,0.00034,0.002994,0.007069,0.013737,0.027351,-0.006483,-0.011854,-0.011082,-0.008489,-0.008891,0.007532,0.019633,0.026363,0.032753,0.036273,0.000154,0.001173,0.005588,0.014447,0.0259,0.000556,0.002377,0.002068,-0.001482,0.0,-0.001729,-0.017689,-0.022072,-0.013737,-0.013212,0.001429,-0.001308,0.001313,0.01277,0.024636,0.000174,-0.003175,-0.009138,-0.010521,-0.003694,-0.000244,0.0003,0.000624,0.000479,0.000689,-0.001238,-0.002943,-0.003428,-0.004266,-0.003597,0.502491,-0.422246,-0.143872,-0.91974,1,0,0,0,0,0,0,0,0,0,0
1870,0.005159,0.015013,0.020945,0.025022,0.026721,0.001452,0.010133,0.019987,0.027772,0.029903,0.000371,0.004665,0.009422,0.020265,0.039109,-0.00312,-0.006055,-0.003244,-0.00173,-0.004387,0.007198,0.016496,0.022582,0.027494,0.030212,0.000154,0.002718,0.009113,0.02008,0.026721,0.000371,0.002039,-0.001359,-0.001792,0.010967,-0.0059,-0.021192,-0.015137,-0.010627,-0.014705,-0.000964,-0.002416,0.006335,0.017991,0.023401,-0.000933,-0.007054,-0.010435,-0.007156,-0.002537,0.000142,0.000801,0.000753,0.000793,0.001051,-0.001726,-0.002096,-0.002621,-0.002797,-0.00297,0.499102,-0.420367,-0.142524,-0.922947,1,0,0,0,0,0,0,0,0,0,0
1871,0.005348,0.012458,0.017899,0.021145,0.021887,0.003246,0.013664,0.024113,0.028688,0.027576,0.002288,0.006368,0.013046,0.026679,0.04835,-0.002257,-0.001484,0.001113,0.000711,-0.003648,0.004915,0.011655,0.018054,0.021578,0.024979,0.000866,0.005286,0.014159,0.025628,0.026494,0.001453,0.001144,-0.002411,-0.000927,0.029925,-0.010078,-0.014468,-0.006121,-0.005595,-0.021609,-0.001776,0.000849,0.012322,0.024205,0.012172,-0.002419,-0.008391,-0.009776,-0.00294,-0.000523,0.000407,0.000735,0.000588,0.0008,0.001476,1.3e-05,-0.000477,-0.001324,-0.000648,-0.002373,0.484264,-0.407897,-0.142416,-0.923773,1,0,0,0,0,0,0,0,0,0,0
1872,0.004517,0.010457,0.01454,0.016242,0.017541,0.005445,0.015314,0.02311,0.025245,0.024131,0.002011,0.006775,0.017634,0.036506,0.057358,-0.000681,0.002135,0.003651,0.00099,-0.009312,0.004393,0.010488,0.015407,0.018129,0.021594,0.001702,0.008106,0.019088,0.02574,0.025585,0.000217,-0.003187,-0.00362,0.009157,0.05216,-0.005228,0.000835,0.005352,0.001268,-0.037403,0.000324,0.009087,0.020761,0.026178,-0.00229,-0.003709,-0.007094,-0.00381,0.000816,0.002145,0.000257,0.000209,0.000249,0.00051,0.001929,-0.000387,-0.000917,-0.001095,-0.00127,-0.002778,0.465434,-0.38238,-0.140963,-0.923218,1,0,0,0,0,0,0,0,0,0,0
1873,0.002602,0.008054,0.011306,0.01205,0.014745,0.004987,0.015457,0.020042,0.018926,0.018555,0.002075,0.008766,0.022427,0.044141,0.069511,0.001456,0.004058,0.003655,-0.000712,-0.025555,0.002354,0.008766,0.012298,0.015705,0.018431,0.002726,0.011616,0.023108,0.023976,0.022458,-0.000527,-0.004089,-0.002602,0.028312,0.077007,0.000836,0.0092,0.009727,-0.006319,-0.066816,0.002306,0.013803,0.02571,0.013652,-0.016448,-0.00227,-0.003658,0.003192,0.005614,0.004492,7.4e-05,-7.5e-05,0.00014,0.000825,0.00237,-0.000106,-0.000965,-0.00028,-0.002029,-0.002215,0.445515,-0.350964,-0.139425,-0.920277,1,0,0,0,0,0,0,0,0,0,0
1874,0.00335,0.007444,0.00915,0.010452,0.013771,0.0049,0.012716,0.014856,0.01374,0.014422,0.002698,0.013585,0.032504,0.053408,0.086037,0.001365,0.002884,0.000217,-0.010111,-0.046337,0.003753,0.008684,0.011414,0.014887,0.018113,0.003691,0.014701,0.02137,0.021215,0.019323,-0.002884,-0.003319,0.009491,0.052602,0.110042,0.005242,0.00977,0.005676,-0.033093,-0.106755,0.006476,0.01818,0.02361,-0.004929,-0.034674,-0.001121,0.002171,0.006809,0.008141,0.005592,-0.000123,-8.3e-05,0.000183,0.001628,0.002907,-0.000432,-0.000613,-0.000791,-0.002326,-0.002609,0.419387,-0.315892,-0.139398,-0.917842,0,0,1,0,0,0,0,0,0,0,0
1875,0.002112,0.005374,0.006119,0.008821,0.010499,0.005591,0.010188,0.00907,0.008697,0.009194,0.004007,0.017705,0.039478,0.064917,0.116229,0.001242,0.000839,-0.003541,-0.028452,-0.070228,0.002671,0.006212,0.009629,0.012362,0.015748,0.005218,0.016742,0.017611,0.016089,0.010654,-0.000683,0.000808,0.031806,0.080634,0.16456,0.003137,0.003665,-0.012424,-0.073086,-0.168753,0.005042,0.016981,0.00489,-0.025292,-0.059476,-0.000269,0.0066,0.009028,0.007903,0.002383,-2.7e-05,0.000191,0.00089,0.002465,0.003831,-0.000438,0.00026,-0.001523,-0.001713,-0.003806,0.375431,-0.262452,-0.140342,-0.912741,0,0,1,0,0,0,0,0,0,0,0
1876,0.001991,0.003701,0.005008,0.008336,0.008025,0.00224,0.004386,0.003266,0.00395,0.003484,0.006905,0.025879,0.046843,0.079565,0.140779,0.00028,-0.002395,-0.012753,-0.049083,-0.091852,0.002271,0.005008,0.008492,0.011726,0.014899,0.005817,0.012504,0.012348,0.010451,0.002519,0.000249,0.013095,0.05633,0.113936,0.22445,0.0014,-0.002706,-0.041587,-0.11546,-0.227778,0.006688,0.012134,-0.016487,-0.046318,-0.087711,0.003571,0.008221,0.009558,0.007002,0.000318,6.9e-05,0.00034,0.001814,0.003119,0.004451,0.000258,7.7e-05,-0.001489,-0.001778,-0.005346,0.321416,-0.213544,-0.142436,-0.907311,0,0,1,0,0,0,0,0,0,0,0
1877,0.001277,0.002025,0.004736,0.006418,0.005951,0.002368,0.001246,0.000872,0.001371,-0.000748,0.006823,0.028663,0.054179,0.105648,0.156774,-0.000685,-0.005078,-0.030065,-0.071969,-0.106926,0.001277,0.004704,0.007446,0.010842,0.014425,0.005733,0.006605,0.005078,-0.000374,-0.00997,0.001246,0.032339,0.081316,0.165498,0.294014,-0.000872,-0.017011,-0.077858,-0.173816,-0.268249,0.005277,-0.006851,-0.037125,-0.071414,-0.127379,0.003313,0.005749,0.00462,-0.000917,-0.007477,0.000154,0.000867,0.002476,0.003871,0.004695,0.000452,-0.00137,-0.001563,-0.003701,-0.007615,0.253352,-0.181113,-0.144164,-0.897701,0,0,1,0,0,0,0,0,0,0,0
1878,0.000437,0.001749,0.005091,0.004779,0.002749,-0.000219,-0.001343,-0.000656,-0.001124,-0.005591,0.012213,0.033266,0.066126,0.127599,0.172609,-0.001999,-0.012401,-0.048884,-0.091833,-0.126661,0.001468,0.004967,0.008215,0.011401,0.013713,0.000968,0.000812,-0.001093,-0.009058,-0.019585,0.011651,0.055069,0.112918,0.223899,0.361274,-0.003249,-0.042293,-0.116479,-0.229271,-0.293086,0.000179,-0.028564,-0.05852,-0.100088,-0.165818,0.001349,0.002691,0.000124,-0.006588,-0.011667,0.000123,0.001641,0.002985,0.004357,0.004693,-0.000647,-0.00226,-0.002558,-0.006232,-0.010097,0.184755,-0.166104,-0.144856,-0.890699,0,0,1,0,0,0,0,0,0,0,0
1879,0.000313,0.003039,0.004731,0.004261,-0.003384,-0.000909,-0.001285,-0.000783,-0.002914,-0.013378,0.009713,0.035373,0.087131,0.138545,0.192184,-0.002412,-0.02754,-0.06968,-0.104833,-0.175265,0.001974,0.004731,0.008146,0.011749,0.011874,-9.4e-05,-0.001629,-0.007112,-0.016762,-0.024563,0.019582,0.068834,0.15349,0.28273,0.414446,-0.012971,-0.07416,-0.17066,-0.265624,-0.334082,-0.012375,-0.04282,-0.077302,-0.133583,-0.192397,0.001096,-3.8e-05,-0.005607,-0.012204,-0.007995,0.000617,0.00229,0.003741,0.004598,0.004682,-0.001234,-0.001435,-0.003658,-0.007729,-0.012812,0.127138,-0.130114,-0.14744,-0.887803,0,0,1,0,0,0,0,0,0,0,0
1880,0.001004,0.004359,0.004046,0.002007,-0.005645,-0.00022,0.00047,0.0,-0.004485,-0.012576,0.011416,0.044409,0.10613,0.151323,0.214392,-0.008029,-0.04466,-0.087783,-0.122752,-0.195449,0.001537,0.004798,0.007997,0.010318,0.009597,-6.3e-05,-0.001976,-0.009973,-0.020542,-0.027285,0.023992,0.082075,0.193505,0.331436,0.44895,-0.026219,-0.100704,-0.213953,-0.278026,-0.411817,-0.016471,-0.046549,-0.088285,-0.15428,-0.124642,0.00025,-0.002327,-0.009067,-0.014166,-0.01138,0.000941,0.002323,0.003734,0.00408,0.004152,-0.000417,-0.000723,-0.004502,-0.008478,-0.013283,0.075886,-0.041599,-0.150764,-0.888483,0,0,1,0,0,0,0,0,0,0,0
1881,0.001724,0.003417,0.002947,-0.004703,-0.010974,-0.000157,0.000345,-0.001787,-0.012259,-0.014767,0.014266,0.066061,0.117511,0.171187,0.236526,-0.017119,-0.059288,-0.094466,-0.164948,-0.231259,0.001223,0.00464,0.008246,0.008371,0.007964,-0.001474,-0.00696,-0.016617,-0.024424,-0.027873,0.025302,0.110017,0.239348,0.371156,0.497884,-0.035021,-0.131588,-0.226619,-0.295125,-0.425772,-0.014,-0.048506,-0.104826,-0.163682,-0.114233,-0.001386,-0.006958,-0.01356,-0.009348,-0.00897,0.000743,0.002201,0.003062,0.003147,0.003329,0.000214,-0.002021,-0.006112,-0.01122,-0.015625,0.002825,-0.013811,-0.155247,-0.882077,0,0,1,0,0,0,0,0,0,0,0
1882,0.001632,0.001318,-0.000722,-0.008379,-0.014624,0.000847,0.000377,-0.004111,-0.012207,-0.012364,0.018734,0.080492,0.125712,0.188819,0.238024,-0.019519,-0.062668,-0.097657,-0.170398,-0.20021,0.00204,0.005241,0.007563,0.006841,0.005994,-0.000439,-0.008441,-0.019017,-0.025764,-0.031004,0.032793,0.14429,0.282303,0.399887,0.569219,-0.039477,-0.152794,-0.216905,-0.350776,-0.442377,-0.016083,-0.057845,-0.123879,-0.094223,-0.016188,-0.001192,-0.007936,-0.013038,-0.01025,-0.01398,0.00064,0.002058,0.002405,0.002477,0.003258,-0.000522,-0.004318,-0.00831,-0.013135,-0.017926,-0.094025,0.03956,-0.158176,-0.878393,0,0,1,0,0,0,0,0,0,0,0
1883,6.3e-05,-0.000409,-0.00808,-0.014367,-0.016945,-0.000346,-0.002484,-0.012984,-0.015499,-0.01245,0.033167,0.084758,0.13858,0.204098,0.230537,-0.02273,-0.058004,-0.128677,-0.195169,-0.195012,0.001383,0.004999,0.005124,0.004716,0.001132,-0.005062,-0.014745,-0.022573,-0.026031,-0.036437,0.052093,0.181776,0.313943,0.441017,0.584187,-0.057281,-0.15257,-0.221263,-0.352267,-0.401656,-0.018488,-0.074961,-0.133977,-0.084393,0.003109,-0.004393,-0.011013,-0.00679,-0.006411,-0.019737,0.000838,0.001715,0.001801,0.001987,0.003852,-0.001748,-0.005918,-0.011124,-0.015614,-0.017235,-0.142523,0.036389,-0.158633,-0.876526,0,0,1,0,0,0,0,0,0,0,0
1884,-0.000378,-0.002425,-0.010108,-0.016374,-0.027332,-0.000126,-0.004629,-0.012753,-0.01291,-0.013445,0.028748,0.074123,0.137445,0.186818,0.212323,-0.02053,-0.055639,-0.128628,-0.158542,-0.18918,0.001826,0.004156,0.003432,0.002582,-0.005951,-0.00296,-0.013571,-0.020341,-0.0256,-0.034763,0.059701,0.198185,0.31617,0.486079,0.593705,-0.056332,-0.120662,-0.254989,-0.346903,-0.360065,-0.023387,-0.089647,-0.059889,0.018412,0.048902,-0.002366,-0.007486,-0.004689,-0.008431,-0.016231,0.000605,0.00096,0.001034,0.001834,0.004638,-0.002119,-0.006208,-0.011149,-0.016056,-0.018933,-0.204451,0.04531,-0.158444,-0.875653,0,0,1,0,0,0,0,0,0,0,0
1885,-9.4e-05,-0.007761,-0.014046,-0.016622,-0.03447,-0.002011,-0.012506,-0.01502,-0.011972,-0.036261,0.022875,0.07667,0.142153,0.168579,0.211062,-0.014768,-0.085405,-0.151863,-0.151706,-0.175052,0.001791,0.001917,0.001508,-0.002074,-0.012883,-0.006724,-0.014548,-0.018005,-0.028406,-0.038806,0.07004,0.202138,0.329146,0.472242,0.582533,-0.039026,-0.107683,-0.238619,-0.287983,-0.300897,-0.033106,-0.092091,-0.042533,0.044923,0.081097,-0.004255,-3.4e-05,0.000345,-0.012974,0.002185,0.000278,0.000364,0.000549,0.002407,0.005287,-0.002066,-0.007254,-0.011728,-0.013343,-0.015518,-0.254774,0.028825,-0.162382,-0.868578,0,0,1,0,0,0,0,0,0,0,0
1886,-0.001943,-0.00959,-0.015827,-0.026733,-0.037702,-0.002476,-0.010562,-0.010718,-0.011251,-0.032844,0.022345,0.08537,0.134511,0.159896,0.205809,-0.020214,-0.09286,-0.122633,-0.153127,-0.182336,0.000533,-0.000188,-0.001034,-0.009527,-0.016924,-0.003855,-0.010593,-0.015827,-0.024947,-0.033596,0.067976,0.185407,0.354517,0.461637,0.557412,-0.025103,-0.158799,-0.250281,-0.263381,-0.278925,-0.032929,-0.003311,0.074622,0.104969,0.132198,-0.000852,0.001932,-0.001793,-0.009556,0.003868,7.1e-05,0.000142,0.000916,0.00363,0.006593,-0.001927,-0.006709,-0.011456,-0.01424,-0.014578,-0.301111,0.041618,-0.161784,-0.860132,0,0,1,0,0,0,0,0,0,0,0
1887,-0.005695,-0.011954,-0.01452,-0.032295,-0.042308,-0.00798,-0.010483,-0.007448,-0.031637,-0.029384,0.031262,0.096477,0.122795,0.165103,0.20738,-0.050163,-0.116348,-0.116192,-0.139443,-0.170548,-0.000407,-0.000814,-0.004381,-0.015146,-0.021092,-0.003943,-0.007385,-0.017743,-0.028101,-0.029259,0.063682,0.190169,0.332678,0.442518,0.535897,-0.04331,-0.173709,-0.22287,-0.235732,-0.256135,-0.025864,0.023491,0.110589,0.146615,0.179816,0.005055,0.005432,-0.007833,0.007264,0.004957,1.3e-05,0.000193,0.001998,0.004796,0.008334,-0.003133,-0.00748,-0.00905,-0.011163,-0.014731,-0.346153,0.044029,-0.16165,-0.860192,0,0,1,0,0,0,0,0,0,0,0
1888,-0.001942,-0.008177,-0.01908,-0.030046,-0.041638,-9.4e-05,-0.000251,-0.000783,-0.02237,-0.015634,0.031706,0.080832,0.106209,0.152108,0.198445,-0.022401,-0.052165,-0.082649,-0.111849,-0.129362,-0.000313,-0.001159,-0.00965,-0.017044,-0.026975,-0.002788,-0.008021,-0.017138,-0.025785,-0.025033,0.053637,0.222695,0.329781,0.425526,0.522431,-0.090294,-0.181746,-0.194842,-0.210382,-0.219593,0.055503,0.133411,0.163749,0.190969,0.227728,-0.002277,-0.006001,-0.013761,-0.000342,-0.005727,5.7e-05,0.00083,0.003537,0.006495,0.010752,-0.001612,-0.006348,-0.009127,-0.009464,-0.011792,-0.395088,0.049892,-0.156921,-0.859335,0,0,1,0,0,0,0,0,0,0,0
1889,-0.004349,-0.006933,-0.024833,-0.034918,-0.040843,-0.002427,0.00063,-0.02373,-0.021461,-0.007532,0.033783,0.060287,0.102894,0.14547,0.184075,-0.04412,-0.043962,-0.067378,-0.098703,-0.121488,-9.5e-05,-0.003687,-0.014528,-0.020516,-0.030695,-0.000662,-0.011093,-0.021524,-0.02269,-0.022123,0.073428,0.216944,0.32756,0.421598,0.508137,-0.040496,-0.090005,-0.102957,-0.123505,-0.139734,-0.006125,0.081588,0.117868,0.151304,0.188568,0.002671,-0.010688,0.004515,0.002193,-0.011809,0.000129,0.002025,0.004965,0.008681,0.013813,-0.002888,-0.004536,-0.006756,-0.010505,-0.00998,-0.430774,0.055784,-0.152768,-0.858074,0,0,1,0,0,0,0,0,0,0,0
1890,-0.001915,-0.012838,-0.023824,-0.035437,-0.038953,0.00226,0.001726,-0.0199,-0.013152,0.000722,0.015569,0.040993,0.086977,0.133401,0.173609,0.014125,-0.016416,-0.04567,-0.063216,-0.08274,-0.000753,-0.00926,-0.016667,-0.026617,-0.034904,-0.004583,-0.013717,-0.02238,-0.021627,-0.021156,0.096237,0.203522,0.299445,0.39653,0.471611,-0.051289,-0.064409,-0.079978,-0.089206,-0.097618,0.084154,0.114548,0.141819,0.178647,0.203662,-0.00639,-0.014165,-0.000721,-0.006116,-0.020286,0.000657,0.0034,0.006396,0.010709,0.016256,-0.001991,-0.004806,-0.005147,-0.007505,-0.006664,-0.466162,0.044495,-0.148484,-0.855164,0,0,1,0,0,0,0,0,0,0,0
1891,-0.00066,-0.018522,-0.028585,-0.034497,-0.040817,0.000786,-0.023522,-0.021258,-0.007358,0.005157,0.010849,0.053365,0.095849,0.134371,0.176006,-0.013994,-0.037358,-0.068616,-0.091352,-0.10393,-0.00283,-0.013648,-0.019623,-0.02978,-0.038176,-0.005818,-0.016226,-0.01739,-0.016824,-0.016478,0.046792,0.157169,0.251005,0.337357,0.409149,0.001981,-0.010943,-0.031446,-0.047641,-0.046824,0.003215,0.039416,0.07278,0.109964,0.130755,-0.006928,0.008243,0.005925,-0.008046,-0.020348,0.001202,0.004097,0.007758,0.012813,0.019145,0.000393,-0.001794,-0.005486,-0.004969,-0.005552,-0.494789,0.034544,-0.144307,-0.849068,0,0,1,0,0,0,0,0,0,0,0
1892,-0.010329,-0.021385,-0.033072,-0.03661,-0.042801,-0.001327,-0.023091,-0.016299,-0.002337,0.00717,0.014688,0.060964,0.107682,0.148146,0.182671,-0.016678,-0.046118,-0.063775,-0.083423,-0.093152,-0.005717,-0.013172,-0.023185,-0.031524,-0.040306,-0.003348,-0.012066,-0.011308,-0.010835,-0.011498,0.060964,0.157496,0.255197,0.330754,0.395825,-0.015194,-0.030861,-0.040148,-0.048613,-0.045613,0.027358,0.054802,0.091863,0.117037,0.139351,-0.000866,0.012664,0.007235,-0.007025,-0.017521,0.001627,0.004758,0.009267,0.015064,0.022286,-0.003347,-0.003704,-0.006169,-0.005291,-0.005363,-0.523078,0.023223,-0.140113,-0.844053,0,0,1,0,0,0,0,0,0,0,0
1893,-0.007631,-0.017763,-0.023716,-0.03008,-0.034355,-0.023146,-0.020866,-0.006871,0.005731,0.01238,0.028085,0.070863,0.109651,0.151573,0.194319,-0.006808,-0.038281,-0.061174,-0.073839,-0.08622,-0.005161,-0.011177,-0.021404,-0.029859,-0.039294,-0.007124,-0.008296,-0.007726,-0.007378,-0.008612,0.050028,0.144512,0.23146,0.303748,0.359222,0.002216,-0.018428,-0.034735,-0.033912,-0.024697,0.009028,0.042623,0.080063,0.100997,0.104303,0.016143,0.013809,-0.000259,-0.012645,-0.021564,0.001384,0.005225,0.010529,0.017174,0.025432,0.001109,-0.002765,-0.002222,-0.002834,-0.001147,-0.541782,0.00937,-0.138605,-0.839365,0,0,1,0,0,0,0,0,0,0,0
1894,-0.003449,-0.015156,-0.0187,-0.024902,-0.029331,0.001329,0.008132,0.022117,0.031641,0.036039,0.018289,0.065086,0.105618,0.140201,0.182506,-0.022687,-0.040374,-0.060055,-0.0698,-0.086443,-0.00231,-0.01234,-0.020693,-0.029489,-0.036577,-0.001614,-0.000854,-0.00038,-0.001044,-0.004018,0.046702,0.144568,0.220253,0.285434,0.322264,-0.017909,-0.027211,-0.035691,-0.032685,-0.022434,0.018469,0.055592,0.080809,0.103161,0.088309,-0.002579,-0.008018,-0.022302,-0.032815,-0.040616,0.001792,0.006354,0.01222,0.019528,0.026839,-0.001465,-0.003959,-0.00307,-0.003144,-0.002711,-0.551,0.000583,-0.139584,-0.833792,0,0,1,0,0,0,0,0,0,0,0
1895,-0.006683,-0.012637,-0.019004,-0.023279,-0.029329,0.00095,0.014949,0.027555,0.034206,0.035157,0.024483,0.063282,0.105216,0.147974,0.175086,-0.008773,-0.031673,-0.044342,-0.056726,-0.06949,-0.003706,-0.013936,-0.022393,-0.031831,-0.03788,0.000443,0.001014,0.001362,0.000127,-0.008837,0.047762,0.134735,0.207044,0.262534,0.284293,-0.002724,-0.019035,-0.018212,-0.008995,-0.001647,0.015117,0.052568,0.073508,0.076815,0.065022,0.000247,-0.013825,-0.026215,-0.035136,-0.044741,0.002045,0.00736,0.014018,0.022292,0.027256,-0.002407,-0.001863,-0.002477,-0.000786,-0.002007,-0.555712,-0.005388,-0.141392,-0.824416,0,0,1,0,0,0,0,0,0,0,0
1896,-0.005033,-0.008578,-0.014782,-0.019213,-0.028836,0.005856,0.019846,0.029374,0.033773,0.038553,0.022347,0.062894,0.09749,0.13981,0.1607,-0.008926,-0.028614,-0.038363,-0.055012,-0.06435,-0.006331,-0.014687,-0.023486,-0.030576,-0.036211,0.000317,0.000791,0.000127,-0.002849,-0.011363,0.050169,0.125883,0.191087,0.227931,0.241763,-0.006584,-0.015067,-0.01206,-0.001804,0.002216,0.02203,0.047256,0.069616,0.054758,0.043812,-0.005688,-0.019977,-0.030494,-0.038298,-0.050131,0.002538,0.008419,0.015746,0.023076,0.025886,-0.000105,0.000787,0.000713,0.001147,-0.002148,-0.554662,-0.011563,-0.148795,-0.819697,0,0,1,0,0,0,0,0,0,0,0
1897,-0.000917,-0.007277,-0.011548,-0.01759,-0.029486,0.008131,0.020722,0.027366,0.028315,0.034801,0.01642,0.058308,0.101018,0.1281,0.152745,-0.013952,-0.026607,-0.038977,-0.051727,-0.059636,-0.003891,-0.012339,-0.021767,-0.027809,-0.032238,0.000253,0.000601,-0.000633,-0.009586,-0.012592,0.036731,0.108959,0.164388,0.186123,0.182801,-0.009713,-0.00889,0.000316,0.007656,0.011927,0.01539,0.036307,0.03961,0.02783,-0.002532,-0.008371,-0.020748,-0.029659,-0.039253,-0.046452,0.002744,0.009351,0.017561,0.022486,0.023264,0.000644,3.5e-05,0.001713,0.000501,-0.003754,-0.541834,-0.018177,-0.15875,-0.817075,0,0,1,0,0,0,0,0,0,0,0
1898,-0.00262,-0.008808,-0.013228,-0.022825,-0.034033,0.00584,0.015343,0.019731,0.024498,0.028729,0.024056,0.058562,0.100772,0.121608,0.136635,-0.005714,-0.015438,-0.032044,-0.041357,-0.043472,-0.004451,-0.013228,-0.0203,-0.025919,-0.029076,0.000221,-0.000442,-0.00341,-0.011902,-0.013796,0.038863,0.103897,0.140645,0.154441,0.138403,0.001231,0.00423,0.014459,0.018468,0.032738,0.009803,0.032105,0.017286,0.006368,-0.028149,-0.005898,-0.016388,-0.024172,-0.035974,-0.039636,0.003071,0.010265,0.017462,0.020222,0.02118,0.000241,0.000169,0.000595,-0.00264,-0.006565,-0.528463,-0.031748,-0.162024,-0.813707,0,0,1,0,0,0,0,0,0,0,0
1899,-0.003703,-0.007939,-0.013932,-0.025731,-0.035207,0.006684,0.013273,0.014215,0.020647,0.024507,0.017635,0.059996,0.086856,0.1113,0.112116,-0.006872,-0.019141,-0.031787,-0.039631,-0.034893,-0.003954,-0.013305,-0.019298,-0.023691,-0.024538,0.000126,-0.001098,-0.009978,-0.012959,-0.015156,0.03301,0.087986,0.109543,0.106248,0.093069,-0.000408,0.008723,0.016003,0.020239,0.044746,0.011002,0.014278,0.002595,-0.027519,-0.046513,-0.006412,-0.015251,-0.024767,-0.031906,-0.03523,0.003294,0.011046,0.015696,0.01643,0.018462,-0.000806,0.000778,-0.000366,-0.004383,-0.008321,-0.517775,-0.048531,-0.164422,-0.809538,0,0,1,0,0,0,0,0,0,0,0
1900,-0.002427,-0.006784,-0.016245,-0.027293,-0.034108,0.002739,0.007064,0.011764,0.015934,0.019264,0.016525,0.058134,0.078673,0.093487,0.089037,-0.00277,-0.019139,-0.02832,-0.030405,-0.026982,-0.00473,-0.011701,-0.017241,-0.020353,-0.020789,-0.000778,-0.003703,-0.012075,-0.013942,-0.015685,0.03137,0.067594,0.081194,0.065385,0.052034,0.003361,0.013444,0.017397,0.031463,0.055551,0.011072,-0.003536,-0.014298,-0.048323,-0.06224,-0.003981,-0.011654,-0.023288,-0.026898,-0.029841,0.003398,0.009908,0.012404,0.013271,0.01528,0.000695,0.001081,-0.001846,-0.005396,-0.008187,-0.508423,-0.062232,-0.163443,-0.806289,1,0,0,0,0,0,0,0,0,0,0
1901,-0.001765,-0.007679,-0.019322,-0.028673,-0.033348,0.003778,0.004707,0.011054,0.014863,0.01703,0.02536,0.051865,0.075986,0.076791,0.063662,-0.009351,-0.02183,-0.029571,-0.024895,-0.023223,-0.004521,-0.010435,-0.01477,-0.015606,-0.016256,-0.000433,-0.009196,-0.012138,-0.014305,-0.015482,0.023037,0.04431,0.041059,0.028054,0.010776,0.005666,0.01285,0.01703,0.041213,0.063167,-0.007784,-0.019313,-0.049029,-0.067772,-0.076409,-0.004761,-0.014151,-0.021196,-0.024476,-0.026428,0.003783,0.008019,0.008688,0.01054,0.012424,0.000772,-0.00027,-0.003931,-0.007518,-0.009219,-0.497885,-0.074778,-0.163037,-0.803981,1,0,0,0,0,0,0,0,0,0,0
1902,-0.002558,-0.011928,-0.02287,-0.02962,-0.032394,0.000524,0.005178,0.009308,0.012606,0.014332,0.015966,0.036308,0.050979,0.046571,0.032671,-0.006904,-0.015996,-0.018061,-0.014671,-0.017568,-0.002404,-0.00789,-0.010972,-0.011404,-0.011589,-0.002466,-0.010757,-0.012606,-0.014332,-0.015873,0.012945,0.026414,0.010757,-0.002466,-0.016397,0.004346,0.00826,0.022192,0.046047,0.065989,-0.00672,-0.017378,-0.051077,-0.06486,-0.069231,-0.00286,-0.014383,-0.017958,-0.020873,-0.02317,0.002422,0.004755,0.005565,0.007443,0.009503,-0.000387,-0.003123,-0.00644,-0.009049,-0.010218,-0.491976,-0.08365,-0.163082,-0.800391,1,0,0,0,0,0,0,0,0,0,0
1903,-0.003316,-0.014861,-0.024134,-0.02877,-0.030091,0.000399,0.006694,0.01047,0.01262,0.013694,0.010378,0.034297,0.035096,0.022077,0.012128,-0.005496,-0.013172,-0.008536,-0.006878,-0.01308,-0.00347,-0.007768,-0.008597,-0.009242,-0.009089,-0.006233,-0.00915,-0.011299,-0.012466,-0.014769,0.008198,0.004974,-0.007922,-0.025055,-0.036999,0.002794,0.006939,0.03092,0.05269,0.069792,-0.004739,-0.034205,-0.052792,-0.061356,-0.066946,-0.006462,-0.013449,-0.016701,-0.018637,-0.021378,0.001636,0.002267,0.004013,0.005789,0.007764,-0.000605,-0.004057,-0.007439,-0.009043,-0.00984,-0.483527,-0.093528,-0.162651,-0.7984,1,0,0,0,0,0,0,0,0,0,0
1904,-0.006,-0.016867,-0.02357,-0.026325,-0.028346,0.004224,0.008326,0.011602,0.013316,0.013224,0.009857,0.024428,0.02005,0.006245,-0.011479,-0.003551,-0.005602,-0.002235,-0.005112,-0.007224,-0.00199,-0.005051,-0.005479,-0.005663,-0.00551,-0.00202,-0.003857,-0.005571,-0.007102,-0.008357,0.005204,-0.010347,-0.023479,-0.037315,-0.061987,0.001102,0.014938,0.038631,0.058436,0.078946,-0.005862,-0.03933,-0.053019,-0.05736,-0.066822,-0.005001,-0.008552,-0.011447,-0.013729,-0.014137,0.000622,0.001394,0.003184,0.005148,0.006865,-0.002015,-0.005177,-0.007664,-0.008777,-0.009537,-0.465861,-0.107089,-0.162649,-0.798308,1,0,0,0,0,0,0,0,0,0,0
1905,-0.005492,-0.014706,-0.019312,-0.020624,-0.022455,0.002044,0.005797,0.007932,0.009,0.007993,0.013943,0.014736,0.0018,-0.008085,-0.026391,-0.004088,0.000519,0.002166,-0.003997,-0.003509,-0.002288,-0.003112,-0.003753,-0.0036,-0.003936,-0.000885,-0.00302,-0.00418,-0.006468,-0.007261,-0.00839,-0.021204,-0.038228,-0.050097,-0.080148,0.00302,0.026848,0.04848,0.065473,0.083779,-0.023437,-0.041905,-0.050415,-0.055969,-0.069181,-0.001957,-0.005189,-0.007112,-0.009836,-0.009155,-4e-06,0.001665,0.003363,0.005252,0.006464,-0.001332,-0.004567,-0.006101,-0.006862,-0.007275,-0.452266,-0.116046,-0.164502,-0.802313,1,0,0,0,0,0,0,0,0,0,0
1906,-0.005328,-0.011996,-0.014736,-0.016746,-0.017324,0.00204,0.005298,0.007003,0.006911,0.005907,0.000578,-0.003775,-0.017507,-0.035136,-0.043539,0.00204,0.005389,0.002527,0.000426,0.000974,-0.000761,-0.001187,-0.00137,-0.001218,-0.001796,-0.000944,-0.002649,-0.004171,-0.00542,-0.005907,-0.007094,-0.020156,-0.033918,-0.058458,-0.081324,0.010748,0.034314,0.054013,0.074412,0.086256,-0.0099,-0.023515,-0.027834,-0.037245,-0.052299,-0.001579,-0.004458,-0.006727,-0.007133,-0.006643,0.000748,0.002472,0.004363,0.006017,0.006657,-0.001732,-0.004127,-0.0052,-0.005931,-0.005881,-0.44024,-0.125636,-0.166222,-0.805426,1,0,0,0,0,0,0,0,0,0,0
1907,-0.003862,-0.008454,-0.009762,-0.011586,-0.013867,0.001703,0.003832,0.004896,0.003892,0.003832,0.000213,-0.012681,-0.022534,-0.04078,-0.048656,0.002554,0.004197,-0.001946,-0.00146,-0.00073,-6.1e-05,-0.000699,-0.000547,-0.000882,-0.001399,-0.001186,-0.002342,-0.004622,-0.005413,-0.002676,-0.005687,-0.022655,-0.034485,-0.064439,-0.085178,0.013015,0.034576,0.051514,0.06976,0.080769,-0.00852,-0.017002,-0.022538,-0.035707,-0.048916,-0.001644,-0.003562,-0.006276,-0.005597,-0.00238,0.00089,0.00255,0.004396,0.00558,0.006098,-0.001444,-0.002943,-0.003688,-0.004091,-0.004328,-0.427478,-0.134031,-0.168401,-0.807999,1,0,0,0,0,0,0,0,0,0,0
1908,-0.002794,-0.005527,-0.007532,-0.008109,-0.011237,0.001549,0.00325,0.003158,0.002156,0.00164,-0.004555,-0.018252,-0.035836,-0.044218,-0.052084,0.00079,-0.002065,-0.004161,-0.003614,-0.002946,-0.000364,-0.000547,-0.000395,-0.000972,-0.001458,-0.000516,-0.002035,-0.00328,-0.003766,-0.000304,-0.007349,-0.021077,-0.045555,-0.068362,-0.087465,0.010508,0.030157,0.050505,0.062319,0.070094,-0.005072,-0.00938,-0.018767,-0.033783,-0.045164,-0.00123,-0.003494,-0.003898,-0.00341,0.00121,0.000812,0.00267,0.004295,0.004923,0.00525,-0.000922,-0.001976,-0.002694,-0.002645,-0.003022,-0.418772,-0.138462,-0.169553,-0.809688,1,0,0,0,0,0,0,0,0,0,0
1909,-0.001791,-0.003096,-0.004918,-0.007195,-0.008895,0.000577,0.001639,0.000638,0.000577,-0.000455,-0.008318,-0.018154,-0.036368,-0.044231,-0.048663,0.00085,-0.005282,-0.004796,-0.004068,-0.003461,-0.000273,-0.000121,-0.000455,-0.000971,-0.001123,-0.000638,-0.002914,-0.003704,-0.000971,0.001913,-0.009593,-0.021402,-0.051304,-0.072007,-0.080841,0.01102,0.027929,0.046143,0.057132,0.061048,-0.003398,-0.008924,-0.02207,-0.035256,-0.039686,-0.000684,-0.003394,-0.002717,0.000495,0.004702,0.000831,0.002655,0.003824,0.004337,0.004476,-0.000561,-0.001297,-0.001696,-0.001929,-0.001987,-0.418058,-0.141895,-0.169826,-0.813722,1,0,0,0,0,0,0,0,0,0,0
1910,-0.000941,-0.002945,-0.003522,-0.006649,-0.007317,0.001123,0.001032,3e-05,-0.000486,-0.001184,-0.005374,-0.022953,-0.031332,-0.039196,-0.041048,-0.003704,-0.005799,-0.005252,-0.004584,-0.004736,9.1e-05,0.000243,-0.000334,-0.00082,-0.000698,-0.00088,-0.002125,-0.002611,0.00085,0.006315,-0.004129,-0.0286,-0.051401,-0.070497,-0.070437,0.008622,0.028964,0.040774,0.048547,0.050854,-0.000908,-0.010293,-0.025304,-0.036682,-0.034773,-0.001578,-0.001983,-0.001494,0.003124,0.009211,0.001023,0.002644,0.003272,0.003597,0.003701,-0.000489,-0.001207,-0.001157,-0.001534,-0.001114,-0.419493,-0.143367,-0.17007,-0.820223,1,0,0,0,0,0,0,0,0,0,0
1911,-0.000364,-0.002185,-0.00446,-0.006159,-0.006281,-6.1e-05,-0.001062,-0.001123,-0.002154,-0.002336,-0.00446,-0.022665,-0.030523,-0.034953,-0.035559,-0.002427,-0.001942,-0.001214,-0.000607,-0.002124,6.1e-05,-0.000273,-0.000789,-0.000941,-0.000394,-0.001396,-0.002185,0.000546,0.003429,0.011833,-0.007676,-0.037562,-0.058254,-0.067084,-0.064596,0.008283,0.026488,0.037471,0.041385,0.041719,-0.004616,-0.017754,-0.030934,-0.035361,-0.032262,-0.001131,-0.000454,0.002756,0.00696,0.015305,0.000799,0.001964,0.002474,0.002613,0.002692,-0.000246,-0.000643,-0.000876,-0.000933,-0.00019,-0.421342,-0.143117,-0.170387,-0.826121,1,0,0,0,0,0,0,0,0,0,0
1912,-0.001637,-0.002213,-0.005336,-0.006003,-0.005821,-3e-05,-0.001031,-0.001546,-0.002243,-0.002304,-0.013097,-0.021464,-0.029317,-0.031166,-0.030196,0.000333,0.000879,0.001546,0.001395,0.000364,9.1e-05,-0.000485,-0.00097,-0.000849,-0.000152,0.000152,-0.000333,0.003123,0.00858,0.017281,-0.016765,-0.039533,-0.058603,-0.058542,-0.054692,0.012036,0.023829,0.03159,0.033894,0.032864,-0.004759,-0.019749,-0.03111,-0.029204,-0.026324,0.000726,0.001214,0.005826,0.011904,0.020372,0.000811,0.001432,0.001754,0.001857,0.001855,-0.000466,-0.000417,-0.00079,-0.000374,0.000469,-0.423379,-0.142734,-0.170249,-0.830527,1,0,0,0,0,0,0,0,0,0,0
1913,-0.000182,-0.002454,-0.00415,-0.004271,-0.00415,-0.000969,-0.00103,-0.00206,-0.002242,-0.001939,-0.005089,-0.012936,-0.017358,-0.017964,-0.017056,0.000151,0.000879,0.001484,-3e-05,0.000576,-0.000424,-0.000939,-0.001091,-0.000545,-0.000212,-0.000939,0.001787,0.004665,0.013057,0.019782,-0.013087,-0.033748,-0.042563,-0.040079,-0.037595,0.00615,0.017116,0.021024,0.021357,0.020751,-0.008363,-0.021522,-0.025942,-0.022849,-0.021277,-4.9e-05,0.003156,0.007353,0.015685,0.021844,0.000346,0.000851,0.000988,0.001066,0.001012,7.1e-05,-0.00016,-0.000217,0.000519,0.001217,-0.42383,-0.142561,-0.16972,-0.833427,1,0,0,0,0,0,0,0,0,0,0
1914,-0.000394,-0.003517,-0.004185,-0.004003,-0.003912,-3e-05,-0.000546,-0.001243,-0.001304,-0.000455,-0.003275,-0.011128,-0.012978,-0.012008,-0.011007,0.000394,0.001061,0.00091,-0.000121,0.003912,-0.000152,-0.000637,-0.000515,0.000182,0.000243,0.000455,0.003912,0.00937,0.018072,0.021802,-0.009673,-0.028746,-0.028685,-0.024834,-0.020923,0.00564,0.013403,0.015707,0.014676,0.014646,-0.006622,-0.017985,-0.016079,-0.013198,-0.010268,0.000537,0.00515,0.011229,0.019699,0.022423,0.000273,0.000596,0.000699,0.000698,0.000509,-2.2e-05,-0.000395,2e-05,0.000865,0.001234,-0.427471,-0.14245,-0.167577,-0.834518,1,0,0,0,0,0,0,0,0,0,0
1915,-0.001878,-0.003574,-0.003695,-0.003574,-0.003392,-3e-05,-0.00106,-0.001242,-0.000939,-0.000333,-0.004574,-0.008996,-0.009601,-0.008693,-0.003847,0.000333,0.000939,-0.000575,3e-05,0.010904,-0.000363,-0.000515,3e-05,0.000363,0.000969,0.002272,0.005149,0.013539,0.020263,0.022959,-0.010995,-0.019809,-0.017325,-0.014841,-0.005422,0.005331,0.009238,0.009571,0.008965,0.010631,-0.006542,-0.010962,-0.007868,-0.006298,-0.001565,0.002668,0.006865,0.015195,0.021353,0.02347,0.000233,0.00037,0.000448,0.000393,-4.5e-05,-0.000209,-0.000266,0.000469,0.001167,0.001267,-0.433486,-0.14325,-0.166387,-0.836518,1,0,0,0,0,0,0,0,0,0,0
1916,-0.00124,-0.001906,-0.001725,-0.001634,-0.00115,-0.000484,-0.00118,-0.00124,-0.000393,-0.001331,-0.003268,-0.005113,-0.004145,-0.003147,0.010559,0.000333,0.000182,-0.000847,0.003177,0.019091,-0.000121,0.0,0.000696,0.000756,0.002209,0.00118,0.006626,0.015309,0.019031,0.021814,-0.008048,-0.007987,-0.004145,-0.000242,0.01537,0.00242,0.00472,0.003691,0.003661,0.008411,-0.004803,-0.002901,-2.7e-05,0.002897,0.005192,0.001937,0.008003,0.016454,0.019172,0.023009,8.7e-05,0.000188,0.000186,1e-06,-0.000544,-0.000161,0.000249,0.00108,0.001443,0.001544,-0.443639,-0.145428,-0.16573,-0.838468,1,0,0,0,0,0,0,0,0,0,0
1917,-0.000454,-0.000575,-0.000454,-0.000272,0.001422,-0.000544,-0.000726,-0.000423,0.000181,-0.001482,-0.001149,-0.001754,-0.000847,0.003992,0.023107,0.000272,-0.00124,-0.000635,0.010223,0.034026,-3e-05,0.000514,0.000847,0.001452,0.004265,0.001694,0.010072,0.016786,0.019478,0.022472,-0.000756,0.001724,0.004204,0.01361,0.032241,0.001482,0.001815,0.00121,0.002873,0.011886,0.000388,0.003477,0.005046,0.009772,0.010244,0.002254,0.010573,0.016721,0.018836,0.02361,4.9e-05,0.000126,7.2e-05,-0.000362,-0.001095,0.000104,0.000831,0.001522,0.001622,0.001786,-0.452816,-0.150726,-0.165509,-0.840535,1,0,0,0,0,0,0,0,0,0,0
1918,-0.000212,-3e-05,6.1e-05,0.000545,0.001725,-0.000151,-0.000212,0.000635,-0.000303,-0.000847,-0.000696,0.000272,0.001271,0.014979,0.026963,-0.000424,-0.001453,0.002572,0.01849,0.049598,0.000151,0.000847,0.000908,0.00236,0.004237,0.003752,0.012437,0.016159,0.018943,0.024875,0.000817,0.00466,0.008564,0.024179,0.036434,0.000817,-0.000212,-0.000242,0.004509,0.023362,0.001514,0.004389,0.007313,0.009608,0.010869,0.003811,0.012264,0.014983,0.018821,0.025191,5.2e-05,5e-05,-0.000136,-0.000681,-0.00129,0.000306,0.001138,0.001502,0.001603,0.002198,-0.455865,-0.162615,-0.165598,-0.843903,1,0,0,0,0,0,0,0,0,0,0
1919,9.1e-05,0.000212,0.000394,0.002091,0.00197,-3e-05,0.000273,0.000879,-0.000788,-0.000637,9.1e-05,0.001,0.00585,0.025006,0.034675,-0.001091,-0.000485,0.010396,0.03425,0.074199,0.000394,0.000727,0.001334,0.004152,0.004001,0.004637,0.011366,0.014064,0.017065,0.022096,0.001667,0.004152,0.013579,0.03225,0.040888,-0.000485,-0.001091,0.000576,0.009608,0.033462,0.001579,0.003151,0.007887,0.008361,0.009351,0.004519,0.010681,0.0128,0.017584,0.022212,2.6e-05,-2.9e-05,-0.000469,-0.001214,-0.002043,0.00043,0.00113,0.001232,0.001399,0.002092,-0.460036,-0.172476,-0.165785,-0.842153,1,0,0,0,0,0,0,0,0,0,0
1920,9.1e-05,0.000182,0.000667,0.00185,0.004156,-3e-05,0.000819,-0.000121,-0.000667,0.002821,0.00088,0.001881,0.015622,0.027634,0.032882,6.1e-05,0.004095,0.020051,0.051234,0.088909,0.000303,0.000364,0.00182,0.003701,0.004762,0.004065,0.007796,0.010587,0.016532,0.020809,0.002184,0.006097,0.02175,0.034035,0.043681,-0.000546,-0.000576,0.004186,0.023084,0.054844,0.001302,0.004233,0.006534,0.007797,0.012847,0.00395,0.006676,0.010523,0.016909,0.017275,-2.7e-05,-0.000217,-0.000771,-0.00139,-0.00164,0.000415,0.000785,0.000888,0.001493,0.002151,-0.463701,-0.191832,-0.166449,-0.840291,1,0,0,0,0,0,0,0,0,0,0
1921,3e-05,0.000212,0.001911,0.00179,0.011558,0.000334,0.00094,-0.000728,-0.000576,0.003064,3e-05,0.004884,0.024057,0.033734,0.029791,0.000546,0.011437,0.035312,0.075296,0.10454,3e-05,0.000637,0.003458,0.003307,0.010284,0.00267,0.00537,0.008373,0.013409,0.018505,0.000303,0.009738,0.028425,0.037071,0.043412,-6.1e-05,0.001608,0.010648,0.034523,0.076873,0.000272,0.005012,0.005486,0.006478,0.014988,0.002217,0.004337,0.009126,0.013758,0.014292,-2.8e-05,-0.000471,-0.00122,-0.002054,-0.001246,0.00029,0.000392,0.00056,0.001257,0.00269,-0.466675,-0.21223,-0.164388,-0.840982,1,0,0,0,0,0,0,0,0,0,0
1922,6.1e-05,0.000546,0.00173,0.004036,0.019148,0.000516,-0.000425,-0.000971,0.002519,0.004188,0.000971,0.014717,0.026734,0.031984,0.02021,0.00349,0.019451,0.050646,0.088335,0.122807,3e-05,0.001487,0.003368,0.00443,0.017206,0.001062,0.003854,0.009801,0.01408,0.018753,0.003611,0.019269,0.031559,0.041209,0.042483,3e-05,0.004795,0.0237,0.055471,0.11079,0.002661,0.004962,0.006226,0.011277,0.022529,0.000509,0.004358,0.010746,0.011112,0.013268,-0.000162,-0.000718,-0.001338,-0.001589,-0.000193,8e-05,0.000184,0.00079,0.00145,0.00291,-0.466702,-0.244392,-0.16382,-0.843312,1,0,0,0,0,0,0,0,0,0,0
1923,0.000121,0.001821,0.001699,0.011471,0.027434,9.1e-05,-0.001578,-0.001426,0.002215,0.006221,0.003884,0.023064,0.032745,0.028799,0.005129,0.007405,0.031288,0.071286,0.10054,0.138596,0.000577,0.003399,0.003247,0.010227,0.02185,0.001639,0.004643,0.009681,0.014779,0.022912,0.005827,0.024521,0.033169,0.039512,0.035628,0.001639,0.010682,0.034565,0.07693,0.143057,0.002081,0.002555,0.003547,0.01206,0.030481,0.001612,0.006402,0.011036,0.011571,0.014233,-0.000282,-0.001033,-0.001869,-0.001059,0.000998,2.2e-05,0.00019,0.000889,0.002326,0.004884,-0.465484,-0.271703,-0.15831,-0.84936,1,0,0,0,0,0,0,0,0,0,0
1924,0.000364,0.001548,0.003856,0.018977,0.035494,-0.001032,-0.001579,0.001913,0.003583,0.006133,0.009868,0.021891,0.027144,0.015363,-0.000789,0.008562,0.039775,0.077485,0.111977,0.17756,0.000881,0.002763,0.003826,0.016608,0.02511,0.001154,0.007105,0.011386,0.016062,0.02593,0.009837,0.022134,0.03179,0.033065,0.019462,0.003127,0.022043,0.053833,0.109184,0.17337,0.00022,0.001485,0.006539,0.017798,0.02041,0.002238,0.008629,0.008996,0.011153,0.015858,-0.000275,-0.000898,-0.001149,0.000252,0.000119,8.2e-05,0.000691,0.001353,0.002819,0.007584,-0.459753,-0.29218,-0.161172,-0.86132,1,0,0,0,0,0,0,0,0,0,0
1925,0.001337,0.001216,0.011002,0.026989,0.04644,-0.000638,-0.000486,0.003161,0.007173,0.005896,0.00933,0.019026,0.015075,-0.008631,-0.035894,0.015348,0.055406,0.084704,0.122816,0.194816,0.001945,0.001793,0.008783,0.020424,0.026259,0.001854,0.006899,0.012005,0.02015,0.028447,0.008875,0.017536,0.023888,0.019998,-0.020485,0.005927,0.029845,0.072273,0.138499,0.210377,0.000254,0.001247,0.009773,0.028221,0.015,0.002557,0.007198,0.007733,0.010399,0.01594,-0.000482,-0.001327,-0.000509,0.001571,0.001409,8.8e-05,0.000794,0.002246,0.004831,0.012818,-0.431302,-0.324792,-0.160408,-0.871475,1,0,0,0,0,0,0,0,0,0,0
1926,-0.000152,0.00216,0.017308,0.033856,0.047028,9.1e-05,0.003589,0.005262,0.007818,0.001369,0.002707,0.00797,-0.003833,-0.020016,-0.057918,0.015909,0.053689,0.088245,0.15395,0.211716,-6.1e-05,0.001004,0.01381,0.022327,0.024457,0.004107,0.008396,0.01308,0.022966,0.032579,0.003437,0.013111,0.014388,0.00076,-0.037446,0.013019,0.044868,0.100322,0.164627,0.248066,0.001013,0.006076,0.017356,0.019972,0.019632,0.003844,0.004212,0.006372,0.011086,0.023752,-0.000146,-0.000401,0.001019,0.000884,0.002705,0.000529,0.001199,0.002685,0.007511,0.015293,-0.427744,-0.353665,-0.157137,-0.886177,1,0,0,0,0,0,0,0,0,0,0
1927,3e-05,0.009829,0.025835,0.04531,0.062867,6.1e-05,0.003712,0.007729,0.006451,-0.010772,0.006999,0.003043,-0.020692,-0.047987,-0.078843,0.024191,0.053526,0.091684,0.163772,0.222896,-9.1e-05,0.006908,0.018562,0.024404,0.024252,0.000943,0.006055,0.014211,0.022518,0.032864,0.005234,0.011594,0.007699,-0.032833,-0.055503,0.010924,0.053404,0.11971,0.191676,0.287407,-1.9e-05,0.008518,0.026988,0.013751,0.024476,0.000801,0.001337,0.004006,0.009554,0.032464,-0.000705,0.00012,0.002217,0.002054,0.004817,0.000182,0.001646,0.004254,0.012309,0.027099,-0.417618,-0.393602,-0.147983,-0.894503,1,0,0,0,0,0,0,0,0,0,0
1928,0.002281,0.017427,0.033972,0.047141,0.069465,0.003437,0.005109,0.007664,0.001217,-0.018279,-0.001734,-0.013534,-0.029714,-0.067609,-0.093157,0.013595,0.048145,0.113838,0.171594,0.239598,0.001156,0.01396,0.022476,0.024605,0.023966,0.003345,0.008029,0.017914,0.027524,0.037135,0.00444,0.005718,-0.007908,-0.046107,-0.071046,0.020925,0.076369,0.140663,0.224087,0.364781,0.005081,0.016359,0.018975,0.018634,0.031826,-0.000433,0.001727,0.00644,0.019103,0.042799,0.000448,0.001867,0.001731,0.00355,0.00966,0.000488,0.001972,0.006793,0.014565,0.033627,-0.411577,-0.477548,-0.140916,-0.902616,1,0,0,0,0,0,0,0,0,0,0
1929,0.0075,0.02347,0.042903,0.060422,0.074207,0.000213,0.00422,0.002945,-0.01424,-0.021861,-0.002216,-0.025899,-0.053135,-0.083923,-0.126158,0.015698,0.053773,0.125702,0.184697,0.261728,0.00583,0.017459,0.023288,0.023136,0.022468,0.001761,0.009898,0.018187,0.028511,0.042326,0.001913,-0.001974,-0.042417,-0.065037,-0.107636,0.021497,0.087657,0.159466,0.254987,0.402247,0.003445,0.021875,0.008667,0.019368,0.036698,0.000967,0.003631,0.009166,0.032025,0.05058,0.000369,0.002435,0.002274,0.004995,0.011214,0.000959,0.003527,0.011459,0.026024,0.039864,-0.3835,-0.531603,-0.135185,-0.912284,1,0,0,0,0,0,0,0,0,0,0
1930,0.007634,0.024179,0.037349,0.059673,0.068036,0.00146,0.004015,-0.002433,-0.021929,-0.003254,-0.00958,-0.025761,-0.063657,-0.089205,-0.144954,0.018826,0.084521,0.142277,0.210283,0.298272,0.006965,0.015481,0.01761,0.016971,0.016849,0.00292,0.012804,0.022415,0.032026,0.059612,-0.000639,-0.014264,-0.052464,-0.077404,-0.126949,0.033912,0.098207,0.181633,0.322329,0.444624,0.007827,0.010443,0.010102,0.023294,0.040929,0.001191,0.005904,0.018568,0.042265,0.049657,0.001045,0.00091,0.002728,0.00884,0.012072,0.000513,0.005335,0.013107,0.032172,0.040254,-0.369501,-0.580032,-0.12796,-0.927224,1,0,0,0,0,0,0,0,0,0,0
1931,0.008364,0.027831,0.045381,0.059189,0.059524,0.002555,0.001277,-0.015938,-0.023572,0.012045,-0.014143,-0.041426,-0.072268,-0.114577,-0.152658,0.019314,0.091369,0.150468,0.227633,0.334028,0.004684,0.010524,0.010372,0.009703,0.009338,0.005232,0.013535,0.023877,0.037716,0.055083,-0.003255,-0.043769,-0.066428,-0.109102,-0.138453,0.032363,0.104296,0.199985,0.347502,0.494259,0.010635,-0.002597,0.008124,0.025483,0.050091,0.001476,0.007022,0.029921,0.048508,0.030379,0.001045,0.000883,0.003637,0.009933,0.01453,0.002086,0.010116,0.02486,0.03887,0.037279,-0.358319,-0.651607,-0.122829,-0.92462,1,0,0,0,0,0,0,0,0,0,0
1932,0.008197,0.021392,0.04376,0.05214,0.052232,0.0,-0.00646,-0.025994,-0.007283,0.024105,-0.002042,-0.040012,-0.06561,-0.121468,-0.156299,0.046472,0.104342,0.172481,0.260641,0.336185,0.00384,0.005973,0.005333,0.005211,0.004906,0.004662,0.014292,0.023922,0.051561,0.048087,-0.010392,-0.048666,-0.073655,-0.123296,-0.173913,0.031997,0.115586,0.256557,0.379092,0.517351,-0.008034,-0.008375,0.004843,0.022512,0.038872,0.003243,0.015931,0.039674,0.047081,0.012603,-0.001196,0.000647,0.006843,0.01012,0.02031,0.002774,0.010654,0.029981,0.038174,0.03441,-0.321487,-0.704603,-0.120924,-0.92277,1,0,0,0,0,0,0,0,0,0,0
1933,0.011361,0.029031,0.042934,0.043271,0.047528,-0.001286,-0.018619,-0.026306,0.009555,0.023917,-0.025418,-0.05647,-0.099067,-0.137408,-0.167297,0.025846,0.085348,0.16304,0.270162,0.304123,0.002021,0.001868,0.001194,0.000827,0.004104,0.003675,0.014087,0.028021,0.045507,0.042873,-0.030348,-0.053163,-0.096128,-0.125679,-0.206066,0.04027,0.136612,0.285137,0.432896,0.559708,-0.005249,0.005545,0.023023,0.047799,0.06251,0.002324,0.02538,0.044094,0.025841,0.008912,0.001067,0.003957,0.01056,0.01538,0.034646,0.005551,0.021014,0.035708,0.034038,0.032841,-0.281677,-0.773795,-0.121396,-0.924433,1,0,0,0,0,0,0,0,0,0,0
1934,0.001897,0.024349,0.032761,0.032852,0.042243,-0.0052,-0.024808,-0.006026,0.02548,0.023737,-0.012725,-0.03842,-0.094489,-0.129452,-0.160652,0.032271,0.100668,0.189161,0.264991,0.284078,0.000122,-0.00052,-0.000642,-0.000948,0.005781,0.005995,0.015661,0.043406,0.039918,0.039337,-0.008106,-0.033189,-0.083018,-0.133826,-0.222381,0.043681,0.185185,0.308182,0.446964,0.562712,0.0049,0.018168,0.035904,0.052326,0.078122,0.010415,0.034247,0.041682,0.007074,0.007789,0.000834,0.007195,0.01056,0.021023,0.043934,0.002584,0.022428,0.03084,0.026976,0.028639,-0.234879,-0.818741,-0.120648,-0.929117,1,0,0,0,0,0,0,0,0,0,0
1935,0.015837,0.029798,0.030136,0.03441,0.044097,-0.012177,-0.019896,0.016113,0.030536,0.028076,-0.018389,-0.061163,-0.099663,-0.129676,-0.165163,0.027307,0.105322,0.212888,0.246991,0.259875,-0.000277,-0.000953,-0.001322,0.001968,0.009502,0.004428,0.01842,0.035978,0.033334,0.034994,-0.01476,-0.057904,-0.087578,-0.168299,-0.25637,0.05283,0.201971,0.350344,0.477683,0.583651,0.005913,0.023463,0.048342,0.063114,0.106636,0.012681,0.031473,0.013144,-0.003855,-0.000137,0.002109,0.008907,0.013869,0.033702,0.06114,0.013237,0.028364,0.026645,0.025412,0.027113,-0.194845,-0.88886,-0.121168,-0.94031,1,0,0,0,0,0,0,0,0,0,0
1936,0.00676,0.015249,0.015342,0.024818,0.030683,-0.007563,0.01139,0.043185,0.041425,0.039635,-0.00747,-0.064052,-0.099334,-0.13082,-0.159126,0.041611,0.130913,0.207435,0.226697,0.23747,-0.00037,-0.000494,-0.000803,0.005988,0.010619,0.005309,0.033307,0.029788,0.029201,0.030745,-0.010495,-0.06078,-0.112052,-0.201416,-0.276642,0.089765,0.213887,0.353937,0.470742,0.577856,0.007454,0.025352,0.041924,0.067956,0.128025,0.01132,0.018823,-0.016102,-0.01538,-0.012281,0.004614,0.0082,0.01935,0.043767,0.079361,0.007554,0.016519,0.012401,0.014173,0.015308,-0.159835,-0.933345,-0.119164,-0.941505,1,0,0,0,0,0,0,0,0,0,0
1937,0.007272,0.007612,0.011913,0.02166,0.028097,-0.000186,0.036049,0.050561,0.048086,0.047034,-0.035554,-0.074295,-0.104495,-0.140204,-0.164587,0.036792,0.145031,0.179347,0.192313,0.197697,-0.000309,-0.000681,0.00263,0.010211,0.012161,0.008757,0.026426,0.023764,0.025435,0.026487,-0.032893,-0.062753,-0.143979,-0.232601,-0.3159,0.060092,0.209393,0.337529,0.44416,0.524303,0.010189,0.035223,0.050088,0.093882,0.139698,0.007562,-0.010882,-0.027987,-0.024247,-0.022854,0.002409,0.007592,0.02831,0.056974,0.10629,0.008119,0.006324,0.005036,0.006813,0.009969,-0.109425,-0.96799,-0.118277,-0.943232,1,0,0,0,0,0,0,0,0,0,0
1938,0.001239,0.001332,0.010842,0.016728,0.02441,0.019206,0.051113,0.049347,0.04755,0.046714,-0.021189,-0.056596,-0.088193,-0.116599,-0.137447,0.052785,0.129578,0.148908,0.159719,0.164583,0.000186,-0.000124,0.006691,0.011338,0.018989,0.01933,0.015798,0.01521,0.016759,0.018958,-0.017533,-0.068987,-0.158666,-0.234158,-0.32139,0.064402,0.204946,0.322165,0.429656,0.486872,0.007762,0.024392,0.050516,0.110797,0.139901,-4.1e-05,-0.035089,-0.034365,-0.031255,-0.02826,0.001249,0.012678,0.037705,0.074189,0.13105,0.001008,-0.003214,-0.001397,-0.000233,6.2e-05,-0.07042,-0.988323,-0.123789,-0.945133,1,0,0,0,0,0,0,0,0,0,0
1939,-0.000895,0.003394,0.013114,0.019532,0.023667,0.017002,0.031473,0.029005,0.027956,0.022895,-0.017526,-0.047642,-0.08325,-0.107564,-0.125584,0.055356,0.089575,0.102504,0.107873,0.123054,-0.000555,0.002746,0.010306,0.01225,0.022957,-0.001635,-0.004289,-0.002623,-0.001574,-0.000339,-0.012312,-0.093309,-0.18168,-0.264745,-0.337689,0.084731,0.212506,0.318836,0.398753,0.425659,0.017232,0.032055,0.075726,0.121413,0.119928,-0.018351,-0.035408,-0.031678,-0.03029,-0.023058,0.003867,0.02418,0.052283,0.100634,0.144044,-0.00274,-0.004003,-0.002261,0.000833,-0.002923,-0.035294,-0.989481,-0.128671,-0.945894,1,0,0,0,0,0,0,0,0,0,0
1940,0.000989,0.010478,0.01635,0.024016,0.026581,0.014805,0.013043,0.011251,0.010416,0.005718,-0.017772,-0.049299,-0.077641,-0.098443,-0.114237,0.021172,0.040459,0.051246,0.056098,0.077301,0.000247,0.007047,0.011683,0.019318,0.024263,-0.001885,-0.002473,-0.000927,0.001267,0.003184,-0.039006,-0.128486,-0.203809,-0.290846,-0.353281,0.055357,0.172313,0.279565,0.336652,0.36107,-0.000668,0.025397,0.085544,0.114583,0.109744,-0.016587,-0.015865,-0.012762,-0.009774,-0.002871,0.007338,0.031977,0.067894,0.123872,0.158695,-0.001383,0.000406,0.001551,0.001842,0.000969,-0.009464,-0.997108,-0.128039,-0.944205,1,0,0,0,0,0,0,0,0,0,0
1941,0.003334,0.013149,0.019629,0.023805,0.027263,-0.000312,-0.002804,-0.003864,-0.008973,-0.009379,-0.012494,-0.04845,-0.073003,-0.091199,-0.107837,0.013211,0.026266,0.031688,0.047017,0.062752,0.003085,0.010718,0.012681,0.023493,0.024116,-0.000779,0.000904,0.001963,0.003209,0.009223,-0.042468,-0.131704,-0.215581,-0.289238,-0.342456,0.073221,0.180591,0.26129,0.288459,0.339153,0.015641,0.059739,0.105873,0.104373,0.13448,-0.000502,0.003265,0.004667,0.011969,0.017866,0.013981,0.044066,0.095825,0.142296,0.176301,0.000111,0.001976,0.005289,0.001267,0.004238,0.013227,-1.0213,-0.12695,-0.946456,1,0,0,0,0,0,0,0,0,0,0
1942,0.006282,0.01225,0.020039,0.022646,0.024405,-0.001476,-0.003298,-0.004146,-0.00892,-0.014417,-0.019442,-0.048244,-0.069383,-0.085433,-0.105974,0.006282,0.017244,0.022175,0.043721,0.045135,0.003801,0.008512,0.01627,0.021295,0.020793,0.000188,0.001759,0.003989,0.005936,0.009831,-0.048119,-0.124663,-0.213111,-0.276557,-0.330487,0.045041,0.15403,0.212043,0.236856,0.254728,0.01072,0.071842,0.101351,0.096435,0.110142,0.00124,0.004393,0.00743,0.014445,0.023381,0.012783,0.052978,0.115624,0.154594,0.190207,0.001884,0.003166,0.003492,0.002515,0.005624,0.039676,-1.006223,-0.12617,-0.946436,1,0,0,0,0,0,0,0,0,0,0
1943,0.003635,0.010209,0.014445,0.017953,0.018206,-0.001043,-0.002118,-0.007301,-0.007712,-0.018649,-0.01691,-0.041817,-0.060276,-0.077155,-0.096088,0.006922,0.012422,0.027973,0.043935,0.037171,0.003919,0.005911,0.016879,0.017511,0.016847,0.001517,0.002592,0.003856,0.009957,0.009198,-0.042102,-0.127191,-0.201912,-0.255898,-0.308905,0.063595,0.14546,0.173022,0.224448,0.213923,0.033947,0.080748,0.079226,0.109768,0.104482,0.002573,0.003995,0.011403,0.017386,0.027313,0.019901,0.077128,0.128507,0.166104,0.202214,9.3e-05,0.003755,-0.000691,0.002594,0.004844,0.061016,-1.007257,-0.126063,-0.945313,1,0,0,0,0,0,0,0,0,0,0
1944,0.002395,0.010316,0.012966,0.014755,0.015074,-0.000798,-0.001661,-0.006515,-0.012104,-0.019865,-0.0122,-0.033693,-0.050013,-0.070899,-0.090125,0.004152,0.009166,0.031074,0.032511,0.030659,0.00083,0.008719,0.013829,0.013318,0.011848,6.4e-05,0.002331,0.004311,0.008272,0.006579,-0.03529,-0.125224,-0.189736,-0.244571,-0.296308,0.046564,0.105551,0.130781,0.148952,0.174917,0.027848,0.057853,0.052854,0.066792,0.094341,0.000606,0.003694,0.010827,0.019913,0.025656,0.02377,0.094163,0.137952,0.177968,0.217359,0.001341,0.001707,0.000609,0.004103,0.006876,0.085352,-1.024987,-0.12445,-0.942606,1,0,0,0,0,0,0,0,0,0,0
1945,0.004256,0.008544,0.012096,0.012352,0.012384,-0.000288,-0.005536,-0.005952,-0.017023,-0.021055,-0.012992,-0.031679,-0.048766,-0.067934,-0.085629,0.001408,0.017151,0.033311,0.026463,0.023519,0.001184,0.012288,0.012928,0.012256,0.008256,0.001024,0.002304,0.00848,0.007712,0.005504,-0.050782,-0.126428,-0.181082,-0.234744,-0.276855,0.036223,0.064126,0.116188,0.105533,0.114236,0.019477,0.017937,0.048856,0.043505,0.055563,0.000832,0.008332,0.014388,0.024439,0.025672,0.038273,0.094269,0.135244,0.1746,0.207667,0.002633,-0.002213,0.001367,0.003819,0.008369,0.097995,-1.009766,-0.121959,-0.941805,1,0,0,0,0,0,0,0,0,0,0
1946,0.003688,0.00635,0.008146,0.008467,0.00805,-0.000577,-0.005452,-0.011064,-0.018858,-0.021135,-0.008563,-0.024951,-0.045925,-0.065232,-0.077515,0.003624,0.025624,0.027068,0.025208,0.020654,0.006735,0.011866,0.011353,0.009878,0.001315,0.001251,0.003239,0.007216,0.005516,0.00433,-0.039415,-0.104198,-0.159263,-0.211218,-0.237901,0.022931,0.048266,0.066515,0.092588,0.064238,0.01061,0.00559,0.019586,0.047251,0.024066,0.002266,0.009429,0.018554,0.02432,0.024308,0.03361,0.078702,0.119909,0.160472,0.181159,-0.002297,-0.003428,0.00017,0.003026,0.011971,0.107165,-0.994756,-0.116573,-0.942342,1,0,0,0,0,0,0,0,0,0,0
1947,0.00061,0.004174,0.004431,0.004463,0.002376,-0.004688,-0.005106,-0.016216,-0.020262,-0.027455,-0.010179,-0.027327,-0.046561,-0.064319,-0.07498,0.01217,0.028386,0.021515,0.01856,0.015927,0.004399,0.005041,0.004367,0.000353,-0.015317,3.2e-05,0.00623,0.005459,0.003243,-0.000963,-0.036446,-0.091293,-0.145143,-0.187402,-0.208499,0.005041,0.057287,0.046594,0.055328,0.039176,-0.012169,0.018859,0.013488,0.025589,0.012649,0.005257,0.011335,0.02142,0.022658,0.023955,0.023479,0.065472,0.105806,0.139695,0.153462,-0.002648,0.001021,0.003534,0.008197,0.023417,0.114272,-0.992287,-0.107744,-0.938783,1,0,0,0,0,0,0,0,0,0,0
1948,0.002057,0.003857,0.004179,0.003761,-0.001446,-0.000193,-0.005818,-0.013629,-0.015911,-0.023401,-0.006236,-0.027258,-0.046608,-0.058919,-0.070652,0.009868,0.011315,0.00945,0.004886,0.003375,0.000739,0.000225,-0.001254,-0.009836,-0.02594,0.001961,0.005947,0.004243,0.003054,-0.000579,-0.028447,-0.083638,-0.135711,-0.162454,-0.181355,0.020347,0.038637,0.06477,0.036355,0.034908,0.00715,0.021178,0.048906,0.025668,0.026196,0.001917,0.011062,0.016842,0.01683,0.019427,0.022171,0.06404,0.105254,0.126273,0.134801,0.001518,0.005174,0.008075,0.017164,0.029718,0.120505,-0.993042,-0.103158,-0.939719,1,0,0,0,0,0,0,0,0,0,0
1949,0.001508,0.001765,0.001797,-0.000289,-0.007154,-0.000225,-0.011325,-0.015367,-0.022554,-0.022971,-0.010908,-0.030125,-0.047866,-0.058518,-0.068367,0.006352,-0.000513,-0.003465,-0.006096,-0.00786,-9.6e-05,-0.00077,-0.00478,-0.020436,-0.035675,0.004235,0.003465,0.001251,-0.002952,0.002855,-0.026403,-0.080205,-0.122425,-0.143503,-0.157747,0.031889,0.021206,0.029932,0.013795,0.023195,0.023863,0.018498,0.030588,0.01766,0.029101,0.004159,0.014235,0.015471,0.016767,0.022137,0.019851,0.059928,0.0936,0.107279,0.111535,0.002147,0.004645,0.009278,0.024401,0.034534,0.122174,-1.001899,-0.096418,-0.948077,1,0,0,0,0,0,0,0,0,0,0
1950,0.000288,0.000608,0.000192,-0.004996,-0.015949,-0.00538,-0.013163,-0.015436,-0.022898,-0.025012,-0.010056,-0.029336,-0.041601,-0.053291,-0.059152,-0.0049,-0.006757,-0.011305,-0.01281,-0.01534,-0.000416,-0.00189,-0.01044,-0.026485,-0.043171,-0.000256,-0.001954,-0.003139,-0.006757,-0.001473,-0.028631,-0.080513,-0.107158,-0.125989,-0.139408,-0.013611,0.012426,-0.015885,-0.017326,-0.012074,-0.009845,0.017781,-0.005371,-0.004846,0.003513,0.00496,0.010719,0.010707,0.013294,0.020116,0.021196,0.061362,0.081847,0.090158,0.099208,0.001441,0.004269,0.013127,0.025362,0.032633,0.12449,-0.999642,-0.093817,-0.952043,1,0,0,0,0,0,0,0,0,0,0
1951,-3.2e-05,0.0,-0.002081,-0.008934,-0.027316,-0.0057,-0.009735,-0.016908,-0.017324,-0.019918,-0.009127,-0.026835,-0.037467,-0.047298,-0.051493,-0.001953,-0.0049,-0.007525,-0.009287,-0.01124,-0.000256,-0.004259,-0.019886,-0.035097,-0.053798,-0.000512,-0.002722,-0.006917,-0.001121,-0.001473,-0.025074,-0.067216,-0.088255,-0.102473,-0.117588,0.002946,0.011656,-0.004451,0.004932,-0.000576,0.004488,0.016556,0.003652,0.015072,0.012452,0.005098,0.006332,0.007626,0.012985,0.01519,0.01838,0.051621,0.065124,0.069326,0.083748,0.001025,0.005598,0.020527,0.03053,0.031137,0.124187,-1.000286,-0.087127,-0.956047,1,0,0,0,0,0,0,0,0,0,0
1952,0.000352,-6.4e-05,-0.005247,-0.01619,-0.036411,-0.00208,-0.004351,-0.011806,-0.013918,-0.014558,-0.010143,-0.022397,-0.034075,-0.039931,-0.04441,9.6e-05,-0.004447,-0.005951,-0.008479,-0.009535,-0.001216,-0.009759,-0.025789,-0.042458,-0.061336,-0.001184,-0.002368,-0.005983,-0.000704,-0.000768,-0.02678,-0.053401,-0.072214,-0.085621,-0.096659,0.023069,-0.005215,-0.006655,-0.001408,-0.005919,0.023115,-1.5e-05,0.00051,0.00886,0.006035,0.00066,0.000647,0.003232,0.010049,0.010742,0.021633,0.041983,0.05024,0.05923,0.067922,0.001791,0.01059,0.022745,0.029969,0.028442,0.122168,-1.000549,-0.087083,-0.960009,1,0,0,0,0,0,0,0,0,0,0
1953,-0.000319,-0.002396,-0.009232,-0.027567,-0.043187,-0.001949,-0.009104,-0.009519,-0.012106,-0.012426,-0.007539,-0.018144,-0.02795,-0.032135,-0.037277,-0.003035,-0.005654,-0.007411,-0.009359,-0.010286,-0.002779,-0.018367,-0.03354,-0.052195,-0.066409,-0.001022,-0.005207,0.000575,0.000224,0.001182,-0.015301,-0.036287,-0.05047,-0.065547,-0.074012,-0.014342,-0.03041,-0.02105,-0.026545,-0.027663,-0.01104,-0.023912,-0.01252,-0.015133,-0.014993,0.000572,0.001863,0.007209,0.009408,0.010806,0.01128,0.02455,0.028678,0.042851,0.046973,0.002724,0.017394,0.027224,0.02782,0.026311,0.120794,-1.006725,-0.087555,-0.965931,1,0,0,0,0,0,0,0,0,0,0
1954,-9.6e-05,-0.005272,-0.016199,-0.036393,-0.04895,-0.00032,-0.007764,-0.009873,-0.010512,-0.013132,-0.004697,-0.016359,-0.022206,-0.02668,-0.033485,-0.001502,-0.003003,-0.005528,-0.006582,-0.007413,-0.005751,-0.021759,-0.038406,-0.057257,-0.07007,-0.00016,-0.00377,0.001502,0.001438,0.000447,-0.011279,-0.030066,-0.043454,-0.054477,-0.063648,-0.013899,-0.015337,-0.010097,-0.014602,-0.014378,-0.012056,-0.011531,-0.003192,-0.006014,-0.004721,-0.000585,0.001997,0.008803,0.009496,0.011096,0.008854,0.017031,0.025935,0.034543,0.037351,0.005985,0.018023,0.025178,0.023665,0.024146,0.118598,-1.007743,-0.089509,-0.968936,1,0,0,0,0,0,0,0,0,0,0
1955,-0.001984,-0.008832,-0.027199,-0.042847,-0.053279,-0.006848,-0.007264,-0.009856,-0.010176,-0.014272,-0.00592,-0.015744,-0.019935,-0.025087,-0.034143,-0.00112,-0.00288,-0.004832,-0.00576,-0.006048,-0.009856,-0.025055,-0.043743,-0.057982,-0.070974,-0.004032,0.00176,0.001408,0.002368,0.000352,-0.009728,-0.023935,-0.039039,-0.047519,-0.05747,-0.002176,0.0072,0.001696,0.000576,-0.00592,-0.000821,0.010591,0.007973,0.008113,0.002033,0.001878,0.007234,0.009437,0.010837,0.012685,0.004488,0.008667,0.023015,0.027188,0.029133,0.008804,0.018755,0.019359,0.01783,0.021155,0.116762,-1.001705,-0.089034,-0.969784,1,0,0,0,0,0,0,0,0,0,0
1956,-0.0032,-0.014144,-0.034368,-0.046944,-0.059392,-0.000608,-0.00272,-0.00336,-0.005984,-0.008672,-0.00576,-0.011616,-0.016096,-0.022912,-0.036256,-0.000384,-0.002912,-0.003968,-0.0048,-0.00528,-0.006176,-0.022848,-0.041728,-0.05456,-0.069408,0.000416,0.005696,0.005632,0.00464,0.001216,-0.009088,-0.022496,-0.033536,-0.04272,-0.055264,0.000736,0.005984,0.001472,0.001696,-0.00448,0.001346,0.009698,0.006872,0.008167,0.002418,0.000707,0.007524,0.008217,0.00982,0.008877,0.003776,0.012775,0.021475,0.024312,0.024093,0.003361,0.010591,0.009063,0.009549,0.012389,0.114797,-0.999625,-0.088073,-0.968544,1,0,0,0,0,0,0,0,0,0,0
1957,-0.003649,-0.022021,-0.037672,-0.048106,-0.063853,0.000192,-0.002401,-0.002721,-0.006817,-0.012227,-0.004065,-0.008258,-0.013411,-0.022469,-0.037384,-0.001376,-0.003329,-0.004257,-0.004545,-0.005089,-0.009026,-0.027718,-0.041961,-0.054956,-0.069871,0.005377,0.005025,0.005985,0.003969,-0.002625,-0.005121,-0.020228,-0.02871,-0.038664,-0.052299,0.008642,0.003137,0.002016,-0.004481,-0.006721,0.010068,0.00745,0.00759,0.001508,-0.000313,0.00465,0.006853,0.008254,0.010102,0.008993,0.000405,0.014776,0.018956,0.020905,0.019608,0.006602,0.007207,0.005676,0.009006,0.007886,0.111174,-1.00119,-0.093576,-0.969976,1,0,0,0,0,0,0,0,0,0,0
1958,-0.007313,-0.027585,-0.04019,-0.052667,-0.068865,-0.002309,-0.002951,-0.005581,-0.008275,-0.014915,-0.001796,-0.006287,-0.013119,-0.026494,-0.041601,-0.001155,-0.002213,-0.003047,-0.003528,-0.004009,-0.007666,-0.02659,-0.039452,-0.054335,-0.06678,-9.6e-05,-0.00016,-0.001155,-0.004587,-0.011194,-0.008307,-0.019373,-0.028579,-0.041152,-0.056933,-0.0034,-0.007923,-0.007698,-0.013889,-0.016102,-0.001719,-0.004551,-0.003253,-0.009015,-0.010666,0.002173,0.002869,0.004475,0.00353,0.003895,0.008737,0.017581,0.020465,0.020243,0.021244,0.000649,-0.000905,-0.000411,0.002476,-0.0021,0.11115,-0.9997,-0.099643,-0.968937,1,0,0,0,0,0,0,0,0,0,0
1959,-0.011113,-0.026819,-0.037289,-0.053091,-0.072298,-0.000289,-0.00061,-0.004721,-0.010149,-0.017472,-0.002409,-0.00758,-0.016669,-0.031636,-0.047952,-0.000803,-0.001734,-0.002023,-0.002569,-0.00318,-0.011081,-0.025373,-0.038413,-0.05338,-0.066067,-0.000257,0.000707,-0.001317,-0.007933,-0.018243,-0.006841,-0.015352,-0.025341,-0.039023,-0.058294,-0.00212,-0.003244,-0.009764,-0.012012,-0.013072,-0.000907,-0.000766,-0.006869,-0.008696,-0.008827,3.5e-05,0.001441,0.003295,0.002182,-0.000179,0.005906,0.010189,0.012186,0.010857,0.014418,-3.5e-05,-0.001604,0.001809,0.000661,-0.007642,0.110957,-1.000252,-0.105286,-0.967505,1,0,0,0,0,0,0,0,0,0,0
1960,-0.009209,-0.021862,-0.034387,-0.050647,-0.071189,-0.000354,-0.002994,-0.005699,-0.012364,-0.021186,-0.002093,-0.008951,-0.022377,-0.037543,-0.055541,-0.000258,-0.001095,-0.001578,-0.002061,-0.002544,-0.007888,-0.0208,-0.035739,-0.048232,-0.063558,0.000193,-0.000805,-0.00425,-0.010883,-0.022023,-0.00425,-0.013491,-0.026112,-0.041954,-0.061401,-0.002415,-0.002189,-0.008404,-0.010625,-0.012074,-0.001934,-0.000632,-0.006416,-0.008073,-0.008876,0.000663,0.002275,0.001327,0.001693,-0.000101,0.003074,0.006036,0.005808,0.006836,0.008708,-0.00156,-0.001053,0.001912,-0.002787,-0.009472,0.108962,-0.998789,-0.109093,-0.968272,1,0,0,0,0,0,0,0,0,0,0
1961,-0.006552,-0.017074,-0.032955,-0.052256,-0.071848,3.2e-05,-0.004099,-0.009554,-0.016913,-0.021367,-0.003099,-0.012233,-0.027274,-0.043671,-0.06365,-0.000678,-0.000968,-0.001517,-0.00213,-0.002001,-0.006455,-0.01956,-0.034601,-0.04735,-0.062778,0.000775,-0.001259,-0.007908,-0.018269,-0.022077,-0.004293,-0.014331,-0.028081,-0.047447,-0.067426,0.001291,-0.005261,-0.00752,-0.008586,-0.010038,0.00208,-0.004053,-0.005889,-0.006021,-0.007593,0.000748,0.002611,0.001494,-0.00088,0.000201,0.001306,0.003373,0.001998,0.005684,0.005896,-3.7e-05,0.003496,0.002307,-0.006287,-0.011371,0.106723,-0.997622,-0.114659,-0.971674,1,0,0,0,0,0,0,0,0,0,0
1962,-0.006161,-0.018776,-0.035152,-0.055841,-0.076173,-0.002692,-0.005415,-0.012128,-0.021013,-0.022019,-0.003794,-0.017317,-0.03259,-0.050717,-0.071795,-0.000162,-0.000649,-0.001135,-0.001621,-0.001103,-0.006518,-0.021565,-0.034147,-0.049582,-0.066477,-0.001784,-0.005253,-0.011933,-0.023154,-0.022797,-0.004994,-0.017706,-0.03366,-0.053247,-0.074228,-0.00107,-0.007329,-0.009566,-0.011025,-0.011512,-0.000778,-0.006603,-0.008272,-0.009081,-0.010091,0.000872,-8.3e-05,0.000286,-0.001521,0.000202,0.001764,0.001524,0.002605,0.004572,0.004591,0.000571,0.003688,-0.001252,-0.008278,-0.012493,0.10448,-0.994812,-0.117248,-0.974409,1,0,0,0,0,0,0,0,0,0,0
1963,-0.00442,-0.020411,-0.039847,-0.059575,-0.082196,-0.001463,-0.006955,-0.014366,-0.018851,-0.020996,-0.005395,-0.020541,-0.037052,-0.05717,-0.079239,-0.00013,-0.000683,-0.0013,-0.00117,-0.000618,-0.006663,-0.021809,-0.034647,-0.050182,-0.070723,-0.00026,-0.006955,-0.017388,-0.021224,-0.024701,-0.005103,-0.018948,-0.038449,-0.058568,-0.080864,-0.005525,-0.0078,-0.008873,-0.010335,-0.010693,-0.005396,-0.007245,-0.007378,-0.008961,-0.00984,0.001002,-0.000123,-0.002513,-0.001425,-0.002517,0.000377,-0.001067,0.002803,0.003025,0.003434,0.003128,0.00188,-0.007142,-0.012479,-0.015387,0.102922,-0.992182,-0.120174,-0.972728,1,0,0,0,0,0,0,0,0,0,0
1964,-0.008224,-0.02464,-0.045378,-0.06576,-0.089782,-0.001268,-0.007996,-0.016903,-0.017911,-0.020414,-0.008159,-0.023469,-0.04164,-0.062769,-0.088644,-0.000358,-0.000845,-0.001333,-0.000813,-0.000553,-0.008419,-0.021031,-0.036504,-0.05344,-0.075479,-0.003218,-0.009914,-0.021161,-0.020804,-0.026492,-0.007639,-0.023632,-0.043265,-0.064297,-0.088514,-0.000748,-0.002991,-0.004453,-0.004941,-0.005461,-0.000443,-0.002116,-0.002926,-0.003939,-0.004894,-0.00196,-0.00159,-0.003402,-0.001674,-0.004615,-0.000622,0.000477,0.002478,0.002497,0.000552,3.8e-05,-0.004985,-0.012131,-0.016417,-0.019455,0.10294,-0.988347,-0.122289,-0.971359,1,0,0,0,0,0,0,0,0,0,0
1965,-0.00777,-0.027212,-0.046946,-0.069574,-0.093437,-0.004226,-0.011639,-0.016126,-0.018271,-0.019409,-0.00699,-0.023506,-0.04363,-0.065705,-0.09412,-0.000195,-0.000813,-0.000683,-0.00013,-6.5e-05,-0.00673,-0.019572,-0.035112,-0.055659,-0.080108,-0.003479,-0.013915,-0.017751,-0.02123,-0.024253,-0.00621,-0.025716,-0.045841,-0.068144,-0.0949,-0.001528,-0.002601,-0.004064,-0.004422,-0.000553,-0.001407,-0.00154,-0.003123,-0.004003,-0.000402,0.000834,-0.001556,-0.000468,-0.00156,-0.0035,-0.000824,0.003053,0.003276,0.003685,0.00112,-0.001289,-0.01033,-0.015678,-0.018592,-0.018135,0.103854,-0.988299,-0.120885,-0.968947,1,0,0,0,0,0,0,0,0,0,0
1966,-0.008685,-0.029516,-0.049988,-0.074116,-0.098571,-0.002514,-0.01146,-0.012472,-0.014987,-0.015182,-0.008358,-0.02661,-0.047833,-0.073822,-0.101477,-0.000294,-0.000784,-0.000261,0.0,0.002122,-0.00591,-0.021451,-0.038462,-0.060599,-0.086197,-0.003232,-0.014529,-0.01417,-0.019884,-0.021125,-0.009828,-0.029549,-0.050673,-0.074998,-0.103991,-0.000718,-0.002188,-0.002677,-0.0032,0.010089,-0.000267,-0.001081,-0.002098,-0.003058,0.008188,-0.000466,-0.002286,-0.000551,-0.003505,-0.004674,0.001983,0.004047,0.004067,0.00206,0.002252,-0.003854,-0.011225,-0.015646,-0.01878,-0.017447,0.103648,-0.991978,-0.120705,-0.965578,1,0,0,0,0,0,0,0,0,0,0
1967,-0.010854,-0.030697,-0.05345,-0.077446,-0.102062,-0.004936,-0.009448,-0.011605,-0.01275,-0.013273,-0.008238,-0.028474,-0.050671,-0.079244,-0.107358,-0.000327,-0.000196,0.00036,0.000425,0.002746,-0.006996,-0.022622,-0.043283,-0.067867,-0.092418,-0.007257,-0.011115,-0.014613,-0.017653,-0.019647,-0.009775,-0.030011,-0.052437,-0.079342,-0.105462,-0.00036,-0.001831,-0.00219,0.0017,0.010952,0.000134,-0.001458,-0.002342,0.001278,0.007963,-0.001937,-0.000843,-0.001941,-0.003892,-0.005346,0.00203,0.002262,0.002687,2.1e-05,-0.003919,-0.00551,-0.011069,-0.014098,-0.013622,-0.013925,0.101536,-0.990545,-0.121407,-0.9643,1,0,0,0,0,0,0,0,0,0,0
1968,-0.01003,-0.030583,-0.054807,-0.079358,-0.103123,-0.004032,-0.005048,-0.007572,-0.007769,-0.008391,-0.010063,-0.03137,-0.057462,-0.085225,-0.113251,-0.000164,0.000361,0.000623,0.002753,0.003147,-0.008588,-0.025666,-0.04789,-0.073589,-0.098435,-0.004065,-0.003704,-0.00944,-0.010686,-0.011702,-0.009998,-0.031206,-0.055626,-0.084734,-0.11217,-0.001114,-0.001606,-0.002131,0.01121,0.013177,-0.000952,-0.001973,-0.002936,0.008353,0.009855,0.000115,0.001857,-0.001109,-0.002282,-0.002794,5.3e-05,7.3e-05,-0.001989,-0.001792,-0.002866,-0.001963,-0.006507,-0.009729,-0.008359,-0.007,0.10508,-0.992083,-0.120761,-0.965699,1,0,0,0,0,0,0,0,0,0,0
1969,-0.009888,-0.032751,-0.056862,-0.081598,-0.106695,-0.000493,-0.002661,-0.003811,-0.004336,-0.005584,-0.010249,-0.032554,-0.061264,-0.089515,-0.11586,0.000296,0.000854,0.00092,0.003252,0.003482,-0.007095,-0.027856,-0.052559,-0.077229,-0.103312,0.000197,-0.003318,-0.006373,-0.008377,-0.008869,-0.010315,-0.032849,-0.059885,-0.086131,-0.110604,-0.000361,-0.000723,0.003186,0.012483,0.024736,-0.000646,-0.001534,0.002103,0.008821,0.020602,0.000984,-0.00012,-0.00208,-0.003541,-0.002901,0.000186,0.000626,-0.002132,-0.006207,-0.01129,-0.003758,-0.00689,-0.006398,-0.006712,-0.005289,0.102047,-1.002718,-0.120776,-0.966531,1,0,0,0,0,0,0,0,0,0,0
1970,-0.010735,-0.03507,-0.059734,-0.083607,-0.109983,-0.000527,-0.003062,-0.00326,-0.003886,-0.006026,-0.01113,-0.037342,-0.065233,-0.093387,-0.1168,0.000231,0.000494,0.002634,0.003029,0.003194,-0.010043,-0.032369,-0.058186,-0.083146,-0.109687,0.000165,-0.005598,-0.006849,-0.00787,-0.012151,-0.010965,-0.035498,-0.064739,-0.0923,-0.110247,-0.000132,-0.000659,0.012744,0.014719,0.026409,-0.000378,-0.001346,0.009995,0.011504,0.02243,0.000763,-0.002216,-0.003394,-0.003909,-0.006055,-0.000168,-0.002297,-0.002094,-0.003203,-0.013934,-0.00087,-0.004197,-0.002782,-0.001379,-0.001482,0.100776,-1.005897,-0.119134,-0.966992,1,0,0,0,0,0,0,0,0,0,0
1971,-0.012176,-0.036329,-0.061108,-0.086249,-0.112081,-0.001645,-0.002797,-0.003324,-0.004574,-0.006779,-0.011221,-0.039982,-0.068282,-0.094673,-0.1158,0.000329,0.000395,0.002731,0.002962,0.003027,-0.010761,-0.035507,-0.06022,-0.086348,-0.111357,-0.003686,-0.006746,-0.008753,-0.009247,-0.012867,-0.011616,-0.038699,-0.064991,-0.089507,-0.108889,-0.00023,0.003686,0.012998,0.025273,0.027609,-0.000512,0.003132,0.009861,0.021663,0.023761,-0.001868,-0.003832,-0.005296,-0.004655,-0.005968,0.000613,-0.002179,-0.006304,-0.011449,-0.014759,-0.002305,-0.001807,-0.002125,-0.000684,-0.001982,0.098632,-1.007886,-0.118627,-0.969042,1,0,0,0,0,0,0,0,0,0,0
1972,-0.012126,-0.036739,-0.060563,-0.086885,-0.11025,-0.000887,-0.001084,-0.001709,-0.003845,-0.005685,-0.014952,-0.042785,-0.070882,-0.094246,-0.114817,-6.6e-05,0.00207,0.002465,0.002629,0.002629,-0.011534,-0.037298,-0.062206,-0.088693,-0.112977,-0.00207,-0.003319,-0.004338,-0.00861,-0.010811,-0.012882,-0.042062,-0.069567,-0.087477,-0.107555,-0.000296,0.013079,0.01505,0.026716,0.027472,-0.000454,0.010864,0.012369,0.023273,0.02398,-0.001107,-0.002284,-0.002797,-0.004938,-0.005399,-0.002706,-0.002505,-0.003598,-0.014176,-0.015126,-0.000996,0.000398,0.001781,0.00168,0.00283,0.099619,-1.007581,-0.11523,-0.968309,1,0,0,0,0,0,0,0,0,0,0
1973,-0.01197,-0.036664,-0.061718,-0.087462,-0.107696,-0.000262,-0.000787,-0.002033,-0.00423,-0.005378,-0.013741,-0.041944,-0.068244,-0.089298,-0.107564,0.000131,0.00246,0.002689,0.002755,0.002394,-0.01315,-0.037779,-0.063817,-0.088741,-0.113697,-0.000984,-0.002984,-0.003476,-0.007084,-0.01502,-0.014134,-0.040337,-0.064768,-0.084084,-0.103465,0.004198,0.013478,0.025711,0.028039,0.027449,0.004085,0.010792,0.022552,0.024643,0.024518,-0.000852,-0.002311,-0.001672,-0.002981,-0.010245,-5.8e-05,-0.004085,-0.009108,-0.012339,-0.010438,0.001468,0.001158,0.002565,0.001297,0.006354,0.100192,-1.007417,-0.109872,-0.962422,1,0,0,0,0,0,0,0,0,0,0
1974,-0.012553,-0.036253,-0.062437,-0.085679,-0.104835,6.5e-05,-0.000556,-0.002681,-0.004511,-0.005557,-0.013991,-0.041941,-0.065183,-0.085646,-0.102122,0.001994,0.002386,0.00255,0.00255,0.00219,-0.01252,-0.037299,-0.063646,-0.087804,-0.110327,-0.000262,-0.001275,-0.005525,-0.007715,-0.019189,-0.014939,-0.0423,-0.060116,-0.080089,-0.095028,0.00912,0.011082,0.022686,0.023438,0.022131,0.007187,0.008684,0.019531,0.020235,0.019152,-0.000321,-0.000832,-0.002962,-0.00342,-0.01415,0.00025,-0.000803,-0.011,-0.011916,-0.014275,-9.1e-05,0.001242,0.001144,0.002252,0.004992,0.096759,-1.007308,-0.107187,-0.957981,1,0,0,0,0,0,0,0,0,0,0
1975,-0.012012,-0.036882,-0.062436,-0.082521,-0.100295,-0.000586,-0.001823,-0.004004,-0.005143,-0.005567,-0.014063,-0.04017,-0.061069,-0.079201,-0.09603,0.000326,0.000553,0.000619,0.00026,0.000195,-0.011979,-0.037826,-0.062566,-0.087339,-0.1084,-0.001725,-0.002214,-0.005794,-0.013672,-0.021159,-0.011133,-0.035385,-0.054558,-0.073797,-0.086948,0.00013,0.012272,0.014584,0.013998,0.006706,-0.0005,0.011174,0.01325,0.013125,0.005595,-0.001128,-0.000494,-0.001794,-0.009005,-0.016369,-0.004067,-0.008837,-0.011905,-0.010099,-0.014905,-0.000206,0.00113,-7.3e-05,0.004728,0.007496,0.096032,-1.001658,-0.104377,-0.954782,1,0,0,0,0,0,0,0,0,0,0
1976,-0.011578,-0.037629,-0.060752,-0.079811,-0.099585,-3.3e-05,-0.002147,-0.003968,-0.005009,-0.005009,-0.013757,-0.036881,-0.05724,-0.073632,-0.087551,6.5e-05,0.000228,0.000228,-0.00013,-0.000163,-0.012684,-0.038897,-0.062932,-0.08534,-0.104658,0.000716,-0.003512,-0.005691,-0.017107,-0.02527,-0.016099,-0.033824,-0.053695,-0.068558,-0.081535,0.001821,0.013367,0.014115,0.012814,-0.000423,0.001989,0.012781,0.013481,0.012404,-0.000832,0.000619,-0.0015,-0.001956,-0.012631,-0.020699,0.003025,-0.006813,-0.007698,-0.009973,-0.009701,0.001491,0.001396,0.002466,0.005109,0.003873,0.096231,-0.996724,-0.101798,-0.948576,1,0,0,0,0,0,0,0,0,0,0
1977,-0.013273,-0.038811,-0.058884,-0.076647,-0.093499,-0.001204,-0.003383,-0.004522,-0.004945,-0.008784,-0.01233,-0.033216,-0.051337,-0.068156,-0.079087,0.000163,0.000228,-0.00013,-0.000195,-0.00039,-0.013143,-0.037868,-0.062625,-0.083674,-0.100526,-0.001204,-0.004782,-0.012655,-0.020138,-0.036567,-0.008133,-0.027295,-0.046522,-0.059665,-0.070075,0.010313,0.012623,0.012037,0.00475,-0.010378,0.009677,0.011751,0.011627,0.004101,-0.010819,1.5e-05,-0.001284,-0.008491,-0.01585,-0.028376,-0.00778,-0.010835,-0.009037,-0.013822,-0.012669,-0.000164,-0.001362,0.003419,0.006174,0.004646,0.097277,-0.991968,-0.097635,-0.939783,1,0,0,0,0,0,0,0,0,0,0
1978,-0.012801,-0.035959,-0.055046,-0.07485,-0.082927,-0.000912,-0.002736,-0.003778,-0.003778,-0.010195,-0.010814,-0.031204,-0.04762,-0.06156,-0.072407,0.0,0.0,-0.000358,-0.000391,-0.000554,-0.013094,-0.037164,-0.059606,-0.078954,-0.0898,-0.003029,-0.005211,-0.016644,-0.02482,-0.040096,-0.009609,-0.02951,-0.044395,-0.057391,-0.067195,0.001238,0.001987,0.000684,-0.012573,-0.026285,0.001119,0.00182,0.000741,-0.012514,-0.026103,-0.002137,-0.002594,-0.013284,-0.021365,-0.030467,-0.002096,-0.00299,-0.00529,-0.005014,-0.004795,7e-05,0.00115,0.003822,0.002573,0.004379,0.096285,-0.987456,-0.100148,-0.936002,1,0,0,0,0,0,0,0,0,0,0
1979,-0.012805,-0.03296,-0.050796,-0.067718,-0.071115,-0.001274,-0.002417,-0.002842,-0.006697,-0.011237,-0.010127,-0.028322,-0.04521,-0.056186,-0.06481,6.5e-05,-0.000294,-0.000359,-0.000555,-0.000457,-0.011695,-0.036554,-0.057689,-0.07461,-0.078693,-0.000555,-0.008461,-0.015974,-0.03247,-0.040539,-0.009604,-0.02891,-0.042107,-0.05256,-0.06236,0.001078,0.00049,-0.006827,-0.022017,-0.029106,0.00096,0.000835,-0.006721,-0.021703,-0.028752,0.000839,-0.006397,-0.013787,-0.026364,-0.029944,-0.001005,0.000846,-0.004079,-0.002892,-0.000666,-0.001304,0.003616,0.006452,0.004878,0.005164,0.095427,-0.987269,-0.103758,-0.934207,1,0,0,0,0,0,0,0,0,0,0
1980,-0.010439,-0.029616,-0.049512,-0.057628,-0.057464,-0.000556,-0.001604,-0.001604,-0.00805,-0.015184,-0.010341,-0.026834,-0.04084,-0.051738,-0.054847,-6.5e-05,-0.000425,-0.000458,-0.000622,-0.000851,-0.012468,-0.035015,-0.054454,-0.065351,-0.068787,-0.001636,-0.013123,-0.021336,-0.036684,-0.043,-0.010374,-0.025329,-0.038386,-0.048236,-0.056025,-0.000327,-0.001636,-0.014955,-0.028732,-0.032626,-0.000258,-0.001341,-0.014659,-0.028312,-0.031517,-0.0013,-0.01204,-0.020159,-0.029304,-0.028849,9.4e-05,-0.002283,-0.001998,-0.001771,0.004346,0.002437,0.005197,0.003907,0.005774,0.009204,0.096962,-0.986003,-0.104086,-0.932891,1,0,0,0,0,0,0,0,0,0,0
1981,-0.009752,-0.027621,-0.044573,-0.047977,-0.045915,-0.000589,-0.001015,-0.004876,-0.009425,-0.01476,-0.007887,-0.024807,-0.035803,-0.044442,-0.044541,-0.000295,-0.00036,-0.000556,-0.000458,-0.001113,-0.012436,-0.03361,-0.050562,-0.054653,-0.05606,-0.006283,-0.013811,-0.030337,-0.038421,-0.039664,-0.008967,-0.022189,-0.032661,-0.042479,-0.047551,-0.000262,-0.007593,-0.02281,-0.029912,-0.033315,0.000133,-0.007438,-0.022447,-0.029509,-0.031755,-0.00595,-0.013353,-0.025953,-0.02954,-0.025807,0.00178,-0.003207,-0.002006,0.000249,0.006567,0.002545,0.005418,0.003824,0.004113,0.007748,0.099322,-0.984883,-0.104689,-0.934381,1,0,0,0,0,0,0,0,0,0,0
1982,-0.009418,-0.029299,-0.037409,-0.037245,-0.035414,-0.000458,-0.000458,-0.0069,-0.014028,-0.014453,-0.0086,-0.022596,-0.033485,-0.036591,-0.036624,-6.5e-05,-9.8e-05,-0.000262,-0.00049,-0.000817,-0.010104,-0.029528,-0.040417,-0.043851,-0.041496,-0.005199,-0.013407,-0.028743,-0.035054,-0.032994,-0.005984,-0.019031,-0.028874,-0.036657,-0.041725,-0.001046,-0.014355,-0.028122,-0.032013,-0.03306,-0.001215,-0.014523,-0.028165,-0.031368,-0.031553,-0.004787,-0.0129,-0.022038,-0.021584,-0.01906,-0.004134,-0.003851,-0.003626,0.002459,0.00853,0.000215,-0.001069,0.000788,0.0042,0.00391,0.102753,-0.984486,-0.107018,-0.93479,1,0,0,0,0,0,0,0,0,0,0
1983,-0.008434,-0.025367,-0.028766,-0.026707,-0.025922,3.3e-05,-0.003825,-0.008368,-0.013697,-0.014024,-0.008303,-0.019286,-0.027916,-0.028014,-0.027622,0.0,-0.000196,-9.8e-05,-0.000752,-0.000327,-0.011049,-0.027982,-0.032068,-0.033473,-0.029257,-0.002321,-0.018829,-0.026903,-0.028145,-0.027361,-0.007224,-0.017685,-0.027491,-0.032558,-0.040305,-0.006276,-0.021477,-0.02857,-0.03197,-0.031937,-0.006347,-0.021339,-0.028393,-0.030636,-0.030109,-0.002609,-0.015195,-0.018777,-0.015049,-0.013609,-0.000823,0.000369,0.002606,0.008873,0.018583,0.002636,0.001055,0.001342,0.004947,0.001737,0.108078,-0.981174,-0.108336,-0.93306,1,0,0,0,0,0,0,0,0,0,0
1984,-0.011409,-0.019493,-0.01933,-0.017505,-0.015908,-3.3e-05,-0.006454,-0.013561,-0.013984,-0.015419,-0.005672,-0.016527,-0.019624,-0.019656,-0.018972,-3.3e-05,-0.000196,-0.000424,-0.00075,-0.000261,-0.008345,-0.0192,-0.022623,-0.020276,-0.016429,-0.005868,-0.021156,-0.027447,-0.025393,-0.024872,-0.005802,-0.015614,-0.023372,-0.028425,-0.040291,-0.007008,-0.020732,-0.024611,-0.025654,-0.024872,-0.006937,-0.020537,-0.023729,-0.023914,-0.022069,-0.005485,-0.014595,-0.014142,-0.011626,-0.009458,0.001084,0.001305,0.007257,0.013197,0.02787,-0.00384,-0.002024,0.001315,0.001031,-0.000924,0.116578,-0.980087,-0.109149,-0.932878,1,0,0,0,0,0,0,0,0,0,0
1985,-0.005469,-0.008855,-0.006804,-0.006023,-0.003451,-0.003809,-0.008334,-0.01364,-0.013966,-0.020444,-0.005274,-0.013868,-0.013966,-0.013575,-0.012208,-0.000163,-6.5e-05,-0.000716,-0.000293,-0.000456,-0.008529,-0.012599,-0.013998,-0.009799,-0.00726,-0.01058,-0.018621,-0.019858,-0.019077,-0.018914,-0.004623,-0.014389,-0.019435,-0.027151,-0.039261,-0.008139,-0.015203,-0.018589,-0.018556,-0.022528,-0.008002,-0.015027,-0.017261,-0.016736,-0.018679,-0.007056,-0.010623,-0.006911,-0.005477,0.001128,8.4e-05,0.002258,0.008347,0.017781,0.034083,0.002269,0.002548,0.00605,0.002932,0.003629,0.122203,-0.973448,-0.109106,-0.932778,1,0,0,0,0,0,0,0,0,0,0
1986,-0.002603,-0.00244,-0.000618,0.000976,0.00244,-0.002603,-0.009695,-0.010118,-0.01155,-0.020887,-0.005563,-0.008654,-0.008687,-0.008003,-0.006084,0.0,-0.000228,-0.000553,-6.5e-05,-0.00026,-0.00231,-0.005726,-0.003384,0.000455,0.00475,-0.004685,-0.010964,-0.008914,-0.008394,-0.008166,-0.005173,-0.012916,-0.017959,-0.029801,-0.042294,-0.005563,-0.009435,-0.010476,-0.009695,-0.020334,-0.005576,-0.008763,-0.008946,-0.007105,-0.015211,-0.002041,-0.001589,0.000923,0.003086,0.012892,0.000134,0.006006,0.011865,0.02634,0.044273,-0.000467,0.002826,0.002546,0.000618,-0.00136,0.13045,-0.966,-0.111563,-0.932362,1,0,0,0,0,0,0,0,0,0,0
1987,-0.000779,0.001266,0.002045,0.00461,0.005746,-0.001915,-0.007207,-0.007531,-0.013991,-0.019932,-0.003019,-0.003116,-0.002727,-0.001363,6.5e-05,9.7e-05,-0.000552,-0.00013,-0.000292,-0.000682,-0.001753,-0.003149,0.001039,0.003571,0.014219,-0.003344,-0.004577,-0.003798,-0.003636,-0.003928,-0.004577,-0.009609,-0.017303,-0.029379,-0.048727,-0.001493,-0.004869,-0.004837,-0.008797,-0.023925,-0.001442,-0.003669,-0.003146,-0.005083,-0.015958,-0.001521,0.002181,0.003611,0.010197,0.016847,0.001999,0.007969,0.017219,0.033202,0.05762,0.000733,0.004167,0.001109,0.001793,-0.007611,0.141735,-0.954242,-0.117873,-0.92958,1,0,0,0,0,0,0,0,0,0,0
1988,0.00094,0.002755,0.004343,0.005802,0.010373,-0.005154,-0.005575,-0.007001,-0.016304,-0.015624,-6.5e-05,-9.7e-05,0.000583,0.002496,0.003436,-0.000324,-0.000648,-0.000162,-0.000357,-0.000162,-0.001653,0.000681,0.004506,0.008784,0.025542,-0.002917,-0.000875,-0.000357,-0.00013,0.000389,-0.003144,-0.008168,-0.019967,-0.032414,-0.061295,-0.002366,-0.003403,-0.002626,-0.013225,-0.028913,-0.001735,-0.001918,-8.4e-05,-0.00816,-0.01759,0.001969,0.004471,0.006627,0.016396,0.017672,0.003744,0.009453,0.023558,0.041033,0.073254,0.002483,0.002211,0.000332,-0.001595,-0.01453,0.158539,-0.941817,-0.125839,-0.925117,1,0,0,0,0,0,0,0,0,0,0
1989,0.001101,0.001878,0.004437,0.00557,0.014476,-0.00013,-0.000453,-0.006898,-0.012825,-0.010655,-3.2e-05,0.000356,0.001716,0.003141,0.000194,-0.000324,9.7e-05,-6.5e-05,-0.000453,0.002558,0.000259,0.004437,0.006963,0.017585,0.034717,0.001684,0.002461,0.002623,0.002332,0.000453,-0.001878,-0.009554,-0.021601,-0.040903,-0.082939,-0.001004,-0.000972,-0.004923,-0.020014,-0.034782,-0.000488,3.4e-05,-0.001899,-0.012748,-0.020403,0.001726,0.003152,0.009722,0.016356,0.013392,0.00215,0.011247,0.026964,0.050977,0.09098,0.000909,-0.002098,-0.001426,-0.010674,-0.019867,0.18255,-0.929183,-0.13122,-0.917942,1,0,0,0,0,0,0,0,0,0,0
1990,0.000711,0.002296,0.00375,0.008309,0.017362,-0.000291,-0.001714,-0.010993,-0.010314,-0.011445,0.0,0.000679,0.002587,0.003524,-0.002684,0.0,0.000485,0.000291,0.000485,0.00569,0.002069,0.005884,0.010152,0.026868,0.042031,0.000356,0.000873,0.001099,0.001617,-0.006078,-0.003136,-0.014905,-0.02732,-0.056128,-0.10081,-3.2e-05,0.000744,-0.009829,-0.025477,-0.052021,0.000305,0.002135,-0.005921,-0.015327,-0.034573,0.000773,0.002923,0.012667,0.01394,0.008286,0.003483,0.017339,0.034504,0.066155,0.106576,-0.001166,-0.003012,-0.004905,-0.017611,-0.024694,0.202378,-0.906398,-0.135528,-0.908604,1,0,0,0,0,0,0,0,0,0,0
1991,6.5e-05,0.002617,0.003748,0.012634,0.020389,-3.2e-05,-0.006462,-0.012376,-0.010211,-0.011115,0.000388,0.001745,0.003167,0.000226,-0.004815,0.00042,0.000258,-0.000129,0.002876,0.005848,0.0021,0.004621,0.015219,0.032312,0.043848,0.00042,0.000582,0.000291,-0.001583,-0.009564,-0.004524,-0.016544,-0.035802,-0.077743,-0.11907,6.5e-05,-0.003877,-0.018935,-0.033669,-0.073058,0.000216,-0.001712,-0.012537,-0.020174,-0.04752,0.000651,0.007206,0.013825,0.010867,0.0044,0.005485,0.020956,0.044592,0.083966,0.120754,-0.001798,-0.001137,-0.01024,-0.019289,-0.024033,0.224589,-0.884005,-0.135364,-0.903802,1,0,0,0,0,0,0,0,0,0,0
1992,0.001514,0.002963,0.007504,0.016521,0.02338,-0.001385,-0.010627,-0.009951,-0.011078,-0.00979,0.00029,0.00219,0.003124,-0.003059,-0.01066,6.4e-05,-0.000129,6.4e-05,0.005249,0.008663,0.001707,0.005958,0.022608,0.037711,0.047437,9.7e-05,0.000322,0.000837,-0.006827,-0.010821,-0.007214,-0.01958,-0.048275,-0.092781,-0.144598,0.000708,-0.009822,-0.025409,-0.051849,-0.091976,0.001607,-0.006417,-0.015786,-0.034956,-0.056975,0.001493,0.011199,0.012467,0.006835,0.002043,0.00812,0.024819,0.055609,0.094932,0.131995,-3.9e-05,-0.00188,-0.014241,-0.021132,-0.024483,0.255276,-0.863865,-0.136112,-0.902035,1,0,0,0,0,0,0,0,0,0,0
1993,0.001029,0.002155,0.010998,0.018717,0.02547,-0.005017,-0.010902,-0.008747,-0.009648,-0.008104,0.001061,0.002476,-0.00045,-0.005467,-0.019456,-0.000225,-0.000611,0.00238,0.005338,0.012478,0.000804,0.011352,0.028365,0.039845,0.051133,6.4e-05,-0.000225,-0.00209,-0.010034,-0.012156,-0.00476,-0.023927,-0.065669,-0.106801,-0.172406,-0.004631,-0.019617,-0.034282,-0.073484,-0.113072,-0.003524,-0.014298,-0.021899,-0.049116,-0.066109,0.005033,0.011621,0.008677,0.002241,-0.000689,0.006925,0.029789,0.067878,0.103466,0.141714,0.000678,-0.008127,-0.016881,-0.02147,-0.026051,0.290819,-0.842997,-0.137141,-0.900847,1,0,0,0,0,0,0,0,0,0,0
1994,0.000417,0.004943,0.013931,0.020768,0.026996,-0.004205,-0.003531,-0.004654,-0.00337,-0.003274,0.000835,0.001765,-0.004398,-0.011973,-0.029435,3.2e-05,0.000225,0.005393,0.008795,0.012583,0.003435,0.02003,0.035085,0.044779,0.053895,0.00016,0.000674,-0.006966,-0.010946,-0.012519,-0.007575,-0.036176,-0.080538,-0.132186,-0.192725,-0.005874,-0.02141,-0.047764,-0.08776,-0.14509,-0.004481,-0.013819,-0.032927,-0.054874,-0.082943,0.004651,0.005914,0.000301,-0.004476,-0.005669,0.009486,0.03958,0.078014,0.114239,0.148516,-0.00247,-0.014551,-0.021286,-0.024561,-0.027325,0.316665,-0.806188,-0.137896,-0.9012,1,0,0,0,0,0,0,0,0,0,0
1995,0.000705,0.009524,0.01722,0.023954,0.029662,-0.001668,0.000481,-0.000417,0.001122,0.000898,0.000577,-0.002341,-0.007343,-0.021293,-0.041559,-0.000417,0.002565,0.005516,0.012635,0.011416,0.007087,0.024051,0.035499,0.046754,0.0532,-0.000449,-0.002309,-0.01023,-0.012346,-0.012827,-0.011544,-0.053168,-0.094182,-0.1596,-0.203725,-0.009075,-0.023698,-0.062788,-0.102263,-0.175505,-0.006267,-0.013846,-0.040985,-0.05793,-0.10059,0.001923,-0.001013,-0.007431,-0.010352,-0.010488,0.012991,0.050325,0.085207,0.122697,0.147577,-0.006179,-0.014759,-0.019257,-0.023747,-0.024423,0.33671,-0.769835,-0.138283,-0.901701,1,0,0,0,0,0,0,0,0,0,0
1996,0.003806,0.012763,0.019576,0.025782,0.031539,0.002335,0.001216,0.002495,0.002591,0.001024,0.000352,-0.00579,-0.013339,-0.03074,-0.052619,0.000608,0.005758,0.009148,0.012923,0.003167,0.009468,0.02447,0.03413,0.043215,0.048748,0.00096,-0.006653,-0.01062,-0.012187,-0.014778,-0.016985,-0.061191,-0.112659,-0.172987,-0.210284,-0.006429,-0.032691,-0.072547,-0.129676,-0.207821,-0.003055,-0.022096,-0.043966,-0.071937,-0.112017,-0.000659,-0.006253,-0.011013,-0.012202,-0.013249,0.0166,0.054103,0.08945,0.122896,0.139466,-0.005717,-0.012289,-0.015485,-0.018182,-0.018132,0.357178,-0.728079,-0.138364,-0.89987,1,0,0,0,0,0,0,0,0,0,0
1997,0.004962,0.012597,0.019277,0.024939,0.03041,-0.000191,-0.001082,0.000445,0.000223,-0.004008,-0.003245,-0.008207,-0.022044,-0.042148,-0.063206,0.002354,0.00528,0.012342,0.011133,-0.012915,0.007412,0.018768,0.029933,0.036327,0.041448,-0.002799,-0.010656,-0.012756,-0.013233,-0.019626,-0.024398,-0.065082,-0.129974,-0.173744,-0.209816,-0.008111,-0.046887,-0.086045,-0.158698,-0.236059,-0.004481,-0.031401,-0.04821,-0.090527,-0.1164,-0.002257,-0.008623,-0.011521,-0.011656,-0.013847,0.019317,0.052281,0.087711,0.111224,0.122131,-0.00261,-0.006861,-0.011104,-0.011743,-0.011747,0.376563,-0.692553,-0.13802,-0.896309,1,0,0,0,0,0,0,0,0,0,0
1998,0.003926,0.010671,0.016814,0.022514,0.029132,-0.000918,0.000348,0.000443,-0.001108,-0.005098,-0.00285,-0.010323,-0.027549,-0.049208,-0.071025,0.002755,0.006111,0.009848,0.00019,-0.027169,0.007473,0.017036,0.026029,0.031507,0.036415,-0.00475,-0.008676,-0.010228,-0.012793,-0.018176,-0.019474,-0.070423,-0.130144,-0.167065,-0.194266,-0.017922,-0.057377,-0.113931,-0.191289,-0.263644,-0.014389,-0.036039,-0.063728,-0.103405,-0.127861,-0.003291,-0.008003,-0.00918,-0.010216,-0.011864,0.016227,0.049158,0.080317,0.095753,0.102564,-0.003594,-0.006572,-0.009085,-0.009038,-0.007876,0.388367,-0.656638,-0.137807,-0.895601,1,0,0,0,0,0,0,0,0,0,0
1999,0.003656,0.010275,0.015885,0.021306,0.029343,3.2e-05,0.001544,0.001324,-0.002868,-0.004665,-0.00208,-0.015791,-0.03571,-0.056575,-0.080781,0.000158,0.007155,0.005957,-0.017871,-0.043085,0.003814,0.014877,0.021212,0.026286,0.032369,-0.003057,-0.005137,-0.00561,-0.011945,-0.013301,-0.020928,-0.085225,-0.128594,-0.164335,-0.185326,-0.020581,-0.05938,-0.131367,-0.20802,-0.278242,-0.012352,-0.029007,-0.070936,-0.096572,-0.125782,-0.003032,-0.005904,-0.006037,-0.008208,-0.008081,0.015201,0.04842,0.070466,0.080692,0.08552,-0.000507,-0.004485,-0.005084,-0.005088,-0.003549,0.40142,-0.62332,-0.139283,-0.896178,1,0,0,0,0,0,0,0,0,0,0
2000,0.003053,0.009159,0.014824,0.021401,0.029364,0.001227,0.001322,-0.00022,-0.004186,-0.004784,-0.00535,-0.022472,-0.043999,-0.065684,-0.092656,0.003179,0.006893,-0.002707,-0.029899,-0.052434,0.005697,0.014635,0.02008,0.024958,0.032228,-0.00085,-0.002392,-0.004941,-0.010292,-0.010355,-0.029742,-0.089099,-0.125796,-0.152831,-0.179174,-0.018663,-0.074874,-0.151761,-0.223676,-0.282467,-0.009184,-0.036705,-0.076141,-0.100448,-0.120812,-0.001655,-0.002826,-0.003855,-0.005493,-0.005073,0.016507,0.046364,0.061155,0.067682,0.071053,-0.002351,-0.004759,-0.004714,-0.003602,-0.003015,0.417753,-0.598029,-0.140386,-0.89564,1,0,0,0,0,0,0,0,0,0,0
2001,0.003553,0.00915,0.014558,0.022575,0.029775,0.000283,6.3e-05,-0.004119,-0.005911,-0.005974,-0.008332,-0.028203,-0.049018,-0.073165,-0.092565,0.003804,0.00261,-0.02116,-0.046314,-0.071184,0.005345,0.011665,0.016727,0.022795,0.029555,-0.001226,-0.001698,-0.008018,-0.00937,-0.009558,-0.034429,-0.077693,-0.113348,-0.134288,-0.158278,-0.02006,-0.091873,-0.16834,-0.238392,-0.287536,-0.007439,-0.049266,-0.07484,-0.10398,-0.112434,-0.001211,-0.001344,-0.00351,-0.003383,-0.003575,0.016267,0.037942,0.047996,0.052743,0.055033,-0.001576,-0.002165,-0.002169,-0.000656,-0.00034,0.428959,-0.574342,-0.140778,-0.895202,1,0,0,0,0,0,0,0,0,0,0
2002,0.002547,0.008206,0.014777,0.022731,0.028799,-0.000189,-0.001729,-0.005691,-0.006288,-0.005785,-0.008772,-0.030277,-0.051939,-0.078883,-0.085108,-9.4e-05,-0.009683,-0.036848,-0.059358,-0.091804,0.003584,0.009023,0.013896,0.021159,0.026472,-0.000314,-0.002861,-0.008206,-0.008269,-0.0083,-0.024869,-0.061528,-0.088535,-0.11485,-0.131639,-0.036093,-0.112901,-0.184741,-0.24347,-0.29085,-0.020053,-0.059448,-0.08373,-0.104072,-0.101888,4.1e-05,-0.000987,-0.002623,-0.002203,-0.002848,0.01338,0.028064,0.034543,0.03789,0.039619,-0.000815,-0.00077,0.000334,0.000916,0.001419,0.438523,-0.550764,-0.140372,-0.893572,1,0,0,0,0,0,0,0,0,0,0
2003,0.00305,0.008457,0.016475,0.023674,0.028925,-3.1e-05,-0.004213,-0.006005,-0.006068,-0.004685,-0.011098,-0.031912,-0.056058,-0.075456,-0.080675,-0.0011,-0.024869,-0.050021,-0.07489,-0.100483,0.002735,0.007797,0.013865,0.020625,0.025812,-0.000157,-0.006477,-0.007829,-0.008017,-0.007891,-0.018392,-0.054046,-0.074985,-0.098974,-0.114191,-0.035716,-0.112178,-0.182227,-0.231368,-0.272586,-0.021771,-0.047344,-0.076482,-0.084935,-0.082981,-0.000175,-0.00234,-0.002213,-0.002406,-0.003658,0.008286,0.018336,0.023081,0.02537,0.027172,0.000226,0.000223,0.001735,0.002051,0.001952,0.44809,-0.533152,-0.141223,-0.892362,1,0,0,0,0,0,0,0,0,0,0
2004,0.002611,0.009185,0.017144,0.023215,0.027241,-0.00151,-0.005473,-0.006071,-0.005568,-0.004467,-0.010412,-0.032086,-0.059044,-0.065272,-0.070431,-0.008493,-0.035672,-0.058195,-0.090658,-0.108525,0.002705,0.007581,0.014847,0.020164,0.025574,-0.002391,-0.007738,-0.007801,-0.007833,-0.007109,-0.018276,-0.045297,-0.071626,-0.088424,-0.09761,-0.041114,-0.112992,-0.171753,-0.219157,-0.250488,-0.017633,-0.041927,-0.062281,-0.060095,-0.062193,-0.000854,-0.002491,-0.002071,-0.002716,-0.002874,0.006422,0.012925,0.016284,0.01802,0.019381,-0.000182,0.000926,0.00151,0.002015,0.000942,0.451823,-0.520229,-0.142179,-0.892281,1,0,0,0,0,0,0,0,0,0,0
2005,0.002801,0.010827,0.018035,0.023291,0.025809,-0.002675,-0.004469,-0.004532,-0.003147,-0.002361,-0.010418,-0.034591,-0.054011,-0.059236,-0.060558,-0.015297,-0.040477,-0.065374,-0.090994,-0.106637,0.002361,0.008435,0.015202,0.020396,0.024802,-0.003934,-0.005288,-0.005477,-0.005351,-0.003808,-0.017406,-0.038368,-0.062383,-0.077617,-0.080009,-0.035409,-0.105536,-0.154731,-0.195995,-0.222056,-0.007958,-0.037128,-0.045591,-0.043634,-0.046848,-0.001313,-0.001186,-0.001379,-0.002633,-0.00159,0.00368,0.008462,0.010769,0.012585,0.013537,0.00018,0.001704,0.002022,0.001923,0.000599,0.454282,-0.508575,-0.14319,-0.89308,1,0,0,0,0,0,0,0,0,0,0
2006,0.003778,0.011743,0.017819,0.021849,0.024305,-0.001291,-0.001889,-0.001385,-0.000283,0.002959,-0.011271,-0.038251,-0.044485,-0.049648,-0.051883,-0.0119,-0.034442,-0.066932,-0.084814,-0.094951,0.002519,0.009791,0.015112,0.020527,0.024871,-0.001417,-0.00148,-0.001511,-0.000787,0.00148,-0.009634,-0.035985,-0.052796,-0.061989,-0.067058,-0.03652,-0.095329,-0.142773,-0.17413,-0.201488,-0.016355,-0.036725,-0.034538,-0.036637,-0.040505,-0.000324,9.6e-05,-0.00055,-0.000707,-0.001369,0.002855,0.006233,0.007979,0.009348,0.010916,0.000935,0.001523,0.002031,0.000951,-0.000586,0.460332,-0.493927,-0.144553,-0.894055,1,0,0,0,0,0,0,0,0,0,0
2007,0.004254,0.011471,0.016733,0.019254,0.021744,-0.000504,-0.000567,0.000819,0.001607,0.006838,-0.01292,-0.032364,-0.037595,-0.038919,-0.04144,-0.013299,-0.038225,-0.063877,-0.079539,-0.087102,0.003561,0.010336,0.015536,0.019948,0.024202,6.3e-05,-0.000126,0.0,0.001544,0.003687,-0.011345,-0.035389,-0.050641,-0.053036,-0.064476,-0.033656,-0.082911,-0.124224,-0.150317,-0.179751,-0.012835,-0.021308,-0.019349,-0.022566,-0.021816,0.000452,0.000259,-0.000996,4.7e-05,-0.002715,0.001948,0.004275,0.006106,0.007067,0.009235,0.000595,0.000916,0.000816,-0.000518,-0.002218,0.469514,-0.480571,-0.145132,-0.893726,1,0,0,0,0,0,0,0,0,0,0
2008,0.003721,0.009807,0.013843,0.016303,0.018226,-9.5e-05,0.00041,0.001514,0.004762,0.011447,-0.014095,-0.020339,-0.02551,-0.027749,-0.027844,-0.009271,-0.041813,-0.059724,-0.069878,-0.079149,0.003721,0.00905,0.014474,0.018825,0.022294,-0.000126,-0.000158,0.000568,0.002838,0.004982,-0.015041,-0.03188,-0.041088,-0.046165,-0.054584,-0.025227,-0.072747,-0.104155,-0.131557,-0.151423,-0.00756,-0.005369,-0.007472,-0.011345,-0.006957,-3.1e-05,-0.000678,-0.000836,-0.001498,-0.005723,0.00146,0.003226,0.00461,0.006196,0.007377,-4e-06,0.00051,-0.000582,-0.002136,-0.003824,0.473482,-0.47642,-0.145432,-0.893948,1,0,0,0,0,0,0,0,0,0,0
2009,0.0035,0.008766,0.011289,0.01378,0.014789,3.2e-05,0.001419,0.002207,0.007442,0.014316,-0.005361,-0.010595,-0.01192,-0.014442,-0.013938,-0.015672,-0.04134,-0.057012,-0.06458,-0.072747,0.003059,0.008262,0.012676,0.016933,0.019834,-6.3e-05,6.3e-05,0.001608,0.003752,0.005802,-0.009019,-0.024281,-0.026677,-0.038124,-0.04298,-0.02406,-0.0654,-0.09151,-0.120962,-0.135625,-0.000918,0.001042,-0.002177,-0.001426,0.001771,-0.000162,-0.001418,-0.000373,-0.003138,-0.007578,0.000877,0.002717,0.003682,0.00586,0.006633,0.000326,0.000226,-0.001115,-0.002822,-0.004763,0.479369,-0.467712,-0.145817,-0.893063,1,0,0,0,0,0,0,0,0,0,0
2010,0.002587,0.006624,0.009085,0.011009,0.011797,0.000473,0.001577,0.004826,0.011513,0.017065,-0.000883,-0.006056,-0.008296,-0.008391,-0.009148,-0.016876,-0.034792,-0.044949,-0.054223,-0.058261,0.002271,0.007697,0.01205,0.015519,0.018043,3.2e-05,0.000757,0.003028,0.005173,0.00757,-0.007823,-0.017033,-0.022112,-0.030534,-0.035266,-0.023468,-0.054886,-0.082297,-0.102169,-0.119392,0.00311,0.001007,-0.002868,0.001522,0.001585,-0.000485,-0.000643,-0.001306,-0.005532,-0.008346,0.000891,0.002278,0.003868,0.005051,0.006422,0.000188,-0.000907,-0.002464,-0.004156,-0.005757,0.482354,-0.46005,-0.146305,-0.893215,1,0,0,0,0,0,0,0,0,0,0
2011,0.002681,0.005204,0.007695,0.008704,0.009556,0.000915,0.001703,0.006938,0.013813,0.018481,-0.004352,-0.005677,-0.0082,-0.007695,-0.00842,-0.008799,-0.024473,-0.032042,-0.04021,-0.044846,0.002933,0.007348,0.011606,0.014507,0.016967,9.5e-05,0.00164,0.003784,0.005834,0.01148,-0.007443,-0.00984,-0.021288,-0.026144,-0.031695,-0.017882,-0.043994,-0.07345,-0.088115,-0.107794,-0.001149,-0.004369,-0.003618,-0.00042,0.000379,-0.000771,0.000273,-0.002491,-0.006932,-0.005693,0.000952,0.001918,0.004097,0.004871,0.00644,-0.000288,-0.00163,-0.003339,-0.005281,-0.006281,0.488667,-0.448398,-0.147137,-0.895879,1,0,0,0,0,0,0,0,0,0,0
2012,0.001357,0.003818,0.005742,0.006531,0.006878,0.000189,0.003439,0.010128,0.015681,0.018931,-0.00082,-0.00306,-0.003155,-0.003912,-0.003691,-0.009118,-0.019278,-0.028554,-0.032592,-0.041648,0.002493,0.006847,0.010317,0.012841,0.015397,0.000631,0.002903,0.005048,0.007446,0.014261,-0.001767,-0.006847,-0.015271,-0.020003,-0.025178,-0.013535,-0.040953,-0.060831,-0.078058,-0.106864,-0.000954,-0.00483,-0.000439,-0.000376,0.000397,0.000614,-5e-05,-0.004277,-0.007091,-0.003196,0.000434,0.002027,0.003213,0.004586,0.006649,-0.000808,-0.002368,-0.004062,-0.005667,-0.006794,0.492077,-0.431564,-0.148312,-0.898,1,0,0,0,0,0,0,0,0,0,0
2013,0.001168,0.003662,0.004672,0.005524,0.005556,0.0006,0.00584,0.012722,0.017394,0.019635,-0.000505,-0.00303,-0.002525,-0.003251,-0.002241,-0.006566,-0.014142,-0.022318,-0.026958,-0.040532,0.001926,0.006187,0.009091,0.011554,0.014679,0.000915,0.003062,0.005114,0.010764,0.015152,-0.000631,-0.01209,-0.016952,-0.022507,-0.022381,-0.012595,-0.042079,-0.056758,-0.076456,-0.117462,-0.002268,-0.001516,0.001684,0.002484,-0.001714,0.000432,-0.002336,-0.006781,-0.005541,-0.002882,0.000536,0.002731,0.00351,0.005089,0.00778,-0.00054,-0.002261,-0.004216,-0.005223,-0.007193,0.495078,-0.408587,-0.149494,-0.898639,1,0,0,0,0,0,0,0,0,0,0
2014,0.001296,0.003223,0.004013,0.004361,0.004551,0.002655,0.009354,0.014916,0.018171,0.021679,-0.001738,-0.001833,-0.002591,-0.00237,0.004804,-0.003603,-0.012894,-0.016939,-0.026009,-0.044496,0.002433,0.00591,0.008438,0.010998,0.014758,0.001359,0.003508,0.00591,0.012736,0.017318,-0.004456,-0.012894,-0.017634,-0.022817,-0.020099,-0.014853,-0.034762,-0.052017,-0.08087,-0.131718,-0.001611,0.002786,0.00285,0.003624,0.003616,-0.001096,-0.00533,-0.008149,-0.004248,-0.002549,0.00107,0.002269,0.003658,0.005745,0.008939,-0.001033,-0.002747,-0.00437,-0.005509,-0.008005,0.498237,-0.383711,-0.149537,-0.899976,1,0,0,0,0,0,0,0,0,0,0
2015,0.001201,0.002212,0.003066,0.003097,0.003729,0.002591,0.009481,0.014158,0.016402,0.022786,-0.00079,-0.000284,-0.001011,0.0,0.015928,-0.003982,-0.012167,-0.016813,-0.030402,-0.053283,0.001833,0.00474,0.007206,0.010334,0.014063,0.00079,0.002844,0.008501,0.012894,0.017951,-0.007016,-0.011883,-0.017445,-0.017319,0.007206,-0.014664,-0.029359,-0.04908,-0.090132,-0.139181,0.002364,0.005568,0.006369,0.002166,-0.008851,-0.001674,-0.006125,-0.004883,-0.002221,-0.002958,0.001141,0.001926,0.003518,0.006231,0.008675,-0.000701,-0.002672,-0.003687,-0.005673,-0.008155,0.480394,-0.364428,-0.15023,-0.900715,1,0,0,0,0,0,0,0,0,0,0
2016,0.000727,0.001516,0.001864,0.002053,0.002527,0.004107,0.009667,0.012921,0.016428,0.020566,0.000695,-6.3e-05,0.000158,0.007329,0.027232,-0.005307,-0.009351,-0.018418,-0.036899,-0.066627,0.001643,0.00417,0.006729,0.010488,0.012826,0.001358,0.003759,0.010583,0.015164,0.017281,-0.001422,-0.00616,-0.011341,-0.008625,0.041448,-0.005244,-0.022493,-0.051336,-0.102167,-0.154009,0.002033,0.002096,0.002871,0.002863,-0.028247,-0.002559,-0.005377,-0.001477,0.000221,-0.001419,5.8e-05,0.001443,0.003526,0.006711,0.008303,-0.001011,-0.00263,-0.003767,-0.006257,-0.007908,0.456956,-0.337827,-0.150765,-0.899298,1,0,0,0,0,0,0,0,0,0,0
2017,0.000284,0.001137,0.001169,0.001801,0.001517,0.00278,0.007456,0.0097,0.016082,0.018357,-0.00019,-0.000916,9.5e-05,0.016019,0.04496,-0.002875,-0.00752,-0.021105,-0.04398,-0.087297,0.001264,0.003728,0.006856,0.010584,0.011279,0.000695,0.006351,0.010742,0.015797,0.015924,-0.003444,-0.009005,-0.008878,0.01564,0.078798,-0.009447,-0.029162,-0.070204,-0.119239,-0.186063,0.00117,0.00197,-0.002231,-0.013245,-0.047579,-0.00189,-0.000648,0.002013,0.001276,-0.00065,0.000726,0.002315,0.005023,0.007463,0.008811,-0.000956,-0.001969,-0.003951,-0.006428,-0.00744,0.426577,-0.30432,-0.151476,-0.893736,1,0,0,0,0,0,0,0,0,0,0
2018,0.000505,0.000853,0.001042,0.001516,0.0012,0.00278,0.006034,0.00954,0.013678,0.022997,-0.000569,-0.000347,0.006823,0.026725,0.063273,-0.001169,-0.010235,-0.028715,-0.05844,-0.099001,0.001264,0.003822,0.007581,0.009919,0.010235,0.001706,0.008529,0.01311,0.015226,0.015384,-0.001295,-0.006476,-0.003759,0.04631,0.119882,-0.007803,-0.036644,-0.087471,-0.139309,-0.217903,-0.001107,-0.000332,-0.00034,-0.031448,-0.065437,-0.000928,0.002972,0.00467,0.00303,-0.005841,0.00066,0.002741,0.005925,0.007516,0.009042,-0.000664,-0.0018,-0.004289,-0.005939,-0.007623,0.394326,-0.26856,-0.151993,-0.888544,0,0,1,0,0,0,0,0,0,0,0
2019,0.000348,0.000379,0.001011,0.000727,-0.000253,0.001896,0.004139,0.01052,0.012795,0.021767,-0.000158,0.000853,0.016776,0.045714,0.096736,-0.003475,-0.01706,-0.039933,-0.083246,-0.113164,0.001201,0.004328,0.008056,0.008751,0.008846,0.003949,0.00834,0.013395,0.013522,0.013648,-0.004265,-0.004139,0.020377,0.083531,0.190882,-0.01191,-0.052949,-0.101981,-0.168799,-0.239819,0.001907,-0.002294,-0.013307,-0.047639,-0.09722,0.00217,0.004831,0.004094,0.002169,-0.006303,0.000928,0.003634,0.006073,0.00742,0.008812,-0.000349,-0.00233,-0.004806,-0.005817,-0.007704,0.330951,-0.246831,-0.151754,-0.884548,0,0,1,0,0,0,0,0,0,0,0
2020,0.0,0.00019,0.000664,0.000348,-0.003761,0.001359,0.004868,0.009008,0.018333,0.020293,0.000379,0.007554,0.027468,0.064039,0.116256,-0.005595,-0.024086,-0.053829,-0.094415,-0.131713,0.001359,0.005121,0.00746,0.007776,0.007523,0.002876,0.00746,0.009577,0.009735,0.009451,-0.000917,0.001802,0.051901,0.125517,0.248727,-0.016942,-0.0678,-0.11967,-0.198312,-0.27531,-0.001133,-0.001141,-0.032267,-0.066277,-0.121986,0.001731,0.00343,0.001789,-0.007087,-0.00852,0.001159,0.004357,0.005954,0.007487,0.008252,-0.000791,-0.003291,-0.004948,-0.006639,-0.009433,0.280995,-0.204314,-0.152051,-0.877998,0,0,1,0,0,0,0,0,0,0,0
2021,3.2e-05,0.000664,0.000379,-0.000601,-0.011983,0.000885,0.007272,0.009548,0.018527,0.018622,0.000632,0.016567,0.045528,0.096588,0.137468,-0.007999,-0.030889,-0.074235,-0.104176,-0.14572,0.001771,0.005501,0.006197,0.006292,0.003636,0.001518,0.006576,0.006703,0.006829,0.005375,0.001043,0.025578,0.088779,0.196211,0.301209,-0.024123,-0.073192,-0.140061,-0.211134,-0.293495,-0.003071,-0.014092,-0.04845,-0.098068,-0.138073,0.000931,0.000194,-0.001733,-0.010211,-0.009922,0.00156,0.004011,0.005366,0.006765,0.007258,-0.001199,-0.003688,-0.004705,-0.006602,-0.012468,0.22895,-0.178523,-0.150706,-0.870194,0,0,1,0,0,0,0,0,0,0,0
2022,0.000158,0.000632,0.000316,-0.003793,-0.017734,0.002624,0.006765,0.016091,0.018051,0.017608,0.006544,0.026459,0.063035,0.115258,0.155405,-0.010495,-0.040242,-0.080832,-0.118135,-0.181391,0.001992,0.004331,0.004647,0.004394,-0.000348,0.003066,0.005184,0.005342,0.005058,0.004204,0.001675,0.051781,0.125406,0.24863,0.365721,-0.026744,-0.078619,-0.157271,-0.234278,-0.310843,0.003063,-0.028067,-0.062081,-0.117796,-0.170568,0.000768,-0.000873,-0.009751,-0.011184,-0.009615,0.001642,0.00324,0.004775,0.005541,0.00576,-0.001303,-0.002962,-0.004655,-0.007451,-0.013476,0.162117,-0.146214,-0.149394,-0.867518,0,0,1,0,0,0,0,0,0,0,0
2023,0.000474,0.00019,-0.000791,-0.012177,-0.024259,0.003764,0.006041,0.015023,0.015118,0.01341,0.009394,0.038365,0.089444,0.130339,0.170349,-0.012398,-0.05576,-0.085712,-0.127271,-0.205582,0.00174,0.002435,0.00253,-0.000127,-0.00642,0.001993,0.002119,0.002246,0.000791,0.001107,0.022867,0.086092,0.193564,0.2986,0.425524,-0.022329,-0.089223,-0.160323,-0.242714,-0.330418,-0.014089,-0.048459,-0.098096,-0.138116,-0.183024,-0.001506,-0.003433,-0.011914,-0.011626,-0.008362,0.00081,0.002168,0.003571,0.004065,0.004167,-0.001187,-0.002207,-0.004109,-0.00999,-0.013491,0.104765,-0.102984,-0.14861,-0.867876,0,0,1,0,0,0,0,0,0,0,0
2024,0.0,-0.000317,-0.004433,-0.018399,-0.032459,0.00038,0.009722,0.011685,0.011242,0.00741,0.010545,0.047184,0.099499,0.139716,0.194121,-0.017385,-0.058046,-0.095414,-0.15878,-0.241052,0.000602,0.000918,0.000665,-0.004085,-0.015327,0.000127,0.000285,0.0,-0.000855,-0.000697,0.027297,0.101051,0.22449,0.341786,0.457435,-0.029609,-0.108397,-0.185539,-0.262237,-0.39904,-0.017077,-0.05115,-0.106963,-0.159827,-0.131167,-0.000136,-0.009029,-0.010465,-0.008893,-0.004368,0.000801,0.002354,0.003129,0.003351,0.003433,-0.000482,-0.002195,-0.005026,-0.011125,-0.012387,0.051109,-0.013771,-0.148428,-0.866523,0,0,1,0,0,0,0,0,0,0,0
2025,-0.000285,-0.001268,-0.01268,-0.024789,-0.039498,0.001902,0.010905,0.011,0.009288,0.006974,0.018481,0.069677,0.110665,0.150765,0.217494,-0.026057,-0.056077,-0.097731,-0.17622,-0.235183,9.5e-05,0.00019,-0.002473,-0.008781,-0.021366,0.0,0.000127,-0.001331,-0.001014,9.5e-05,0.036043,0.14376,0.249035,0.376248,0.509071,-0.037406,-0.108668,-0.191246,-0.279151,-0.477688,-0.017353,-0.067103,-0.107214,-0.152225,-0.016035,-0.001796,-0.010296,-0.010007,-0.006736,-0.002915,0.000573,0.001999,0.002501,0.002604,0.003236,-0.00055,-0.002483,-0.008459,-0.012016,-0.012949,-0.026355,0.086352,-0.148312,-0.863836,0,0,1,0,0,0,0,0,0,0,0
2026,-3.2e-05,-0.00417,-0.018206,-0.032339,-0.041696,0.00748,0.009453,0.009008,0.005156,0.00557,0.01827,0.070852,0.111275,0.165958,0.216471,-0.014705,-0.052264,-0.115954,-0.198647,-0.190944,0.000223,-3.2e-05,-0.004806,-0.016106,-0.024381,0.000159,-0.000127,-0.000987,-0.000828,0.001178,0.037941,0.162011,0.279907,0.396148,0.553639,-0.041633,-0.119169,-0.19626,-0.333762,-0.449748,-0.016823,-0.072921,-0.126056,-0.09725,0.041944,-0.007136,-0.008579,-0.006999,-0.00245,-0.000653,0.00102,0.001823,0.002053,0.002138,0.006244,-0.001209,-0.004143,-0.010464,-0.011772,-0.012279,-0.105019,0.087989,-0.154242,-0.862517,0,0,1,0,0,0,0,0,0,0,0
2027,-0.000958,-0.012458,-0.024661,-0.039484,-0.042391,0.001565,0.001661,-6.4e-05,-0.002396,-0.000511,0.033255,0.074559,0.114969,0.182213,0.226105,-0.015493,-0.057469,-0.136564,-0.195981,-0.198697,-0.000128,-0.002811,-0.009168,-0.02185,-0.025109,-3.2e-05,-0.001501,-0.001182,-6.4e-05,0.001789,0.07047,0.176559,0.304753,0.438602,0.575932,-0.030028,-0.113244,-0.201827,-0.401897,-0.470515,-0.03325,-0.07367,-0.119028,0.018213,0.106602,-0.001404,-0.001113,0.002184,0.006034,0.005921,0.000458,0.000988,0.001097,0.001764,0.007541,-0.0008,-0.007106,-0.01086,-0.011845,-0.011587,-0.162534,0.141174,-0.157525,-0.858354,0,0,1,0,0,0,0,0,0,0,0
2028,-0.003195,-0.017284,-0.031469,-0.040862,-0.045366,0.000415,-3.2e-05,-0.003898,-0.003482,0.009904,0.01952,0.060094,0.114981,0.165683,0.203414,-0.022204,-0.086132,-0.169133,-0.161402,-0.199165,-0.000128,-0.00492,-0.016262,-0.024568,-0.025399,-0.000256,-0.001118,-0.000958,0.001054,0.003067,0.054056,0.172392,0.289067,0.447146,0.558933,-0.047794,-0.125173,-0.263189,-0.379608,-0.434974,-0.023054,-0.076387,-0.047473,0.092239,0.139568,-4.4e-05,0.001542,0.006107,0.007911,-0.002264,0.000366,0.000602,0.000689,0.004903,0.016983,-0.002211,-0.008699,-0.010042,-0.010562,-0.015125,-0.215628,0.129848,-0.159354,-0.854993,0,0,1,0,0,0,0,0,0,0,0
2029,-0.008321,-0.020547,-0.035396,-0.038309,-0.049446,-0.00032,-0.002048,-0.004385,-0.002496,0.009121,0.021827,0.062312,0.12968,0.173654,0.196985,-0.01981,-0.099052,-0.15858,-0.1613,-0.19228,-0.00256,-0.008929,-0.021635,-0.024899,-0.02858,-0.001216,-0.000896,0.000224,0.00208,0.003648,0.052135,0.180567,0.314663,0.452249,0.541604,-0.035492,-0.12424,-0.324681,-0.393425,-0.384912,-0.017401,-0.062843,0.074652,0.163206,0.160368,0.000336,0.003638,0.007496,0.007383,-0.000563,0.000166,0.000277,0.000952,0.006805,0.022762,-0.00415,-0.007953,-0.008951,-0.00869,-0.01562,-0.251311,0.114018,-0.161735,-0.853179,0,0,1,0,0,0,0,0,0,0,0
2030,-0.00578,-0.01996,-0.029349,-0.033852,-0.047808,-0.000128,-0.003992,-0.003577,0.009804,0.027976,0.018778,0.073645,0.124327,0.162044,0.197014,-0.044136,-0.127106,-0.119377,-0.157125,-0.205604,-0.002236,-0.013573,-0.021876,-0.022707,-0.028551,0.000351,0.000511,0.002523,0.004535,0.013892,0.066267,0.182898,0.340917,0.452662,0.538155,-0.041932,-0.179896,-0.296271,-0.351616,-0.374386,-0.035949,-0.007046,0.132614,0.179925,0.18804,0.00125,0.005814,0.007617,-0.002555,-0.008997,7.1e-05,0.000158,0.004362,0.016409,0.027938,-0.002382,-0.003721,-0.00424,-0.008791,-0.015637,-0.301056,0.131091,-0.160286,-0.861364,0,0,1,0,0,0,0,0,0,0,0
2031,-0.006393,-0.021151,-0.024046,-0.035114,-0.04965,-0.00159,-0.003912,-0.002036,0.00951,0.041889,0.021533,0.088485,0.132187,0.155374,0.201748,-0.034796,-0.093956,-0.096659,-0.127448,-0.185304,-0.004103,-0.01673,-0.019974,-0.023632,-0.02958,-3.2e-05,0.001081,0.002926,0.004485,0.02042,0.061641,0.194909,0.331645,0.420448,0.524645,-0.046437,-0.24564,-0.31396,-0.3055,-0.355086,-0.009359,0.127287,0.215294,0.212473,0.243009,0.002037,0.005871,0.005759,-0.002139,-0.015687,3.6e-05,0.000683,0.006288,0.021567,0.033091,-0.001327,-0.002282,-0.002032,-0.008668,-0.016574,-0.353288,0.14864,-0.1611,-0.86648,0,0,1,0,0,0,0,0,0,0,0
2032,-0.007726,-0.017074,-0.021557,-0.035451,-0.047915,-0.002257,-0.001844,0.011478,0.029569,0.059139,0.033099,0.083557,0.121107,0.155923,0.208639,-0.04782,-0.040125,-0.077707,-0.125972,-0.177289,-0.007186,-0.015452,-0.016279,-0.022098,-0.027598,0.000191,0.002194,0.004197,0.013513,0.021684,0.054497,0.211818,0.323069,0.408184,0.521215,-0.090934,-0.206795,-0.261895,-0.284565,-0.327298,0.038131,0.177174,0.224275,0.232355,0.268078,0.002507,0.004302,-0.005825,-0.012238,-0.030796,4.8e-05,0.004123,0.015803,0.02698,0.041868,2.5e-05,-0.000478,-0.00489,-0.011527,-0.01874,-0.405366,0.163044,-0.159968,-0.865436,0,0,1,0,0,0,0,0,0,0,0
2033,-0.007029,-0.009923,-0.02099,-0.035525,-0.042808,-6.4e-05,0.001813,0.013358,0.045734,0.074611,0.033839,0.077537,0.100722,0.147092,0.191617,-0.011322,-0.014025,-0.044811,-0.102662,-0.142258,-0.005438,-0.008682,-0.01234,-0.018287,-0.023312,0.000922,0.002767,0.004325,0.020259,0.032853,0.078746,0.21547,0.304266,0.408455,0.503071,-0.108228,-0.176542,-0.168082,-0.217664,-0.245493,0.098494,0.186493,0.183673,0.214206,0.242852,0.001326,0.001214,-0.006683,-0.020231,-0.035158,0.000599,0.006199,0.02147,0.032988,0.048387,-0.00098,-0.00073,-0.007362,-0.015263,-0.018935,-0.435313,0.169189,-0.1571,-0.87382,0,0,1,0,0,0,0,0,0,0,0
2034,-0.002312,-0.006779,-0.020622,-0.033039,-0.042732,0.000475,0.013748,0.031772,0.061232,0.08613,0.016567,0.053978,0.088664,0.141185,0.181605,0.018943,-0.018499,-0.066585,-0.117712,-0.145176,-0.002819,-0.003643,-0.00944,-0.01492,-0.021192,0.001077,0.003073,0.012354,0.020495,0.043778,0.078306,0.189144,0.273944,0.386556,0.457988,-0.007634,-0.062531,-0.085117,-0.127691,-0.145715,0.040426,0.087353,0.095402,0.130993,0.148644,0.000468,-0.009621,-0.016011,-0.034499,-0.035005,0.003388,0.014768,0.025659,0.040165,0.051497,0.000463,-0.003837,-0.010303,-0.017331,-0.019102,-0.465962,0.174234,-0.153629,-0.879634,0,0,1,0,0,0,0,0,0,0,0
2035,-0.000569,-0.011563,-0.026002,-0.033237,-0.042368,0.00139,0.012859,0.045021,0.073709,0.09295,0.026887,0.049919,0.095983,0.140214,0.188932,-0.021579,-0.052162,-0.109631,-0.148966,-0.181034,-0.000411,-0.004044,-0.009952,-0.014944,-0.020947,0.000758,0.002306,0.018135,0.030646,0.051277,0.057722,0.145933,0.249435,0.343427,0.408511,-0.06025,-0.051846,-0.101101,-0.128746,-0.15421,0.047099,0.044298,0.074629,0.103087,0.111757,-0.000578,-0.008423,-0.021881,-0.03671,-0.034441,0.002021,0.016601,0.027597,0.0423,0.049097,-0.000216,-0.006548,-0.014092,-0.017598,-0.018784,-0.490555,0.183547,-0.150947,-0.886593,0,0,1,0,0,0,0,0,0,0,0
2036,-0.003875,-0.017643,-0.029993,-0.039633,-0.042437,0.011814,0.029741,0.05904,0.083803,0.088151,0.010397,0.044895,0.09713,0.13733,0.184115,-0.015721,-0.063546,-0.114395,-0.14171,-0.180902,-0.00041,-0.006175,-0.011625,-0.017863,-0.022841,0.001229,0.01046,0.018556,0.041713,0.059418,0.052676,0.137015,0.249016,0.320059,0.379194,0.005482,-0.016981,-0.059324,-0.07725,-0.101856,-0.000294,0.007711,0.043109,0.060664,0.061859,-0.009458,-0.015813,-0.034201,-0.034704,-0.02261,0.008973,0.019455,0.033419,0.044327,0.053072,-0.003927,-0.010152,-0.016916,-0.018622,-0.015609,-0.511467,0.181357,-0.150421,-0.892983,0,0,1,0,0,0,0,0,0,0,0
2037,-0.007077,-0.021453,-0.028656,-0.037747,-0.038627,-0.000377,0.031644,0.060206,0.079362,0.075147,0.012551,0.058413,0.102451,0.150955,0.187475,-0.014753,-0.07197,-0.111132,-0.14306,-0.179359,-0.003208,-0.009091,-0.014061,-0.020037,-0.025007,0.000315,0.016074,0.02853,0.049071,0.059357,0.03523,0.138279,0.231859,0.296657,0.341639,0.002894,-0.046145,-0.073669,-0.099022,-0.11324,-0.002495,0.027704,0.056036,0.064668,0.058611,0.001633,-0.011767,-0.02653,-0.024271,-0.011621,0.005264,0.015927,0.030185,0.036776,0.047011,-0.002257,-0.009572,-0.012972,-0.014122,-0.009913,-0.520544,0.17574,-0.149129,-0.899339,0,0,1,0,0,0,0,0,0,0,0
2038,-0.006677,-0.019024,-0.028662,-0.031465,-0.0343,0.018299,0.047591,0.072348,0.076694,0.07304,0.021922,0.074143,0.114332,0.161105,0.182113,-0.03304,-0.083875,-0.111183,-0.150365,-0.17827,-0.002551,-0.008,-0.014236,-0.019213,-0.025638,0.008914,0.017008,0.040158,0.057859,0.057922,0.04904,0.16101,0.232035,0.291154,0.320509,-0.025355,-0.067686,-0.085608,-0.110206,-0.121514,0.010502,0.04589,0.06344,0.064635,0.062299,-0.007988,-0.026371,-0.026874,-0.014784,-0.012254,0.005151,0.019088,0.029976,0.038705,0.046702,-0.003936,-0.010687,-0.01239,-0.009383,-0.006929,-0.531877,0.174516,-0.149651,-0.89864,0,0,1,0,0,0,0,0,0,0,0
2039,-0.007724,-0.014944,-0.024056,-0.024938,-0.030613,0.013778,0.042405,0.061605,0.05738,0.048805,0.024024,0.068163,0.116778,0.153381,0.166465,-0.024276,-0.063528,-0.095528,-0.131911,-0.16161,-0.003342,-0.008323,-0.014314,-0.019295,-0.02992,0.006873,0.019358,0.039945,0.050255,0.047859,0.054196,0.14799,0.212937,0.258021,0.280154,-0.023772,-0.051358,-0.07677,-0.09102,-0.101676,0.019756,0.048153,0.056805,0.050734,0.048108,-0.005434,-0.020231,-0.017967,-0.005287,-0.000725,0.005649,0.020137,0.026834,0.037234,0.046287,-0.003471,-0.006925,-0.008094,-0.003818,-0.000156,-0.537874,0.173961,-0.144922,-0.899489,0,0,1,0,0,0,0,0,0,0,0
2040,-0.004625,-0.014254,-0.017054,-0.019886,-0.024385,0.015512,0.040244,0.044586,0.040936,0.031308,0.028193,0.068342,0.115067,0.136054,0.143574,-0.026556,-0.053836,-0.092979,-0.120857,-0.14326,-0.002108,-0.008338,-0.01331,-0.019728,-0.027752,0.001227,0.024354,0.042037,0.0421,0.039835,0.05777,0.128723,0.187783,0.217108,0.225068,-0.018564,-0.036468,-0.061042,-0.072338,-0.075988,0.015636,0.033168,0.034362,0.032029,0.022648,-0.012942,-0.013444,-0.001366,0.001161,0.007269,0.008269,0.01908,0.027748,0.035688,0.042426,-0.003282,-0.004972,-0.001986,0.000451,0.003498,-0.535586,0.166886,-0.148136,-0.901284,0,0,1,0,0,0,0,0,0,0,0
2041,-0.002574,-0.011644,-0.012523,-0.018172,-0.023319,0.013025,0.032138,0.027932,0.019396,0.015033,0.015818,0.064213,0.100651,0.113676,0.118227,-0.012585,-0.044441,-0.080659,-0.110223,-0.119356,-0.002856,-0.008819,-0.013778,-0.024355,-0.026489,0.011204,0.031699,0.041962,0.039576,0.037662,0.035747,0.1004,0.14528,0.167312,0.163327,-0.008945,-0.034241,-0.048427,-0.059035,-0.057779,0.012672,0.021285,0.015242,0.012627,-1.5e-05,-0.001822,0.000432,0.013054,0.017596,0.020773,0.005912,0.0124,0.022475,0.031245,0.033103,-0.000123,-0.001255,0.002888,0.006435,0.005117,-0.527147,0.164158,-0.151715,-0.901907,0,0,1,0,0,0,0,0,0,0,0
2042,-0.007016,-0.009803,-0.012622,-0.017101,-0.020828,0.01162,0.015942,0.012309,0.002725,-0.000658,0.024179,0.070689,0.091579,0.099064,0.108961,-0.014595,-0.053557,-0.081306,-0.103606,-0.112344,-0.003351,-0.0083,-0.014689,-0.022675,-0.022769,0.011839,0.029441,0.029503,0.027248,0.025776,0.034953,0.09374,0.12293,0.130854,0.126688,-0.008895,-0.033355,-0.044599,-0.048232,-0.04391,0.004805,0.005993,0.003671,-0.005667,-0.02436,0.001318,0.013341,0.015856,0.021936,0.024764,0.00464,0.013031,0.020719,0.027242,0.028528,-0.001516,0.001375,0.003734,0.006684,0.004962,-0.520153,0.1524,-0.15734,-0.902152,0,0,1,0,0,0,0,0,0,0,0
2043,-0.002023,-0.002895,-0.008497,-0.013601,-0.013134,0.007408,0.003237,-0.005229,-0.009555,-0.013103,0.023966,0.060101,0.073018,0.077531,0.086214,-0.017087,-0.053005,-0.082324,-0.091381,-0.102212,-0.002583,-0.007501,-0.01799,-0.020106,-0.01522,0.008559,0.018737,0.016371,0.014473,0.015531,0.029381,0.073889,0.095738,0.091785,0.084876,-0.016247,-0.030315,-0.040835,-0.03959,-0.030938,0.003766,-0.002227,-0.00482,-0.017357,-0.040537,0.000925,0.013443,0.017947,0.021097,0.026753,0.001679,0.011183,0.019456,0.021208,0.023835,0.000383,0.00429,0.007636,0.006393,0.004658,-0.510643,0.145159,-0.163845,-0.903399,0,0,1,0,0,0,0,0,0,0,0
2044,-0.000744,-0.003533,-0.007964,-0.011652,-0.010536,-0.003099,-0.006694,-0.016176,-0.019523,-0.021072,0.022157,0.042827,0.050233,0.060026,0.062846,-0.021537,-0.048993,-0.071058,-0.079704,-0.087792,-0.002324,-0.008646,-0.016548,-0.016641,-0.008057,0.008894,0.008956,0.006725,0.005268,0.009173,0.028913,0.057794,0.065635,0.061513,0.050481,-0.008026,-0.019151,-0.022746,-0.018469,-0.011962,-0.002574,-0.004872,-0.014111,-0.032607,-0.051794,0.010974,0.013463,0.019479,0.022277,0.029619,0.006162,0.013299,0.019354,0.020549,0.02199,0.002312,0.004503,0.007242,0.005643,0.002348,-0.503908,0.138649,-0.16958,-0.904479,1,0,0,0,0,0,0,0,0,0,0
2045,-0.000123,-0.005681,-0.010744,-0.010281,-0.009448,-0.00105,-0.009448,-0.013739,-0.017259,-0.018185,0.01377,0.026583,0.03106,0.039674,0.035753,-0.014171,-0.043255,-0.05224,-0.062984,-0.068387,-0.002563,-0.012967,-0.015067,-0.010219,-0.00213,0.001235,-0.001111,-0.002995,-0.001945,0.002069,0.015345,0.037019,0.033097,0.026243,0.01201,-0.005959,-0.016394,-0.015159,-0.006576,-0.002964,-0.00338,-0.005952,-0.018389,-0.041383,-0.054752,0.001483,0.005952,0.009077,0.014687,0.021509,0.002979,0.010798,0.012454,0.014936,0.015559,0.00144,0.004602,0.003428,0.001788,-0.001505,-0.492219,0.133452,-0.173684,-0.904669,1,0,0,0,0,0,0,0,0,0,0
2046,-0.002633,-0.007012,-0.010656,-0.009554,-0.009401,-0.002511,-0.011881,-0.015189,-0.01672,-0.023334,0.006767,0.014086,0.023763,0.026549,0.024375,-0.013076,-0.034879,-0.043422,-0.051414,-0.059652,-0.003705,-0.011514,-0.011606,-0.003123,0.002358,-0.001164,-0.003368,-0.004808,-0.000949,0.000551,0.013321,0.021068,0.016995,0.006094,-0.009156,-0.005083,-0.008635,-0.00441,0.002021,0.003675,0.001082,-0.008048,-0.026325,-0.045284,-0.061483,0.000988,0.006933,0.009698,0.016953,0.02627,0.003754,0.009325,0.010424,0.01175,0.012173,0.000655,0.003175,0.001704,-0.001327,-0.002903,-0.484114,0.130625,-0.17688,-0.902011,1,0,0,0,0,0,0,0,0,0,0
2047,-0.002878,-0.007901,-0.007441,-0.006614,-0.006676,-0.005818,-0.010075,-0.013566,-0.014484,-0.035001,0.005941,0.010381,0.018925,0.015036,0.015648,-0.01577,-0.024682,-0.035338,-0.040697,-0.056008,-0.006614,-0.008697,-0.003889,0.004134,0.006859,-0.001164,-0.003032,-0.00199,0.00199,-0.003338,0.008176,0.004287,-0.002511,-0.016628,-0.032398,-0.005267,-0.004042,0.004471,0.008054,0.010197,-0.003633,-0.015968,-0.038775,-0.052034,-0.074642,0.003444,0.006543,0.012107,0.018874,0.034213,0.003629,0.005192,0.007536,0.008124,0.009227,0.002331,0.001221,-0.000327,-0.003436,-0.002215,-0.472337,0.128107,-0.177511,-0.896566,1,0,0,0,0,0,0,0,0,0,0
2048,-0.001501,-0.005146,-0.004043,-0.00389,-0.003768,-0.003553,-0.006862,-0.008393,-0.01501,-0.036789,0.001378,0.011058,0.013846,0.011671,0.009251,-0.006035,-0.014581,-0.022576,-0.030816,-0.045244,-0.001195,-0.001287,0.007199,0.012682,0.016082,-0.001042,-0.002481,0.001378,0.002879,-0.010629,-0.000429,-0.004503,-0.015408,-0.030663,-0.053331,0.001715,0.005943,0.012375,0.01403,0.016541,-0.005498,-0.023781,-0.042748,-0.058952,-0.084731,0.002501,0.005268,0.012525,0.021846,0.030716,0.001947,0.003049,0.004378,0.004802,0.005595,0.00019,-0.001284,-0.004323,-0.005903,-0.006478,-0.4565,0.123991,-0.180312,-0.886901,1,0,0,0,0,0,0,0,0,0,0
2049,-0.003523,-0.003064,-0.002237,-0.002298,-0.002972,-0.000705,-0.004197,-0.005117,-0.025644,-0.038512,0.003064,0.011612,0.007721,0.008334,0.007231,-0.00288,-0.013542,-0.018904,-0.034223,-0.040565,-0.000889,0.003922,0.011949,0.014676,0.020405,-0.000827,0.000214,0.004197,-0.001134,-0.020129,-0.003462,-0.010264,-0.024388,-0.040167,-0.071142,-0.00049,0.008027,0.011612,0.013757,0.017065,-0.006842,-0.02966,-0.042926,-0.065546,-0.096509,0.000599,0.006166,0.012937,0.028284,0.024356,-0.00038,0.001972,0.002562,0.003669,0.003241,-0.001304,-0.002858,-0.005978,-0.004752,-0.010315,-0.434339,0.117983,-0.184238,-0.875715,1,0,0,0,0,0,0,0,0,0,0
2050,-0.000122,0.000976,0.001128,0.00125,-0.000732,-0.002592,-0.004117,-0.010704,-0.032386,-0.043365,0.006587,0.009362,0.007197,0.004788,0.002897,-0.005642,-0.013601,-0.021804,-0.036168,-0.037205,0.000793,0.00924,0.014699,0.018084,0.021987,-0.00061,0.003233,0.004727,-0.008722,-0.026104,-0.00061,-0.011466,-0.026653,-0.04922,-0.0874,0.004696,0.0111,0.012747,0.015248,0.02464,-0.011392,-0.030273,-0.046405,-0.072069,-0.109047,0.002158,0.009382,0.018661,0.027492,0.02319,0.001435,0.002724,0.003135,0.003903,0.00334,-0.000167,-0.003112,-0.004644,-0.005201,-0.010256,-0.412509,0.109033,-0.186448,-0.873077,1,0,0,0,0,0,0,0,0,0,0
2051,0.000576,0.001394,0.001334,0.000667,-0.00094,-0.000879,-0.001788,-0.022096,-0.034826,-0.044768,0.00191,-0.00194,-0.001334,-0.002425,-0.004213,-0.004941,-0.010245,-0.0254,-0.031674,-0.030492,0.003971,0.011912,0.01461,0.020278,0.022611,0.001637,0.005577,0.000303,-0.018489,-0.029158,-0.006123,-0.020096,-0.035705,-0.066349,-0.094841,0.003758,0.007305,0.009426,0.0127,0.03522,-0.011252,-0.024376,-0.046754,-0.077385,-0.110886,0.003363,0.010061,0.025244,0.021358,0.0219,0.000806,0.001353,0.00238,0.001983,0.002192,-0.001281,-0.004175,-0.003038,-0.008198,-0.010716,-0.402149,0.092878,-0.188781,-0.871379,1,0,0,0,0,0,0,0,0,0,0
2052,0.000514,0.000665,0.000786,-0.001179,-0.002026,-0.000635,-0.007166,-0.028663,-0.039548,-0.048618,0.000847,-0.0013,-0.003689,-0.005563,-0.005533,-0.002963,-0.011096,-0.025337,-0.026365,-0.027363,0.004414,0.009826,0.013183,0.017053,0.020318,0.002177,0.003658,-0.009675,-0.026909,-0.034559,-0.004656,-0.019713,-0.042087,-0.079942,-0.090796,0.0026,0.004233,0.006712,0.016025,0.043206,-0.007496,-0.02349,-0.048935,-0.085598,-0.10778,0.003809,0.013008,0.021764,0.017498,0.020151,0.000421,0.000808,0.001532,0.001002,0.001711,-0.001514,-0.002956,-0.003481,-0.008242,-0.01042,-0.398423,0.080787,-0.191006,-0.868185,1,0,0,0,0,0,0,0,0,0,0
2053,0.000302,0.000242,-0.000423,-0.002024,-0.002507,-0.000272,-0.02051,-0.033197,-0.043105,-0.050445,-0.004682,-0.004078,-0.005165,-0.006948,-0.006313,-0.002326,-0.017429,-0.023682,-0.022504,-0.026763,0.003504,0.006192,0.011841,0.014167,0.017852,0.001752,-0.003504,-0.022232,-0.032865,-0.03945,-0.009273,-0.02483,-0.055369,-0.083763,-0.085515,0.000936,0.003051,0.006313,0.028757,0.045793,-0.00559,-0.027891,-0.058419,-0.091805,-0.102679,0.00287,0.018001,0.014129,0.014669,0.016724,0.000116,0.001118,0.000731,0.000935,0.001479,-0.001321,-0.000212,-0.005249,-0.007708,-0.010069,-0.398044,0.074798,-0.192948,-0.865221,1,0,0,0,0,0,0,0,0,0,0
2054,-0.000151,-3e-05,-0.00199,-0.002835,-0.002684,-0.006243,-0.027686,-0.038543,-0.04759,-0.050003,0.002533,0.000151,-0.001719,-0.001689,0.000271,-0.00579,-0.019995,-0.021021,-0.022016,-0.023795,0.0019,0.005248,0.009108,0.012365,0.015049,-0.000271,-0.013571,-0.030762,-0.038392,-0.041589,-0.00576,-0.028078,-0.065836,-0.076663,-0.073497,0.000694,0.003167,0.012456,0.039568,0.045901,-0.010372,-0.035752,-0.072322,-0.094448,-0.096451,0.006311,0.015044,0.010789,0.013436,0.013516,0.000266,0.000977,0.000456,0.001152,0.001368,-0.000111,-0.000626,-0.005303,-0.007443,-0.009126,-0.398988,0.072978,-0.193468,-0.864384,1,0,0,0,0,0,0,0,0,0,0
2055,9e-05,-0.000573,-0.002171,-0.002654,-0.001055,-0.013961,-0.026626,-0.036516,-0.043843,-0.043511,-0.00193,-0.003015,-0.004794,-0.004161,-0.001417,-0.009287,-0.015529,-0.014353,-0.018605,-0.017248,0.000784,0.006423,0.008745,0.012423,0.014082,-0.004975,-0.02367,-0.034285,-0.040858,-0.040979,-0.00977,-0.040255,-0.068599,-0.070348,-0.066428,0.001417,0.004674,0.027078,0.044084,0.045622,-0.011892,-0.042365,-0.075693,-0.086547,-0.085522,0.008795,0.004929,0.005468,0.00752,0.007112,0.000725,0.000342,0.000544,0.001081,0.001097,0.001206,-0.003769,-0.006198,-0.00853,-0.008661,-0.399731,0.072445,-0.193993,-0.86446,1,0,0,0,0,0,0,0,0,0,0
2056,3e-05,-0.001929,-0.002773,-0.002622,0.000271,-0.007475,-0.018327,-0.02737,-0.029781,-0.028093,-0.000452,-0.002321,-0.002291,-0.000332,0.001869,-0.004913,-0.005938,-0.006933,-0.008711,-0.007536,0.002562,0.00642,0.009676,0.012359,0.013203,-0.008319,-0.025501,-0.033127,-0.036322,-0.021431,-0.012539,-0.050278,-0.061099,-0.057934,-0.054589,0.001055,0.010339,0.037437,0.043767,0.044521,-0.01348,-0.05003,-0.072145,-0.074146,-0.072926,-6.3e-05,-0.004315,-0.00167,-0.00159,0.010259,-1.5e-05,-0.000533,0.000161,0.000375,0.000376,-0.001717,-0.006376,-0.008508,-0.010185,-0.006036,-0.401603,0.072207,-0.193278,-0.879257,1,0,0,0,0,0,0,0,0,0,0
2057,-0.000692,-0.002288,-0.002769,-0.001174,0.00295,-0.005178,-0.015051,-0.022366,-0.022035,-0.019145,-0.000632,-0.002408,-0.001776,0.000963,0.004726,-0.001324,-0.000151,-0.004395,-0.00304,-0.002197,0.00307,0.005388,0.009061,0.010716,0.011168,-0.010355,-0.020951,-0.027513,-0.027634,0.004184,-0.017911,-0.046207,-0.047953,-0.04404,-0.039043,0.002197,0.024563,0.041541,0.043076,0.043136,-0.01696,-0.050231,-0.061068,-0.060043,-0.058608,-0.003796,-0.003258,-0.00121,-0.001617,0.024718,-0.000364,-0.000164,0.000367,0.000383,0.000375,-0.003215,-0.005615,-0.00792,-0.00805,0.001124,-0.403928,0.072786,-0.192381,-0.89681,1,0,0,0,0,0,0,0,0,0,0
2058,-0.001263,-0.002105,-0.001955,0.000932,0.006827,-0.005654,-0.014676,-0.017082,-0.015398,-0.013473,-0.001233,-0.001203,0.000752,0.002947,0.007188,0.000301,-0.000692,-0.002466,-0.001293,-0.000722,0.000782,0.00403,0.006707,0.007549,0.00809,-0.006797,-0.014406,-0.017594,-0.002737,0.022797,-0.019759,-0.030556,-0.027398,-0.02406,-0.018646,0.007068,0.034105,0.04042,0.041172,0.040691,-0.019523,-0.041588,-0.043585,-0.042368,-0.040889,-0.00045,0.002189,0.002269,0.014091,0.035001,-0.000149,0.000534,0.000745,0.000746,0.000731,-0.001391,-0.00349,-0.00514,-0.001056,0.008972,-0.405999,0.073303,-0.191358,-0.905285,1,0,0,0,0,0,0,0,0,0,0
2059,-0.000332,-0.000815,0.000784,0.004918,0.010167,-0.004224,-0.011555,-0.011223,-0.008327,-0.004616,-0.000543,9.1e-05,0.002836,0.006607,0.009654,0.000875,-0.003379,-0.002021,-0.001177,-0.001901,0.001539,0.005219,0.006879,0.007331,0.006577,-0.003801,-0.010378,-0.010499,0.02139,0.033699,-0.008538,-0.010288,-0.006366,-0.001358,0.011042,0.015326,0.032342,0.03388,0.033941,0.030984,-0.013761,-0.024621,-0.023595,-0.022156,-0.012636,0.000991,0.003044,0.002636,0.029029,0.035517,0.000355,0.000894,0.00091,0.000903,0.000946,-0.001016,-0.003357,-0.003488,0.00583,0.013283,-0.415927,0.076237,-0.189063,-0.90915,1,0,0,0,0,0,0,0,0,0,0
2060,-0.000514,-0.000363,0.00254,0.008468,0.011795,-0.004839,-0.007258,-0.005565,-0.003629,0.004778,0.000575,0.00254,0.004748,0.009013,0.010676,-0.001875,-0.003659,-0.00248,-0.001905,-0.003387,0.001724,0.004416,0.005262,0.005807,0.004869,-0.003841,-0.007047,0.007894,0.03357,0.048934,-0.002299,0.000877,0.004234,0.009678,0.024951,0.011825,0.018176,0.018932,0.018449,0.010918,-0.008394,-0.010402,-0.009178,-0.007691,0.007191,0.001661,0.001741,0.01363,0.034657,0.040134,0.000349,0.000569,0.00057,0.000555,0.000523,-0.001149,-0.002866,0.001382,0.01181,0.017548,-0.421266,0.081421,-0.187139,-0.920685,1,0,0,0,0,0,0,0,0,0,0
2061,3e-05,0.001635,0.005783,0.011052,0.01402,-0.002513,-0.00218,0.000727,0.004451,0.014867,6.1e-05,0.002816,0.006601,0.009659,0.009962,-0.002392,-0.00103,-0.000182,-0.000908,-0.001484,0.001968,0.003634,0.004088,0.003331,0.002513,-0.002755,-0.002877,0.029129,0.041483,0.060802,0.000545,0.004481,0.009508,0.021953,0.030492,0.005238,0.006783,0.006843,0.003876,-0.002574,-0.002496,-0.001466,-2.1e-05,0.009533,0.019355,0.000398,-1.2e-05,0.026478,0.03299,0.040508,0.000201,0.000218,0.00021,0.000254,0.000162,-0.001243,-0.001378,0.008182,0.015828,0.021877,-0.424924,0.084186,-0.184924,-0.928768,1,0,0,0,0,0,0,0,0,0,0
2062,0.000121,0.003029,0.008967,0.0123,0.01854,9.1e-05,0.001787,0.003726,0.012148,0.023266,0.001909,0.00412,0.008392,0.010058,0.009694,0.000606,0.001787,0.002363,0.000879,0.001303,0.000727,0.001575,0.002121,0.001181,0.000515,-0.000454,0.014511,0.040232,0.055621,0.071253,0.002636,0.005998,0.011451,0.02675,0.03287,0.001121,0.001878,0.001394,-0.00615,-0.008907,0.000485,0.001712,0.003201,0.018109,0.025311,-0.000318,0.011592,0.032654,0.03814,0.040649,2e-05,2.1e-05,6e-06,-2.6e-05,-4.9e-05,-0.00049,0.003808,0.014362,0.020168,0.028229,-0.429454,0.086514,-0.180506,-0.936644,1,0,0,0,0,0,0,0,0,0,0
2063,0.001484,0.005632,0.010901,0.013869,0.021893,0.000242,0.003149,0.006874,0.017291,0.026345,0.000848,0.004633,0.007691,0.007994,0.007691,0.000757,0.001605,0.000878,0.000303,0.002059,0.000939,0.001393,0.000636,-0.000182,-0.000242,0.000333,0.032341,0.044695,0.064015,0.072736,0.001302,0.006329,0.018774,0.027314,0.036156,0.000424,0.000485,-0.002483,-0.008933,-0.012082,0.000545,0.001989,0.011544,0.021367,0.031684,-9.2e-05,0.026399,0.032911,0.04043,0.038002,-4e-06,-1.2e-05,3.2e-05,-6e-05,-0.000114,0.000354,0.009917,0.017565,0.023617,0.031522,-0.436496,0.092427,-0.176146,-0.938717,1,0,0,0,0,0,0,0,0,0,0
2064,0.001423,0.007356,0.010687,0.016923,0.023734,0.001453,0.003391,0.011807,0.022917,0.027852,0.001362,0.005631,0.007296,0.006933,0.008204,0.000424,0.000999,-0.000484,-6.1e-05,0.004329,-9.1e-05,0.000454,-0.000484,-0.00115,0.000696,0.014622,0.040324,0.055703,0.071324,0.077016,0.002059,0.007508,0.022796,0.028911,0.038326,0.000333,-0.000151,-0.007689,-0.010444,-0.011474,0.000681,0.002169,0.017066,0.024263,0.03385,0.011993,0.033041,0.038523,0.04103,0.040505,5e-06,-1.1e-05,-4.2e-05,-6.5e-05,-0.000166,0.003924,0.014425,0.020203,0.028224,0.033258,-0.440518,0.093129,-0.174241,-0.942697,1,0,0,0,0,0,0,0,0,0,0
2065,0.002725,0.007993,0.01096,0.018983,0.026188,0.001453,0.005177,0.015592,0.024644,0.027278,0.002422,0.00548,0.005783,0.00548,0.002392,0.000424,-0.000303,-0.000878,0.000878,0.025643,0.000545,-0.000212,-0.001029,-0.00109,0.005086,0.017378,0.02973,0.049046,0.057765,0.063881,0.002967,0.01541,0.023948,0.032788,0.035664,-0.000272,-0.003239,-0.009688,-0.012837,0.001938,0.000763,0.010316,0.020137,0.030452,0.039838,0.014493,0.021003,0.028521,0.026093,0.029205,-1.3e-05,3.1e-05,-6e-05,-0.000115,-0.000519,0.005624,0.013262,0.019305,0.027199,0.029079,-0.441664,0.088084,-0.175833,-0.936762,1,0,0,0,0,0,0,0,0,0,0
2066,0.003209,0.00654,0.012777,0.019589,0.024797,0.000484,0.008901,0.020013,0.024948,0.027068,0.001847,0.003512,0.003149,0.00442,-0.00433,0.000151,-0.001332,-0.000908,0.003482,0.053591,0.0,-0.000939,-0.001605,0.000242,0.006903,0.008326,0.023707,0.03933,0.045022,0.046869,0.002483,0.017773,0.023889,0.033305,0.032578,-0.000212,-0.007751,-0.010506,-0.011536,0.025281,0.000725,0.015624,0.022822,0.03241,0.045051,0.006557,0.01204,0.014547,0.014021,0.01412,-3e-06,-3.4e-05,-5.7e-05,-0.000159,-0.000716,0.004884,0.010667,0.018695,0.023732,0.022216,-0.442214,0.068482,-0.174798,-0.933309,1,0,0,0,0,0,0,0,0,0,0
2067,0.002059,0.005026,0.01305,0.020256,0.026826,0.00324,0.013655,0.022709,0.025343,0.030672,0.001211,0.001514,0.001211,-0.001877,-0.018954,-0.000878,-0.001453,0.000303,0.02507,0.09259,-0.000757,-0.001574,-0.001635,0.004542,0.012929,0.004027,0.023344,0.032065,0.038181,0.044085,0.009962,0.0185,0.027341,0.030218,0.029763,-0.002755,-0.009205,-0.012353,0.002422,0.063675,0.008829,0.01865,0.028967,0.038354,0.056095,-4.6e-05,0.007472,0.005044,0.008157,0.009168,4.7e-05,-4.5e-05,-9.9e-05,-0.000504,-0.000386,0.002758,0.008805,0.016704,0.018585,0.016926,-0.443681,0.032345,-0.170382,-0.937266,1,0,0,0,0,0,0,0,0,0,0
2068,0.001271,0.007506,0.014315,0.019521,0.027057,0.005175,0.016282,0.021216,0.023334,0.02972,0.000454,9.1e-05,0.001362,-0.007385,-0.026936,-0.000605,-0.000182,0.004207,0.054295,0.142335,-0.000182,-0.000847,0.000999,0.007657,0.017342,0.011349,0.026966,0.032656,0.034502,0.039253,0.005327,0.01144,0.020852,0.020126,0.014467,-0.004782,-0.007536,-0.008565,0.028237,0.112191,0.006068,0.013262,0.022847,0.035482,0.04983,0.005527,0.008033,0.007508,0.007606,0.006571,-7.8e-05,-0.000101,-0.000202,-0.000758,-0.000634,0.003017,0.011021,0.016044,0.014532,0.01197,-0.439197,-0.010385,-0.164267,-0.935451,1,0,0,0,0,0,0,0,0,0,0
2069,0.001694,0.009712,0.016914,0.023479,0.025264,0.005234,0.014281,0.016914,0.022239,0.024538,-0.000151,-0.000454,-0.00354,-0.020605,-0.032405,3e-05,0.001785,0.026535,0.094008,0.189226,-0.000635,-0.000696,0.005476,0.013858,0.017216,0.007958,0.016672,0.022783,0.028683,0.026717,0.003207,0.012042,0.014917,0.014463,0.004357,-0.001664,-0.004811,0.009955,0.071164,0.170618,0.003748,0.014057,0.023438,0.041167,0.041069,0.001988,-0.000439,0.002672,0.003683,-4.2e-05,-1.3e-05,-6.7e-05,-0.00047,-0.000353,5.4e-05,0.003006,0.010867,0.012738,0.011087,0.008428,-0.435221,-0.063525,-0.163292,-0.933753,1,0,0,0,0,0,0,0,0,0,0
2070,0.004539,0.011348,0.016553,0.024088,0.025449,0.005871,0.010803,0.012921,0.019306,0.020638,-0.000212,0.001059,-0.007686,-0.027235,-0.033983,0.000393,0.004781,0.054863,0.142892,0.227229,-3e-05,0.001816,0.008473,0.018157,0.02085,0.007656,0.013345,0.015191,0.019942,0.018126,0.002905,0.012316,0.01159,0.005931,-0.002239,-0.001089,-0.002118,0.034679,0.118623,0.229166,0.003445,0.013028,0.025662,0.040008,0.029064,0.000518,-7e-06,9.2e-05,-0.000944,-0.00364,-9e-06,-0.000111,-0.000666,-0.000542,0.001444,0.004989,0.010007,0.008497,0.005937,0.003854,-0.432953,-0.118014,-0.168308,-0.927358,1,0,0,0,0,0,0,0,0,0,0
2071,0.003481,0.010686,0.017254,0.01904,0.028273,0.003178,0.005812,0.01114,0.01344,0.009202,-9.1e-05,-0.003178,-0.020251,-0.032057,-0.048282,0.001362,0.026124,0.093628,0.188891,0.289663,-3e-05,0.006145,0.01453,0.01789,0.024671,0.001059,0.007174,0.013077,0.011109,0.008718,0.005933,0.008809,0.008355,-0.001756,-0.02567,-0.002058,0.012714,0.073952,0.173453,0.301499,0.006868,0.016253,0.03399,0.033892,0.01725,-0.002946,0.000166,0.001178,-0.002549,-0.001387,-4.5e-05,-0.000449,-0.000331,7.7e-05,0.00188,0.002886,0.004764,0.003107,0.00044,0.00328,-0.414615,-0.182551,-0.168364,-0.927858,1,0,0,0,0,0,0,0,0,0,0
2072,0.003338,0.008557,0.016113,0.017478,0.02822,0.00176,0.003884,0.010287,0.011622,0.003702,0.001365,-0.007404,-0.027006,-0.033773,-0.067879,0.003034,0.053253,0.141524,0.226092,0.354932,0.001881,0.008557,0.018267,0.020968,0.026035,0.004643,0.006494,0.011258,0.009437,0.001335,0.00349,0.002761,-0.002913,-0.011106,-0.054255,0.001032,0.03793,0.122104,0.23295,0.37153,0.002725,0.015394,0.029778,0.018804,0.007148,0.002426,0.002525,0.001487,-0.001216,-0.002839,-5.8e-05,-0.000624,-0.000498,0.001527,0.001978,0.002181,0.000641,-0.001968,-0.004092,0.001428,-0.390442,-0.246537,-0.166797,-0.924607,1,0,0,0,0,0,0,0,0,0,0
2073,0.003884,0.010469,0.012259,0.021515,0.030831,0.00088,0.006221,0.008527,0.004279,-0.010257,-0.004461,-0.021575,-0.03341,-0.049675,-0.102687,0.021788,0.089457,0.184953,0.285971,0.395213,0.004309,0.012715,0.016083,0.02288,0.025459,0.001487,0.007404,0.005432,0.003034,-0.003915,-0.000607,-0.001062,-0.011197,-0.03517,-0.079565,0.013777,0.075165,0.174909,0.303268,0.433326,0.006683,0.024464,0.024365,0.007682,0.010458,0.000693,0.001707,-0.002028,-0.000864,0.00486,-0.000353,-0.000234,0.000182,0.002015,0.003461,-0.000271,-0.001956,-0.00467,-0.001781,0.006806,-0.369911,-0.300804,-0.163986,-0.928395,1,0,0,0,0,0,0,0,0,0,0
2074,0.001337,0.008906,0.010273,0.021033,0.038905,0.001246,0.007659,0.008997,0.001064,-0.014225,-0.004316,-0.023951,-0.030729,-0.064892,-0.109573,0.02848,0.116898,0.201607,0.330663,0.422242,0.002371,0.012097,0.014802,0.019878,0.02234,0.000365,0.005137,0.003313,-0.004802,-0.002158,-0.000122,-0.005805,-0.014012,-0.057233,-0.081822,0.023161,0.107475,0.218507,0.357319,0.504186,0.005996,0.020405,0.009413,-0.002263,0.006425,-0.000595,-0.001635,-0.004343,-0.005969,0.007951,-0.000216,-8.8e-05,0.00196,0.002417,0.006468,-0.001284,-0.003924,-0.006072,-0.000488,0.020541,-0.373096,-0.377101,-0.156278,-0.933271,1,0,0,0,0,0,0,0,0,0,0
2075,0.005266,0.007061,0.016344,0.025689,0.052777,0.004109,0.006422,0.002161,-0.012418,-0.024806,-0.012844,-0.024715,-0.041029,-0.094201,-0.130025,0.039355,0.135139,0.236462,0.346034,0.443279,0.006057,0.009435,0.016253,0.01884,0.021184,0.00557,0.003592,0.001187,-0.005783,-0.000852,-0.000335,-0.010501,-0.034546,-0.079074,-0.098767,0.038381,0.138426,0.267173,0.397624,0.570078,0.01183,0.011732,-0.005002,-0.002218,0.007263,0.001613,-0.002134,-0.000966,0.004775,0.016637,0.00034,0.000764,0.002637,0.004113,0.009848,-0.000425,-0.003196,-0.000245,0.008525,0.041152,-0.359962,-0.451844,-0.15104,-0.936717,1,0,0,0,0,0,0,0,0,0,0
2076,0.002317,0.003689,0.01448,0.032406,0.05155,0.002317,0.003658,-0.004298,-0.019632,-0.031857,-0.006829,-0.013627,-0.047892,-0.092705,-0.14578,0.049264,0.134226,0.263666,0.355518,0.4656,0.003689,0.006402,0.011493,0.013962,0.014846,-0.000793,-0.002622,-0.010761,-0.008109,-0.007896,-0.005365,-0.013596,-0.056946,-0.081609,-0.125203,0.046124,0.157486,0.296712,0.444016,0.608118,0.002603,-0.008422,-0.020133,-0.011419,-0.001688,-0.002659,-0.005375,-0.007005,0.006956,0.015723,-0.000213,0.001878,0.002344,0.006481,0.010853,-0.002266,-0.00446,0.001242,0.022714,0.04772,-0.33636,-0.509311,-0.141011,-0.935535,1,0,0,0,0,0,0,0,0,0,0
2077,-0.000519,0.008797,0.018174,0.045358,0.045145,0.0,-0.004276,-0.018907,-0.031338,-0.026238,-0.00507,-0.021442,-0.074803,-0.110754,-0.155043,0.046763,0.148446,0.258405,0.355994,0.449185,-0.000305,0.006536,0.009133,0.011485,0.011057,-0.001191,-0.003604,-0.010599,-0.005651,-0.026787,-0.004826,-0.028956,-0.073642,-0.093405,-0.146582,0.054186,0.183388,0.314301,0.487366,0.644761,-0.002707,-0.019499,-0.016705,-0.007191,-0.00543,-0.001096,7.6e-05,0.005837,0.017741,-0.008097,0.000651,0.002571,0.004084,0.009963,0.015718,-0.000544,0.002481,0.01147,0.044914,0.040623,-0.312191,-0.577687,-0.136042,-0.920029,1,0,0,0,0,0,0,0,0,0,0
2078,0.001896,0.012723,0.030707,0.049914,0.05074,0.001346,-0.006637,-0.022021,-0.034286,0.003334,-0.001743,-0.036121,-0.08108,-0.134328,-0.167849,0.038414,0.168277,0.260429,0.370871,0.426382,0.003028,0.008136,0.010613,0.0115,0.012173,-0.000642,-0.008808,-0.006148,-0.005933,-0.036488,-0.003425,-0.046917,-0.07166,-0.115396,-0.176688,0.057469,0.197149,0.344935,0.509573,0.662772,-0.008351,-0.020099,-0.011357,-0.001595,-0.001335,-0.001627,-0.003263,0.010744,0.019539,-0.047537,0.001483,0.001959,0.006192,0.010665,0.019767,-0.001695,0.004138,0.026106,0.05169,0.038738,-0.279443,-0.645755,-0.134633,-0.909452,1,0,0,0,0,0,0,0,0,0,0
2079,0.007429,0.016815,0.044026,0.043812,0.05595,-0.005626,-0.02027,-0.032714,-0.027608,0.007001,-0.014645,-0.068057,-0.104042,-0.148374,-0.179161,0.063379,0.173444,0.271127,0.364407,0.403816,0.003822,0.00642,0.008775,0.008347,0.010089,-0.001773,-0.008775,-0.003822,-0.024979,-0.037177,-0.020729,-0.065458,-0.085239,-0.138468,-0.206127,0.071878,0.202917,0.376147,0.533692,0.676441,-0.008461,-0.005664,0.003859,0.005622,0.019535,0.0028,0.008567,0.020482,-0.005381,-0.053305,0.000454,0.001977,0.007895,0.013689,0.024034,0.004736,0.013786,0.047455,0.043135,0.043216,-0.2478,-0.713944,-0.132588,-0.907875,1,0,0,0,0,0,0,0,0,0,0
2080,0.003401,0.021417,0.040659,0.041486,0.048319,-0.002359,-0.017771,-0.030057,0.007629,0.011919,-0.019763,-0.064803,-0.118146,-0.151727,-0.183225,0.06658,0.158897,0.269536,0.325147,0.339425,0.001287,0.003769,0.004657,0.005331,0.008548,-0.006404,-0.003738,-0.003524,-0.034132,-0.037074,-0.022796,-0.047583,-0.091398,-0.1528,-0.225814,0.067897,0.215948,0.38088,0.534354,0.644442,-0.003291,0.005467,0.015247,0.015507,0.038793,-0.004445,0.009587,0.018398,-0.048798,-0.056589,2.2e-05,0.004308,0.008837,0.018054,0.029463,0.001099,0.023344,0.04925,0.036135,0.037523,-0.207671,-0.749385,-0.12981,-0.909451,1,0,0,0,0,0,0,0,0,0,0
2081,0.005974,0.033103,0.03289,0.044991,0.050935,-0.012254,-0.02466,-0.019569,0.014936,0.019082,-0.033591,-0.069468,-0.113667,-0.144362,-0.173411,0.043498,0.140887,0.233887,0.273179,0.277355,0.001311,0.003658,0.003231,0.004969,0.012376,-0.00061,0.004328,-0.016765,-0.028927,-0.029476,-0.021916,-0.041638,-0.094707,-0.162164,-0.235472,0.063097,0.235808,0.392881,0.535201,0.630182,0.006062,0.015557,0.017315,0.031185,0.066558,0.010172,0.022051,-0.003735,-0.051514,-0.055854,0.001471,0.007265,0.012939,0.023069,0.036361,0.007802,0.04077,0.03654,0.03662,0.035322,-0.174029,-0.807946,-0.13005,-0.913714,1,0,0,0,0,0,0,0,0,0,0
2082,0.011913,0.030998,0.031819,0.038596,0.048533,-0.003069,-0.015256,0.022124,0.026379,0.030269,-0.011184,-0.064093,-0.097401,-0.128642,-0.150463,0.048199,0.157939,0.213097,0.227259,0.231301,0.001155,0.002036,0.002705,0.005896,0.012338,0.003252,0.003464,-0.026895,-0.029813,-0.028597,-0.002735,-0.046193,-0.107096,-0.179516,-0.237136,0.083938,0.247529,0.399755,0.508947,0.613429,0.002643,0.012344,0.012601,0.035698,0.095704,0.003777,0.012516,-0.054133,-0.061861,-0.065139,0.002608,0.006885,0.01559,0.026365,0.043418,0.013369,0.037836,0.02545,0.026761,0.028289,-0.148957,-0.856801,-0.12722,-0.914003,1,0,0,0,0,0,0,0,0,0,0
2083,0.015112,0.0149,0.026947,0.032864,0.040481,-0.009286,-0.004218,0.030133,0.03426,0.032591,-0.024549,-0.06855,-0.099108,-0.128027,-0.140317,0.048826,0.141409,0.180524,0.184682,0.191054,0.001183,0.000759,0.002488,0.009862,0.012472,0.001669,-0.01933,-0.031438,-0.031984,-0.033744,-0.016902,-0.069734,-0.136888,-0.209868,-0.267585,0.088123,0.244492,0.386175,0.480731,0.563907,0.006813,0.008563,0.022372,0.057587,0.103194,0.008055,-0.017616,-0.065181,-0.069502,-0.070507,0.003035,0.008532,0.018349,0.03123,0.054053,0.018717,0.014618,0.014695,0.013438,0.015969,-0.11413,-0.891048,-0.124137,-0.914019,1,0,0,0,0,0,0,0,0,0,0
2084,0.00395,0.00477,0.011546,0.021482,0.030718,-0.002887,0.034486,0.03874,0.042629,0.038436,-0.028318,-0.061619,-0.092854,-0.11467,-0.11941,0.060829,0.115977,0.130136,0.134177,0.148306,-0.000304,0.000365,0.003555,0.009996,0.015314,-0.001458,-0.031812,-0.034729,-0.033514,-0.035276,-0.026525,-0.087416,-0.159821,-0.21743,-0.281298,0.075323,0.227517,0.336688,0.441149,0.510061,0.002877,0.003134,0.026227,0.086221,0.113426,0.000672,-0.065964,-0.07369,-0.076967,-0.07527,0.00121,0.009902,0.020662,0.037691,0.065486,0.005547,-0.006822,-0.005513,-0.003987,-0.001764,-0.082741,-0.921707,-0.124757,-0.916793,1,0,0,0,0,0,0,0,0,0,0
2085,-0.004163,0.007901,0.013828,0.021456,0.031849,0.007962,0.042364,0.046497,0.044826,0.034068,-0.015742,-0.046345,-0.075307,-0.087615,-0.091201,0.031879,0.071053,0.075216,0.081598,0.090654,-0.000122,0.001611,0.008996,0.011609,0.020088,-0.019571,-0.031697,-0.032244,-0.034007,-0.033855,-0.026379,-0.093633,-0.166721,-0.224524,-0.272115,0.081264,0.223156,0.317852,0.401152,0.443151,-0.001125,0.012704,0.047971,0.093646,0.110746,-0.026381,-0.074017,-0.078344,-0.07935,-0.068933,0.004344,0.014263,0.027278,0.050338,0.072466,-0.009697,-0.009619,-0.010889,-0.008331,-0.006301,-0.064706,-0.927691,-0.125377,-0.919717,1,0,0,0,0,0,0,0,0,0,0
2086,0.005025,0.011858,0.021877,0.031192,0.041425,0.02966,0.033949,0.037871,0.033643,0.018966,-0.01771,-0.049208,-0.071207,-0.075987,-0.082697,0.02347,0.037749,0.041824,0.056071,0.060545,0.000797,0.004014,0.01051,0.015872,0.023164,-0.010877,-0.013819,-0.012593,-0.01437,-0.014983,-0.034807,-0.107822,-0.165916,-0.230321,-0.264853,0.071545,0.181634,0.286975,0.356466,0.367589,0.001394,0.02468,0.085179,0.112613,0.111636,-0.0406,-0.048391,-0.051695,-0.049984,-0.036603,0.004618,0.016028,0.034087,0.063562,0.077089,-0.002848,-0.00146,0.000158,0.002515,0.005758,-0.046878,-0.926798,-0.124797,-0.922255,1,0,0,0,0,0,0,0,0,0,0
2087,0.007208,0.013241,0.021005,0.031585,0.040278,0.005073,0.009281,0.007579,-0.003372,-0.017602,-0.013271,-0.042753,-0.055282,-0.058933,-0.069668,0.016179,0.020418,0.026914,0.036133,0.046713,0.000959,0.008476,0.011137,0.019768,0.024037,-0.001361,-0.001918,-0.003712,-0.003558,-0.004053,-0.033318,-0.107719,-0.166559,-0.215004,-0.248662,0.072204,0.1686,0.253395,0.296149,0.314927,0.01267,0.04857,0.095065,0.112472,0.11525,-0.0075,-0.011904,-0.012929,-0.002324,0.010525,0.006295,0.021036,0.047156,0.072218,0.084364,0.003135,0.001696,0.004593,0.006892,0.011471,-0.03007,-0.933884,-0.121638,-0.92303,1,0,0,0,0,0,0,0,0,0,0
2088,-0.000311,0.009871,0.019337,0.029737,0.03665,-0.000747,0.003238,-0.001059,-0.015974,-0.024849,-0.018652,-0.041009,-0.045867,-0.052686,-0.05963,-0.001775,0.002367,0.016846,0.021392,0.035218,0.002304,0.008906,0.014355,0.021766,0.022638,-0.001619,-0.000374,-0.00218,-0.002802,0.000249,-0.040667,-0.099706,-0.165159,-0.200252,-0.234349,0.039203,0.146258,0.21688,0.228183,0.273396,0.010912,0.072396,0.100276,0.099282,0.124887,-0.000369,-0.003728,-0.001988,0.01161,0.022488,0.006185,0.026403,0.059403,0.074548,0.093326,-0.001727,8.4e-05,0.002723,0.006355,0.012454,-0.012279,-0.955194,-0.117817,-0.925755,1,0,0,0,0,0,0,0,0,0,0
2089,0.006408,0.014253,0.024943,0.033726,0.039665,0.005001,0.003282,-0.007783,-0.022161,-0.029006,-0.011065,-0.023724,-0.027412,-0.038258,-0.043885,0.006064,0.012628,0.021942,0.032632,0.036227,0.005282,0.007971,0.016691,0.021005,0.019942,0.001063,-0.00075,-0.000594,-0.001094,0.001625,-0.034351,-0.093802,-0.14275,-0.176758,-0.207171,0.058044,0.143719,0.186916,0.205889,0.239991,0.025319,0.072296,0.089884,0.09269,0.118752,-0.00408,-0.005115,0.005599,0.018583,0.027045,0.009494,0.037571,0.064512,0.077568,0.09737,0.000227,0.003341,0.005812,0.010735,0.017691,0.000598,-0.957235,-0.114194,-0.927861,1,0,0,0,0,0,0,0,0,0,0
2090,0.003832,0.013382,0.023874,0.030848,0.035591,-0.001005,-0.00534,-0.020387,-0.02934,-0.035183,-0.011434,-0.016335,-0.023214,-0.030219,-0.035214,-0.001916,0.012691,0.017277,0.031225,0.028146,0.001351,0.006848,0.014324,0.015204,0.014544,0.000188,-0.001633,-0.002262,0.000817,0.000911,-0.025036,-0.091067,-0.126469,-0.160867,-0.189138,0.049664,0.120909,0.132312,0.177924,0.199725,0.03658,0.064706,0.063704,0.089534,0.111341,0.000712,0.002467,0.016185,0.027159,0.03231,0.011668,0.04676,0.062865,0.082833,0.104092,0.001692,0.004498,0.008359,0.014845,0.020379,0.01695,-0.970153,-0.108867,-0.929147,1,0,0,0,0,0,0,0,0,0,0
2091,0.004052,0.014795,0.023622,0.02959,0.033894,-0.000722,-0.011842,-0.026292,-0.033171,-0.036124,-0.001288,-0.004995,-0.015895,-0.021549,-0.023528,0.008513,0.017874,0.028617,0.032229,0.033454,0.001351,0.010115,0.01445,0.013382,0.012596,-0.00201,-0.001853,-0.002356,0.000377,0.000346,-0.034711,-0.083902,-0.118079,-0.148643,-0.174809,0.036438,0.07985,0.098917,0.133188,0.152978,0.010631,0.028307,0.031127,0.057318,0.073381,-0.001752,0.009015,0.022063,0.030567,0.032813,0.017403,0.045295,0.058812,0.079313,0.102613,0.001533,0.004092,0.009188,0.01639,0.021371,0.028446,-0.970318,-0.104471,-0.930701,1,0,0,0,0,0,0,0,0,0,0
2092,0.005507,0.016017,0.023002,0.027754,0.031719,-0.003619,-0.018691,-0.027659,-0.033512,-0.036344,-0.003619,-0.01051,-0.017527,-0.02253,-0.02209,0.006105,0.010699,0.02467,0.021586,0.028037,0.004154,0.011643,0.012524,0.011863,0.011013,0.000189,-0.000441,0.002643,0.002738,0.002454,-0.031373,-0.066836,-0.101292,-0.129612,-0.15252,0.034865,0.046288,0.091978,0.113816,0.123287,0.017525,0.01652,0.042395,0.064239,0.065641,0.003513,0.017255,0.028247,0.033407,0.035345,0.017899,0.034198,0.054406,0.075921,0.098232,0.001288,0.005196,0.01176,0.01736,0.022137,0.041566,-0.974435,-0.100471,-0.933624,1,0,0,0,0,0,0,0,0,0,0
2093,0.00526,0.01411,0.020095,0.02441,0.02863,-0.007528,-0.022016,-0.028914,-0.031874,-0.032914,-9.4e-05,-0.011024,-0.016693,-0.018677,-0.017039,0.003276,0.014047,0.017669,0.018898,0.021858,0.00463,0.008976,0.007906,0.007118,0.006614,-3.1e-05,-0.000535,0.002205,0.002173,0.003087,-0.017921,-0.052189,-0.082835,-0.109072,-0.126017,0.00863,0.027748,0.062111,0.081953,0.08863,0.000182,0.00301,0.029271,0.045377,0.048155,0.00728,0.020363,0.02889,0.031141,0.032528,0.010403,0.024174,0.045062,0.068802,0.086911,0.00131,0.006503,0.01384,0.018916,0.023606,0.047789,-0.972418,-0.095703,-0.937238,1,0,0,0,0,0,0,0,0,0,0
2094,0.005263,0.01226,0.01702,0.020991,0.025813,-0.007564,-0.016547,-0.022409,-0.025246,-0.026223,-0.006808,-0.013836,-0.018848,-0.018406,-0.015853,0.001324,0.015318,0.012229,0.01869,0.01683,0.002868,0.003751,0.003089,0.002238,0.001733,-0.000599,0.00249,0.002584,0.002301,0.004696,-0.017587,-0.052099,-0.080465,-0.103409,-0.122824,0.002805,0.048569,0.070442,0.079929,0.074287,-0.001188,0.024728,0.046607,0.048012,0.043807,0.006479,0.017489,0.022657,0.024598,0.027357,0.006032,0.026469,0.048229,0.070792,0.091899,0.002636,0.009274,0.014938,0.019769,0.025252,0.065756,-0.967233,-0.091117,-0.941493,1,0,0,0,0,0,0,0,0,0,0
2095,0.003596,0.00959,0.013912,0.018139,0.024101,-0.00694,-0.013849,-0.016814,-0.017855,-0.018644,-0.004133,-0.009811,-0.011798,-0.010158,-0.008328,0.009464,0.013092,0.014322,0.017287,0.01407,0.001483,0.00041,-0.000379,-0.000883,-0.001325,9.5e-05,0.002839,0.002808,0.003722,0.008896,-0.01672,-0.047414,-0.073692,-0.090664,-0.113283,0.016341,0.050758,0.070632,0.07732,0.081011,0.004021,0.030324,0.046456,0.049238,0.056073,0.006618,0.015159,0.017414,0.018803,0.024068,0.007855,0.028977,0.052981,0.071293,0.09492,0.002598,0.010018,0.01515,0.019893,0.026859,0.077139,-0.976526,-0.087121,-0.946074,1,0,0,0,0,0,0,0,0,0,0
2096,0.003408,0.008172,0.012148,0.016976,0.024201,-0.002051,-0.00792,-0.01076,-0.011738,-0.011044,-0.002903,-0.00792,-0.007478,-0.004922,-0.002682,0.004544,0.001451,0.00792,0.006058,0.003566,-0.0006,-0.001262,-0.002114,-0.002619,-0.002934,0.002998,0.003092,0.002808,0.005206,0.011454,-0.017828,-0.046226,-0.069196,-0.088633,-0.100213,0.029471,0.051369,0.060866,0.055218,0.0585,0.021923,0.043827,0.045233,0.041024,0.047073,0.004403,0.009577,0.011519,0.014281,0.019082,0.012732,0.034665,0.057407,0.078682,0.092668,0.00409,0.009798,0.014668,0.020194,0.028431,0.085199,-0.971103,-0.08245,-0.949235,1,0,0,0,0,0,0,0,0,0,0
2097,0.002582,0.006895,0.011114,0.017065,0.024621,-0.004849,-0.007808,-0.008847,-0.009634,-0.008753,-0.002771,-0.004754,-0.003117,-0.001291,0.004471,-0.000913,0.000315,0.003274,6.3e-05,-0.001543,-0.000472,-0.001259,-0.001763,-0.002204,-0.001921,-0.000252,-0.000283,0.00063,0.005793,0.009823,-0.012846,-0.039073,-0.056012,-0.078587,-0.083939,0.004943,0.024779,0.031454,0.035137,0.027014,0.004376,0.020476,0.023253,0.030075,0.023959,0.004131,0.006381,0.007768,0.013023,0.015518,0.008295,0.031976,0.05004,0.073348,0.084685,0.003292,0.008354,0.013033,0.019906,0.027657,0.091531,-0.969979,-0.078379,-0.95142,1,0,0,0,0,0,0,0,0,0,0
2098,0.00217,0.006133,0.010945,0.018146,0.026009,-0.001006,-0.003837,-0.004812,-0.00412,-0.003743,-0.002233,-0.001793,0.000755,0.002988,0.013586,-0.00217,0.004277,0.002422,-6.3e-05,-0.001006,-0.000189,-0.001038,-0.001541,-0.001856,0.000314,0.000346,6.3e-05,0.002453,0.00868,0.010253,-0.015473,-0.038369,-0.057742,-0.069284,-0.071297,0.016889,0.026355,0.020725,0.023996,0.023493,0.017461,0.018862,0.014667,0.020696,0.021749,0.001031,0.002967,0.00572,0.010505,0.011233,0.013203,0.035428,0.056218,0.069886,0.082222,0.002313,0.007072,0.012472,0.020522,0.02648,0.096141,-0.971302,-0.076767,-0.951075,1,0,0,0,0,0,0,0,0,0,0
2099,0.002138,0.006352,0.012296,0.019843,0.029465,-0.00195,-0.002987,-0.003774,-0.002893,-0.00066,0.000252,0.001887,0.003711,0.009465,0.021195,0.003396,0.006352,0.003145,0.001541,0.00088,-0.000597,-0.001101,-0.001541,-0.001258,0.002547,-0.000377,0.000535,0.005692,0.009717,0.012893,-0.010723,-0.027641,-0.050188,-0.055534,-0.055346,0.002925,0.009591,0.01327,0.005157,0.004811,-0.001379,0.001395,0.008209,0.0021,0.003114,0.001217,0.002602,0.007851,0.010343,0.010855,0.010285,0.028194,0.051303,0.062543,0.073916,0.002708,0.007347,0.014161,0.021846,0.027924,0.099227,-0.968896,-0.073488,-0.952506,1,0,0,0,0,0,0,0,0,0,0
2100,0.001825,0.00664,0.013845,0.021712,0.032568,-0.000881,-0.001857,-0.001164,-0.000787,0.003745,0.000189,0.002738,0.004972,0.015576,0.027062,0.003052,0.001196,-0.00129,-0.002234,-0.003021,-0.000252,-0.000755,-0.00107,0.001101,0.004563,9.4e-05,0.002486,0.008716,0.01029,0.017873,-0.012178,-0.031561,-0.04311,-0.045124,-0.042669,0.006545,0.000913,0.004185,0.003682,0.003052,0.002782,-0.001416,0.004616,0.00567,0.006478,0.00072,0.003474,0.008262,0.00899,0.011539,0.011979,0.032849,0.04657,0.058953,0.067899,0.002057,0.007478,0.015558,0.02154,0.029485,0.10017,-0.969607,-0.069778,-0.955469,1,0,0,0,0,0,0,0,0,0,0
2101,0.002391,0.008338,0.01589,0.025519,0.035242,-0.000157,-0.000944,-6.3e-05,0.002171,0.004751,0.001447,0.003272,0.009031,0.020767,0.03392,-9.4e-05,-0.003304,-0.004909,-0.005569,-0.006356,-0.000252,-0.000692,-0.000409,0.003398,0.007646,0.000818,0.005979,0.010006,0.013184,0.018219,-0.004751,-0.027312,-0.032662,-0.032473,-0.028162,0.000126,0.003807,-0.004311,-0.004657,-0.001951,-6e-06,0.006812,0.000699,0.001714,0.005924,0.000667,0.005918,0.008412,0.008924,0.011038,0.006012,0.029221,0.040509,0.051932,0.060547,0.002603,0.009446,0.017165,0.02327,0.029217,0.100513,-0.969405,-0.068384,-0.953719,1,0,0,0,0,0,0,0,0,0,0
2102,0.002427,0.009646,0.017527,0.028402,0.037418,-0.00082,-0.000126,0.000252,0.004791,0.005548,0.001103,0.003341,0.013965,0.02547,0.036945,-0.001765,-0.004256,-0.005201,-0.005989,-0.006494,-0.000252,-0.000567,0.001608,0.005075,0.011506,0.001576,0.007818,0.009394,0.016991,0.019639,-0.014658,-0.026227,-0.028244,-0.025786,-0.022224,-0.005769,-0.00249,-0.002995,-0.003625,-0.001671,-0.004199,0.001844,0.002899,0.003709,0.006871,0.002092,0.006888,0.007617,0.010171,0.011915,0.015043,0.028935,0.041473,0.05053,0.058497,0.002853,0.011034,0.017091,0.025135,0.02804,0.102989,-0.969822,-0.067472,-0.9546,1,0,0,0,0,0,0,0,0,0,0
2103,0.003537,0.011117,0.020782,0.030541,0.040047,3.2e-05,0.000916,0.003158,0.005748,0.00698,0.000726,0.006506,0.018287,0.031488,0.041437,-0.001453,-0.003064,-0.003727,-0.004516,-0.004864,-0.000189,9.5e-05,0.003916,0.00818,0.01576,0.0036,0.007643,0.010833,0.015886,0.019108,-0.007959,-0.013328,-0.013139,-0.008812,-0.00578,0.009475,0.001326,0.000979,0.003695,0.004264,0.01105,0.004915,0.005933,0.010159,0.011755,0.003176,0.005678,0.006193,0.008315,0.010199,0.008576,0.020162,0.031886,0.040728,0.04798,0.004132,0.012054,0.01832,0.024425,0.026673,0.105644,-0.969737,-0.067068,-0.95483,1,0,0,0,0,0,0,0,0,0,0
2104,0.003696,0.011593,0.022491,0.031525,0.042044,0.000663,0.001042,0.005591,0.006349,0.008087,0.001516,0.012162,0.023691,0.03519,0.044698,-0.001042,-0.00199,-0.00278,-0.003285,-0.003569,-0.000126,0.002053,0.005528,0.011972,0.020817,0.002653,0.004233,0.011846,0.014499,0.015573,-0.003633,-0.005654,-0.00319,0.000379,0.003064,-0.006191,-0.006697,-0.007329,-0.00537,-0.005149,-0.004997,-0.003939,-0.003128,4.1e-05,0.001264,0.00163,0.002361,0.00492,0.006667,0.005919,0.005509,0.018231,0.027421,0.035505,0.042748,0.004164,0.010309,0.018471,0.02142,0.023243,0.108328,-0.970225,-0.067583,-0.954236,1,0,0,0,0,0,0,0,0,0,0
2105,0.003887,0.013557,0.023322,0.032835,0.042063,0.000221,0.002465,0.005056,0.006289,0.007079,0.004266,0.016054,0.029264,0.039218,0.046487,-0.000569,-0.001232,-0.002023,-0.00237,-0.002876,0.000411,0.004235,0.008501,0.016086,0.026325,0.00139,0.004582,0.009639,0.012862,0.010366,-0.001738,-0.001549,0.002781,0.005815,0.006668,-0.001959,-0.002307,0.000411,0.00098,0.002117,-0.00114,-0.000121,0.004107,0.005704,0.008061,0.000874,0.001388,0.003511,0.005397,0.002168,0.006109,0.017883,0.026762,0.034045,0.040784,0.003779,0.010071,0.016202,0.01846,0.017183,0.110659,-0.970154,-0.069855,-0.950619,1,0,0,0,0,0,0,0,0,0,0
2106,0.004015,0.014923,0.023966,0.034494,0.040027,0.000158,0.004711,0.00547,0.007209,0.004521,0.006387,0.017927,0.029435,0.038952,0.045434,-0.000379,-0.00117,-0.001676,-0.00196,-0.002529,0.001771,0.005248,0.011698,0.020551,0.029625,0.00019,0.007809,0.010465,0.01154,0.006766,-0.000285,0.002182,0.005754,0.008442,0.008821,0.001454,0.000822,0.002782,0.003004,0.003794,0.002199,0.003011,0.006183,0.007407,0.009483,-0.000143,0.002419,0.004168,0.003419,0.001524,0.006673,0.015922,0.024056,0.031346,0.037868,0.002393,0.010607,0.013574,0.015408,0.011435,0.111545,-0.968748,-0.070597,-0.94744,1,0,0,0,0,0,0,0,0,0,0
2107,0.005657,0.015423,0.024936,0.034164,0.038463,0.002086,0.004677,0.00591,0.0067,0.003761,0.005404,0.018615,0.02857,0.03584,0.041655,-0.000284,-0.001075,-0.001422,-0.001928,-0.002844,0.002054,0.006321,0.013906,0.024146,0.032426,0.003002,0.008059,0.011283,0.008786,0.006574,0.000474,0.004804,0.007838,0.008691,0.009513,-0.001801,0.000917,0.001485,0.002623,0.002086,-0.001179,0.003049,0.004646,0.007003,0.008002,0.000657,0.002781,0.004666,0.001437,0.002392,0.005125,0.014009,0.021296,0.028038,0.033492,0.00391,0.010043,0.012302,0.011025,0.006756,0.113007,-0.968075,-0.0728,-0.9475,1,0,0,0,0,0,0,0,0,0,0
2108,0.005242,0.014274,0.024791,0.030317,0.03477,0.002463,0.003221,0.004958,0.002274,-0.000189,0.006127,0.017622,0.027128,0.033602,0.038497,-0.000505,-0.001011,-0.001295,-0.001863,-0.003095,0.001421,0.007864,0.016706,0.02577,0.034739,0.004611,0.007264,0.008337,0.003569,0.002969,0.00199,0.005558,0.008243,0.008622,0.009316,0.001168,0.003126,0.003348,0.004137,0.003316,0.00199,0.005157,0.00638,0.008454,0.009405,0.001902,0.003649,0.0029,0.001008,0.003149,0.004076,0.012146,0.019377,0.025847,0.030423,0.004259,0.007202,0.009022,0.005081,0.000296,0.114931,-0.969147,-0.075539,-0.949357,1,0,0,0,0,0,0,0,0,0,0
2109,0.004513,0.014012,0.023228,0.02752,0.03137,0.000126,0.001357,0.002146,-0.000789,-0.007732,0.007069,0.017011,0.024269,0.030076,0.034368,-0.000284,-0.000631,-0.001136,-0.002051,-0.00385,0.00284,0.010415,0.02064,0.028909,0.036451,0.000442,0.003661,0.001168,-0.001041,-0.004229,0.002335,0.005365,0.006217,0.007038,0.007606,0.001546,0.002114,0.003251,0.002714,0.000442,0.002234,0.003829,0.006183,0.00718,0.007209,0.00022,0.002103,-0.001122,-0.000168,0.003822,0.004739,0.011953,0.018629,0.02403,0.028202,0.001834,0.00407,0.002806,-0.001421,-0.005194,0.117386,-0.968128,-0.078257,-0.950314,1,0,0,0,0,0,0,0,0,0,0
2110,0.004504,0.014993,0.020506,0.024947,0.029231,0.00063,0.002362,-0.000315,-0.002772,-0.010773,0.00441,0.013891,0.020348,0.02523,0.028223,-0.00022,-0.000504,-0.001071,-0.002299,-0.004945,0.003591,0.012411,0.021451,0.030396,0.036287,0.002205,0.003276,-0.00148,-0.002079,-0.004851,0.001228,0.003906,0.004284,0.004977,0.005481,0.000409,0.00063,0.001417,0.000598,-0.001953,0.000929,0.002149,0.004217,0.005167,0.0056,0.001523,0.000777,-0.00111,0.001024,0.006351,0.003249,0.010349,0.016703,0.021197,0.023891,0.001081,0.002868,-0.001002,-0.0057,-0.007074,0.119243,-0.968455,-0.080379,-0.952493,1,0,0,0,0,0,0,0,0,0,0
2111,0.004979,0.014181,0.018467,0.022312,0.026314,0.000599,0.001387,-0.001544,-0.008477,-0.011975,0.005515,0.012763,0.018562,0.022848,0.024928,-0.000126,-0.00063,-0.001544,-0.003341,-0.006366,0.003971,0.014181,0.022438,0.02997,0.034666,0.001008,-0.001481,-0.003687,-0.00687,-0.006397,0.001796,0.002647,0.003467,0.004034,0.00457,0.000158,0.001292,0.000756,-0.001513,-0.003624,0.000663,0.003013,0.004009,0.004038,0.005158,0.000357,-0.002864,-0.001911,0.002073,0.006082,0.003882,0.010491,0.015837,0.019968,0.021522,0.001129,-0.000122,-0.004307,-0.008043,-0.008522,0.120973,-0.969707,-0.081491,-0.95622,1,0,0,0,0,0,0,0,0,0,0
2112,0.005515,0.011031,0.015475,0.019761,0.023322,0.001135,-0.001544,-0.004003,-0.012008,-0.012544,0.003971,0.010432,0.015317,0.018311,0.021148,-0.000158,-0.000725,-0.001954,-0.004601,-0.007532,0.004854,0.013899,0.02285,0.028743,0.032431,6.3e-05,-0.004696,-0.005295,-0.008068,-0.005547,0.000882,0.001261,0.001954,0.002458,0.00353,6.3e-05,0.000851,3.2e-05,-0.002521,-0.004728,0.000558,0.002627,0.003577,0.004011,0.004977,-0.001104,-0.002992,-0.000856,0.004474,0.007532,0.003245,0.009624,0.014135,0.01684,0.018675,0.000664,-0.003221,-0.007939,-0.009318,-0.009209,0.121728,-0.969788,-0.081426,-0.959026,1,0,0,0,0,0,0,0,0,0,0
2113,0.00369,0.007979,0.011826,0.015831,0.020593,-0.000347,-0.00328,-0.010218,-0.013718,-0.012962,0.00328,0.009083,0.013372,0.015453,0.018007,-0.000347,-0.001261,-0.003059,-0.006087,-0.008704,0.005361,0.013624,0.021161,0.02586,0.030149,-0.002554,-0.004762,-0.007947,-0.007474,-0.002712,-3.2e-05,0.000788,0.001356,0.001892,0.002744,0.001072,0.000536,-0.001735,-0.003847,-0.004857,0.001794,0.00279,0.00282,0.00394,0.005775,-0.002118,-0.001165,0.002822,0.006834,0.010797,0.003383,0.008756,0.012907,0.014468,0.016107,-0.001925,-0.00613,-0.009885,-0.010367,-0.009469,0.122988,-0.970699,-0.08173,-0.961779,1,0,0,0,0,0,0,0,0,0,0
2114,0.001828,0.00627,0.010555,0.014116,0.019787,-0.002332,-0.004789,-0.012793,-0.013328,-0.011123,0.003182,0.008066,0.01106,0.013895,0.014967,-0.000221,-0.001449,-0.004096,-0.007026,-0.008476,0.003687,0.012635,0.018527,0.022214,0.027602,-0.002206,-0.002804,-0.005577,-0.003056,0.003056,0.00041,0.001103,0.001607,0.002678,0.002804,-0.000284,-0.001103,-0.003655,-0.005861,-0.002678,0.000277,0.001226,0.00166,0.002626,0.007345,0.000229,0.002364,0.007692,0.01075,0.014628,0.003006,0.007509,0.01021,0.012041,0.012338,-0.001966,-0.006675,-0.008052,-0.007943,-0.007275,0.123686,-0.974065,-0.081219,-0.96459,1,0,0,0,0,0,0,0,0,0,0
2115,0.002455,0.006295,0.010292,0.015045,0.020081,-0.000598,-0.007522,-0.011016,-0.010261,-0.008655,0.002612,0.006893,0.00897,0.01152,0.011771,-0.000692,-0.002486,-0.005508,-0.00812,-0.008341,0.004564,0.012086,0.016776,0.021056,0.026061,0.0,-0.003179,-0.002707,0.002046,0.007334,0.000409,0.000976,0.001511,0.002361,0.002298,-0.000252,-0.002518,-0.004627,-0.005634,0.00022,0.000718,0.000747,0.001866,0.003696,0.009753,0.000723,0.004702,0.008706,0.012661,0.016333,0.002316,0.00641,0.00795,0.009566,0.008914,-0.002197,-0.0059,-0.006375,-0.00549,-0.005142,0.124355,-0.976922,-0.080535,-0.96658,1,0,0,0,0,0,0,0,0,0,0
2116,0.001982,0.006261,0.009816,0.015479,0.019474,-0.001856,-0.009847,-0.010382,-0.00818,-0.00711,0.002265,0.005254,0.008085,0.009155,0.009187,-0.000535,-0.003178,-0.006103,-0.007551,-0.007645,0.004373,0.010256,0.013937,0.019317,0.023092,-0.000598,-0.003366,-0.000849,0.005254,0.008715,0.000283,0.000787,0.001856,0.001982,0.001951,-0.000566,-0.003115,-0.005317,-0.002139,0.004656,0.00023,0.000663,0.001628,0.00634,0.013169,0.00141,0.006729,0.009783,0.013655,0.016026,0.002147,0.004819,0.00663,0.006925,0.005812,-0.002469,-0.003831,-0.003724,-0.003063,-0.002584,0.125588,-0.982101,-0.079188,-0.968521,1,0,0,0,0,0,0,0,0,0,0
2117,0.001859,0.005862,0.01062,0.015662,0.01935,-0.005074,-0.008572,-0.007815,-0.006208,-0.002395,0.002017,0.004097,0.006649,0.006902,0.007248,-0.001261,-0.004286,-0.006902,-0.007122,-0.006681,0.003151,0.007847,0.012133,0.017144,0.019885,-0.002584,-0.002111,0.002647,0.007942,0.012007,0.000284,0.000819,0.00167,0.001607,0.001513,-0.001702,-0.003813,-0.004822,0.00104,0.008855,-0.000202,0.000918,0.002751,0.008816,0.016178,0.002572,0.006581,0.010541,0.014217,0.014406,0.001958,0.003511,0.005142,0.004484,0.003732,-0.001238,-0.001717,-0.000824,-0.000474,0.000746,0.127255,-0.987107,-0.077882,-0.972569,1,0,0,0,0,0,0,0,0,0,0
2118,0.002428,0.005991,0.011666,0.01567,0.019927,-0.002932,-0.003468,-0.001261,-0.000189,0.005202,0.000977,0.003815,0.004887,0.004919,0.006338,-0.001387,-0.00432,-0.00577,-0.005865,-0.005266,0.002743,0.006432,0.011824,0.015607,0.019139,-0.000189,0.002333,0.00845,0.011918,0.020621,0.000221,0.001293,0.001419,0.001387,0.00123,-0.000851,-0.003058,0.000126,0.006937,0.011004,0.000636,0.001602,0.006325,0.013169,0.016826,0.002758,0.005818,0.009699,0.012075,0.01533,0.000748,0.002587,0.002887,0.001757,0.003163,-0.000142,-3.3e-05,0.000639,0.001125,0.00233,0.128743,-0.987576,-0.077472,-0.978737,1,0,0,0,0,0,0,0,0,0,0
2119,0.001577,0.006341,0.011388,0.015079,0.020757,-0.000568,0.000189,0.001798,0.005615,0.01205,0.001104,0.003659,0.003912,0.004259,0.006372,-0.00164,-0.004259,-0.00448,-0.004038,-0.003028,0.001956,0.006246,0.011262,0.014006,0.019054,0.000662,0.005426,0.010726,0.014795,0.029432,0.000315,0.001167,0.001104,0.001009,0.000852,-0.001262,-0.002271,0.003596,0.01142,0.012681,0.000485,0.00232,0.008391,0.01576,0.016336,0.001254,0.005218,0.008898,0.009086,0.01723,0.000814,0.002456,0.001793,0.001036,0.003956,-0.000341,0.000559,0.000911,0.00214,0.003702,0.129946,-0.988831,-0.076974,-0.98795,1,0,0,0,0,0,0,0,0,0,0
2120,0.00199,0.007675,0.011687,0.015951,0.022047,3.2e-05,0.002243,0.003316,0.008718,0.015129,0.001737,0.002811,0.002843,0.004264,0.006254,-0.001295,-0.002748,-0.002843,-0.002243,-0.001421,0.001737,0.007138,0.010929,0.014466,0.019962,0.001864,0.007991,0.011466,0.020183,0.032628,0.000758,0.000884,0.000853,0.000695,0.000158,-0.000948,0.002243,0.009065,0.01314,0.014182,0.000483,0.005214,0.012069,0.015733,0.016321,0.00181,0.005698,0.008078,0.011339,0.01732,0.001042,0.001344,0.000201,0.001624,0.004916,0.000454,0.001134,0.001626,0.002846,0.004198,0.132003,-0.989327,-0.076787,-0.99178,1,0,0,0,0,0,0,0,0,0,0
2121,0.002777,0.007827,0.01152,0.0172,0.023418,0.000726,0.002335,0.006154,0.012593,0.015591,0.000821,0.001073,0.00142,0.003535,0.005649,-0.001326,-0.001546,-0.001105,-9.5e-05,-3.2e-05,0.002556,0.007574,0.01032,0.01537,0.022345,0.002904,0.008206,0.012277,0.026921,0.032413,9.5e-05,3.2e-05,-6.3e-05,-0.000221,-0.0006,-6.3e-05,0.005807,0.013634,0.014897,0.016222,0.001353,0.007427,0.0148,0.015376,0.016994,0.002157,0.005839,0.006028,0.014175,0.016712,0.000612,-5.3e-05,-0.000813,0.002117,0.005157,0.000451,0.000805,0.002037,0.003604,0.002755,0.13428,-0.990597,-0.077764,-0.993269,1,0,0,0,0,0,0,0,0,0,0
2122,0.0029,0.006903,0.011158,0.017241,0.024932,0.001481,0.002553,0.007943,0.014341,0.014625,0.000252,0.000284,0.001702,0.003688,0.005768,-0.000126,-0.000221,0.000378,0.001198,0.001261,0.002837,0.006619,0.010149,0.015634,0.0249,0.003215,0.006682,0.015381,0.0278,0.029061,3.2e-05,0.0,-0.000158,-0.000693,-0.000693,0.003246,0.010055,0.014121,0.015161,0.017304,0.003369,0.010211,0.013867,0.014454,0.016823,0.001725,0.0041,0.007354,0.013323,0.014401,-0.000307,-0.001435,-3.2e-05,0.003212,0.005545,0.000223,0.000708,0.00191,0.003242,0.001108,0.1371,-0.994565,-0.08046,-0.99488,1,0,0,0,0,0,0,0,0,0,0
2123,0.002141,0.005824,0.01149,0.017692,0.025782,0.000126,0.003935,0.010357,0.013348,0.012718,0.0,0.000346,0.002455,0.004565,0.006579,-9.4e-05,0.000346,0.001354,0.001417,0.001543,0.002172,0.004911,0.009948,0.016905,0.027955,0.002078,0.006139,0.020746,0.026223,0.025594,-9.4e-05,-0.000189,-0.000346,-0.000724,-0.000693,0.002613,0.01042,0.011679,0.013001,0.014261,0.002693,0.010047,0.010622,0.012236,0.013658,0.001949,0.002137,0.010264,0.012795,0.012995,-0.000348,-0.001094,0.001784,0.00477,0.007171,0.000126,0.001337,0.002877,0.002043,-0.002111,0.139334,-0.99488,-0.084279,-0.994912,1,0,0,0,0,0,0,0,0,0,0
2124,0.001855,0.006098,0.012165,0.019835,0.028197,0.000943,0.006318,0.0127,0.012982,0.008016,3.1e-05,0.001446,0.003426,0.005501,0.007733,0.0,0.000597,0.001415,0.001477,0.000786,0.001603,0.005124,0.010593,0.019835,0.033163,0.001383,0.010059,0.022444,0.023702,0.022916,6.3e-05,-9.4e-05,-0.000629,-0.000629,-0.000597,0.004181,0.008236,0.009273,0.011411,0.011662,0.004134,0.00778,0.008365,0.010728,0.011999,0.000422,0.003667,0.00962,0.010695,0.015219,-0.000761,0.000615,0.003798,0.006088,0.008804,0.000351,0.00153,0.002837,0.000743,-0.005825,0.14074,-0.994104,-0.089027,-0.995607,1,0,0,0,0,0,0,0,0,0,0
2125,0.001823,0.007482,0.013675,0.021754,0.030242,0.002861,0.009274,0.01226,0.011631,-0.001886,0.000314,0.002421,0.004527,0.006539,0.008236,0.00044,0.001446,0.001509,0.001635,-0.000692,0.001132,0.006162,0.013109,0.024143,0.038981,0.002672,0.017259,0.022728,0.0221,0.018044,-0.000157,-0.000314,-0.000692,-0.00066,-0.00066,0.003615,0.004873,0.006193,0.00745,0.007356,0.00321,0.003784,0.005395,0.006816,0.009284,-0.000234,0.007881,0.010408,0.010608,0.020528,2.3e-05,0.002873,0.00583,0.008208,0.009999,0.000848,0.002373,0.001547,-0.002567,-0.010801,0.141074,-0.992147,-0.09323,-0.994634,1,0,0,0,0,0,0,0,0,0,0
2126,0.002423,0.008496,0.016174,0.024545,0.030901,0.002517,0.008905,0.009189,0.004217,-0.009,0.001101,0.003084,0.005161,0.007395,0.008276,0.000157,0.000975,0.001038,0.000346,-0.002612,0.002392,0.007867,0.017118,0.030461,0.046257,0.00601,0.018409,0.019667,0.018881,0.004437,0.0,-0.000535,-0.000535,-0.000503,-0.000472,0.000441,0.001479,0.003619,0.003871,0.000975,0.000437,0.001023,0.003388,0.00466,0.004856,0.003483,0.009443,0.010518,0.015047,0.014631,0.001363,0.00457,0.006877,0.009613,0.010751,0.000334,0.001651,-0.000459,-0.007076,-0.021508,0.141262,-0.987903,-0.098722,-0.985614,1,0,0,0,0,0,0,0,0,0,0
2127,0.00324,0.009436,0.01752,0.026013,0.034002,0.0039,0.006889,0.006259,-0.007266,-0.014406,0.001007,0.003114,0.005127,0.006826,0.007581,0.000849,0.000912,0.001038,-0.00129,-0.010191,0.002642,0.009594,0.020634,0.035481,0.052026,0.008587,0.01406,0.013431,0.009373,-0.005976,-0.000157,-0.000535,-0.000503,-0.000503,-0.000472,0.000818,0.002139,0.003397,0.003303,-0.002233,0.000137,0.00175,0.003171,0.005641,0.009079,0.004638,0.007167,0.007367,0.017293,0.009899,0.001502,0.004471,0.006859,0.008657,0.008901,0.001197,0.000368,-0.003762,-0.012029,-0.025802,0.140094,-0.986914,-0.103889,-0.982097,1,0,0,0,0,0,0,0,0,0,0
2128,0.002831,0.010506,0.018874,0.025228,0.036175,0.002485,0.002768,-0.002202,-0.015414,-0.025511,0.000975,0.003051,0.005285,0.006165,0.006669,-3.1e-05,3.1e-05,-0.000661,-0.003617,-0.019377,0.002831,0.012079,0.025417,0.041208,0.054577,0.003806,0.005064,0.004278,-0.01016,-0.025668,-0.000377,-0.000377,-0.000346,-0.000315,-9.4e-05,0.00022,0.002359,0.002611,-0.000283,-0.009909,0.000448,0.002813,0.004084,0.00428,0.010382,0.001319,0.002394,0.006921,0.006505,0.001358,0.001696,0.003996,0.006726,0.007861,0.00689,0.000115,-0.001989,-0.00859,-0.022986,-0.027257,0.138699,-0.981491,-0.10675,-0.971105,1,0,0,0,0,0,0,0,0,0,0
2129,0.003365,0.011446,0.019936,0.027922,0.037733,0.000503,-0.000126,-0.013647,-0.020785,-0.030469,0.001132,0.003144,0.004842,0.005597,0.005754,9.4e-05,0.00022,-0.002107,-0.011005,-0.025124,0.004119,0.015156,0.029998,0.046537,0.05836,0.001667,0.001038,-0.003019,-0.018363,-0.038425,0.0,3.1e-05,3.1e-05,6.3e-05,0.000157,0.001101,0.002358,0.002264,-0.00327,-0.015282,0.001164,0.002585,0.005054,0.00849,0.010581,0.001209,0.00141,0.011332,0.003941,-0.006171,0.001271,0.003653,0.005447,0.00569,0.005307,-0.000942,-0.005063,-0.013311,-0.027053,-0.031169,0.137601,-0.977649,-0.110776,-0.960974,1,0,0,0,0,0,0,0,0,0,0
2130,0.004306,0.012667,0.019017,0.029955,0.035613,-0.00022,-0.005186,-0.018388,-0.028478,-0.03401,0.000943,0.003175,0.004055,0.004558,0.004621,-3.1e-05,-0.000723,-0.003678,-0.019425,-0.028887,0.005124,0.018451,0.03423,0.047589,0.058213,-0.000409,-0.001194,-0.015622,-0.031118,-0.049789,0.0,3.1e-05,6.3e-05,0.000283,9.4e-05,0.001037,0.001289,-0.001603,-0.011221,-0.018042,0.001199,0.00247,0.002665,0.008763,0.01141,-0.000135,0.004389,0.003974,-0.00117,-0.013699,0.001021,0.003736,0.004865,0.003899,0.003656,-0.001154,-0.007719,-0.022039,-0.026288,-0.034469,0.136477,-0.978248,-0.113151,-0.951769,1,0,0,0,0,0,0,0,0,0,0
2131,0.003776,0.012272,0.020265,0.030082,0.033638,-0.000409,-0.01394,-0.021083,-0.030774,-0.035715,0.00107,0.002769,0.003524,0.003682,0.003241,0.000157,-0.002171,-0.011076,-0.025205,-0.03153,0.005916,0.020768,0.037319,0.049151,0.057206,-0.00022,-0.004279,-0.019635,-0.039711,-0.05557,3.1e-05,3.1e-05,6.3e-05,0.000157,-3.1e-05,0.00022,0.000126,-0.005412,-0.017433,-0.019446,0.000221,0.002692,0.006131,0.008223,0.012442,0.000335,0.010265,0.002868,-0.007251,-0.017593,0.001365,0.003169,0.003413,0.003028,0.00165,-0.002979,-0.011269,-0.025079,-0.029216,-0.036246,0.135335,-0.977393,-0.115959,-0.946421,1,0,0,0,0,0,0,0,0,0,0
2132,0.004588,0.010936,0.021871,0.027527,0.029507,-0.004556,-0.017754,-0.027842,-0.033372,-0.03928,0.001163,0.002043,0.002545,0.002608,0.000786,-0.000848,-0.003802,-0.019546,-0.029004,-0.036357,0.007416,0.023191,0.036546,0.047167,0.052792,-0.000566,-0.014989,-0.030481,-0.049147,-0.063476,0.0,3.1e-05,0.000251,6.3e-05,-0.000283,3.1e-05,-0.00286,-0.012475,-0.019294,-0.023945,0.00105,0.001245,0.007341,0.009987,0.01243,0.004188,0.003772,-0.00137,-0.013895,-0.021824,0.001357,0.002484,0.001521,0.001278,-0.00155,-0.003602,-0.017895,-0.022135,-0.030301,-0.035651,0.134213,-0.974182,-0.116926,-0.940437,1,0,0,0,0,0,0,0,0,0,0
2133,0.003882,0.011833,0.021599,0.025137,0.024761,-0.008921,-0.016027,-0.025669,-0.030583,-0.041164,0.000532,0.001283,0.00144,0.001002,-0.001972,-0.001471,-0.01033,-0.024385,-0.030677,-0.039599,0.007388,0.023853,0.035623,0.043637,0.04658,-0.003475,-0.018751,-0.038722,-0.054499,-0.070715,0.0,3.1e-05,0.000125,-6.3e-05,-0.000313,-0.000125,-0.005635,-0.017593,-0.019596,-0.029832,0.001413,0.004834,0.006915,0.011112,0.009398,0.005707,-0.001652,-0.011718,-0.022007,-0.02719,0.000418,0.000653,0.000282,-0.001047,-0.004714,-0.004487,-0.017804,-0.021793,-0.028572,-0.032938,0.13302,-0.970132,-0.117746,-0.934111,1,0,0,0,0,0,0,0,0,0,0
2134,0.002425,0.013243,0.018839,0.020797,0.020642,-0.004197,-0.014176,-0.019647,-0.025491,-0.040693,0.000342,0.000839,0.000902,-0.000902,-0.003544,-0.001461,-0.017036,-0.026393,-0.033667,-0.040134,0.008269,0.021481,0.031989,0.037553,0.04203,-0.010818,-0.026144,-0.04461,-0.058786,-0.079303,3.1e-05,0.000249,6.2e-05,-0.00028,-0.000373,-0.002736,-0.012248,-0.018994,-0.023595,-0.033325,-0.00121,0.004821,0.007439,0.009855,0.006244,-0.006078,-0.011165,-0.023556,-0.0314,-0.036071,0.000647,-0.000247,-0.000471,-0.003094,-0.005926,-0.00898,-0.012912,-0.020485,-0.025446,-0.030815,0.131975,-0.96677,-0.120067,-0.927127,1,0,0,0,0,0,0,0,0,0,0
2135,0.005445,0.015098,0.018594,0.018222,0.018099,-0.002846,-0.012375,-0.017232,-0.027689,-0.045169,0.000402,0.000557,0.000124,-0.002815,-0.004919,-0.007301,-0.021192,-0.027411,-0.036228,-0.041085,0.008044,0.019676,0.027596,0.030505,0.034465,-0.004331,-0.02407,-0.039662,-0.055688,-0.078767,0.0,9.3e-05,-9.3e-05,-0.00034,-0.000588,-0.002723,-0.014541,-0.016521,-0.026637,-0.032206,0.004585,0.006642,0.01079,0.009096,0.008117,-0.001224,-0.011173,-0.02134,-0.026464,-0.031474,-0.000409,-0.00075,-0.001974,-0.005352,-0.007661,-0.003583,-0.007257,-0.013501,-0.017522,-0.022187,0.131188,-0.966686,-0.120552,-0.919305,1,0,0,0,0,0,0,0,0,0,0
2136,0.005277,0.0108,0.012733,0.01258,0.012457,-0.007026,-0.012426,-0.018194,-0.033198,-0.046636,9.2e-05,0.000153,-0.001626,-0.004234,-0.006903,-0.008131,-0.017366,-0.024546,-0.030927,-0.035591,0.005063,0.015433,0.020925,0.025343,0.026478,-0.010831,-0.029056,-0.043047,-0.063297,-0.075416,0.000215,3.1e-05,-0.000307,-0.000399,-0.000614,-0.006689,-0.013347,-0.017888,-0.027491,-0.029946,0.001405,0.003989,0.006373,0.00281,0.004638,-0.003807,-0.016037,-0.023778,-0.028389,-0.02691,-0.00043,-0.000635,-0.003027,-0.005611,-0.00912,-0.000206,-0.007114,-0.01164,-0.016538,-0.017501,0.13056,-0.969798,-0.120835,-0.923327,1,0,0,0,0,0,0,0,0,0,0
2137,0.004264,0.007705,0.00734,0.007218,0.006975,-0.002406,-0.007188,-0.017482,-0.03469,-0.042274,6.1e-05,-0.000365,-0.003259,-0.00533,-0.008345,-0.005604,-0.011726,-0.020406,-0.025188,-0.029055,0.006426,0.014223,0.017086,0.020985,0.021776,-0.00868,-0.02403,-0.039807,-0.062527,-0.070385,-0.000122,-0.000305,-0.000548,-0.000792,-0.000792,-0.004995,-0.006944,-0.016903,-0.022386,-0.022873,0.00063,0.004714,0.003046,0.002082,0.004998,-0.006015,-0.016025,-0.021069,-0.026001,-0.026129,0.000102,-0.000995,-0.004022,-0.006091,-0.010368,-0.003096,-0.008691,-0.012294,-0.016474,-0.017407,0.129255,-0.970963,-0.121015,-0.918768,1,0,0,0,0,0,0,0,0,0,0
2138,0.001208,0.003112,0.00296,0.00284,0.002658,-0.00293,-0.00861,-0.023382,-0.036613,-0.043954,0.0,-0.001752,-0.00432,-0.006948,-0.009365,-0.003534,-0.010603,-0.016887,-0.021478,-0.024439,0.003837,0.009244,0.013594,0.014712,0.016645,-0.009335,-0.02311,-0.043048,-0.05498,-0.064798,-6e-05,-0.000393,-0.000483,-0.000695,-0.000363,-0.001601,-0.006072,-0.015527,-0.017944,-0.017159,0.001919,0.004267,0.000758,0.002558,0.005885,-0.006075,-0.013697,-0.018236,-0.016781,-0.018937,-0.00028,-0.002426,-0.004743,-0.007891,-0.011766,-0.003272,-0.007332,-0.011724,-0.012589,-0.014602,0.127726,-0.970683,-0.121891,-0.916756,1,0,0,0,0,0,0,0,0,0,0
2139,0.002192,0.001831,0.001711,0.001471,0.001501,-0.001801,-0.011949,-0.028911,-0.036386,-0.044702,-0.00042,-0.003272,-0.005314,-0.008286,-0.010027,-0.002522,-0.011078,-0.015791,-0.019604,-0.022816,0.003873,0.006695,0.010538,0.011318,0.014981,-0.005854,-0.021405,-0.043801,-0.051547,-0.057401,-0.00012,-0.00036,-0.0006,-0.0006,0.00036,-0.00033,-0.010147,-0.015551,-0.016031,-0.017082,0.002118,0.000474,-0.000476,0.002398,0.004172,-0.00383,-0.008801,-0.013663,-0.013789,-0.010831,-0.000724,-0.00346,-0.005331,-0.009199,-0.012665,-0.001926,-0.005185,-0.008964,-0.009808,-0.012401,0.125716,-0.967566,-0.123419,-0.917946,1,0,0,0,0,0,0,0,0,0,0
2140,-0.000298,-0.000447,-0.000566,-0.000745,3e-05,-0.003816,-0.018392,-0.031449,-0.038693,-0.048083,-0.001312,-0.003845,-0.006439,-0.008824,-0.009599,-0.004471,-0.010672,-0.015203,-0.018124,-0.023102,0.00149,0.005783,0.006886,0.008794,0.013027,-0.00778,-0.027455,-0.039229,-0.048917,-0.05479,-0.000209,-0.000298,-0.000507,-0.000179,0.001043,-0.004084,-0.013414,-0.015799,-0.015024,-0.018899,0.000213,-0.003249,-0.001472,0.00181,0.002636,-0.003719,-0.008198,-0.006762,-0.00889,-0.004905,-0.001266,-0.003377,-0.006245,-0.009775,-0.012166,-0.001865,-0.005867,-0.006654,-0.008489,-0.010749,0.124187,-0.965152,-0.124759,-0.917746,1,0,0,0,0,0,0,0,0,0,0
2141,-5.9e-05,-0.000178,-0.000414,-0.000385,0.001184,-0.006216,-0.022941,-0.030312,-0.038511,-0.048783,-0.00151,-0.003523,-0.006453,-0.00817,-0.008496,-0.003996,-0.008644,-0.012403,-0.01557,-0.019744,0.001302,0.005091,0.005861,0.009472,0.014416,-0.007608,-0.02969,-0.037327,-0.0431,-0.048102,-3e-05,-0.000266,-0.000266,0.000681,0.001362,-0.005624,-0.010953,-0.011426,-0.012462,-0.014593,-0.001833,-0.00277,6.4e-05,0.001813,0.003705,-0.001209,-0.006003,-0.006127,-0.003211,0.002505,-0.001274,-0.002969,-0.006474,-0.009615,-0.01099,-0.001176,-0.004601,-0.005365,-0.007715,-0.009682,0.122991,-0.967346,-0.127323,-0.920526,1,0,0,0,0,0,0,0,0,0,0
2142,-8.8e-05,-0.000206,-0.000383,0.000383,0.002472,-0.008211,-0.021101,-0.028252,-0.037522,-0.044379,-0.001001,-0.003561,-0.005915,-0.00668,-0.007034,-0.002148,-0.006622,-0.009506,-0.01442,-0.016039,0.002943,0.004032,0.005915,0.010094,0.015686,-0.01186,-0.023484,-0.033049,-0.038846,-0.039523,-5.9e-05,-0.000265,5.9e-05,0.001265,0.001265,-0.00362,-0.005974,-0.005209,-0.009035,-0.008946,-0.001595,0.000158,0.003398,0.004214,0.00586,-0.00322,-0.001802,-0.003903,3.1e-05,0.006672,-0.000707,-0.003328,-0.006554,-0.00874,-0.009345,-0.002529,-0.003248,-0.004925,-0.006991,-0.008922,0.122101,-0.968905,-0.129553,-0.925844,1,0,0,0,0,0,0,0,0,0,0
2143,-2.9e-05,-0.000263,-0.000234,0.001317,0.004476,-0.008367,-0.015652,-0.023756,-0.033908,-0.040139,-0.000995,-0.003891,-0.005588,-0.00591,-0.006027,-0.002458,-0.006173,-0.009303,-0.013429,-0.01457,0.000819,0.00158,0.005149,0.010035,0.01574,-0.010035,-0.017583,-0.023288,-0.028232,-0.026828,-0.000176,-0.000176,0.000761,0.001434,-0.000497,-0.001668,-0.002136,-0.00316,-0.005266,-0.010444,0.000661,0.003461,0.005189,0.007059,0.003299,-0.001536,-0.001659,0.001223,0.006872,0.014809,-0.000883,-0.004112,-0.007005,-0.008272,-0.005922,-0.000728,-0.001432,-0.003597,-0.005408,-0.00643,0.122874,-0.963516,-0.131831,-0.928511,1,0,0,0,0,0,0,0,0,0,0
2144,-8.7e-05,-0.000262,0.000495,0.002564,0.007547,-0.004429,-0.01151,-0.020689,-0.027479,-0.035172,-0.001544,-0.003876,-0.004633,-0.004983,-0.005012,-0.001982,-0.004837,-0.009704,-0.011306,-0.012967,0.000262,0.002127,0.006265,0.011802,0.017571,-0.001515,-0.010986,-0.016726,-0.017397,-0.016726,-2.9e-05,0.000291,0.001486,0.001486,-0.006994,-0.00067,8.7e-05,-0.003701,-0.003613,-0.013317,0.001078,0.004287,0.005094,0.006724,-5.1e-05,0.002934,0.000854,0.00475,0.011326,0.01971,-0.001587,-0.004598,-0.006637,-0.007202,0.001855,3.6e-05,-0.001528,-0.003456,-0.005258,-0.004822,0.128838,-0.958593,-0.13291,-0.929692,1,0,0,0,0,0,0,0,0,0,0
2145,-0.000146,-0.000116,0.001427,0.004571,0.011123,-0.002824,-0.01089,-0.020993,-0.027195,-0.036105,-0.001339,-0.003028,-0.003348,-0.003465,-0.003698,-0.001718,-0.004833,-0.008939,-0.010074,-0.013219,0.000495,0.004047,0.00891,0.014588,0.02012,-0.005998,-0.011676,-0.016597,-0.015199,-0.01846,2.9e-05,0.000961,0.001631,-0.000291,-0.023934,0.000204,-0.000815,-0.002912,-0.008065,-0.019363,0.00171,0.00343,0.005291,0.001548,-0.002714,-0.003054,-0.000186,0.005436,0.013336,0.018761,-0.001544,-0.004342,-0.005567,-0.003294,0.019325,-0.000717,-0.002811,-0.004563,-0.005551,-0.004012,0.144971,-0.951903,-0.13391,-0.927214,1,0,0,0,0,0,0,0,0,0,0
2146,-2.9e-05,0.000725,0.002785,0.007747,0.01413,-0.004236,-0.013375,-0.020135,-0.027795,-0.042447,-0.000986,-0.001741,-0.002089,-0.002118,-0.003569,-0.001132,-0.005977,-0.007573,-0.009226,-0.012911,0.001364,0.005484,0.010996,0.016741,0.022021,-0.003453,-0.009168,-0.009836,-0.009168,-0.021296,0.00029,0.00148,0.00148,-0.006963,-0.048975,0.000551,-0.00322,-0.003133,-0.012795,-0.037137,0.001491,0.002295,0.003917,-0.002828,-0.015036,0.000972,0.004851,0.011398,0.019746,0.022073,-0.001415,-0.003393,-0.003941,0.004844,0.042973,-0.000818,-0.002688,-0.004436,-0.004014,-0.002808,0.169617,-0.935868,-0.133724,-0.920179,1,0,0,0,0,0,0,0,0,0,0
2147,5.8e-05,0.001589,0.004708,0.011207,0.016811,-0.003784,-0.013807,-0.019959,-0.028798,-0.047919,-0.000693,-0.001011,-0.001126,-0.001358,-0.009156,-0.001964,-0.006037,-0.007163,-0.010283,-0.011871,0.002166,0.00699,0.012622,0.01811,0.024609,-0.002195,-0.007077,-0.00569,-0.008925,-0.023396,0.000635,0.0013,-0.000607,-0.024061,-0.077872,-0.00156,-0.003639,-0.008752,-0.019959,-0.055487,0.000222,0.002068,-0.001644,-0.005873,-0.02748,0.001878,0.007455,0.015291,0.020673,0.025405,-0.001274,-0.002432,-0.000284,0.0211,0.062125,-0.001186,-0.002842,-0.003776,-0.002322,-0.002482,0.198195,-0.919749,-0.135418,-0.918703,1,0,0,0,0,0,0,0,0,0,0
2148,0.000689,0.002728,0.007638,0.013956,0.02102,-0.005284,-0.011974,-0.019555,-0.034056,-0.049793,-5.7e-05,-0.000402,-0.000431,-0.001867,-0.017287,-0.002843,-0.004422,-0.006059,-0.009706,-0.010079,0.001924,0.00738,0.013066,0.018292,0.025844,-0.003475,-0.004135,-0.003475,-0.015478,-0.024408,0.000546,0.000546,-0.007811,-0.049391,-0.105529,-0.002182,-0.002096,-0.011658,-0.035751,-0.067654,0.000575,0.002181,-0.004496,-0.016578,-0.034482,0.001972,0.008452,0.016714,0.019017,0.025819,-0.000617,-0.001127,0.007046,0.042516,0.074834,-0.000601,-0.002227,-0.001834,-0.000713,-0.000241,0.225207,-0.905262,-0.134847,-0.919131,1,0,0,0,0,0,0,0,0,0,0
2149,0.000829,0.003915,0.010344,0.015888,0.025518,-0.004658,-0.010744,-0.019488,-0.038405,-0.048635,-0.000257,-0.000371,-0.0006,-0.008315,-0.02606,-0.0012,-0.002315,-0.005401,-0.006972,-0.007801,0.002858,0.00843,0.013859,0.020288,0.029718,-0.001372,0.0,-0.0032,-0.017517,-0.021688,0.000114,-0.001772,-0.024975,-0.07821,-0.140504,0.000114,-0.004943,-0.016031,-0.051178,-0.092126,0.001254,-0.002418,-0.006602,-0.027977,-0.048992,0.003555,0.011307,0.016631,0.021313,0.027271,-0.000478,0.001515,0.021347,0.059396,0.091478,-0.000955,-0.001821,-0.000472,-0.000621,0.000265,0.260177,-0.878689,-0.136644,-0.923107,1,0,0,0,0,0,0,0,0,0,0
2150,0.001197,0.00607,0.012339,0.019349,0.030548,-0.001995,-0.009518,-0.023909,-0.039525,-0.048131,-8.5e-05,-0.000114,-0.001539,-0.016841,-0.033683,-0.00037,-0.001995,-0.005614,-0.005984,-0.012368,0.002565,0.008207,0.013393,0.020888,0.034338,0.000712,0.001368,-0.010544,-0.019406,-0.020375,-0.000114,-0.008406,-0.04967,-0.10538,-0.179358,-2.8e-05,-0.009518,-0.033427,-0.065086,-0.116551,0.000343,-0.006283,-0.018273,-0.036041,-0.052077,0.002885,0.011085,0.01337,0.02012,0.028009,-1.4e-05,0.007732,0.041353,0.071986,0.107762,-0.000604,-0.000232,0.000831,0.001278,0.000362,0.300246,-0.853502,-0.14041,-0.925839,1,0,0,0,0,0,0,0,0,0,0
2151,0.001877,0.008277,0.013794,0.023379,0.035353,-0.004067,-0.01277,-0.031599,-0.041781,-0.053329,-2.8e-05,-0.000256,-0.007935,-0.025598,-0.042862,-0.000739,-0.003811,-0.005376,-0.0062,-0.022526,0.002986,0.00839,0.01479,0.024176,0.038966,0.000654,-0.002531,-0.016781,-0.020933,-0.023266,-0.001763,-0.024858,-0.077846,-0.139849,-0.201113,-0.005006,-0.016041,-0.051025,-0.091782,-0.160015,-0.003998,-0.008162,-0.029438,-0.050355,-0.073311,0.004836,0.010135,0.014795,0.020726,0.030261,0.001943,0.021138,0.057963,0.089013,0.118221,-0.000242,0.001064,0.00092,0.001777,0.00059,0.32489,-0.810305,-0.143944,-0.926793,1,0,0,0,0,0,0,0,0,0,0
2152,0.002976,0.009212,0.016185,0.027324,0.039767,-0.00343,-0.017744,-0.033277,-0.041837,-0.051332,0.0,-0.001417,-0.016638,-0.03339,-0.052097,-0.000879,-0.004478,-0.004847,-0.011196,-0.032001,0.002636,0.007795,0.015249,0.028628,0.043396,0.0,-0.011848,-0.020663,-0.021627,-0.026757,-0.006491,-0.047534,-0.102947,-0.17653,-0.220691,-0.00445,-0.028231,-0.059722,-0.110912,-0.198525,-0.002606,-0.014532,-0.032205,-0.048156,-0.088415,0.003336,0.005609,0.012323,0.02017,0.02484,0.005565,0.03795,0.067457,0.101918,0.122979,0.000595,0.001619,0.002049,0.001167,-0.000281,0.349729,-0.76514,-0.148256,-0.925494,1,0,0,0,0,0,0,0,0,0,0
2153,0.003393,0.00888,0.018409,0.030315,0.043238,-0.005232,-0.023952,-0.034076,-0.045557,-0.048809,-0.000226,-0.007861,-0.025423,-0.042588,-0.06374,-0.002177,-0.003733,-0.004553,-0.020785,-0.041796,0.002743,0.009106,0.018438,0.033143,0.047989,-0.003167,-0.017335,-0.021464,-0.023782,-0.028392,-0.016487,-0.06917,-0.130818,-0.19173,-0.233639,-0.006532,-0.041315,-0.081839,-0.149679,-0.239295,-0.00154,-0.022694,-0.043491,-0.066315,-0.106194,0.001941,0.006574,0.012471,0.021951,0.020908,0.012962,0.048333,0.078157,0.106211,0.122352,0.000668,0.000531,0.001354,0.000213,-0.001639,0.372337,-0.718933,-0.151461,-0.924668,1,0,0,0,0,0,0,0,0,0,0
2154,0.002822,0.009763,0.020851,0.033238,0.044834,-0.009029,-0.024491,-0.033012,-0.042464,-0.047233,-0.001185,-0.016337,-0.033012,-0.051634,-0.077987,-0.001411,-0.001778,-0.008098,-0.028808,-0.052227,0.002398,0.009819,0.023137,0.037837,0.05107,-0.008634,-0.017409,-0.018368,-0.023475,-0.028103,-0.024406,-0.079567,-0.152815,-0.196774,-0.227924,-0.017155,-0.048502,-0.099459,-0.186673,-0.269796,-0.010336,-0.027928,-0.043806,-0.083882,-0.124219,0.000327,0.00701,0.014821,0.01947,0.019866,0.018607,0.047185,0.080562,0.10096,0.110311,0.000333,0.000751,-0.000104,-0.001507,-0.002883,0.386323,-0.681445,-0.154315,-0.923888,1,0,0,0,0,0,0,0,0,0,0
2155,0.002652,0.012162,0.024041,0.036937,0.045035,-0.00965,-0.019752,-0.031209,-0.034454,-0.045205,-0.006434,-0.023957,-0.041085,-0.062192,-0.089761,-0.000141,-0.000959,-0.017156,-0.038122,-0.062248,0.00395,0.013262,0.027936,0.04275,0.053134,-0.005502,-0.009622,-0.011936,-0.016536,-0.028726,-0.028161,-0.089676,-0.150457,-0.192275,-0.222976,-0.017551,-0.057987,-0.125682,-0.215104,-0.298374,-0.010772,-0.031524,-0.054299,-0.094092,-0.131122,0.004297,0.010181,0.01964,0.0186,0.017544,0.016223,0.045599,0.073232,0.089131,0.095632,-0.000469,0.000341,-0.000782,-0.002607,-0.004753,0.407223,-0.635723,-0.15616,-0.91654,1,0,0,0,0,0,0,0,0,0,0
2156,0.004296,0.015405,0.027813,0.03943,0.046157,-0.005823,-0.014359,-0.023828,-0.028604,-0.039091,-0.008734,-0.025439,-0.044094,-0.070493,-0.090477,-0.000226,-0.006558,-0.027304,-0.050764,-0.07202,0.003477,0.016818,0.031544,0.0448,0.054637,-0.003279,-0.00424,-0.009356,-0.013991,-0.026993,-0.02705,-0.100426,-0.144463,-0.175668,-0.212187,-0.013822,-0.064869,-0.152236,-0.235505,-0.328215,-0.006833,-0.022739,-0.062886,-0.103294,-0.132978,0.002391,0.010216,0.014873,0.01527,0.013293,0.012519,0.04631,0.066961,0.076429,0.084025,0.000897,3.2e-05,-0.001388,-0.002782,-0.005785,0.425854,-0.587705,-0.157596,-0.914448,1,0,0,0,0,0,0,0,0,0,0
2157,0.005226,0.017117,0.030026,0.038132,0.045561,-0.004293,-0.015761,-0.01901,-0.029771,-0.036353,-0.008813,-0.025958,-0.047086,-0.074683,-0.090162,-0.000593,-0.016806,-0.037793,-0.061944,-0.082818,0.005847,0.020535,0.035364,0.045759,0.056577,-0.000847,-0.003164,-0.007768,-0.01997,-0.028868,-0.034545,-0.095387,-0.137248,-0.16798,-0.196989,-0.026664,-0.094427,-0.183939,-0.267294,-0.348558,-0.013945,-0.036742,-0.076575,-0.113643,-0.133994,0.0035,0.01297,0.011928,0.010872,0.009153,0.017125,0.044953,0.060965,0.067512,0.073045,-7.7e-05,-0.001208,-0.003046,-0.005207,-0.008386,0.440146,-0.552055,-0.159234,-0.9105,1,0,0,0,0,0,0,0,0,0,0
2158,0.005877,0.018281,0.029894,0.036619,0.043372,-0.004238,-0.013704,-0.018479,-0.028962,-0.035235,-0.007883,-0.026532,-0.052923,-0.072899,-0.082902,-0.005736,-0.026475,-0.049927,-0.071176,-0.100505,0.007488,0.022209,0.035461,0.045294,0.055324,-0.000113,-0.005227,-0.009861,-0.022859,-0.033426,-0.038795,-0.082817,-0.114011,-0.150517,-0.16504,-0.024356,-0.111694,-0.194935,-0.287613,-0.350735,-0.001952,-0.042084,-0.082479,-0.112153,-0.123592,0.004321,0.008976,0.009373,0.007397,0.003724,0.016546,0.037148,0.046593,0.054171,0.056809,-0.000786,-0.002203,-0.003593,-0.006589,-0.009925,0.44631,-0.522809,-0.160817,-0.906148,1,0,0,0,0,0,0,0,0,0,0
2159,0.006014,0.018917,0.02702,0.034446,0.041166,-0.007228,-0.010475,-0.021232,-0.027811,-0.033317,-0.009261,-0.03038,-0.057966,-0.073438,-0.077306,-0.010475,-0.031453,-0.055594,-0.076459,-0.113221,0.0072,0.022023,0.032413,0.043227,0.052064,-0.002202,-0.006805,-0.019002,-0.027896,-0.037298,-0.022051,-0.063895,-0.094614,-0.123611,-0.132392,-0.043396,-0.132872,-0.216192,-0.297423,-0.346861,-0.020838,-0.060655,-0.097707,-0.118049,-0.11886,0.005148,0.004106,0.003051,0.001332,-0.002137,0.011288,0.027254,0.033782,0.039299,0.040325,-0.000346,-0.002178,-0.004334,-0.007504,-0.009782,0.454475,-0.501698,-0.162541,-0.903192,1,0,0,0,0,0,0,0,0,0,0
2160,0.006384,0.017993,0.024716,0.031467,0.038472,-0.002231,-0.007005,-0.017485,-0.023755,-0.025704,-0.009378,-0.03576,-0.05573,-0.065729,-0.072791,-0.010253,-0.033698,-0.054939,-0.084259,-0.120951,0.007514,0.020761,0.030591,0.040618,0.049855,-0.002909,-0.007542,-0.020535,-0.031099,-0.035506,-0.021947,-0.053132,-0.089626,-0.104145,-0.11372,-0.043895,-0.127109,-0.219757,-0.28286,-0.330116,-0.019273,-0.059654,-0.089319,-0.100754,-0.10254,-0.000496,-9.9e-05,-0.002075,-0.005746,-0.007768,0.009234,0.018658,0.026219,0.028851,0.029659,-0.001067,-0.002454,-0.005443,-0.008772,-0.010901,0.459423,-0.47557,-0.165403,-0.903569,1,0,0,0,0,0,0,0,0,0,0
2161,0.006515,0.014608,0.022026,0.028738,0.03466,-0.001015,-0.01176,-0.018331,-0.02383,-0.022872,-0.011732,-0.039285,-0.054739,-0.058603,-0.068784,-0.010717,-0.034829,-0.05567,-0.092389,-0.130743,0.007304,0.017682,0.028484,0.037311,0.046307,-0.001692,-0.013875,-0.022759,-0.03215,-0.033024,-0.019882,-0.050566,-0.079529,-0.088299,-0.091148,-0.045546,-0.128769,-0.209905,-0.259286,-0.301532,-0.020528,-0.057537,-0.077856,-0.078666,-0.086938,-0.000545,-0.0016,-0.003316,-0.006781,-0.008029,0.006704,0.013179,0.018651,0.019669,0.019762,-0.000762,-0.0029,-0.006045,-0.008305,-0.010976,0.460651,-0.460342,-0.167208,-0.903272,1,0,0,0,0,0,0,0,0,0,0
2162,0.005075,0.011785,0.018524,0.025516,0.030507,-0.00375,-0.01421,-0.020469,-0.022415,-0.021738,-0.014605,-0.034538,-0.044519,-0.051568,-0.05512,-0.012688,-0.03389,-0.063156,-0.099781,-0.139112,0.005921,0.015733,0.025742,0.034961,0.041869,-0.002932,-0.015902,-0.026446,-0.030845,-0.031352,-0.01125,-0.047677,-0.062169,-0.071727,-0.069218,-0.037527,-0.130005,-0.192992,-0.240161,-0.284229,-0.019785,-0.049395,-0.060809,-0.062591,-0.069968,0.000941,-0.001031,-0.004696,-0.006714,-0.007527,0.002611,0.010076,0.012674,0.013472,0.013577,-0.000608,-0.003559,-0.006845,-0.008947,-0.010609,0.461679,-0.432921,-0.167804,-0.903531,1,0,0,0,0,0,0,0,0,0,0
2163,0.003017,0.010434,0.017146,0.023068,0.02806,-0.006994,-0.013565,-0.019064,-0.018105,-0.017231,-0.012944,-0.028398,-0.032262,-0.042442,-0.041935,-0.011421,-0.032262,-0.068979,-0.107332,-0.136492,0.004456,0.015257,0.024084,0.03308,0.038099,-0.00925,-0.018133,-0.027524,-0.028398,-0.028793,-0.01943,-0.048393,-0.057163,-0.060011,-0.061196,-0.045685,-0.126819,-0.176199,-0.218444,-0.257586,-0.017219,-0.037537,-0.038347,-0.046619,-0.048796,-0.001996,-0.003712,-0.007177,-0.008425,-0.009667,0.003859,0.009329,0.010347,0.01044,0.011069,-0.001528,-0.004672,-0.006932,-0.009603,-0.009811,0.466843,-0.423194,-0.167808,-0.902351,1,0,0,0,0,0,0,0,0,0,0
2164,0.003695,0.010435,0.017429,0.022421,0.027865,-0.003469,-0.00973,-0.011676,-0.010999,-0.008517,-0.006994,-0.016978,-0.024029,-0.027583,-0.032659,-0.009786,-0.039061,-0.075697,-0.11504,-0.133203,0.005359,0.015371,0.024593,0.031503,0.036607,-0.003723,-0.014271,-0.01867,-0.019178,-0.019291,-0.017006,-0.031503,-0.041064,-0.038553,-0.043602,-0.046817,-0.109822,-0.157006,-0.201087,-0.225483,-0.012398,-0.023816,-0.025599,-0.032978,-0.035203,2.3e-05,-0.003643,-0.005661,-0.006475,-0.009087,0.00362,0.006223,0.007022,0.007127,0.007488,-0.001428,-0.004721,-0.006827,-0.008493,-0.008604,0.469073,-0.410295,-0.168716,-0.90107,1,0,0,0,0,0,0,0,0,0,0
2165,0.003719,0.010424,0.01634,0.021327,0.024538,-0.003099,-0.008593,-0.007635,-0.006761,-0.004705,-0.008452,-0.012311,-0.022482,-0.021974,-0.02882,-0.011044,-0.047724,-0.086039,-0.115169,-0.134777,0.005437,0.014255,0.023242,0.028257,0.033328,-0.005156,-0.014537,-0.01541,-0.015805,-0.01541,-0.011945,-0.020707,-0.023552,-0.024735,-0.029975,-0.034286,-0.083616,-0.125818,-0.164921,-0.189262,-0.007913,-0.008722,-0.016985,-0.01916,-0.022327,-0.001738,-0.005199,-0.006446,-0.007687,-0.008972,0.00184,0.00285,0.002942,0.003568,0.003805,-0.001704,-0.003948,-0.0066,-0.006807,-0.008437,0.472615,-0.402329,-0.169458,-0.899305,1,0,0,0,0,0,0,0,0,0,0
2166,0.003012,0.009994,0.014977,0.020411,0.022213,-0.003153,-0.005096,-0.00442,-0.001943,-0.000253,-0.00152,-0.008559,-0.012106,-0.017173,-0.023254,-0.018187,-0.054758,-0.094031,-0.112162,-0.132432,0.004561,0.013767,0.020664,0.02576,0.029561,-0.005377,-0.009769,-0.010276,-0.010389,-0.010191,-0.002534,-0.012078,-0.009572,-0.014611,-0.021931,-0.028632,-0.075732,-0.119735,-0.144088,-0.162697,-0.003491,-0.00527,-0.012636,-0.014857,-0.013122,-0.001923,-0.003938,-0.00475,-0.007358,-0.008447,0.00074,0.00153,0.001633,0.00199,0.001923,-0.001556,-0.003637,-0.005282,-0.005392,-0.007095,0.474621,-0.399653,-0.168963,-0.895527,1,0,0,0,0,0,0,0,0,0,0
2167,0.003684,0.009591,0.014569,0.017775,0.0207,-0.002334,-0.001378,-0.000506,0.001547,0.003347,-0.002334,-0.012487,-0.011981,-0.018815,-0.022359,-0.01845,-0.056699,-0.08578,-0.105355,-0.125464,0.004247,0.013219,0.018225,0.023287,0.026747,-0.003994,-0.004866,-0.005259,-0.004866,-0.004669,-0.006216,-0.009056,-0.010237,-0.015469,-0.023315,-0.020643,-0.062774,-0.101811,-0.126111,-0.141692,0.002679,-0.00557,-0.007741,-0.010902,-0.005288,-0.001535,-0.00278,-0.004018,-0.005301,-0.006773,0.000263,0.000354,0.000972,0.001206,0.001036,-0.000672,-0.003293,-0.003497,-0.005108,-0.005728,0.477508,-0.396094,-0.168951,-0.892195,1,0,0,0,0,0,0,0,0,0,0
2168,0.003287,0.008259,0.013681,0.015479,0.018204,0.000393,0.001068,0.00354,0.005225,0.006377,-0.004691,-0.008231,-0.013288,-0.019356,-0.022193,-0.018063,-0.057252,-0.075343,-0.09557,-0.114672,0.004944,0.011827,0.016911,0.020704,0.024693,-0.000393,-0.000899,-0.001011,-0.000815,-0.00059,-0.003315,-0.000815,-0.005843,-0.013147,-0.020283,-0.026379,-0.070287,-0.094586,-0.113155,-0.127426,-0.004452,-0.011802,-0.014018,-0.012287,-0.006564,-0.000478,-0.001288,-0.00389,-0.004977,-0.005644,0.000516,0.000618,0.00097,0.000903,0.000713,-0.001382,-0.003003,-0.003111,-0.004789,-0.005834,0.479173,-0.390867,-0.169852,-0.888501,1,0,0,0,0,0,0,0,0,0,0
2169,0.002612,0.007582,0.010784,0.013704,0.015698,0.000562,0.001432,0.003482,0.005279,0.006178,-0.005448,-0.004942,-0.011766,-0.015305,-0.021792,-0.020135,-0.049172,-0.068717,-0.088796,-0.104072,0.004016,0.009014,0.014069,0.017523,0.022381,-0.000477,-0.000871,-0.000477,-0.000281,-0.000168,0.000477,-0.000702,-0.005925,-0.01376,-0.023729,-0.015698,-0.054676,-0.078939,-0.094496,-0.110503,-0.003787,-0.005954,-0.009111,-0.003505,-0.000501,-0.000766,-0.002002,-0.003283,-0.004753,-0.004967,-0.000425,0.000186,0.000418,0.00025,0.00038,-0.001214,-0.001417,-0.00301,-0.003624,-0.005798,0.485405,-0.381986,-0.171347,-0.886555,1,0,0,0,0,0,0,0,0,0,0
2170,0.002359,0.007779,0.009576,0.0123,0.015867,0.000112,0.002584,0.004269,0.00542,0.008256,0.00191,-0.003145,-0.009211,-0.012048,-0.02154,-0.01904,-0.037126,-0.057346,-0.076443,-0.086862,0.002864,0.007948,0.011739,0.015727,0.021905,-2.8e-05,-0.00014,5.6e-05,0.000281,0.001685,0.002022,-0.003005,-0.010307,-0.01744,-0.034177,-0.028196,-0.052488,-0.071051,-0.085317,-0.102364,-0.003561,-0.005777,-0.004046,0.001676,0.006216,-4.5e-05,-0.002646,-0.003733,-0.004399,-0.005289,0.000527,0.000877,0.000811,0.000621,0.001226,-0.000403,-0.00051,-0.002184,-0.003227,-0.005311,0.49535,-0.374331,-0.17332,-0.886702,1,0,0,0,0,0,0,0,0,0,0
2171,0.002612,0.005813,0.008734,0.010728,0.015896,0.000758,0.002808,0.004606,0.005505,0.00997,-0.001404,-0.008229,-0.011767,-0.018255,-0.02932,-0.009998,-0.029545,-0.049625,-0.064903,-0.069621,0.002134,0.00719,0.010644,0.015503,0.022664,-0.000365,2.8e-05,0.000225,0.000337,0.003595,-0.003202,-0.008425,-0.016261,-0.026231,-0.046957,-0.010784,-0.035049,-0.050608,-0.066616,-0.08195,0.001393,-0.001764,0.003842,0.006847,0.012531,-0.001192,-0.002473,-0.003943,-0.004157,-0.004941,8.5e-05,0.000317,0.000148,0.000279,0.001234,0.0002,-0.001395,-0.002009,-0.004184,-0.005781,0.505712,-0.366172,-0.175229,-0.888039,1,0,0,0,0,0,0,0,0,0,0
2172,0.002805,0.004601,0.007322,0.010884,0.015625,0.001711,0.003394,0.004544,0.007378,0.011081,-0.003647,-0.009706,-0.012539,-0.022021,-0.032905,-0.008079,-0.028276,-0.047352,-0.057759,-0.060031,0.002945,0.006732,0.010716,0.016887,0.023648,0.000252,0.000449,0.000673,0.002076,0.004685,-0.001823,-0.009117,-0.016242,-0.032961,-0.054,-0.013493,-0.032035,-0.046286,-0.063314,-0.0795,-0.003605,-0.001876,0.003839,0.008375,0.013896,-0.001408,-0.002493,-0.003159,-0.004048,-0.00471,0.000264,0.000198,9e-06,0.00061,0.001846,-0.000305,-0.001966,-0.003001,-0.005069,-0.006655,0.515624,-0.35488,-0.176012,-0.888242,1,0,0,0,0,0,0,0,0,0,0
2173,0.000392,0.003304,0.005293,0.010445,0.014533,0.000336,0.002128,0.003024,0.007477,0.012153,-0.003164,-0.006693,-0.013161,-0.024194,-0.029991,-0.011425,-0.031447,-0.04668,-0.051385,-0.054549,0.0021,0.005545,0.010389,0.01753,0.023382,0.00014,0.000336,0.000448,0.003696,0.00518,-0.003388,-0.011201,-0.021142,-0.041808,-0.05903,-0.010725,-0.026239,-0.0422,-0.05749,-0.080256,0.000451,0.006041,0.009037,0.014704,0.020518,0.000128,-0.001338,-0.001551,-0.002333,-0.005095,-3.3e-05,-0.000199,-7e-05,0.000866,0.002597,-0.001261,-0.001863,-0.003993,-0.005559,-0.007239,0.524231,-0.337811,-0.176024,-0.886785,1,0,0,0,0,0,0,0,0,0,0
2174,0.001397,0.004107,0.007654,0.012375,0.017013,0.001341,0.002486,0.005308,0.008995,0.020505,-0.002877,-0.005699,-0.015141,-0.02598,-0.026092,-0.008716,-0.027712,-0.038076,-0.040339,-0.055983,0.001676,0.005643,0.011789,0.018521,0.026343,5.6e-05,0.000279,0.001676,0.004274,0.011621,-0.003883,-0.010979,-0.027628,-0.04858,-0.050508,-0.007766,-0.021957,-0.038914,-0.055033,-0.090567,0.001272,0.006963,0.01148,0.016979,0.014014,-0.001209,-0.001872,-0.002757,-0.003417,-0.00682,-3.1e-05,-0.000215,0.000369,0.001569,0.003137,-0.000373,-0.001378,-0.003387,-0.004928,-0.007643,0.522636,-0.316423,-0.178051,-0.889762,1,0,0,0,0,0,0,0,0,0,0
2175,0.001502,0.003477,0.008596,0.012657,0.018026,0.000445,0.001335,0.005758,0.010404,0.028012,-0.00064,-0.007066,-0.018026,-0.023784,-0.021197,-0.01121,-0.026343,-0.031016,-0.03416,-0.061532,0.001752,0.006565,0.013658,0.019472,0.029486,0.000139,0.00025,0.003477,0.004952,0.018805,-0.003894,-0.01377,-0.034299,-0.051407,-0.043061,-0.007678,-0.023534,-0.038722,-0.061337,-0.109795,0.004286,0.007262,0.012892,0.018668,0.008932,-0.000253,-0.000465,-0.001241,-0.003985,-0.006658,-0.000128,-5e-06,0.000888,0.002541,0.003932,-0.000212,-0.002246,-0.00374,-0.005345,-0.008842,0.522203,-0.289248,-0.181321,-0.894767,1,0,0,0,0,0,0,0,0,0,0
2176,0.001192,0.004711,0.009394,0.013994,0.018344,0.000693,0.003492,0.007149,0.018566,0.033059,-0.002161,-0.011528,-0.022279,-0.02239,-0.009505,-0.007676,-0.017956,-0.020201,-0.035719,-0.064565,0.002189,0.008285,0.014964,0.022723,0.031978,8.3e-05,0.001469,0.004046,0.011334,0.023249,-0.003159,-0.019674,-0.040457,-0.042369,-0.036606,-0.006429,-0.023249,-0.039238,-0.074486,-0.140243,0.001376,0.005856,0.01131,0.00837,0.010391,-0.000406,-0.001284,-0.001939,-0.005314,-0.006749,-4.9e-05,0.000502,0.001636,0.003118,0.005665,-0.000743,-0.002641,-0.004097,-0.006663,-0.010047,0.521888,-0.251427,-0.184861,-0.898576,1,0,0,0,0,0,0,0,0,0,0
2177,0.000773,0.00585,0.009879,0.015205,0.017937,0.000193,0.004581,0.009189,0.026658,0.03397,-0.004222,-0.015095,-0.020807,-0.018241,0.013356,-0.007368,-0.012004,-0.015122,-0.042277,-0.077682,0.002594,0.009631,0.015398,0.025333,0.031349,2.8e-05,0.003229,0.004691,0.018434,0.023318,-0.006651,-0.027016,-0.043988,-0.035709,0.000828,-0.009327,-0.024395,-0.04683,-0.094902,-0.186244,0.001582,0.007167,0.012897,0.003238,-0.004843,0.000194,-0.000576,-0.003298,-0.00595,-0.00758,0.000164,0.001009,0.002571,0.003887,0.007532,-0.001201,-0.002614,-0.004131,-0.007438,-0.009735,0.493545,-0.200534,-0.186247,-0.898156,0,0,1,0,0,0,0,0,0,0,0
2178,0.002726,0.007379,0.01195,0.016273,0.017126,0.002588,0.006223,0.017567,0.031968,0.036401,-0.005094,-0.015777,-0.015887,-0.003084,0.0383,-0.002864,-0.005094,-0.020513,-0.049177,-0.101052,0.003469,0.010105,0.017815,0.027011,0.028911,0.001349,0.00391,0.011151,0.022991,0.023101,-0.009775,-0.030426,-0.032325,-0.026598,0.066496,-0.007407,-0.023294,-0.058318,-0.123657,-0.244148,0.002873,0.008292,0.005371,0.007379,-0.0396,-0.001066,-0.001717,-0.005071,-0.006497,-0.010466,0.000366,0.001451,0.002868,0.005303,0.008873,-0.000632,-0.002025,-0.004479,-0.007716,-0.00891,0.439957,-0.137137,-0.186768,-0.895137,0,0,1,0,0,0,0,0,0,0,0
2179,0.002337,0.006352,0.011659,0.014381,0.013612,0.001787,0.00638,0.023786,0.031073,0.030743,-0.005747,-0.011439,-0.008882,0.022603,0.074575,-0.00176,-0.004867,-0.031925,-0.067205,-0.124814,0.003547,0.009294,0.019194,0.025188,0.025243,0.001842,0.0033,0.016994,0.021861,0.019524,-0.010532,-0.027443,-0.019194,0.017214,0.136308,-0.007617,-0.029973,-0.077875,-0.168893,-0.295467,0.002696,0.008406,-0.001219,-0.009272,-0.060287,0.000298,-0.002415,-0.005058,-0.006682,-0.008445,0.000461,0.001986,0.003269,0.006825,0.009313,-0.000752,-0.002232,-0.005458,-0.007698,-0.00843,0.38325,-0.085167,-0.186388,-0.891226,0,0,1,0,0,0,0,0,0,0,0
2180,0.002308,0.006868,0.011182,0.012034,0.009973,0.001841,0.01316,0.027529,0.031952,0.028106,-0.004918,-0.005028,0.007748,0.049041,0.127699,-0.000467,-0.015852,-0.044453,-0.096214,-0.145227,0.003077,0.01077,0.019946,0.021842,0.0211,0.000714,0.00794,0.019754,0.019864,0.017034,-0.010083,-0.011979,-0.006264,0.086625,0.216907,-0.008242,-0.043189,-0.108385,-0.22861,-0.340429,0.002714,-0.000201,0.001802,-0.045073,-0.068756,-0.000946,-0.004293,-0.005716,-0.009677,-0.008382,0.000609,0.002005,0.004403,0.007918,0.009433,-0.000624,-0.00304,-0.006227,-0.007403,-0.008006,0.315279,-0.04556,-0.185142,-0.884588,0,0,1,0,0,0,0,0,0,0,0
2181,0.001702,0.007002,0.00972,0.008952,0.006261,0.002746,0.020127,0.027404,0.027075,0.026553,-0.000769,0.001785,0.033225,0.085123,0.177824,-0.002636,-0.029656,-0.064886,-0.122412,-0.179005,0.002664,0.012549,0.018535,0.01859,0.017546,0.000741,0.014416,0.019276,0.016942,0.016256,-0.00681,0.001428,0.037784,0.156708,0.3177,-0.014086,-0.06192,-0.152809,-0.279203,-0.383876,0.002989,-0.006622,-0.014664,-0.065606,-0.095644,-0.001763,-0.004402,-0.006024,-0.007785,-0.00756,0.000902,0.002172,0.005694,0.008156,0.009282,-0.000843,-0.004037,-0.006255,-0.006981,-0.007926,0.230065,-0.009569,-0.184101,-0.878847,0,0,1,0,0,0,0,0,0,0,0
2182,0.002853,0.007159,0.00801,0.005952,0.000549,0.008558,0.022905,0.027321,0.023481,0.022274,0.000658,0.013414,0.054642,0.133177,0.2082,-0.012728,-0.041283,-0.092963,-0.1419,-0.220379,0.00502,0.014182,0.016074,0.015334,0.014099,0.006474,0.018269,0.018379,0.015553,0.015087,0.00491,0.010616,0.103359,0.233437,0.401889,-0.02082,-0.085913,-0.205951,-0.317594,-0.424959,-0.005897,-0.003896,-0.050699,-0.074344,-0.118241,-0.001581,-0.003001,-0.006956,-0.005663,-0.003954,0.000484,0.002856,0.006333,0.007831,0.008605,-0.001553,-0.004705,-0.005868,-0.006464,-0.008699,0.158584,0.035202,-0.183549,-0.874921,0,0,1,0,0,0,0,0,0,0,0
2183,0.002441,0.005155,0.004388,0.0017,-0.005128,0.008802,0.016069,0.01574,0.015219,0.01149,0.001892,0.03329,0.085118,0.177695,0.231332,-0.014259,-0.049442,-0.106891,-0.163408,-0.23572,0.004854,0.010832,0.010887,0.009845,0.007377,0.007185,0.012038,0.009707,0.009022,0.008391,0.003318,0.039625,0.15839,0.319165,0.463953,-0.026956,-0.117723,-0.243946,-0.348479,-0.506238,-0.003703,-0.011734,-0.062608,-0.092605,-0.055717,-0.001056,-0.002675,-0.004434,-0.00421,-0.000157,0.000775,0.004263,0.006703,0.007818,0.008789,-0.001615,-0.003812,-0.00453,-0.005466,-0.007487,0.101116,0.124099,-0.18302,-0.876704,0,0,1,0,0,0,0,0,0,0,0
2184,0.001864,0.002713,0.000658,-0.004741,-0.009565,0.005536,0.009949,0.006112,0.004906,0.0037,0.010853,0.052045,0.13051,0.205466,0.266884,-0.014279,-0.065913,-0.114806,-0.193216,-0.209879,0.004303,0.006194,0.005454,0.004221,0.001946,0.004604,0.004714,0.001891,0.001425,0.001124,0.002384,0.095046,0.225007,0.39331,0.552926,-0.038095,-0.158026,-0.26957,-0.376839,-0.547033,0.0057,-0.041061,-0.064685,-0.108543,0.025302,-0.000364,-0.004316,-0.003024,-0.001316,0.000184,0.001585,0.00504,0.006529,0.007298,0.010768,-0.001524,-0.00268,-0.003273,-0.005493,-0.006831,0.01247,0.194637,-0.18354,-0.875235,0,0,1,0,0,0,0,0,0,0,0
2185,0.00085,8.2e-05,-0.002606,-0.009435,-0.01311,0.001728,0.001399,0.000878,-0.002852,-0.002304,0.020543,0.072381,0.164976,0.218624,0.269392,-0.0209,-0.07836,-0.134888,-0.207214,-0.200851,0.001673,0.001728,0.000686,-0.001783,-0.004224,0.000247,-0.002084,-0.00277,-0.003401,-0.00395,0.033928,0.152716,0.313523,0.458339,0.634286,-0.052661,-0.178909,-0.283462,-0.441252,-0.496847,-0.013737,-0.06462,-0.094624,-0.057728,0.015624,-0.001255,-0.003014,-0.00279,0.001263,0.000502,0.001899,0.004342,0.005459,0.006431,0.015954,-0.000668,-0.001387,-0.002324,-0.004348,-0.005224,-0.067643,0.180693,-0.18361,-0.87278,0,0,1,0,0,0,0,0,0,0,0
2186,0.0,-0.002061,-0.007473,-0.012308,-0.015578,0.002692,-0.001154,-0.002363,-0.003572,-0.004094,0.020715,0.099374,0.174516,0.236085,0.271636,-0.030826,-0.07984,-0.158443,-0.175147,-0.205232,0.00022,-0.000522,-0.001758,-0.004039,-0.008215,-0.000137,-0.002967,-0.003434,-0.003736,-0.003874,0.058904,0.189187,0.357905,0.517914,0.685369,-0.067476,-0.179296,-0.28683,-0.457444,-0.495605,-0.033116,-0.056799,-0.100765,0.033411,0.076694,-0.002704,-0.001409,0.000303,0.001807,0.001957,0.001593,0.003108,0.003891,0.007421,0.020555,-0.0005,-0.001103,-0.003362,-0.004723,-0.004138,-0.154591,0.231775,-0.183238,-0.875359,0,0,1,0,0,0,0,0,0,0,0
2187,-0.000771,-0.003468,-0.010322,-0.014011,-0.020425,-0.003028,-0.003551,-0.007295,-0.006744,-0.007955,0.03127,0.1242,0.178042,0.228994,0.285506,-0.026783,-0.083516,-0.156103,-0.149717,-0.198247,-0.000165,-0.001211,-0.003689,-0.006138,-0.012359,-0.002202,-0.00289,-0.003523,-0.004074,-0.003193,0.060201,0.221589,0.366929,0.543513,0.695569,-0.0591,-0.164031,-0.322391,-0.378188,-0.456116,-0.017889,-0.048,-0.010971,0.062646,0.129567,0.000943,0.001168,0.005236,0.004472,0.006547,0.000891,0.002036,0.003033,0.0128,0.02545,-0.000231,-0.001192,-0.003268,-0.004166,-0.003971,-0.225301,0.252693,-0.181479,-0.880111,0,0,1,0,0,0,0,0,0,0,0
2188,-0.001292,-0.006708,-0.011546,-0.014818,-0.025841,-0.000825,-0.002034,-0.003244,-0.003766,-0.006598,0.047477,0.122664,0.184271,0.219844,0.272407,-0.022295,-0.100946,-0.117661,-0.147763,-0.183089,-0.000577,-0.001814,-0.004096,-0.008275,-0.01633,-0.000632,-0.0011,-0.001402,-0.001539,0.002172,0.070239,0.23906,0.399167,0.566724,0.687959,-0.052865,-0.160464,-0.331182,-0.369367,-0.383195,-0.005832,-0.049824,0.084433,0.127742,0.146387,0.000353,0.002067,0.003572,0.003722,0.010794,0.000639,0.001424,0.00497,0.01816,0.03525,-0.000377,-0.002646,-0.004012,-0.003425,-0.004218,-0.279025,0.22678,-0.180064,-0.879838,0,0,1,0,0,0,0,0,0,0,0
2189,-0.001396,-0.008214,-0.011883,-0.018262,-0.030748,0.000301,-0.003422,-0.002875,-0.00408,-0.00564,0.045149,0.098704,0.149384,0.205595,0.244611,-0.034225,-0.106425,-0.100073,-0.148344,-0.173807,-0.000465,-0.00293,-0.005366,-0.011554,-0.019522,-5.5e-05,-0.000684,-0.001232,-0.000356,0.003751,0.090573,0.235138,0.41078,0.562026,0.674502,-0.051721,-0.209237,-0.264736,-0.342248,-0.332911,-0.024143,0.012689,0.085913,0.152478,0.169553,-0.000128,0.003918,0.003158,0.005222,0.011837,0.000482,0.001443,0.010851,0.023037,0.043574,-0.00056,-0.002559,-0.003425,-0.003236,-0.005137,-0.338688,0.22329,-0.177539,-0.880632,0,0,1,0,0,0,0,0,0,0,0
2190,-0.00398,-0.008778,-0.012023,-0.022955,-0.032878,-0.001499,-0.002699,-0.003217,-0.006025,-0.00428,0.029607,0.090701,0.125978,0.178103,0.224748,-0.043919,-0.060495,-0.090346,-0.125378,-0.169652,-0.000763,-0.003026,-0.00717,-0.015158,-0.023118,-0.000409,-0.000709,-0.000845,0.002835,0.007633,0.077233,0.236008,0.40217,0.522396,0.628336,-0.055206,-0.224503,-0.26237,-0.276083,-0.285897,-0.019587,0.113552,0.156501,0.174991,0.19068,0.001827,0.003319,0.003468,0.010481,0.013927,0.000273,0.003617,0.016057,0.032177,0.051548,-0.001597,-0.002886,-0.002331,-0.00308,-0.00378,-0.385705,0.221369,-0.173465,-0.880445,0,0,1,0,0,0,0,0,0,0,0
2191,-0.002804,-0.006452,-0.012796,-0.02521,-0.032479,-0.002205,-0.001661,-0.002859,-0.00441,-0.005336,0.023686,0.074078,0.129971,0.168766,0.218968,-0.027933,-0.021616,-0.069614,-0.094933,-0.152186,-0.001688,-0.004111,-0.010264,-0.018186,-0.026571,-0.000218,-0.000762,0.000109,0.004193,0.008875,0.066619,0.241266,0.391655,0.503494,0.603681,-0.101494,-0.156678,-0.233751,-0.224468,-0.224441,0.056184,0.128993,0.195181,0.21216,0.212964,0.002199,0.001443,0.003496,0.010073,0.015225,0.000652,0.009694,0.021404,0.041141,0.063938,-0.00034,-0.001172,-0.000991,-0.002818,-0.00121,-0.437687,0.206383,-0.169548,-0.877456,0,0,1,0,0,0,0,0,0,0,0
2192,-0.001995,-0.005247,-0.016206,-0.026154,-0.033232,0.001011,0.000492,-0.002323,-0.000574,-0.004427,0.037468,0.072831,0.125083,0.171843,0.215186,0.011423,-0.018502,-0.053619,-0.098001,-0.139158,-0.000574,-0.004728,-0.012735,-0.020715,-0.030062,-8.2e-05,-0.000219,0.003471,0.008281,0.011997,0.092289,0.258857,0.379377,0.485576,0.576799,-0.06783,-0.105789,-0.119536,-0.129374,-0.114671,0.077067,0.120121,0.138656,0.154383,0.160607,-0.000711,-0.000562,0.006469,0.009923,0.016703,0.002732,0.015386,0.031783,0.051489,0.07447,-0.000962,-0.000398,-0.001159,-0.001872,0.000924,-0.471376,0.184943,-0.16699,-0.878611,0,0,1,0,0,0,0,0,0,0,0
2193,-0.001676,-0.008076,-0.020601,-0.027935,-0.033511,-0.000467,-0.001676,-0.003241,-0.004175,-0.005466,0.013185,0.069576,0.108718,0.159368,0.193593,-0.005109,-0.053535,-0.07908,-0.136845,-0.167581,-0.001868,-0.008076,-0.016069,-0.024529,-0.033154,-0.000467,0.000412,0.004532,0.009257,0.018403,0.083447,0.23518,0.348018,0.449099,0.519966,0.012498,-0.065264,-0.055897,-0.05587,-0.040021,-0.004,0.062779,0.07991,0.080722,0.088955,-4.7e-05,0.002023,0.008659,0.013857,0.023252,0.006791,0.019254,0.040258,0.064519,0.084481,0.000112,0.000304,-0.00164,7.1e-05,0.004116,-0.498397,0.166834,-0.162868,-0.88764,0,0,1,0,0,0,0,0,0,0,0
2194,-0.001596,-0.012631,-0.022649,-0.029776,-0.032776,-5.5e-05,-0.00289,-0.001128,-0.005009,-0.004376,0.022401,0.075018,0.122104,0.16575,0.19371,-0.025015,-0.060378,-0.105069,-0.146514,-0.160659,-0.002312,-0.010375,-0.018411,-0.027822,-0.032858,0.00033,0.004045,0.008889,0.012631,0.026446,0.084127,0.205488,0.312429,0.404289,0.465189,-0.050746,-0.064588,-0.074495,-0.05969,-0.046508,0.047362,0.066026,0.081863,0.088131,0.104924,0.000198,0.007278,0.010756,0.017584,0.029914,0.006405,0.023621,0.04431,0.068438,0.082627,0.000479,-0.00032,-0.001068,0.001866,0.005883,-0.517596,0.148022,-0.159681,-0.896322,0,0,1,0,0,0,0,0,0,0,0
2195,-0.004834,-0.017431,-0.024807,-0.030415,-0.031134,-0.00116,-0.002735,-0.003674,-0.004973,-0.004282,0.034228,0.073594,0.124534,0.158955,0.185503,-0.023592,-0.049283,-0.107379,-0.138292,-0.130695,-0.003923,-0.011962,-0.02047,-0.029145,-0.031658,0.000553,0.004696,0.009448,0.018647,0.031603,0.068151,0.181636,0.283296,0.354569,0.391559,-0.027266,-0.017846,-0.017818,-0.001879,0.010636,0.019618,0.036846,0.037663,0.045943,0.053306,0.001884,0.008558,0.013786,0.023234,0.034757,0.006392,0.028253,0.053503,0.074279,0.077859,-0.000291,-0.002315,-0.000534,0.003676,0.00765,-0.518544,0.129761,-0.157911,-0.903761,0,0,1,0,0,0,0,0,0,0,0
2196,-0.006272,-0.016374,-0.023563,-0.026588,-0.026033,-0.001693,8.3e-05,-0.00383,-0.003192,-0.00247,0.018678,0.066164,0.11018,0.138378,0.160469,-0.011962,-0.057033,-0.098829,-0.113095,-0.102382,-0.004191,-0.012295,-0.021786,-0.026865,-0.028003,0.003192,0.008076,0.011851,0.025783,0.033193,0.053925,0.161774,0.254414,0.315832,0.328793,0.013433,0.003441,0.018373,0.031666,0.045765,-0.000886,0.015086,0.021407,0.038342,0.028628,0.005247,0.008755,0.015641,0.028076,0.034205,0.011663,0.033614,0.059215,0.074269,0.073958,-0.000547,-0.00134,0.001773,0.006035,0.008975,-0.51733,0.116241,-0.156967,-0.906044,0,0,1,0,0,0,0,0,0,0,0
2197,-0.006358,-0.013738,-0.01935,-0.020069,-0.019543,0.000111,-0.000829,-0.002128,-0.001437,-0.000774,0.020787,0.07176,0.106203,0.132768,0.149353,-0.013794,-0.071926,-0.102858,-0.095257,-0.084974,-0.00387,-0.012384,-0.021064,-0.023579,-0.023524,0.000967,0.005722,0.014927,0.027891,0.031402,0.059846,0.161571,0.232889,0.269903,0.278251,-0.003953,-0.003925,0.012025,0.024547,0.049425,0.018122,0.018939,0.027224,0.034592,0.021172,0.001452,0.006683,0.016137,0.027667,0.030337,0.010616,0.035979,0.056847,0.060443,0.064103,-0.0015,0.000288,0.004517,0.008508,0.009529,-0.518628,0.096542,-0.156668,-0.907835,0,0,1,0,0,0,0,0,0,0,0
2198,-0.003698,-0.010844,-0.013852,-0.0133,-0.012804,0.001656,-0.002235,-0.0016,-0.000883,0.000276,0.026463,0.070227,0.098262,0.120227,0.134134,-0.031043,-0.0726,-0.086783,-0.076132,-0.069702,-0.004194,-0.013631,-0.018681,-0.019812,-0.019564,0.003891,0.007644,0.021496,0.028863,0.03245,0.047489,0.139598,0.200663,0.213549,0.212997,-0.005988,0.008858,0.022075,0.036093,0.069592,-0.00221,0.004075,0.020913,0.011255,-0.012633,0.002038,0.008884,0.021248,0.027342,0.029654,0.010598,0.035187,0.049647,0.049348,0.055841,0.00072,0.00371,0.007804,0.010628,0.011364,-0.51317,0.079635,-0.156779,-0.909483,0,0,1,0,0,0,0,0,0,0,0
2199,-0.003657,-0.00924,-0.009955,-0.009432,-0.008772,-0.002585,-0.003877,-0.00319,-0.00253,-0.0022,0.024337,0.058601,0.085028,0.101527,0.101225,-0.026894,-0.057666,-0.050104,-0.039874,-0.039901,-0.00429,-0.012925,-0.015427,-0.015372,-0.015125,0.000852,0.01001,0.022907,0.026399,0.029094,0.053871,0.124819,0.161641,0.169946,0.150861,0.005995,0.021862,0.034319,0.059068,0.09248,0.003015,0.011258,0.018587,0.005237,-0.024337,0.003172,0.012578,0.024048,0.026703,0.028918,0.01411,0.034232,0.037699,0.041229,0.047775,0.001022,0.0051,0.008948,0.009932,0.010794,-0.497733,0.05903,-0.157266,-0.910002,0,0,1,0,0,0,0,0,0,0,0
2200,-0.003451,-0.006436,-0.005888,-0.005395,-0.005998,-0.001287,-0.000657,5.5e-05,0.001205,-0.002246,0.019198,0.047022,0.068822,0.082624,0.080954,-0.01446,-0.028536,-0.017965,-0.011584,-0.015309,-0.005094,-0.010106,-0.011228,-0.010982,-0.010653,0.002876,0.016623,0.023936,0.027496,0.027934,0.037766,0.098371,0.111161,0.110613,0.091196,0.008764,0.021882,0.035794,0.069041,0.099987,0.003235,0.019946,0.010361,-0.013348,-0.041578,0.003635,0.015906,0.021954,0.024249,0.028247,0.009614,0.023329,0.023045,0.029205,0.035142,0.001844,0.005726,0.008405,0.009103,0.009052,-0.485296,0.041475,-0.159306,-0.907242,0,0,1,0,0,0,0,0,0,0,0
2201,-0.002095,-0.002802,-0.002285,-0.001632,-0.002339,0.0,0.00068,0.001333,0.001659,-0.00253,0.014825,0.040966,0.057286,0.056987,0.060578,-0.016076,-0.008596,0.001523,0.001496,-0.003754,-0.003482,-0.005957,-0.005903,-0.005658,-0.005386,0.006202,0.018959,0.022414,0.02508,0.024808,0.032669,0.069092,0.077307,0.058429,0.05492,0.006991,0.019313,0.043795,0.076844,0.099694,0.004941,0.012191,-0.001015,-0.030269,-0.045313,0.005693,0.017039,0.019666,0.021856,0.025893,0.009476,0.012689,0.01596,0.022026,0.026415,0.00202,0.005586,0.006498,0.007296,0.007227,-0.479547,0.028485,-0.159423,-0.904265,1,0,0,0,0,0,0,0,0,0,0
2202,-0.000863,-0.000324,0.000162,-0.000432,-0.000135,0.000621,0.001322,0.002455,-0.000944,-0.002509,0.012707,0.034182,0.047779,0.046133,0.055306,0.002077,0.012491,0.018777,0.015108,0.009442,-0.001484,-0.00259,-0.002347,-0.002023,0.000998,0.007392,0.014595,0.018102,0.018534,0.018372,0.027302,0.039901,0.039361,0.020234,0.026978,0.005989,0.019694,0.052446,0.082931,0.097338,0.011563,0.00212,-0.021235,-0.049045,-0.056732,0.006441,0.0124,0.01466,0.018599,0.020578,0.003402,0.003147,0.008691,0.014036,0.017,0.001589,0.004,0.004629,0.004582,0.002515,-0.477348,0.022427,-0.16348,-0.896048,1,0,0,0,0,0,0,0,0,0,0
2203,0.00016,0.000667,0.001307,0.000614,8e-05,5.3e-05,0.000694,0.001014,-0.003095,-0.001041,0.013073,0.029081,0.028788,0.03231,0.05232,0.005283,0.015208,0.015181,0.010032,0.004749,-0.00096,-0.000907,-0.000667,-0.0004,0.004909,0.005203,0.008591,0.011206,0.010939,0.009685,0.008724,0.016782,-0.001734,-0.005176,0.007871,0.006163,0.030175,0.062592,0.085003,0.092954,-0.004324,-0.017277,-0.045969,-0.060725,-0.070678,0.004758,0.007335,0.009483,0.013442,0.011555,-0.000342,0.002515,0.007812,0.011645,0.013177,0.001644,0.002441,0.003138,0.003077,-0.002205,-0.481195,0.018611,-0.169774,-0.887581,1,0,0,0,0,0,0,0,0,0,0
2204,0.00037,0.000845,0.000264,0.000555,-0.000238,0.000634,0.001743,-0.001584,-0.003116,-0.000871,0.00808,0.021389,0.019778,0.028757,0.045102,0.004964,0.011117,0.007526,0.00198,-0.001452,-0.000132,0.000106,0.000423,0.00338,0.008001,0.001901,0.005334,0.005757,0.005598,0.00198,0.003697,0.003169,-0.015553,-0.008952,0.003618,0.007315,0.039372,0.069211,0.083312,0.088805,-0.004963,-0.027824,-0.055044,-0.062568,-0.068265,0.001122,0.003335,0.00719,0.009127,0.004696,9.8e-05,0.004871,0.009471,0.012022,0.01297,0.000546,0.001087,0.001047,-0.000733,-0.005763,-0.48311,0.014003,-0.174446,-0.878905,1,0,0,0,0,0,0,0,0,0,0
2205,0.000131,0.000762,7.9e-05,-0.000447,-0.001051,0.0,0.000315,-0.003731,-0.001708,-0.001366,0.007725,0.007436,0.010904,0.03061,0.038335,0.004835,0.004808,-0.000263,-0.005465,-0.006516,0.000184,0.00042,0.000683,0.005912,0.010247,0.001445,0.00402,0.003757,0.002522,-0.003547,0.004257,-0.013978,-0.017368,-0.004519,0.002338,0.016369,0.048294,0.070365,0.078195,0.084422,-0.007818,-0.036075,-0.050607,-0.060409,-0.062809,0.00142,0.003536,0.007435,0.005576,0.000551,0.002472,0.007231,0.010675,0.012051,0.012832,0.000189,0.000815,0.00076,-0.003986,-0.00852,-0.483313,0.008661,-0.178201,-0.872581,1,0,0,0,0,0,0,0,0,0,0
2206,0.000341,-0.000236,5.2e-05,-0.000734,-0.001231,0.0011,-0.002201,-0.00372,-0.001493,-0.001362,0.005502,0.003904,0.012811,0.029028,0.032617,0.001284,-0.002279,-0.007781,-0.011187,-0.011711,5.2e-05,0.000367,0.003301,0.007886,0.011606,0.001965,0.002384,0.002227,-0.001362,-0.009222,-0.004768,-0.023343,-0.016793,-0.004323,-0.001624,0.015483,0.045088,0.059078,0.064527,0.076421,-0.014885,-0.041891,-0.049356,-0.055008,-0.058298,0.000779,0.004604,0.006526,0.00213,-0.004565,0.002094,0.006447,0.008861,0.009758,0.011057,0.000327,0.000289,-0.001394,-0.006154,-0.010295,-0.481576,-0.000967,-0.179927,-0.867867,1,0,0,0,0,0,0,0,0,0,0
2207,0.000288,-0.000393,-0.000917,-0.00152,-0.001389,-0.000786,-0.004823,-0.002805,-0.002464,-0.002307,-0.005793,-0.002333,0.017327,0.025033,0.02886,-0.001311,-0.00637,-0.01156,-0.012608,-0.01578,0.000183,0.000446,0.005662,0.009987,0.014129,0.000603,0.000341,-0.000891,-0.006946,-0.013526,-0.013421,-0.016802,-0.003984,0.002857,0.004771,0.016357,0.038376,0.046187,0.0524,0.065873,-0.013296,-0.027794,-0.037573,-0.039968,-0.044791,0.001332,0.005221,0.003367,-0.001646,-0.007137,0.002579,0.005966,0.007319,0.008088,0.009779,0.000288,0.000234,-0.004434,-0.008894,-0.012574,-0.479823,-0.007365,-0.182209,-0.86409,1,0,0,0,0,0,0,0,0,0,0
2208,-0.000865,-0.000577,-0.001364,-0.001862,-0.001652,-0.002518,-0.004039,-0.001809,-0.001678,0.0,0.004196,0.013112,0.029345,0.032937,0.037553,-0.002255,-0.007762,-0.011171,-0.011696,-0.015603,0.000131,0.003068,0.007657,0.011381,0.01597,-0.000184,-0.000341,-0.003934,-0.011801,-0.014397,-0.005166,0.00139,0.013873,0.016574,0.021609,0.013269,0.027273,0.032728,0.044633,0.051793,-0.01373,-0.021202,-0.02686,-0.030153,-0.031479,0.002497,0.00442,2e-05,-0.006681,-0.009666,0.001796,0.004226,0.005129,0.006438,0.007572,-0.000327,-0.002022,-0.006814,-0.010983,-0.014431,-0.48068,-0.01128,-0.18411,-0.860361,1,0,0,0,0,0,0,0,0,0,0
2209,0.000183,-0.00034,-0.000942,-0.000811,-0.000733,-0.001518,0.000497,0.000837,0.000994,0.004056,-0.000733,0.018893,0.026586,0.030406,0.045086,-0.0028,-0.007981,-0.009028,-0.012194,-0.013555,0.000131,0.005338,0.009656,0.01379,0.017244,-7.9e-05,-0.001308,-0.007353,-0.013921,-0.014183,0.001779,0.014575,0.021405,0.023315,0.02656,0.00874,0.016538,0.022739,0.036189,0.045086,-0.000772,-0.010534,-0.012924,-0.017739,-0.030464,0.001392,-0.000459,-0.005464,-0.010945,-0.013251,0.001577,0.002914,0.003673,0.005343,0.006167,0.000268,-0.004343,-0.008748,-0.012384,-0.014981,-0.476501,-0.02023,-0.184234,-0.858369,1,0,0,0,0,0,0,0,0,0,0
2210,0.000104,-0.000679,-0.001175,-0.000966,-0.000261,0.0,0.002219,0.00235,0.004021,0.00611,0.009608,0.02577,0.029347,0.033942,0.042767,-0.002689,-0.006083,-0.006606,-0.010496,-0.010548,0.002794,0.007363,0.01107,0.015639,0.018825,-7.8e-05,-0.003655,-0.011488,-0.014073,-0.014047,0.004752,0.01718,0.019869,0.024882,0.026083,0.005222,0.010653,0.022506,0.029634,0.041775,-0.006669,-0.012302,-0.015581,-0.0169,-0.02594,0.000527,-0.003855,-0.010526,-0.013498,-0.014815,0.000804,0.00168,0.002949,0.004049,0.004999,-0.001908,-0.006555,-0.010598,-0.013941,-0.015745,-0.474295,-0.026221,-0.183313,-0.857481,1,0,0,0,0,0,0,0,0,0,0
2211,-0.000626,-0.001226,-0.001095,-0.001017,0.003077,0.002008,0.002347,0.002503,0.005555,0.006024,0.009962,0.017628,0.021436,0.036065,0.034057,-0.002477,-0.00352,-0.006676,-0.008032,-0.007589,0.002399,0.006702,0.010822,0.014264,0.019715,-0.001147,-0.007171,-0.013717,-0.013978,-0.012674,0.008006,0.014812,0.016716,0.019949,0.023105,0.002556,0.008736,0.02214,0.031006,0.040889,-0.003067,-0.00545,-0.010248,-0.022929,-0.01878,-0.002371,-0.007358,-0.01282,-0.015118,-0.013947,0.000508,0.001249,0.00288,0.003684,0.004517,-0.00261,-0.006911,-0.01046,-0.012995,-0.013647,-0.472367,-0.030771,-0.18223,-0.858461,1,0,0,0,0,0,0,0,0,0,0
2212,-0.000157,-0.000653,-0.000444,0.000261,0.0063,0.000209,0.00034,0.002013,0.004104,0.003477,0.006195,0.009776,0.014377,0.023212,0.028204,-0.000915,-0.001438,-0.005332,-0.005385,0.000784,0.00217,0.005881,0.010456,0.013645,0.020232,-0.002431,-0.010273,-0.01286,-0.012834,-0.011475,0.004418,0.00711,0.012129,0.013331,0.019448,0.002875,0.014742,0.021878,0.034033,0.043966,-0.002565,-0.005847,-0.007169,-0.016218,-0.015457,-0.00201,-0.008689,-0.011664,-0.012982,-0.010921,0.000366,0.001646,0.002754,0.003712,0.004046,-0.002031,-0.006107,-0.009477,-0.011295,-0.011287,-0.472661,-0.037554,-0.182355,-0.858295,1,0,0,0,0,0,0,0,0,0,0
2213,-0.000445,-0.000314,-0.000236,0.003874,0.008585,0.000131,0.000288,0.00335,0.003821,0.003376,0.001492,0.005313,0.019997,0.017981,0.023111,-0.000131,-0.003298,-0.004659,-0.004214,0.013532,0.002146,0.006282,0.009737,0.015207,0.022169,-0.003612,-0.010181,-0.010443,-0.009135,-0.007538,0.002408,0.004319,0.007564,0.010731,0.014448,0.003324,0.016777,0.025676,0.035596,0.051666,0.000177,-0.004639,-0.017367,-0.013202,-0.014458,-0.002993,-0.008476,-0.010782,-0.009606,-0.007025,0.000391,0.002064,0.002889,0.003743,0.003587,-0.002363,-0.006005,-0.008606,-0.009275,-0.0103,-0.468413,-0.048943,-0.180713,-0.859276,1,0,0,0,0,0,0,0,0,0,0
2214,-5.2e-05,0.000157,0.000864,0.006908,0.014392,0.0,0.001675,0.003768,0.00314,0.006411,0.002093,0.006699,0.015543,0.020541,0.042182,-0.000393,-0.004291,-0.004344,0.001832,0.040167,0.00157,0.006149,0.009342,0.015936,0.025042,-0.004239,-0.00683,-0.006804,-0.005443,0.001099,0.000288,0.005312,0.006516,0.012639,0.016826,0.008557,0.0157,0.027868,0.037812,0.057333,-0.003463,-0.004786,-0.013845,-0.013083,-0.02806,-0.003694,-0.006672,-0.007992,-0.005929,-0.002339,0.000899,0.002016,0.002981,0.003317,0.001714,-0.001747,-0.005143,-0.006975,-0.006967,-0.007377,-0.468982,-0.058171,-0.180418,-0.862675,1,0,0,0,0,0,0,0,0,0,0
2215,0.000183,0.000261,0.004367,0.009074,0.019167,0.000157,0.003216,0.003687,0.003242,0.009649,0.001726,0.016395,0.014382,0.019507,0.044505,-0.002772,-0.004131,-0.003687,0.014042,0.0723,0.002563,0.006014,0.011479,0.018435,0.024815,-0.002327,-0.002589,-0.001281,0.000314,0.010564,0.001621,0.004864,0.008028,0.011741,0.018618,0.00489,0.01378,0.02369,0.039746,0.074392,-0.001351,-0.014067,-0.009906,-0.011161,-0.025842,-0.001786,-0.00409,-0.002916,-0.000337,0.002355,0.000768,0.001588,0.002436,0.002281,0.000382,-0.001879,-0.004463,-0.005127,-0.006146,-0.003105,-0.46773,-0.084067,-0.175864,-0.86706,1,0,0,0,0,0,0,0,0,0,0
2216,2.6e-05,0.000731,0.006764,0.014233,0.022042,0.001515,0.003604,0.002977,0.006242,0.011282,0.002873,0.0117,0.016688,0.038286,0.04612,-0.001123,-0.001175,0.004988,0.043248,0.11705,0.002011,0.005197,0.011778,0.020866,0.022851,-0.000261,-0.000235,0.001123,0.007652,0.016061,0.003395,0.004596,0.010707,0.014886,0.020866,0.002246,0.01439,0.024314,0.043796,0.113159,2.9e-05,-0.009012,-0.008252,-0.0232,-0.024275,-0.001189,-0.002506,-0.000447,0.003136,0.004825,0.000341,0.001293,0.001624,4.2e-05,-0.000269,-0.001486,-0.003293,-0.003285,-0.00369,0.000592,-0.46721,-0.127838,-0.171876,-0.866942,1,0,0,0,0,0,0,0,0,0,0
2217,5.2e-05,0.004152,0.008852,0.018931,0.02538,0.001541,0.002011,0.001567,0.007964,0.014231,0.011776,0.009766,0.014883,0.039846,0.042927,-0.000235,0.000209,0.017912,0.076088,0.147998,0.001436,0.006893,0.013839,0.02021,0.023161,0.0,0.001306,0.002898,0.013134,0.019113,-0.000157,0.003003,0.006711,0.013578,0.0141,0.006632,0.016528,0.032561,0.067158,0.186303,-0.012727,-0.008572,-0.009825,-0.024485,-0.03173,-0.001112,6.1e-05,0.002636,0.005324,0.004128,0.000471,0.001311,0.001157,-0.000722,0.002153,-0.001074,-0.001731,-0.00274,0.000271,0.002452,-0.46305,-0.202233,-0.169608,-0.866471,1,0,0,0,0,0,0,0,0,0,0
2218,0.000652,0.006674,0.01413,0.021925,0.029172,0.000547,-7.8e-05,0.00318,0.008212,0.014964,-0.002946,0.002033,0.023593,0.031414,0.028781,0.000182,0.006335,0.044527,0.1182,0.200945,0.001747,0.008316,0.017388,0.01937,0.025027,2.6e-05,0.001382,0.007899,0.016294,0.024036,0.001356,0.007456,0.011627,0.017597,0.00975,0.005501,0.015407,0.034855,0.104096,0.245237,0.003681,0.00444,-0.010481,-0.011554,-0.020994,-0.000204,0.001851,0.005428,0.007114,0.00766,0.000474,0.000801,-0.000761,-0.001068,0.002381,-0.000722,-0.000714,-0.001114,0.003114,0.004278,-0.457145,-0.262933,-0.167801,-0.872712,1,0,0,0,0,0,0,0,0,0,0
2219,0.003437,0.008124,0.018175,0.024607,0.035673,-7.8e-05,-0.000521,0.005859,0.012108,0.014998,0.000937,0.006041,0.030934,0.034007,0.019659,0.00026,0.017915,0.075929,0.14764,0.248462,0.003697,0.010624,0.016977,0.01992,0.026586,0.001276,0.002864,0.013071,0.019034,0.02971,0.001797,0.005494,0.012342,0.012863,-0.010337,0.004375,0.020362,0.054864,0.173678,0.302388,0.000466,-0.000783,-0.015403,-0.022627,-0.03036,0.001374,0.003942,0.006622,0.00543,0.011854,0.000354,0.000202,-0.001641,0.001179,0.002681,7.2e-05,-0.000917,0.002035,0.004175,0.008326,-0.436518,-0.316865,-0.164905,-0.880109,1,0,0,0,0,0,0,0,0,0,0
2220,0.002577,0.010023,0.017807,0.025044,0.043397,-0.000547,0.002707,0.007732,0.014474,0.014422,0.004035,0.025564,0.033374,0.030745,-0.005285,0.005883,0.044022,0.117591,0.200219,0.290579,0.002864,0.011923,0.013902,0.019551,0.025981,7.8e-05,0.006586,0.014969,0.022701,0.036264,0.004295,0.008461,0.014422,0.006586,-0.019707,0.005519,0.02494,0.094083,0.235025,0.377842,0.000291,-0.014609,-0.015681,-0.025107,-0.008682,0.000679,0.004251,0.005934,0.00648,0.016835,-2.9e-05,-0.001576,-0.00188,0.001535,0.004381,-6.4e-05,-0.00046,0.003727,0.00488,0.015231,-0.431344,-0.382992,-0.153752,-0.89543,1,0,0,0,0,0,0,0,0,0,0
2221,0.002108,0.012154,0.018582,0.029642,0.050436,0.000104,0.00648,0.012726,0.015615,0.005856,0.001067,0.025947,0.029018,0.014678,-0.023474,0.011763,0.069746,0.141418,0.242186,0.321614,0.00406,0.01041,0.013351,0.020013,0.022511,0.001509,0.011711,0.017671,0.028341,0.048146,-0.000599,0.006246,0.006766,-0.016422,-0.036565,0.010462,0.044945,0.163696,0.292336,0.473936,-0.00154,-0.016152,-0.023372,-0.031101,0.013301,0.001888,0.004567,0.003375,0.009796,0.034638,-0.000122,-0.001958,0.000851,0.002347,0.009784,-0.000922,0.00202,0.004151,0.008287,0.026981,-0.42118,-0.473374,-0.142999,-0.913768,1,0,0,0,0,0,0,0,0,0,0
2222,0.005331,0.013107,0.020336,0.03867,0.055028,0.003147,0.008166,0.014901,0.014849,0.005123,0.02044,0.028242,0.025615,-0.010376,-0.037058,0.026344,0.099835,0.182377,0.272643,0.373752,0.004993,0.006969,0.012613,0.019036,0.018204,0.004993,0.013367,0.021091,0.034639,0.061711,0.004759,0.010714,0.002887,-0.023379,-0.050243,0.008946,0.078017,0.218811,0.361478,0.550642,-0.013345,-0.014416,-0.023833,-0.007425,0.02371,0.001682,0.003363,0.003908,0.014253,0.04692,-0.001414,-0.001717,0.001674,0.004499,0.012328,0.000524,0.00468,0.005824,0.0161,0.037158,-0.408129,-0.553102,-0.135082,-0.934099,1,0,0,0,0,0,0,0,0,0,0
2223,0.004709,0.011135,0.022191,0.042978,0.052577,0.003226,0.00947,0.012357,0.002602,0.016052,0.004423,0.007492,-0.006842,-0.044981,-0.072974,0.031609,0.103256,0.203988,0.283387,0.419396,0.001353,0.004293,0.010953,0.01345,0.016832,0.005203,0.011161,0.021827,0.041625,0.054164,0.002081,0.002602,-0.020578,-0.040714,-0.071465,0.025521,0.14423,0.272825,0.454361,0.632281,-0.001256,-0.008474,-0.0162,0.028186,0.0455,0.000996,-0.000196,0.006223,0.031057,0.029001,-0.000413,0.002389,0.003881,0.0113,0.015946,0.002409,0.004535,0.008661,0.027309,0.033205,-0.391522,-0.629773,-0.130349,-0.931294,1,0,0,0,0,0,0,0,0,0,0
2224,0.003071,0.010307,0.028656,0.045027,0.057077,0.001796,0.008537,0.008485,-0.001249,0.029306,0.003383,0.000755,-0.035266,-0.06197,-0.095883,0.041929,0.124539,0.214878,0.316071,0.44074,0.000625,0.006272,0.012701,0.011868,0.017672,0.003175,0.010905,0.024465,0.051559,0.002785,0.003878,-0.003956,-0.030243,-0.057129,-0.100516,0.043595,0.184505,0.327288,0.516608,0.694996,0.000185,-0.009239,0.007182,0.038343,0.059741,0.000687,0.001232,0.011585,0.044279,-0.034865,0.000111,0.003521,0.006362,0.014236,0.021656,0.001764,0.002914,0.01325,0.034429,0.02793,-0.364301,-0.702848,-0.12464,-0.884217,1,0,0,0,0,0,0,0,0,0,0
2225,0.003363,0.014445,0.035277,0.044898,0.06315,0.004459,0.007353,-0.002425,0.011055,0.037676,-0.000313,-0.014679,-0.052903,-0.080958,-0.118191,0.029802,0.130758,0.210335,0.346647,0.436287,0.002321,0.008995,0.011498,0.014888,0.016192,0.00279,0.01348,0.033322,0.045889,0.001043,-0.003363,-0.026595,-0.046776,-0.077595,-0.141501,0.0753,0.204181,0.386122,0.564438,0.738765,-0.007419,-0.015162,0.029322,0.046674,0.078894,-0.001882,0.004551,0.02944,0.02738,-0.045955,0.002734,0.00425,0.011785,0.016504,0.031594,0.000373,0.004564,0.023504,0.029493,0.0298,-0.329556,-0.777231,-0.11705,-0.890512,1,0,0,0,0,0,0,0,0,0,0
2226,0.003895,0.022325,0.038768,0.050872,0.06857,0.0023,0.002248,-0.007529,0.023162,0.028573,-0.002327,-0.038507,-0.065328,-0.099391,-0.14778,0.053094,0.143832,0.245472,0.370691,0.418034,0.003346,0.009803,0.008967,0.014796,0.013541,0.004967,0.018587,0.0458,-0.003189,0.006588,-0.004496,-0.0309,-0.057904,-0.101483,-0.194913,0.066034,0.209448,0.399604,0.57878,0.690249,-0.002027,0.014466,0.045765,0.067258,0.079426,0.002435,0.012834,0.045672,-0.033822,-0.032696,0.000732,0.003662,0.011783,0.019436,0.035948,0.000807,0.011465,0.033308,0.026606,0.034484,-0.270882,-0.800493,-0.114245,-0.902449,1,0,0,0,0,0,0,0,0,0,0
2227,0.007217,0.028111,0.03776,0.056064,0.070264,0.000601,-0.009205,0.004315,0.031013,0.022044,-0.012081,-0.050416,-0.078553,-0.115894,-0.156112,0.048141,0.127949,0.264659,0.35456,0.380292,0.003347,0.005857,0.009257,0.010564,0.013232,0.005753,0.025653,0.038257,-0.00672,0.002144,-0.018801,-0.039041,-0.06995,-0.134042,-0.222244,0.063203,0.245674,0.42451,0.599346,0.685639,-0.005738,0.038877,0.056279,0.088593,0.10627,0.004016,0.028978,0.026912,-0.046637,-0.030784,0.000814,0.008503,0.01332,0.028721,0.046351,0.003469,0.022799,0.028911,0.029225,0.035195,-0.237848,-0.85603,-0.113407,-0.906016,1,0,0,0,0,0,0,0,0,0,0
2228,0.011195,0.02761,0.039693,0.05736,0.067721,-0.000652,-0.010413,0.020225,0.025627,0.020434,-0.024061,-0.050836,-0.08484,-0.133145,-0.157441,0.042537,0.144001,0.269004,0.316265,0.323442,0.003105,0.00227,0.00809,0.006837,0.011509,0.007855,0.035022,-0.013883,-0.004123,-0.001435,-0.007594,-0.034552,-0.078055,-0.171324,-0.243742,0.080091,0.269917,0.448784,0.56006,0.6562,0.022191,0.053436,0.074891,0.087038,0.136224,0.006373,0.039155,-0.040202,-0.039078,-0.032042,0.002093,0.010116,0.017676,0.03399,0.060248,0.00711,0.02869,0.022068,0.029851,0.032946,-0.194771,-0.890494,-0.10968,-0.909788,1,0,0,0,0,0,0,0,0,0,0
2229,0.009691,0.019357,0.037692,0.051914,0.059536,-0.009168,0.004374,0.031117,0.022133,0.021766,-0.014249,-0.042432,-0.079836,-0.120121,-0.141127,0.037246,0.174183,0.264234,0.290007,0.303864,-0.000602,0.002803,0.004112,0.006784,0.008382,0.012049,0.024674,-0.020378,-0.011499,-0.006705,-0.012651,-0.043611,-0.10781,-0.196158,-0.264731,0.102388,0.281521,0.456647,0.543083,0.624805,0.022415,0.039847,0.072214,0.089921,0.128727,0.018607,0.016537,-0.057133,-0.041254,-0.036909,0.005632,0.010505,0.026086,0.043922,0.072565,0.01226,0.018443,0.018761,0.0248,0.028032,-0.166229,-0.931862,-0.104753,-0.914773,1,0,0,0,0,0,0,0,0,0,0
2230,0.006817,0.019003,0.036822,0.047272,0.052983,-0.000632,0.030269,0.035717,0.030479,0.034296,-0.012686,-0.046982,-0.095701,-0.120206,-0.134682,0.064906,0.190981,0.238648,0.245886,0.276549,-0.000237,0.005633,0.004369,0.009081,0.008791,0.015292,-0.034032,-0.024189,-0.021478,-0.017582,-0.014476,-0.058352,-0.152422,-0.225461,-0.287893,0.088568,0.268969,0.381199,0.478164,0.548019,0.008988,0.030628,0.042879,0.092487,0.111159,0.014366,-0.065672,-0.064538,-0.057442,-0.058087,0.00269,0.010716,0.028035,0.055911,0.085141,0.010225,0.003196,0.011458,0.014743,0.017777,-0.130498,-0.945578,-0.101003,-0.914028,1,0,0,0,0,0,0,0,0,0,0
2231,0.002909,0.021421,0.03578,0.043476,0.0526,0.014307,0.041307,0.032237,0.031867,0.035807,-0.015708,-0.053472,-0.094145,-0.115354,-0.137568,0.073042,0.16396,0.189983,0.203972,0.214682,0.003676,0.004998,0.007696,0.009309,0.008938,-0.002618,-0.048104,-0.039139,-0.034299,-0.02708,-0.016713,-0.081531,-0.17073,-0.239964,-0.315359,0.091871,0.268684,0.355953,0.438462,0.483313,0.008569,0.041248,0.059125,0.098305,0.114684,-0.016523,-0.090903,-0.074871,-0.070484,-0.068256,0.00243,0.019093,0.038167,0.068799,0.102845,-0.003957,-0.003617,0.002842,0.006298,0.011428,-0.089969,-0.958241,-0.099813,-0.917542,1,0,0,0,0,0,0,0,0,0,0
2232,0.009333,0.027233,0.03773,0.043467,0.054466,0.016736,0.02221,0.016948,0.020782,0.021363,-0.018746,-0.067686,-0.092302,-0.106844,-0.139233,0.05362,0.101503,0.108774,0.139576,0.144441,0.002221,0.000952,0.005685,0.005394,0.005209,-0.046931,-0.037042,-0.034319,-0.030406,-0.023664,-0.027365,-0.121862,-0.195232,-0.257948,-0.332244,0.089367,0.202107,0.299512,0.369683,0.407572,0.013171,0.025478,0.075311,0.094068,0.115679,-0.063881,-0.062742,-0.055613,-0.056261,-0.051242,0.005858,0.023734,0.052508,0.08268,0.112737,-0.003305,0.005224,0.008615,0.011747,0.018026,-0.056581,-0.963761,-0.098415,-0.916444,1,0,0,0,0,0,0,0,0,0,0
2233,0.009194,0.023582,0.031292,0.040434,0.046157,0.010281,0.001192,0.000821,0.004769,0.000795,-0.019051,-0.059803,-0.081053,-0.10331,-0.131397,0.03736,0.063433,0.077449,0.088181,0.104555,-0.000901,0.001802,0.003418,0.003047,0.003074,0.001457,0.01044,0.015289,0.022522,0.021833,-0.037519,-0.126892,-0.19626,-0.271802,-0.340454,0.087598,0.175036,0.257706,0.302644,0.323152,0.019544,0.037455,0.076712,0.093122,0.089502,-0.010507,0.005556,0.009952,0.012185,0.014944,0.010944,0.03028,0.06133,0.095841,0.123245,0.003699,0.010246,0.013749,0.01895,0.022236,-0.023636,-0.958266,-0.097594,-0.914042,1,0,0,0,0,0,0,0,0,0,0
2234,0.008819,0.019428,0.025227,0.036344,0.037547,-0.004837,-0.010155,-0.00628,-0.005692,-0.009808,-0.030251,-0.055131,-0.069829,-0.102565,-0.120577,0.010716,0.018065,0.049198,0.054115,0.067905,-0.000374,0.004409,0.004115,0.003928,0.004303,0.008525,0.011277,0.015232,0.022047,0.020631,-0.05767,-0.131828,-0.195216,-0.27031,-0.333591,0.025601,0.124051,0.194976,0.233271,0.247782,-0.007272,0.043095,0.062054,0.083898,0.078108,0.011748,0.018953,0.018299,0.023372,0.025991,0.007646,0.038651,0.071164,0.103553,0.133881,0.005264,0.008918,0.012292,0.019059,0.019679,0.002299,-0.965343,-0.098395,-0.913928,1,0,0,0,0,0,0,0,0,0,0
2235,0.005715,0.013523,0.022779,0.028575,0.027689,-0.004347,-0.004722,-0.000724,-0.004749,-0.0077,-0.010893,-0.032411,-0.054949,-0.08339,-0.096537,0.015642,0.029836,0.040702,0.057283,0.049449,0.003112,0.004749,0.004373,0.0044,0.004642,0.000537,0.005447,0.012771,0.012074,0.011349,-0.032599,-0.102842,-0.179336,-0.248854,-0.301416,0.062837,0.146549,0.192054,0.212821,0.224841,0.025439,0.06519,0.081807,0.078141,0.094105,0.004471,0.008921,0.011182,0.013977,0.016291,0.013245,0.047142,0.084817,0.114733,0.144264,0.001735,0.005559,0.011236,0.014824,0.014243,0.025878,-0.966196,-0.098904,-0.914278,1,0,0,0,0,0,0,0,0,0,0
2236,0.004964,0.010817,0.022039,0.023253,0.020879,-0.000998,0.002913,0.003507,-0.000647,-0.003426,-0.014162,-0.028999,-0.062045,-0.080227,-0.093148,-0.008309,0.023118,0.028082,0.042002,0.033936,0.001699,0.001403,0.001214,0.001592,0.00116,0.002239,0.006231,0.01311,0.011681,0.011033,-0.042083,-0.10607,-0.181872,-0.245752,-0.289938,0.036202,0.107796,0.146453,0.161101,0.181872,0.025267,0.044404,0.066454,0.06061,0.087615,0.002778,0.002117,0.007238,0.009883,0.012171,0.019358,0.054082,0.088674,0.121064,0.148063,0.002101,0.005705,0.012932,0.013594,0.012461,0.044834,-0.983187,-0.099259,-0.915801,1,0,0,0,0,0,0,0,0,0,0
2237,0.002891,0.012214,0.01805,0.017159,0.015078,0.000621,0.004648,0.000594,-0.002378,-0.004323,-0.007485,-0.030183,-0.058826,-0.072066,-0.088036,0.022617,0.033561,0.05026,0.04237,0.037074,-5.4e-05,-0.000432,-0.000405,-0.000162,-0.003405,0.002702,0.010079,0.009376,0.008647,0.007593,-0.028589,-0.105627,-0.17564,-0.228575,-0.272728,0.048044,0.093873,0.114787,0.126893,0.134297,0.014725,0.03146,0.027768,0.043845,0.055993,0.0017,0.003977,0.006791,0.009121,0.009913,0.016033,0.055625,0.087062,0.118096,0.145297,0.001892,0.007859,0.011629,0.011019,0.011834,0.06811,-0.970535,-0.097187,-0.91491,1,0,0,0,0,0,0,0,0,0,0
2238,0.002979,0.014245,0.015464,0.013081,0.011347,0.003304,0.0039,-0.000271,-0.00306,-0.005714,-0.007393,-0.040569,-0.058822,-0.071794,-0.089885,0.008883,0.013866,0.02784,0.019743,0.012404,-0.000244,-0.000433,-5.4e-05,-0.000487,-0.007691,0.0013,0.008206,0.00677,0.006121,0.004441,-0.035586,-0.111686,-0.175816,-0.220176,-0.271334,0.023724,0.062532,0.077238,0.098091,0.075315,0.004455,0.026591,0.020725,0.047836,0.032846,-0.002367,0.002774,0.005429,0.007726,0.008257,0.019404,0.054958,0.088248,0.115998,0.147444,0.001782,0.00921,0.00989,0.008726,0.012429,0.091954,-0.959425,-0.094957,-0.91656,1,0,0,0,0,0,0,0,0,0,0
2239,0.006353,0.012193,0.011301,0.009219,0.003136,0.00073,-0.003325,-0.006299,-0.008246,-0.010246,-0.015329,-0.043986,-0.057233,-0.073211,-0.089621,0.002082,0.018789,0.010895,0.005596,0.001379,-0.000135,-0.000108,0.000135,-0.003109,-0.013734,0.006083,0.00538,0.00465,0.003596,0.001784,-0.041553,-0.111601,-0.164562,-0.208738,-0.25175,0.022169,0.043094,0.055206,0.062613,0.044743,0.012296,0.008603,0.024688,0.036841,0.024272,0.004641,0.007457,0.009788,0.01058,0.010418,0.020561,0.052109,0.083251,0.110548,0.134393,0.004227,0.00801,0.007398,0.008216,0.011228,0.105269,-0.95411,-0.095617,-0.9169,1,0,0,0,0,0,0,0,0,0,0
2240,0.004895,0.006112,0.003732,0.002001,-0.01317,-0.000135,-0.0043,-0.007085,-0.009735,-0.012521,-0.017794,-0.03602,-0.048973,-0.067038,-0.082884,0.002894,0.016847,0.008762,0.001433,-0.000757,-5.4e-05,0.000325,-0.000108,-0.007301,-0.021526,0.000811,-0.000622,-0.001271,-0.002948,-0.008762,-0.034425,-0.098461,-0.142756,-0.193839,-0.225992,0.016577,0.031261,0.052083,0.029341,0.021526,0.009804,0.003946,0.031018,0.01605,0.011539,0.000491,0.003142,0.005436,0.005966,0.003018,0.014592,0.047542,0.075008,0.106133,0.119972,0.003118,0.003791,0.002639,0.006304,0.005553,0.114446,-0.953696,-0.097726,-0.912862,1,0,0,0,0,0,0,0,0,0,0
2241,0.000945,5.4e-05,-0.002026,-0.008102,-0.026224,-0.003916,-0.006887,-0.008831,-0.01083,-0.010344,-0.010857,-0.024091,-0.040052,-0.056446,-0.072542,0.013801,0.005915,0.000621,-0.003592,-0.003646,8.1e-05,0.000324,-0.002917,-0.013531,-0.026953,-0.001512,-0.002242,-0.003295,-0.005104,-0.009507,-0.035596,-0.088503,-0.132634,-0.175602,-0.201611,0.004348,0.016448,0.023848,0.005996,0.008183,-0.013482,0.002587,0.014728,0.002172,0.005205,0.002322,0.004651,0.005442,0.005281,0.000773,0.016862,0.047782,0.074885,0.09856,0.106471,0.000667,5.9e-05,0.000871,0.003862,0.000633,0.118515,-0.960865,-0.102211,-0.911093,1,0,0,0,0,0,0,0,0,0,0
2242,0.00027,-0.002105,-0.003831,-0.018968,-0.039771,-0.000243,-0.003022,-0.005666,-0.008445,-0.005693,-0.007339,-0.020263,-0.038287,-0.054099,-0.066565,0.000135,-0.007933,-0.015245,-0.01743,-0.016756,0.000297,-0.000135,-0.007312,-0.021505,-0.032918,8.1e-05,-0.000567,-0.00224,-0.008041,-0.009767,-0.028331,-0.072528,-0.123497,-0.155578,-0.175761,0.010307,0.031083,0.008391,0.000594,0.004992,0.007624,0.034635,0.019701,0.0152,0.019631,0.000325,0.002614,0.003142,0.000201,-0.003432,0.015689,0.04273,0.073373,0.086998,0.09315,-0.0,-0.001134,0.002474,0.001735,-0.004283,0.121729,-0.964523,-0.107669,-0.910688,1,0,0,0,0,0,0,0,0,0,0
2243,-0.001163,-0.003246,-0.009331,-0.027479,-0.052443,-0.002732,-0.004679,-0.00668,-0.006194,-0.005166,-0.005896,-0.021881,-0.038298,-0.054418,-0.06813,-0.008033,-0.013334,-0.017553,-0.017607,-0.014308,-5.4e-05,-0.0033,-0.013929,-0.027371,-0.041084,-0.000811,-0.001866,-0.003678,-0.008087,-0.010332,-0.024585,-0.068779,-0.11181,-0.137856,-0.156437,0.001785,0.009196,-0.008682,-0.006491,-0.005355,0.00845,0.020608,0.008034,0.011071,0.009388,0.002007,0.002799,0.002637,-0.001878,-0.004045,0.015281,0.042659,0.066575,0.074566,0.078905,-0.000614,0.000206,0.003227,-3.4e-05,-0.007167,0.116762,-0.964357,-0.110395,-0.910646,1,0,0,0,0,0,0,0,0,0,0
2244,-0.001219,-0.002954,-0.018155,-0.039047,-0.061754,-5.4e-05,-0.00271,-0.005501,-0.002737,0.001815,-0.007072,-0.025173,-0.041052,-0.053571,-0.069314,-5.4e-05,-0.007397,-0.009592,-0.008915,-0.001788,-0.000379,-0.007587,-0.02184,-0.033302,-0.050888,0.000163,-0.001517,-0.007343,-0.009077,-0.009538,-0.019754,-0.07094,-0.103158,-0.123427,-0.13581,0.019076,-0.003712,-0.011543,-0.007126,-0.009294,0.018661,0.003663,-0.000857,0.003593,-0.005989,0.000288,0.000819,-0.002135,-0.005783,-0.010224,0.012376,0.043945,0.057981,0.064319,0.062362,-0.000546,0.003172,0.00241,-0.00379,-0.007285,0.11007,-0.963655,-0.110718,-0.910833,1,0,0,0,0,0,0,0,0,0,0
2245,-0.00087,-0.006983,-0.025216,-0.050295,-0.074804,-0.001902,-0.003913,-0.003424,-0.002391,0.0097,-0.008967,-0.02546,-0.041654,-0.055431,-0.070158,-0.005271,-0.00951,-0.009565,-0.00625,0.003288,-0.00288,-0.013559,-0.027063,-0.040839,-0.057441,-0.001223,-0.003043,-0.007472,-0.009728,-0.009673,-0.024591,-0.067821,-0.093988,-0.112655,-0.121866,-0.011684,-0.029645,-0.027444,-0.026302,-0.030215,-0.006497,-0.01913,-0.016079,-0.01777,-0.031694,0.000507,0.000344,-0.004191,-0.006369,-0.017361,0.015661,0.040364,0.048619,0.0531,0.049735,0.001404,0.004525,0.001156,-0.006211,-0.011611,0.105683,-0.96121,-0.117558,-0.911103,1,0,0,0,0,0,0,0,0,0,0
2246,-0.00087,-0.01613,-0.037101,-0.059895,-0.084511,-0.000762,-0.003563,-0.000789,0.003781,0.021461,-0.009194,-0.025133,-0.0377,-0.053503,-0.068164,-0.002094,-0.004298,-0.003618,0.003536,0.012594,-0.004352,-0.018659,-0.030165,-0.047818,-0.063622,-0.000462,-0.00631,-0.008051,-0.008514,-0.006691,-0.026765,-0.059106,-0.079452,-0.091883,-0.10094,-0.011179,-0.01904,-0.014607,-0.016783,-0.019775,-0.008551,-0.013088,-0.008621,-0.018239,-0.030751,2.6e-05,-0.00294,-0.006602,-0.01106,-0.025689,0.016645,0.031061,0.03757,0.03556,0.032268,0.002403,0.001621,-0.004746,-0.008336,-0.014482,0.100575,-0.958621,-0.120889,-0.91369,1,0,0,0,0,0,0,0,0,0,0
2247,-0.005269,-0.023589,-0.048789,-0.073415,-0.099871,-0.001256,-0.000764,0.000273,0.012422,0.032626,-0.007344,-0.023616,-0.037459,-0.052256,-0.068365,-0.002157,-0.002211,0.001119,0.010702,0.021814,-0.006361,-0.019931,-0.033773,-0.050454,-0.070139,-0.001365,-0.005815,-0.008081,-0.008027,-0.003167,-0.016572,-0.042864,-0.061621,-0.070876,-0.07833,-0.006826,-0.004614,-0.003467,-0.007399,-0.007972,-0.00411,-0.001044,-0.002744,-0.016734,-0.029108,-0.000189,-0.004746,-0.006934,-0.017979,-0.032202,0.008458,0.016994,0.021627,0.018148,0.012776,0.00076,-0.002724,-0.010342,-0.015925,-0.020467,0.096127,-0.958967,-0.120683,-0.916353,1,0,0,0,0,0,0,0,0,0,0
2248,-0.010091,-0.031232,-0.054211,-0.079027,-0.105653,-0.001563,0.001234,0.005841,0.023664,0.044778,-0.008692,-0.021361,-0.037292,-0.052072,-0.071788,-5.5e-05,0.000631,0.007842,0.016974,0.030382,-0.008034,-0.019633,-0.03743,-0.053361,-0.073186,-0.004524,-0.006279,-0.006746,-0.004908,0.006389,-0.015959,-0.03647,-0.049001,-0.058132,-0.064796,-0.001069,0.0034,0.001207,-0.00181,0.000987,-0.000446,0.004057,-0.005639,-0.018253,-0.029784,-0.0028,-0.006492,-0.010986,-0.025733,-0.034437,0.006535,0.013423,0.011297,0.007813,-0.000443,-0.001611,-0.008348,-0.012147,-0.01865,-0.0228,0.086487,-0.958863,-0.123243,-0.922484,1,0,0,0,0,0,0,0,0,0,0
2249,-0.00836,-0.033826,-0.058713,-0.085448,-0.110418,0.002069,0.003118,0.015396,0.035813,0.048808,-0.007698,-0.021686,-0.03664,-0.052919,-0.071846,0.0,0.003366,0.01305,0.02428,0.032612,-0.005628,-0.019617,-0.036475,-0.056368,-0.077916,5.5e-05,-0.002235,-0.00218,0.002731,0.015478,-0.010512,-0.029467,-0.03882,-0.046352,-0.055126,0.003311,0.00447,0.000497,-8.3e-05,0.001517,0.003547,0.00183,-0.012309,-0.024813,-0.032187,-0.001788,-0.003999,-0.015161,-0.029534,-0.029241,0.002364,0.007351,0.003606,-0.002175,-0.008744,-0.002068,-0.010267,-0.016277,-0.021165,-0.022888,0.083712,-0.958494,-0.12414,-0.930804,1,0,0,0,0,0,0,0,0,0,0
2250,-0.012999,-0.036274,-0.06141,-0.088379,-0.114348,0.00075,0.005416,0.02347,0.044856,0.049078,-0.005083,-0.02122,-0.03619,-0.05616,-0.07352,0.000694,0.007999,0.017248,0.03083,0.035885,-0.006083,-0.024108,-0.040246,-0.060327,-0.084546,-0.001833,-0.002305,-0.000444,0.010999,0.021248,-0.010193,-0.022886,-0.032135,-0.038885,-0.052744,0.001194,-0.001028,-0.004083,-0.00125,-0.001889,0.000991,-0.008831,-0.021607,-0.033287,-0.039164,-0.001939,-0.006491,-0.021429,-0.030245,-0.024017,0.005059,0.002732,-0.001079,-0.010109,-0.012259,-0.005204,-0.009359,-0.016473,-0.021012,-0.021399,0.080739,-0.959133,-0.128238,-0.937129,1,0,0,0,0,0,0,0,0,0,0
2251,-0.012718,-0.03793,-0.065015,-0.090311,-0.11435,0.000307,0.012746,0.03343,0.046595,0.050005,-0.009056,-0.024206,-0.040697,-0.059872,-0.080976,0.002711,0.012522,0.023899,0.03234,0.04257,-0.00805,-0.025128,-0.045281,-0.067112,-0.092547,-0.000475,-0.000419,0.004556,0.01747,0.024346,-0.008944,-0.01842,-0.026051,-0.034939,-0.048328,-2.8e-05,-0.004053,-0.00464,-0.003019,-0.003214,-0.002736,-0.01706,-0.029728,-0.037198,-0.047961,-0.000289,-0.011596,-0.026157,-0.025861,-0.022661,0.000174,-0.003928,-0.01026,-0.017454,-0.022137,-0.00354,-0.010122,-0.015476,-0.017363,-0.01625,0.074533,-0.958212,-0.126917,-0.937572,1,0,0,0,0,0,0,0,0,0,0
2252,-0.010742,-0.036125,-0.063359,-0.089584,-0.116481,0.004403,0.022634,0.044231,0.048494,0.053767,-0.007208,-0.022326,-0.042492,-0.060022,-0.084058,0.004656,0.013996,0.027711,0.032816,0.047512,-0.010125,-0.026421,-0.046699,-0.071156,-0.09811,0.0,0.001879,0.013435,0.023784,0.029899,-0.003843,-0.013182,-0.019998,-0.033994,-0.047821,-0.002216,-0.005301,-0.00244,-0.003085,-0.000196,-0.007172,-0.020074,-0.031869,-0.037804,-0.05001,-0.004307,-0.019392,-0.028294,-0.022005,-0.021183,-0.002669,-0.00675,-0.01642,-0.018722,-0.024956,-0.000823,-0.008441,-0.013301,-0.013715,-0.013607,0.070498,-0.956869,-0.12614,-0.942311,1,0,0,0,0,0,0,0,0,0,0
2253,-0.014629,-0.041942,-0.067451,-0.091692,-0.119823,0.008118,0.028976,0.042252,0.045691,0.053555,-0.008033,-0.024664,-0.044,-0.065281,-0.087605,0.005215,0.016687,0.025199,0.035516,0.048312,-0.007047,-0.02737,-0.049384,-0.075034,-0.101078,5.6e-05,0.005074,0.018096,0.02503,0.033937,-0.005694,-0.013389,-0.022352,-0.035854,-0.05254,-0.001832,-0.002424,-0.000789,-0.000987,0.004905,-0.007237,-0.020011,-0.027544,-0.038398,-0.045471,-0.007074,-0.021758,-0.021459,-0.018232,-0.016871,-0.001586,-0.008301,-0.01593,-0.020896,-0.024262,-0.006128,-0.011806,-0.013807,-0.012627,-0.013791,0.067465,-0.957966,-0.127749,-0.948632,1,0,0,0,0,0,0,0,0,0,0
2254,-0.01094,-0.038459,-0.064957,-0.092136,-0.120817,0.010259,0.032082,0.03639,0.041718,0.048406,-0.007199,-0.027576,-0.045289,-0.069577,-0.088424,0.004194,0.018053,0.023211,0.038062,0.047953,-0.009381,-0.029871,-0.054585,-0.08182,-0.107639,0.001842,0.013519,0.023976,0.030155,0.036475,-0.003713,-0.010599,-0.024742,-0.038714,-0.054868,-0.001275,0.001615,0.000964,0.003883,0.009608,-0.00576,-0.017679,-0.023676,-0.03601,-0.040244,-0.00813,-0.017126,-0.01077,-0.00994,-0.009839,-0.002741,-0.013142,-0.015618,-0.022323,-0.023928,-0.001828,-0.007056,-0.007501,-0.007384,-0.009223,0.065209,-0.964186,-0.127586,-0.955478,1,0,0,0,0,0,0,0,0,0,0
2255,-0.01661,-0.042395,-0.066898,-0.095332,-0.119094,0.01077,0.024189,0.027665,0.035614,0.039546,-0.009573,-0.029118,-0.050629,-0.073194,-0.089662,0.007379,0.015984,0.026412,0.039347,0.050401,-0.011112,-0.033363,-0.059291,-0.085617,-0.109407,0.00322,0.016383,0.023391,0.032395,0.035671,-0.004046,-0.013106,-0.026753,-0.04362,-0.060117,0.000684,0.002336,0.002137,0.008092,0.015385,-0.007122,-0.014736,-0.025707,-0.032857,-0.036616,-0.006669,-0.006367,-0.003106,-0.00173,-0.002381,-0.004394,-0.012619,-0.017973,-0.021602,-0.021539,-0.004225,-0.006382,-0.00511,-0.006364,-0.006421,0.065847,-0.96972,-0.125122,-0.960089,1,0,0,0,0,0,0,0,0,0,0
2256,-0.011157,-0.038042,-0.065618,-0.094718,-0.111453,0.011272,0.015643,0.021048,0.027834,0.028755,-0.011013,-0.028985,-0.053627,-0.072749,-0.08681,0.006614,0.011847,0.026914,0.03695,0.051126,-0.009575,-0.034649,-0.062283,-0.088478,-0.108146,0.008598,0.019208,0.025477,0.031889,0.032637,-0.002904,-0.017253,-0.031429,-0.047819,-0.064784,0.002243,0.001582,0.004543,0.010352,0.018748,-0.004905,-0.01099,-0.023504,-0.027799,-0.033501,-0.002396,0.004052,0.004895,0.004997,0.004351,-0.006825,-0.009566,-0.016986,-0.018763,-0.01683,-0.001281,-0.001773,-0.001644,-0.00368,-0.001697,0.066473,-0.972454,-0.123363,-0.963449,1,0,0,0,0,0,0,0,0,0,0
2257,-0.014975,-0.039884,-0.06879,-0.092946,-0.105546,0.002288,0.005822,0.013903,0.0179,0.017523,-0.008776,-0.030644,-0.053584,-0.070325,-0.080608,0.002085,0.012686,0.025836,0.037074,0.047096,-0.012976,-0.039334,-0.066097,-0.090282,-0.105778,0.004721,0.011846,0.020999,0.02433,0.024011,-0.006285,-0.020159,-0.037306,-0.054076,-0.07018,-0.000579,-0.000782,0.005272,0.012686,0.020854,-0.0028,-0.013953,-0.021222,-0.025043,-0.026715,0.002721,0.006036,0.007435,0.006773,0.006372,-0.002049,-0.008057,-0.012128,-0.012058,-0.008237,-0.001074,0.000354,-0.001054,-0.001118,0.000949,0.069253,-0.976442,-0.122734,-0.965063,1,0,0,0,0,0,0,0,0,0,0
2258,-0.012184,-0.040136,-0.069634,-0.086598,-0.095605,0.002128,0.007608,0.014486,0.015419,0.015215,-0.009386,-0.034365,-0.053748,-0.068002,-0.076629,0.003206,0.01848,0.028652,0.043022,0.051067,-0.012359,-0.04037,-0.066923,-0.08686,-0.100297,0.006004,0.012359,0.018859,0.019616,0.019354,-0.00822,-0.022589,-0.039204,-0.056401,-0.069751,-8.7e-05,0.002915,0.008803,0.017314,0.030663,-0.00335,-0.016036,-0.02039,-0.02617,-0.020703,0.003798,0.004652,0.004757,0.004101,0.00336,-0.000873,-0.009033,-0.010987,-0.008861,-0.005787,0.00058,0.000722,-0.001516,0.000665,0.003921,0.068288,-0.984797,-0.121031,-0.965557,1,0,0,0,0,0,0,0,0,0,0
2259,-0.012968,-0.042247,-0.066716,-0.079478,-0.088015,0.001438,0.009623,0.013672,0.01329,0.012938,-0.012704,-0.03594,-0.052897,-0.063312,-0.071791,0.007511,0.02083,0.032214,0.042365,0.048585,-0.014258,-0.041367,-0.065865,-0.081561,-0.094646,0.001174,0.010444,0.013818,0.013496,0.012557,-0.00578,-0.023148,-0.040135,-0.056447,-0.067801,-0.000117,0.006014,0.013525,0.021798,0.037113,-0.007925,-0.015288,-0.019158,-0.020852,-0.011648,-0.000465,0.000952,0.000281,-0.000125,-0.001386,-0.005659,-0.010114,-0.010036,-0.005857,-0.003985,0.000955,-0.000586,-0.000655,0.001605,0.005007,0.068824,-0.989554,-0.118534,-0.962897,1,0,0,0,0,0,0,0,0,0,0
2260,-0.015309,-0.045277,-0.062511,-0.071661,-0.07705,0.004116,0.011104,0.012052,0.011845,0.010897,-0.012555,-0.032247,-0.046728,-0.055493,-0.062866,0.007936,0.018271,0.032869,0.041042,0.040894,-0.014066,-0.041042,-0.061297,-0.074948,-0.083594,0.005271,0.011874,0.012644,0.012378,0.008321,-0.008765,-0.025644,-0.043115,-0.056677,-0.068196,0.003168,0.00915,0.017797,0.031359,0.040628,-0.004889,-0.009312,-0.015184,-0.009631,-3.9e-05,0.001337,0.001443,0.000777,2.4e-05,-0.003529,-0.003075,-0.005258,-0.002884,0.00055,0.003661,-0.00086,-0.00336,-0.000924,0.002713,0.004952,0.070222,-0.99151,-0.121812,-0.959805,1,0,0,0,0,0,0,0,0,0,0
2261,-0.01432,-0.039149,-0.052099,-0.060763,-0.06365,0.004168,0.008276,0.007889,0.007532,0.004406,-0.010956,-0.028163,-0.038732,-0.047336,-0.053498,0.005537,0.017089,0.027389,0.033701,0.032331,-0.013367,-0.038226,-0.054153,-0.067431,-0.072254,0.004108,0.007532,0.007205,0.006252,-0.001786,-0.008812,-0.02605,-0.042602,-0.054124,-0.06627,0.003037,0.010658,0.019053,0.034594,0.037452,-0.002556,-0.006484,-0.008203,0.001137,0.005658,9.4e-05,-0.000587,-0.000999,-0.002279,-0.007418,-0.001742,-0.001656,0.002974,0.005048,0.010209,-0.000813,-0.000891,0.001614,0.005382,0.006368,0.074333,-0.990305,-0.123318,-0.955906,1,0,0,0,0,0,0,0,0,0,0
2262,-0.015886,-0.033298,-0.042543,-0.047988,-0.051877,0.002872,0.003829,0.00362,0.002663,-0.000838,-0.008886,-0.023515,-0.032371,-0.039821,-0.044368,0.004877,0.019626,0.027883,0.027734,0.026268,-0.013822,-0.034286,-0.048078,-0.056814,-0.059865,0.002543,0.003321,0.003052,-0.001047,-0.007749,-0.008197,-0.025849,-0.039551,-0.051189,-0.064233,0.002992,0.011728,0.02543,0.034794,0.034196,-0.0019,-0.007833,-0.002222,0.007468,0.008824,1.3e-05,-0.00066,-0.001421,-0.00501,-0.008056,-0.000543,0.002009,0.005698,0.009041,0.016908,-0.001845,0.000773,0.004681,0.007088,0.006053,0.079977,-0.988851,-0.126727,-0.954339,1,0,0,0,0,0,0,0,0,0,0
2263,-0.00913,-0.022239,-0.031008,-0.03393,-0.037516,0.001266,0.000874,0.000512,-0.002652,-0.008618,-0.008468,-0.019165,-0.027874,-0.034111,-0.036552,0.00678,0.017206,0.023595,0.022209,0.021063,-0.01124,-0.027361,-0.040801,-0.045683,-0.048575,0.000904,0.000573,-0.000392,-0.008528,-0.01356,-0.009191,-0.025945,-0.037607,-0.049901,-0.059634,0.004701,0.013199,0.028928,0.031821,0.031429,-0.002062,-0.003801,0.005653,0.010229,0.011448,-0.000702,-0.001119,-0.002415,-0.007616,-0.006593,0.000664,0.005704,0.007961,0.013579,0.020654,0.001856,0.004582,0.008684,0.009756,0.009297,0.083552,-0.988593,-0.127931,-0.952177,1,0,0,0,0,0,0,0,0,0,0
2264,-0.008451,-0.01781,-0.023322,-0.02726,-0.029743,-0.000303,-0.000515,-0.001484,-0.005028,-0.016295,-0.0063,-0.015265,-0.022807,-0.027411,-0.027866,0.008117,0.016477,0.016326,0.014841,0.014084,-0.00942,-0.023383,-0.032227,-0.035317,-0.038769,-0.000121,-0.000394,-0.004543,-0.011328,-0.015811,-0.008632,-0.022504,-0.034287,-0.047493,-0.052732,0.004119,0.017991,0.027472,0.026866,0.028108,-0.003934,0.001747,0.011557,0.01293,0.015268,2.4e-05,-0.000746,-0.00438,-0.007464,-0.000889,0.002093,0.006115,0.009759,0.018334,0.023056,0.00093,0.00519,0.007813,0.006685,0.0084,0.086574,-0.990534,-0.129155,-0.953883,1,0,0,0,0,0,0,0,0,0,0
2265,-0.004746,-0.013599,-0.01655,-0.02017,-0.023212,-9.1e-05,-0.000456,-0.003651,-0.009674,-0.020079,-0.004472,-0.013264,-0.019562,-0.022026,-0.021448,0.002373,0.008823,0.007423,0.006267,0.005659,-0.006815,-0.020383,-0.025311,-0.028232,-0.029936,-0.000213,-0.001186,-0.009401,-0.014481,-0.021052,-0.008244,-0.020018,-0.03243,-0.042257,-0.04679,0.004442,0.020322,0.023243,0.022847,0.024125,0.002195,0.01174,0.01636,0.017591,0.019866,-0.000445,-0.001754,-0.007005,-0.005972,-0.001986,0.003229,0.005642,0.011648,0.019212,0.02447,0.001955,0.006341,0.007487,0.006997,0.006239,0.089639,-0.988863,-0.130043,-0.94969,1,0,0,0,0,0,0,0,0,0,0
2266,-0.004668,-0.01022,-0.014186,-0.016688,-0.019403,-0.000122,-0.001098,-0.004668,-0.016017,-0.02044,-0.004546,-0.012142,-0.016779,-0.017237,-0.016078,0.006041,0.005888,0.004393,0.00363,0.003051,-0.00723,-0.016139,-0.019251,-0.022729,-0.023308,-6.1e-05,-0.004241,-0.011074,-0.01559,-0.021264,-0.005705,-0.017573,-0.030874,-0.036152,-0.038959,0.009519,0.019068,0.018457,0.019708,0.019769,0.00352,0.013402,0.014785,0.017139,0.018099,-0.00033,-0.003989,-0.007096,-0.000474,-0.001403,0.000937,0.00477,0.01379,0.018756,0.022997,0.002487,0.005246,0.004059,0.005864,0.003645,0.091155,-0.988286,-0.129385,-0.948639,1,0,0,0,0,0,0,0,0,0,0
2267,-0.004215,-0.007177,-0.010811,-0.013865,-0.013438,-0.000244,-0.003451,-0.009498,-0.019943,-0.02034,-0.004276,-0.010597,-0.013071,-0.012491,-0.011056,0.000428,-0.000977,-0.002138,-0.002749,-0.003115,-0.006383,-0.01133,-0.014262,-0.015972,-0.014415,-0.000916,-0.009162,-0.014262,-0.020859,-0.019851,-0.006108,-0.018568,-0.028433,-0.032983,-0.033808,0.006413,0.009345,0.008948,0.010231,0.0102,0.006057,0.010695,0.011931,0.014215,0.014742,-0.000984,-0.006256,-0.005218,-0.001217,0.000338,0.001535,0.007705,0.015476,0.020878,0.023323,0.002,0.003178,0.002674,0.001895,0.001009,0.092884,-0.988407,-0.13068,-0.950611,1,0,0,0,0,0,0,0,0,0,0
2268,-0.001344,-0.005313,-0.007817,-0.010534,-0.008214,-0.000733,-0.004305,-0.015664,-0.020092,-0.017496,-0.003328,-0.007969,-0.008427,-0.007267,-0.006198,-0.00058,-0.002076,-0.00284,-0.00342,-0.003725,-0.002534,-0.005649,-0.00913,-0.00971,-0.006992,-0.003267,-0.010107,-0.014626,-0.020305,-0.01774,-0.005771,-0.019084,-0.024366,-0.027175,-0.027237,0.003145,0.002534,0.003786,0.003847,0.003359,0.003834,0.005218,0.007574,0.008535,0.00845,-0.002679,-0.005789,0.000839,-9.1e-05,-6.3e-05,0.002323,0.011397,0.016393,0.02066,0.021915,0.000778,-0.000415,0.0014,-0.000832,-0.001221,0.092911,-0.988156,-0.130807,-0.95026,1,0,0,0,0,0,0,0,0,0,0
2269,-0.001619,-0.005254,-0.008308,-0.007881,-0.006567,-0.002474,-0.008522,-0.018968,-0.019365,-0.013165,-0.002993,-0.005467,-0.004887,-0.003452,-0.002749,-0.000825,-0.001985,-0.002596,-0.002963,-0.002657,-0.002413,-0.005345,-0.007056,-0.005498,-0.003726,-0.004979,-0.01008,-0.016677,-0.015669,-0.013104,-0.006689,-0.016555,-0.021106,-0.021931,-0.020404,-0.000214,-0.000611,0.000672,0.000641,0.000122,0.000804,0.00204,0.004324,0.004851,0.003958,-0.002592,-0.001555,0.002447,0.004003,0.000476,0.003848,0.011627,0.017035,0.019482,0.01866,0.000399,-0.000105,-0.000885,-0.001772,-0.002729,0.094097,-0.987294,-0.131054,-0.948291,1,0,0,0,0,0,0,0,0,0,0
2270,-0.002354,-0.004862,-0.007583,-0.005259,-0.004739,-0.001101,-0.012476,-0.016909,-0.01431,-0.010182,-0.001651,-0.00211,-0.000948,0.000122,0.002385,-0.000673,-0.001437,-0.002018,-0.002324,-0.000917,-0.000703,-0.004189,-0.00477,-0.002049,-0.000795,-0.001865,-0.006391,-0.012078,-0.00951,-0.007369,-0.006635,-0.011925,-0.014738,-0.014799,-0.012873,-0.000398,0.000856,0.000917,0.000428,-0.000764,0.000582,0.002942,0.003903,0.003818,0.001259,-0.000518,0.006119,0.005187,0.005215,0.003359,0.005287,0.010332,0.014642,0.01591,0.016507,-0.001608,0.000225,-0.002029,-0.002422,-0.003406,0.098025,-0.984602,-0.131487,-0.946387,1,0,0,0,0,0,0,0,0,0,0
2271,-0.001285,-0.004345,-0.003916,-0.002601,0.001438,-0.004956,-0.01542,-0.015818,-0.009607,-0.007435,-0.000826,-0.000245,0.001193,0.001897,0.008414,-0.00049,-0.001101,-0.001469,-0.001163,-0.000337,-0.002233,-0.003947,-0.002386,-0.000612,0.000275,-0.003243,-0.009852,-0.008842,-0.006272,-0.004314,-0.003243,-0.007802,-0.008628,-0.007098,-0.00563,0.0,0.001285,0.001254,0.000734,-0.001928,0.000656,0.002944,0.003472,0.002577,-0.000435,0.001558,0.005567,0.007125,0.003592,0.00292,0.002561,0.008032,0.010508,0.009677,0.015442,0.001104,0.000315,-0.000582,-0.00155,0.001405,0.104491,-0.982684,-0.129111,-0.945426,1,0,0,0,0,0,0,0,0,0,0
2272,-0.001225,-0.003951,-0.001623,-0.001103,0.005544,-0.006432,-0.010873,-0.008269,-0.004135,-0.001991,0.000368,0.001531,0.002603,0.00487,0.014517,-0.000276,-0.000858,-0.001164,0.000245,0.000123,-0.001256,-0.001838,0.000888,0.002144,0.002634,-0.001286,-0.006983,-0.00441,-0.002266,-0.000214,-0.002052,-0.00487,-0.004931,-0.003001,-0.00196,0.001256,0.001317,0.000827,-0.000368,-0.004288,0.001707,0.002671,0.002585,2.2e-05,-0.002913,0.005088,0.004155,0.004184,0.002324,0.001351,0.002524,0.006883,0.008165,0.00877,0.018355,0.000742,-0.001538,-0.001935,-0.002931,0.00291,0.11277,-0.983152,-0.124925,-0.945343,1,0,0,0,0,0,0,0,0,0,0
2273,-0.001843,-0.001413,-9.2e-05,0.003963,0.010568,-0.004055,-0.004455,0.001782,0.003963,0.005253,0.000215,0.001659,0.002366,0.008909,0.019263,-0.000338,-0.000707,-0.000399,0.00043,-0.003687,-0.000461,0.001106,0.002888,0.003779,0.004055,-0.005346,-0.004332,-0.001751,0.000215,0.001075,-0.002519,-0.003349,-0.001813,-0.000338,0.000461,3.1e-05,0.0,-0.000522,-0.003195,-0.018249,0.000585,0.001115,0.000217,-0.002808,-0.012645,-0.001079,0.000486,-0.003062,-0.003736,-0.005022,0.003052,0.0056,0.004745,0.010679,0.021988,-0.00157,-0.002494,-0.003491,-0.000449,0.005596,0.120529,-0.973606,-0.119964,-0.943967,1,0,0,0,0,0,0,0,0,0,0
2274,-0.000892,0.001446,0.001969,0.008647,0.016186,-0.0004,0.002216,0.00637,0.008524,0.010309,0.000954,0.002031,0.004308,0.014001,0.022371,-0.000246,-0.000554,0.000862,0.000739,-0.006308,-0.000123,0.002616,0.003877,0.00437,0.004093,-0.000369,0.002216,0.00437,0.006431,0.006585,-0.000308,-0.000369,0.001569,0.002616,0.0052,3.1e-05,-0.000462,-0.001662,-0.005601,-0.023664,0.000382,0.000296,-0.00228,-0.005228,-0.015504,0.000143,0.000171,-0.001697,-0.002675,-0.005297,0.001418,0.002744,0.003368,0.013275,0.020491,-0.000768,-0.001179,-0.002208,0.003829,0.011156,0.124259,-0.971602,-0.113653,-0.941387,1,0,0,0,0,0,0,0,0,0,0
2275,0.001325,0.002649,0.006716,0.013339,0.019346,0.0,0.006254,0.008441,0.009735,0.013185,0.000493,0.001201,0.007763,0.018145,0.024152,-0.000123,0.000185,0.001017,-0.003111,-0.009735,0.001694,0.003481,0.004374,0.004652,0.002773,0.001386,0.003974,0.005946,0.006808,0.007979,-0.000524,0.001017,0.002495,0.003296,0.007486,-6.2e-05,-0.000585,-0.003265,-0.01836,-0.028403,0.000149,-0.000752,-0.003785,-0.013649,-0.016821,0.001426,-0.002131,-0.002808,-0.004098,-0.007315,0.001169,0.000297,0.006345,0.017873,0.020056,-0.000167,-0.001183,0.001917,0.008079,0.01536,0.126889,-0.969212,-0.108465,-0.939019,1,0,0,0,0,0,0,0,0,0,0
2276,0.001019,0.001544,0.008245,0.01581,0.018219,0.002625,0.006793,0.008955,0.010746,0.017539,0.000587,0.002872,0.012599,0.020998,0.025197,-0.000185,0.001235,0.001112,-0.00596,-0.011456,0.00105,0.002316,0.00281,0.002532,-0.002748,0.001204,0.003366,0.005435,0.005589,0.00877,0.000463,0.002409,0.003458,0.006052,0.009109,-0.000432,-0.001637,-0.005589,-0.023715,-0.030725,-0.000235,-0.00282,-0.005778,-0.01609,-0.01745,-0.0014,-0.003275,-0.004256,-0.006888,-0.011343,0.00017,0.00081,0.01096,0.018354,0.019654,-0.000251,-0.001306,0.00488,0.012387,0.019306,0.127968,-0.968866,-0.102267,-0.939182,1,0,0,0,0,0,0,0,0,0,0
2277,0.00031,0.004396,0.011053,0.01709,0.016564,0.003653,0.005851,0.007152,0.010619,0.019226,0.000124,0.006718,0.017152,0.023189,0.024985,0.000495,0.001331,-0.002817,-0.009474,-0.013592,0.000743,0.001641,0.00192,3.1e-05,-0.007554,0.001393,0.003375,0.004242,0.005418,0.008328,0.001084,0.00257,0.003375,0.007585,0.00935,-9.3e-05,-0.002786,-0.017957,-0.02805,-0.033282,-0.000669,-0.003718,-0.013631,-0.016819,-0.017921,-0.002171,-0.002851,-0.004147,-0.00738,-0.013791,-0.001076,0.005187,0.017125,0.019386,0.019557,-0.000797,0.002414,0.008794,0.016335,0.022413,0.127816,-0.967169,-0.097651,-0.936338,1,0,0,0,0,0,0,0,0,0,0
2278,0.000217,0.006945,0.014541,0.016959,0.014851,0.000527,0.002697,0.004496,0.011316,0.019223,0.00217,0.011937,0.02037,0.024586,0.024772,0.00093,0.000806,-0.006294,-0.011813,-0.015471,0.000527,0.001023,0.000744,-0.004558,-0.012588,0.000775,0.002852,0.003007,0.006201,0.011503,0.000868,0.001922,0.004527,0.007596,0.008619,-0.001116,-0.005085,-0.023284,-0.030322,-0.035407,-0.001925,-0.004895,-0.015249,-0.016614,-0.018134,0.000292,-0.000693,-0.003336,-0.007809,-0.010984,0.001745,0.012187,0.019792,0.02113,0.020482,-0.00028,0.006083,0.013805,0.020923,0.02613,0.127463,-0.966178,-0.092919,-0.939557,1,0,0,0,0,0,0,0,0,0,0
2279,0.003884,0.010564,0.016622,0.016094,0.013018,0.001678,0.002983,0.006463,0.0151,0.023209,0.004443,0.014914,0.020972,0.022774,0.022557,-9.3e-05,-0.004257,-0.010937,-0.015069,-0.017275,0.000373,0.000652,-0.001243,-0.008855,-0.017306,0.001212,0.002082,0.003262,0.006183,0.019232,0.000621,0.001429,0.005655,0.007426,0.00783,-0.001585,-0.016809,-0.026938,-0.032188,-0.036134,-0.00113,-0.011079,-0.014278,-0.015384,-0.017187,-0.000974,-0.002275,-0.00552,-0.011954,-0.007532,0.004649,0.016886,0.019204,0.019379,0.018979,0.003576,0.010116,0.017845,0.024076,0.029535,0.127417,-0.965013,-0.088475,-0.945003,1,0,0,0,0,0,0,0,0,0,0
2280,0.002864,0.01049,0.012917,0.010801,0.005136,0.000498,0.002303,0.009151,0.017088,0.026831,0.005354,0.01382,0.018053,0.01824,0.017711,-3.1e-05,-0.007159,-0.012699,-0.016372,-0.017649,0.000125,-0.000156,-0.005478,-0.01354,-0.02238,0.000872,0.001027,0.004233,0.009556,0.023376,0.000436,0.00305,0.006132,0.007159,0.007284,-0.002397,-0.020668,-0.027733,-0.032838,-0.037289,-0.00185,-0.012245,-0.013615,-0.015141,-0.018372,-1.3e-05,-0.002665,-0.007156,-0.010344,-0.006563,0.006024,0.013842,0.015217,0.014551,0.014299,0.002919,0.010857,0.018173,0.023526,0.026936,0.12688,-0.960689,-0.083742,-0.947672,1,0,0,0,0,0,0,0,0,0,0
2281,0.003843,0.009937,0.009405,0.006312,-0.002062,0.000812,0.004312,0.012999,0.021154,0.033497,0.005156,0.011249,0.013061,0.012842,0.011249,-0.004156,-0.010874,-0.01503,-0.017248,-0.017904,0.000156,-0.00175,-0.009405,-0.017904,-0.026872,0.0,0.001187,0.004125,0.017248,0.030403,0.000375,0.004625,0.006406,0.006812,0.006499,-0.012905,-0.023091,-0.028372,-0.032341,-0.037059,-0.008148,-0.011366,-0.012478,-0.014292,-0.018481,-0.001295,-0.004559,-0.011029,-0.006582,-0.005823,0.006544,0.008956,0.009138,0.008722,0.007958,0.003806,0.011849,0.018332,0.024013,0.024678,0.1272,-0.958962,-0.079877,-0.953162,1,0,0,0,0,0,0,0,0,0,0
2282,0.003826,0.006273,0.00414,-0.001568,-0.010068,0.001004,0.007904,0.015901,0.025718,0.034343,0.003356,0.007621,0.007809,0.007276,0.002415,-0.003011,-0.008593,-0.012294,-0.01358,-0.014897,-0.000439,-0.005802,-0.013925,-0.022832,-0.029387,0.000157,0.003387,0.00875,0.022676,0.033778,0.002258,0.005363,0.006398,0.006524,0.004265,-0.005457,-0.012577,-0.01772,-0.022205,-0.025467,-0.002295,-0.003676,-0.005213,-0.008469,-0.010715,-0.001372,-0.005898,-0.009109,-0.0053,-0.002663,0.001527,0.002977,0.002275,0.00201,-0.000332,0.004464,0.012179,0.017824,0.02142,0.019612,0.128213,-0.957353,-0.080933,-0.953265,1,0,0,0,0,0,0,0,0,0,0
2283,0.002298,0.001763,-0.001353,-0.009788,-0.019892,0.002518,0.011268,0.019482,0.031915,0.034495,0.00277,0.004595,0.004375,0.00277,-0.005886,-0.003745,-0.007931,-0.010166,-0.010827,-0.011614,-0.001479,-0.00919,-0.017751,-0.026784,-0.033048,0.001039,0.003997,0.017216,0.030467,0.033583,0.002014,0.003808,0.004218,0.003903,-0.000315,-0.004784,-0.010103,-0.0141,-0.018853,-0.02307,-0.000937,-0.002057,-0.003885,-0.008104,-0.012035,-0.00191,-0.008427,-0.003948,-0.003183,-0.00231,0.000971,0.001163,0.000725,-7.8e-05,-0.004106,0.003885,0.010706,0.016682,0.017381,0.013319,0.12553,-0.950181,-0.082054,-0.947053,1,0,0,0,0,0,0,0,0,0,0
2284,0.000158,-0.001988,-0.007729,-0.016279,-0.0271,0.004417,0.012462,0.022337,0.031013,0.031707,0.001514,0.001704,0.001167,-0.003723,-0.014954,-0.001861,-0.005584,-0.006878,-0.008203,-0.007698,-0.003912,-0.012083,-0.021043,-0.027637,-0.036881,0.002208,0.007603,0.021611,0.032779,0.032621,0.001104,0.002145,0.002272,0.0,-0.004732,-0.002366,-0.00754,-0.012052,-0.015333,-0.018204,-0.000449,-0.001996,-0.005271,-0.00753,-0.011612,-0.002638,-0.005869,-0.002036,0.000616,-9.1e-05,0.000524,-0.000208,-0.000485,-0.002925,-0.008964,0.00409,0.009972,0.01372,0.011836,0.010036,0.120353,-0.949721,-0.085457,-0.944289,1,0,0,0,0,0,0,0,0,0,0
2285,-0.000695,-0.003825,-0.012297,-0.022445,-0.033446,0.004363,0.012613,0.0251,0.027693,0.02725,0.000316,9.5e-05,-0.001517,-0.010211,-0.023931,-0.002339,-0.004584,-0.005248,-0.006038,-0.005848,-0.003825,-0.012424,-0.021497,-0.027788,-0.03882,0.000759,0.014036,0.027345,0.030475,0.03019,0.000695,0.001106,0.00079,-0.003446,-0.012708,-0.002972,-0.006986,-0.01176,-0.015996,-0.015364,-0.000675,-0.00251,-0.006748,-0.010696,-0.010742,-0.003903,0.000596,0.001364,0.002241,0.002396,-0.000333,-0.000785,-0.001613,-0.005767,-0.010241,0.002885,0.009048,0.009769,0.00558,0.00563,0.113897,-0.948143,-0.088716,-0.940359,1,0,0,0,0,0,0,0,0,0,0
2286,-0.001456,-0.007217,-0.015795,-0.026652,-0.038712,0.003703,0.013611,0.022316,0.023012,0.0245,-0.000127,-0.000665,-0.005571,-0.01684,-0.032793,-0.001393,-0.002691,-0.00402,-0.003514,-0.003292,-0.004368,-0.013358,-0.019973,-0.029248,-0.03963,0.004653,0.018707,0.029912,0.029754,0.029248,0.000348,0.000475,-0.001804,-0.006552,-0.021239,-0.002216,-0.006742,-0.010034,-0.012915,-0.011838,-0.000876,-0.004162,-0.006428,-0.010524,-0.009806,0.000667,0.004512,0.007173,0.006464,0.004636,-0.000413,-0.000696,-0.003193,-0.009374,-0.010734,0.003109,0.006945,0.005016,0.003175,0.001129,0.11088,-0.94739,-0.093879,-0.937662,1,0,0,0,0,0,0,0,0,0,0
2287,-0.00168,-0.010173,-0.020346,-0.031375,-0.046555,0.004564,0.017082,0.01968,0.019237,0.022596,-9.5e-05,-0.001711,-0.010426,-0.024181,-0.041136,-0.000856,-0.001521,-0.002313,-0.002123,-0.001743,-0.004247,-0.013342,-0.019649,-0.030709,-0.039678,0.008652,0.021994,0.025131,0.024846,0.024434,6.3e-05,-0.000254,-0.0045,-0.013786,-0.030234,-0.001806,-0.006592,-0.010838,-0.010205,-0.009603,-0.000963,-0.005212,-0.00917,-0.009216,-0.009048,0.003843,0.004613,0.005492,0.005647,0.002513,-4.4e-05,-0.000887,-0.005113,-0.009666,-0.010203,0.003136,0.003869,-0.000393,-0.000342,-0.0075,0.108437,-0.947134,-0.099435,-0.937628,1,0,0,0,0,0,0,0,0,0,0
2288,-0.004091,-0.012685,-0.023562,-0.035644,-0.054354,0.005359,0.01408,0.014778,0.016268,0.019185,-0.000444,-0.005359,-0.016649,-0.032631,-0.050294,-0.000444,-0.001776,-0.001268,-0.001046,-0.001966,-0.004757,-0.011384,-0.020676,-0.031077,-0.04151,0.005423,0.016649,0.01649,0.015983,0.015951,6.3e-05,-0.00222,-0.006977,-0.021691,-0.038561,-0.002727,-0.006025,-0.008911,-0.007833,-0.009069,-0.002329,-0.004599,-0.008703,-0.007983,-0.008379,6e-06,0.002672,0.001962,0.000131,-0.001934,-0.000243,-0.002773,-0.009033,-0.010411,-0.011182,0.000736,-0.001218,-0.003083,-0.005156,-0.014445,0.107061,-0.944223,-0.103102,-0.936335,1,0,0,0,0,0,0,0,0,0,0
2289,-0.004402,-0.014569,-0.025591,-0.040762,-0.062521,0.007158,0.009755,0.009312,0.012669,0.014158,-0.001172,-0.009882,-0.023628,-0.040572,-0.062173,-0.000222,-0.001014,-0.000823,-0.000443,-0.001394,-0.004339,-0.010642,-0.021696,-0.030659,-0.045387,0.007918,0.011054,0.010769,0.010357,0.010452,-0.00038,-0.004624,-0.013904,-0.030342,-0.047255,-0.002059,-0.006303,-0.005669,-0.005068,-0.005321,-0.00192,-0.005876,-0.005922,-0.005754,-0.005519,0.000763,0.001642,0.001796,-0.001336,-0.001917,-0.000598,-0.004807,-0.009341,-0.009875,-0.014675,1e-06,-0.004243,-0.004192,-0.01132,-0.01897,0.10431,-0.942967,-0.10814,-0.935245,1,0,0,0,0,0,0,0,0,0,0
2290,-0.004184,-0.015056,-0.027133,-0.045834,-0.068085,0.001553,0.00225,0.00374,0.006656,0.010302,-0.00374,-0.015024,-0.031,-0.048655,-0.077753,-0.001109,-0.000602,-0.00038,-0.0013,-0.001458,-0.002282,-0.011569,-0.021966,-0.032394,-0.049352,0.003296,0.003138,0.002631,0.002599,0.003296,-0.001902,-0.006656,-0.021364,-0.038227,-0.060383,-0.001236,-0.004121,-0.003043,-0.004279,-0.002567,-0.000347,-0.004449,-0.00373,-0.004126,-0.002911,0.001901,0.001192,-0.000639,-0.002702,-0.004994,-0.00192,-0.00816,-0.009534,-0.010303,-0.017547,-0.001948,-0.003808,-0.005874,-0.015133,-0.021144,0.10343,-0.93576,-0.115704,-0.928159,1,0,0,0,0,0,0,0,0,0,0
2291,-0.005989,-0.017017,-0.032196,-0.053966,-0.074976,0.001046,0.000602,0.003961,0.00545,0.012834,-0.004975,-0.018728,-0.035682,-0.057293,-0.089806,0.000317,0.000507,0.000887,-6.3e-05,0.000602,-0.004024,-0.015084,-0.024052,-0.038787,-0.057389,-0.000158,-0.000444,-0.000856,-0.000761,0.004056,-0.002345,-0.01163,-0.028076,-0.044998,-0.071332,-0.00301,-0.002377,-0.001775,-0.002028,0.00225,-0.00361,-0.003656,-0.003488,-0.003253,-0.000184,-0.001021,-0.000867,-0.004,-0.004582,-0.006828,-0.002308,-0.006858,-0.007394,-0.012211,-0.018883,-0.002315,-0.002264,-0.009418,-0.017095,-0.019955,0.099485,-0.931174,-0.1213,-0.926302,1,0,0,0,0,0,0,0,0,0,0
2292,-0.004866,-0.016904,-0.035545,-0.057726,-0.085182,-0.000348,0.001137,0.004044,0.007678,0.015292,-0.006288,-0.022212,-0.039811,-0.068816,-0.102212,0.00019,0.000411,-0.000506,-0.000664,0.000664,-0.005245,-0.015608,-0.026003,-0.042907,-0.065719,0.0,-0.000506,-0.000537,0.000158,0.009352,-0.002401,-0.017062,-0.033871,-0.055956,-0.085372,0.000126,0.001201,-3.2e-05,0.001675,0.010806,-0.000489,0.000228,-0.000166,0.001045,0.008503,0.000311,-0.001514,-0.003571,-0.005855,-0.003681,-0.003841,-0.005185,-0.005937,-0.01302,-0.017772,0.000449,-0.001571,-0.010625,-0.016503,-0.021069,0.099527,-0.934732,-0.125076,-0.929269,1,0,0,0,0,0,0,0,0,0,0
2293,-0.006127,-0.021254,-0.04295,-0.063887,-0.098437,-9.5e-05,0.003253,0.004737,0.012095,0.015853,-0.007421,-0.024317,-0.045855,-0.078257,-0.1129,0.0,0.000379,-0.000568,9.5e-05,0.000505,-0.005779,-0.014717,-0.029401,-0.047939,-0.075635,-0.000284,-0.000695,-0.0006,0.0042,0.009506,-0.006853,-0.023243,-0.040107,-0.066351,-0.099384,0.000505,0.001105,0.000853,0.005116,0.013138,0.000443,0.000611,0.000845,0.003904,0.011369,-0.000157,-0.00328,-0.003859,-0.006098,-0.003641,-0.000614,-0.001138,-0.00584,-0.012355,-0.014712,-0.000398,-0.007382,-0.014878,-0.01767,-0.024547,0.098785,-0.937354,-0.12902,-0.929492,1,0,0,0,0,0,0,0,0,0,0
2294,-0.005893,-0.024488,-0.046611,-0.073998,-0.112825,0.001576,0.004475,0.008099,0.015695,0.015915,-0.008478,-0.026032,-0.054963,-0.088275,-0.123194,0.000221,-0.000693,-0.000851,0.000473,0.000473,-0.00457,-0.014938,-0.031799,-0.054553,-0.086447,-0.000221,-0.000252,0.000441,0.009612,0.009139,-0.007784,-0.024551,-0.04658,-0.075921,-0.110304,0.000567,-0.000662,0.00104,0.010148,0.011913,0.000273,-0.00012,0.001087,0.008526,0.010246,-0.001664,-0.003716,-0.005994,-0.003826,-0.003521,-0.000714,-0.001453,-0.008412,-0.013079,-0.013807,-0.001592,-0.010487,-0.01626,-0.020746,-0.027985,0.096911,-0.936609,-0.132553,-0.928554,1,0,0,0,0,0,0,0,0,0,0
2295,-0.009193,-0.030821,-0.051694,-0.086135,-0.129234,0.001763,0.003243,0.010578,0.014324,0.014482,-0.008374,-0.029845,-0.062146,-0.096681,-0.13276,0.000157,-0.000787,-0.000126,0.000283,0.00022,-0.004345,-0.018984,-0.037464,-0.065073,-0.101467,-0.000189,-9.4e-05,0.004691,0.00998,0.007965,-0.008563,-0.025375,-0.051536,-0.084466,-0.119852,3.1e-05,-0.00022,0.00403,0.012026,0.009665,-0.000106,0.000128,0.003177,0.010619,0.008277,-0.001451,-0.002029,-0.004261,-0.001812,-0.002959,0.000197,-0.004404,-0.010778,-0.013084,-0.013646,-0.005253,-0.012587,-0.015318,-0.022046,-0.029222,0.096314,-0.934802,-0.131965,-0.92718,1,0,0,0,0,0,0,0,0,0,0
2296,-0.00938,-0.031477,-0.05883,-0.097609,-0.139851,0.001133,0.004753,0.012339,0.012559,0.012181,-0.00916,-0.038055,-0.071326,-0.106202,-0.143062,-0.00107,-0.001228,9.4e-05,9.4e-05,0.001511,-0.006012,-0.022852,-0.045578,-0.077433,-0.120996,0.000157,0.00085,0.01001,0.009537,0.002644,-0.008184,-0.030186,-0.059491,-0.093832,-0.128488,-0.001259,0.000441,0.009537,0.0113,0.009632,-0.000287,0.000919,0.008349,0.010067,0.006831,-0.000598,-0.002874,-0.000708,-0.000404,-0.007044,-0.000929,-0.007828,-0.012455,-0.013177,-0.015284,-0.003571,-0.009296,-0.013743,-0.02092,-0.020722,0.095838,-0.934303,-0.126922,-0.92309,1,0,0,0,0,0,0,0,0,0,0
2297,-0.012224,-0.033058,-0.067435,-0.110455,-0.148163,0.000346,0.007667,0.011407,0.011564,0.010716,-0.012287,-0.044528,-0.078999,-0.115011,-0.149954,0.000126,0.000786,0.001194,0.001131,0.004776,-0.00861,-0.027056,-0.054615,-0.090941,-0.137888,-6.3e-05,0.004714,0.009993,0.007982,-0.00286,-0.00861,-0.034723,-0.067593,-0.102913,-0.135877,0.001006,0.005248,0.013229,0.010873,0.011438,0.00052,0.003564,0.010992,0.008654,0.005441,2.1e-05,-0.002207,0.000238,-0.000908,-0.012161,-0.003624,-0.009915,-0.012191,-0.012747,-0.014588,-0.00371,-0.006406,-0.013047,-0.020131,-0.012896,0.094173,-0.933522,-0.121685,-0.91961,1,0,0,0,0,0,0,0,0,0,0
2298,-0.009825,-0.037103,-0.075776,-0.117902,-0.154095,0.003265,0.01083,0.011049,0.010673,0.009449,-0.016543,-0.049722,-0.084503,-0.121261,-0.148916,-0.000283,0.001036,0.001036,0.002448,0.006058,-0.008193,-0.030857,-0.062624,-0.106068,-0.149763,0.000753,0.009888,0.009417,0.002543,-0.005807,-0.013341,-0.042565,-0.076812,-0.111373,-0.141665,0.000691,0.009762,0.01152,0.009857,0.010641,0.000684,0.008093,0.009806,0.006579,0.003955,-0.00229,-0.00013,0.000173,-0.006449,-0.014572,-0.003171,-0.00771,-0.008418,-0.010485,-0.007626,-0.001933,-0.006296,-0.013336,-0.013142,-0.007358,0.092466,-0.932231,-0.116845,-0.916332,1,0,0,0,0,0,0,0,0,0,0
2299,-0.010904,-0.044986,-0.087635,-0.125019,-0.160285,0.004019,0.007726,0.007882,0.007041,0.005421,-0.015546,-0.049721,-0.085423,-0.120066,-0.144677,0.000935,0.00134,0.001277,0.004891,0.006636,-0.010156,-0.037478,-0.073491,-0.120035,-0.159506,0.003988,0.009221,0.007228,-0.00352,-0.006511,-0.012648,-0.045235,-0.080252,-0.112932,-0.146827,0.00352,0.011433,0.009097,0.009658,0.011215,0.002339,0.009704,0.007385,0.0042,0.00475,6.4e-05,0.002487,0.001352,-0.009804,-0.011733,-0.002915,-0.005058,-0.005581,-0.007314,0.001658,-0.000705,-0.006957,-0.013624,-0.006814,-0.003509,0.094677,-0.932142,-0.111459,-0.915734,1,0,0,0,0,0,0,0,0,0,0
2300,-0.016105,-0.054335,-0.095978,-0.131757,-0.166729,0.003475,0.003693,0.00332,0.00211,-0.001024,-0.017315,-0.051697,-0.088035,-0.115373,-0.140756,0.000372,0.000372,0.001769,0.005337,0.007199,-0.012288,-0.043691,-0.086638,-0.129833,-0.170825,0.005058,0.004593,-0.002203,-0.010457,-0.011078,-0.016291,-0.050146,-0.084311,-0.114256,-0.147738,0.005461,0.007199,0.005555,0.00633,0.010706,0.004995,0.006688,0.003498,0.000903,0.004094,0.002071,0.002371,-0.004175,-0.012205,-0.010486,-0.001352,-0.002005,-0.003912,-0.001274,0.006192,-0.003339,-0.009834,-0.009655,-0.00432,0.000796,0.094618,-0.933994,-0.100806,-0.917235,1,0,0,0,0,0,0,0,0,0,0
2301,-0.01785,-0.060349,-0.097602,-0.132744,-0.167761,0.000217,0.000373,-0.000466,-0.00208,-0.006116,-0.016733,-0.052309,-0.08683,-0.111355,-0.134172,3.1e-05,-3.1e-05,0.00357,0.005309,0.007761,-0.014932,-0.050819,-0.097199,-0.136531,-0.178161,0.000155,-0.001832,-0.012542,-0.015522,-0.018223,-0.016174,-0.051067,-0.083632,-0.117408,-0.143702,0.002421,9.3e-05,0.000652,0.002204,0.005215,0.002342,3.2e-05,-0.003142,-0.002594,-0.001714,0.000343,-0.000788,-0.011905,-0.013827,-0.013319,-0.000735,-0.001245,-0.002935,0.005818,0.009125,-0.00275,-0.009255,-0.002611,0.000613,0.006124,0.095043,-0.93665,-0.094544,-0.921402,1,0,0,0,0,0,0,0,0,0,0
2302,-0.020416,-0.062117,-0.097946,-0.132967,-0.162953,0.0,-0.000373,-0.001585,-0.004723,-0.010317,-0.017681,-0.054069,-0.081446,-0.106864,-0.127529,-3.1e-05,0.001367,0.004941,0.006805,0.009229,-0.0165,-0.059507,-0.102762,-0.143811,-0.181411,-0.000621,-0.007427,-0.015692,-0.016314,-0.029707,-0.017712,-0.051925,-0.081912,-0.115441,-0.139461,-0.000684,-0.002331,-0.001554,0.002828,0.002331,-0.000648,-0.003843,-0.006441,-0.003246,-0.005827,-4.3e-05,-0.006598,-0.014639,-0.012918,-0.021534,8e-05,-0.001845,0.000818,0.008357,0.011872,-0.00379,-0.003609,0.001779,0.006945,0.012296,0.095654,-0.940962,-0.090827,-0.920559,1,0,0,0,0,0,0,0,0,0,0
2303,-0.022144,-0.059465,-0.094672,-0.129754,-0.150716,0.000156,-0.000684,-0.002301,-0.006345,-0.015488,-0.017945,-0.05253,-0.0771,-0.099959,-0.121947,-3.1e-05,0.003577,0.005318,0.007775,0.010481,-0.019438,-0.065903,-0.105308,-0.147015,-0.176157,-0.001368,-0.012098,-0.015084,-0.01779,-0.03586,-0.01723,-0.049855,-0.083693,-0.110036,-0.134388,-0.001648,-0.001089,0.000467,0.003483,0.00311,-0.001666,-0.004845,-0.004296,-0.003415,-0.006243,-0.00109,-0.012228,-0.014153,-0.013645,-0.023401,-0.000598,-0.00231,0.006556,0.009907,0.012473,-0.002777,0.003954,0.00722,0.012802,0.018324,0.099031,-0.946878,-0.091687,-0.925193,1,0,0,0,0,0,0,0,0,0,0
2304,-0.019599,-0.055468,-0.090528,-0.120548,-0.135014,-0.000529,-0.001742,-0.004884,-0.010484,-0.02019,-0.018479,-0.045886,-0.071334,-0.092021,-0.113082,0.001431,0.005009,0.006875,0.009302,0.011293,-0.023612,-0.066916,-0.108011,-0.145654,-0.167026,-0.005444,-0.013719,-0.014341,-0.027749,-0.038669,-0.017017,-0.047037,-0.080604,-0.104652,-0.126055,0.0,0.000778,0.005164,0.004666,0.004231,-0.001532,-0.004133,-0.000934,-0.003518,-0.005897,-0.005472,-0.013522,-0.011799,-0.020424,-0.022313,-0.001342,0.001342,0.008941,0.012483,0.013046,0.002964,0.008395,0.013602,0.018995,0.024006,0.097508,-0.948601,-0.091701,-0.92547,1,0,0,0,0,0,0,0,0,0,0
2305,-0.017754,-0.053011,-0.088145,-0.109138,-0.120506,-0.000311,-0.001931,-0.00598,-0.015137,-0.028748,-0.016134,-0.04074,-0.063632,-0.085653,-0.105213,0.00218,0.003924,0.006385,0.009095,0.011275,-0.022893,-0.062355,-0.104123,-0.133307,-0.152587,-0.005295,-0.008285,-0.010995,-0.029091,-0.043605,-0.015636,-0.049523,-0.075904,-0.100292,-0.120444,0.000561,0.002118,0.005139,0.004765,0.004236,-0.00165,-0.001101,-0.000218,-0.00305,-0.005684,-0.005675,-0.007603,-0.007094,-0.016865,-0.018483,-0.000377,0.008581,0.011966,0.014558,0.01537,0.003811,0.00711,0.01275,0.018329,0.024115,0.100935,-0.947601,-0.090507,-0.917516,1,0,0,0,0,0,0,0,0,0,0
2306,-0.018186,-0.053341,-0.083442,-0.097947,-0.11005,-0.000905,-0.004055,-0.00967,-0.019402,-0.03737,-0.011323,-0.036839,-0.057583,-0.078701,-0.099226,0.001404,0.003275,0.005708,0.007705,0.009639,-0.020494,-0.0617,-0.099444,-0.120874,-0.137937,-0.002995,-0.003618,-0.017063,-0.028012,-0.052124,-0.014443,-0.0481,-0.072213,-0.093674,-0.113013,0.000218,0.004617,0.004118,0.003681,0.002433,-0.000956,0.002252,-0.000339,-0.002724,-0.00601,-0.002388,-0.00066,-0.009309,-0.011202,-0.01775,0.003116,0.01086,0.01447,0.015043,0.014269,0.001683,0.006989,0.012486,0.017592,0.020881,0.100415,-0.942157,-0.090323,-0.903075,1,0,0,0,0,0,0,0,0,0,0
2307,-0.017115,-0.052281,-0.073293,-0.084672,-0.097765,-0.000717,-0.00477,-0.013935,-0.027559,-0.041712,-0.013312,-0.036226,-0.058266,-0.077844,-0.094991,0.000343,0.002806,0.005518,0.0077,0.011223,-0.019017,-0.060823,-0.090034,-0.109331,-0.124015,0.0,-0.002712,-0.020825,-0.035353,-0.057986,-0.019484,-0.04589,-0.0703,-0.09047,-0.104842,0.001341,0.004365,0.00399,0.00346,0.001933,0.001505,0.002389,-0.000446,-0.003082,-0.008389,0.000457,0.000967,-0.008813,-0.010432,-0.019013,0.005912,0.009319,0.011928,0.012744,0.010678,0.001644,0.00732,0.012935,0.018759,0.019388,0.096939,-0.935887,-0.089746,-0.891045,1,0,0,0,0,0,0,0,0,0,0
2308,-0.017995,-0.048039,-0.062516,-0.074596,-0.085182,-0.002428,-0.008032,-0.017746,-0.035679,-0.045268,-0.012173,-0.032877,-0.053955,-0.074441,-0.086396,0.001526,0.003954,0.005947,0.007877,0.014197,-0.022136,-0.059808,-0.081197,-0.098227,-0.112797,-0.000623,-0.014041,-0.024969,-0.049036,-0.064229,-0.014135,-0.038201,-0.059621,-0.078924,-0.09063,0.003051,0.002553,0.002117,0.000872,0.000529,0.001698,-0.000887,-0.003268,-0.006548,-0.013201,0.001268,-0.007364,-0.009254,-0.015789,-0.021681,0.001784,0.005345,0.005911,0.005147,0.005493,0.003606,0.00903,0.014068,0.017314,0.019622,0.096985,-0.934581,-0.086565,-0.884751,1,0,0,0,0,0,0,0,0,0,0
2309,-0.017102,-0.038059,-0.049408,-0.062467,-0.069961,-0.001617,-0.010758,-0.024346,-0.038463,-0.043873,-0.010696,-0.03268,-0.052206,-0.069308,-0.076118,0.000933,0.003638,0.005815,0.009328,0.012624,-0.019589,-0.048724,-0.067971,-0.082616,-0.090638,-0.002083,-0.020149,-0.034638,-0.057213,-0.063183,-0.01222,-0.036566,-0.056684,-0.071018,-0.083083,-3.1e-05,-0.000404,-0.000933,-0.002456,-0.002612,-0.000815,-0.003642,-0.006272,-0.011565,-0.014441,-0.000758,-0.010513,-0.012128,-0.020686,-0.021285,0.001577,0.004139,0.00494,0.002912,0.00759,0.001999,0.007512,0.01323,0.013848,0.014166,0.10177,-0.933672,-0.091546,-0.886221,1,0,0,0,0,0,0,0,0,0,0
2310,-0.012941,-0.02744,-0.039539,-0.050141,-0.053945,-0.003991,-0.01372,-0.031681,-0.041285,-0.043499,-0.010009,-0.03112,-0.051638,-0.063612,-0.064797,0.001497,0.003492,0.005426,0.011756,0.011756,-0.018086,-0.039508,-0.056564,-0.071158,-0.072031,-0.01135,-0.022295,-0.046399,-0.061616,-0.064079,-0.011849,-0.033303,-0.052635,-0.06436,-0.077332,-0.000468,-0.000904,-0.002152,-0.002495,-0.007827,-0.001773,-0.004157,-0.007442,-0.014106,-0.018043,-0.007885,-0.009778,-0.016323,-0.022225,-0.022252,0.001992,0.002564,0.001792,0.002141,0.012516,0.003444,0.008538,0.011819,0.014153,0.012223,0.105837,-0.928637,-0.094775,-0.886625,1,0,0,0,0,0,0,0,0,0,0
2311,-0.008117,-0.019557,-0.03272,-0.040274,-0.040524,-0.005203,-0.018899,-0.033128,-0.038581,-0.043909,-0.012098,-0.03178,-0.049018,-0.055882,-0.053124,0.001222,0.003416,0.006958,0.01028,0.010781,-0.011189,-0.030589,-0.045351,-0.053437,-0.05234,-0.006801,-0.021406,-0.04416,-0.050178,-0.054315,-0.012631,-0.032908,-0.047357,-0.059517,-0.074843,9.4e-05,-0.000439,-0.001975,-0.002131,-0.014292,-0.001068,-0.003719,-0.009054,-0.011953,-0.02208,-0.001906,-0.003534,-0.01216,-0.012765,-0.01147,0.000644,0.001491,-0.000653,0.004292,0.020565,0.00226,0.008303,0.008957,0.009293,0.008448,0.111822,-0.922626,-0.099712,-0.889192,1,0,0,0,0,0,0,0,0,0,0
2312,-0.006493,-0.018722,-0.029438,-0.033284,-0.033347,-0.004602,-0.022756,-0.032464,-0.034702,-0.041983,-0.009172,-0.029911,-0.042014,-0.043212,-0.0382,0.000788,0.002742,0.00914,0.00914,0.014562,-0.010401,-0.027642,-0.042392,-0.043275,-0.039839,-0.004223,-0.028587,-0.043968,-0.046458,-0.046742,-0.008983,-0.028524,-0.040375,-0.053487,-0.072713,-0.000536,-0.001797,-0.002143,-0.007533,-0.014026,-0.001336,-0.004656,-0.011392,-0.015371,-0.023307,4e-06,-0.006612,-0.012577,-0.012604,-0.005342,-5.3e-05,-0.000886,-0.000509,0.010675,0.031779,0.003141,0.006677,0.009194,0.007113,0.005006,0.120614,-0.921241,-0.102983,-0.892116,1,0,0,0,0,0,0,0,0,0,0
2313,-0.005017,-0.018271,-0.025876,-0.026128,-0.028937,-0.009183,-0.023509,-0.029,-0.034364,-0.0432,-0.010634,-0.02799,-0.034901,-0.032124,-0.027327,0.00142,0.004986,0.008331,0.008836,0.02799,-0.00912,-0.023982,-0.032124,-0.031019,-0.02717,-0.010477,-0.033386,-0.039445,-0.04361,-0.047555,-0.011423,-0.02597,-0.038214,-0.053645,-0.090881,0.0,-0.001546,-0.001704,-0.013948,-0.004702,-0.001331,-0.006703,-0.009622,-0.019818,-0.020935,-0.001643,-0.010328,-0.010937,-0.009633,-0.004171,0.000943,-0.001307,0.00388,0.020949,0.055615,0.003173,0.003858,0.004211,0.003324,-0.001372,0.145748,-0.925087,-0.107046,-0.888408,1,0,0,0,0,0,0,0,0,0,0
2314,-0.007214,-0.017925,-0.021768,-0.021831,-0.0241,-0.008978,-0.018681,-0.020918,-0.028195,-0.033267,-0.010112,-0.022209,-0.023407,-0.018398,-0.016602,0.000536,0.006931,0.006931,0.012349,0.040071,-0.008128,-0.022871,-0.023753,-0.020319,-0.016728,-0.013893,-0.029266,-0.031755,-0.032038,-0.036354,-0.008128,-0.019973,-0.033078,-0.052294,-0.102478,-0.00126,-0.001607,-0.006994,-0.013483,-0.003371,-0.00199,-0.008722,-0.0127,-0.020631,-0.024795,-0.004972,-0.010935,-0.010962,-0.003703,-0.002408,-0.001761,-0.001386,0.009759,0.030789,0.073985,0.000389,0.002896,0.000823,-0.001276,-0.005639,0.167509,-0.922389,-0.109319,-0.888675,1,0,0,0,0,0,0,0,0,0,0
2315,-0.005986,-0.013539,-0.01379,-0.016579,-0.016172,-0.005297,-0.01075,-0.016078,-0.024853,-0.023944,-0.007177,-0.014041,-0.011283,-0.006519,-0.006801,0.003009,0.006331,0.006832,0.025856,0.055128,-0.006676,-0.014761,-0.013664,-0.009841,-0.007177,-0.008932,-0.014949,-0.019086,-0.023004,-0.021688,-0.006362,-0.018522,-0.033848,-0.070829,-0.112073,-0.000282,-0.000439,-0.012599,-0.003416,-0.006707,-0.003356,-0.006255,-0.016381,-0.017491,-0.035932,-0.003679,-0.004284,-0.002989,0.002436,0.003063,-0.000446,0.004498,0.020768,0.053811,0.089049,0.000278,0.000614,-0.000231,-0.004708,-0.006336,0.183284,-0.910965,-0.110938,-0.886291,1,0,0,0,0,0,0,0,0,0,0
2316,-0.00464,-0.008439,-0.008501,-0.010743,-0.008968,-0.004328,-0.006539,-0.013733,-0.018746,-0.018871,-0.004827,-0.00601,-0.001059,0.000716,0.000187,0.003332,0.003332,0.008688,0.036091,0.062872,-0.007941,-0.008813,-0.005418,-0.001868,0.000436,-0.006321,-0.008782,-0.009062,-0.013328,-0.0123,-0.005387,-0.018342,-0.037337,-0.086943,-0.121073,-6.2e-05,-0.005387,-0.011802,-0.001806,-0.023355,-0.003321,-0.007252,-0.015093,-0.019208,-0.052023,-0.002238,-0.002265,0.00491,0.006191,0.00739,0.000772,0.01105,0.030443,0.070277,0.099189,0.002047,0.000135,-0.001801,-0.005824,-0.006116,0.198198,-0.88799,-0.111974,-0.885979,1,0,0,0,0,0,0,0,0,0,0
2317,-0.002862,-0.003111,-0.005879,-0.005474,-0.00339,-0.001089,-0.006377,-0.015086,-0.014184,-0.015739,-0.001991,0.000747,0.005474,0.005195,0.004821,-3.1e-05,0.000467,0.019347,0.048399,0.061775,-9.3e-05,0.000995,0.00479,0.007434,0.012815,0.000342,-0.003764,-0.007652,-0.006345,-0.005661,-0.006688,-0.021898,-0.058602,-0.099536,-0.132725,-9.3e-05,-0.012162,-0.003048,-0.006314,-0.047,0.00044,-0.009611,-0.010712,-0.029015,-0.064252,0.001636,0.002921,0.008305,0.008927,0.011499,0.003924,0.019357,0.050701,0.084127,0.109044,-0.001711,-0.002513,-0.006759,-0.008304,-0.010512,0.215845,-0.861522,-0.117292,-0.887972,1,0,0,0,0,0,0,0,0,0,0
2318,-0.000932,-0.000994,-0.003232,-0.001461,0.000124,-0.001119,-0.008297,-0.0133,-0.013424,-0.015475,0.000808,0.005749,0.00752,0.006992,0.006899,3.1e-05,0.005376,0.032722,0.059446,0.058949,-0.000777,0.00261,0.006153,0.008452,0.018489,-0.002797,-0.003076,-0.007334,-0.006308,-0.005034,-0.006246,-0.025202,-0.074704,-0.108762,-0.133932,-0.005221,-0.011622,-0.001647,-0.023151,-0.076475,-0.004363,-0.012186,-0.016294,-0.049039,-0.08368,-0.001661,0.005499,0.006777,0.007974,0.012204,0.00623,0.02534,0.064592,0.093082,0.111297,-0.000184,-0.002092,-0.006056,-0.006344,-0.012208,0.225031,-0.83161,-0.122443,-0.88944,1,0,0,0,0,0,0,0,0,0,0
2319,0.000684,-0.002082,-0.001678,0.000404,0.001429,-0.004164,-0.012865,-0.011963,-0.013517,-0.016935,0.001927,0.00665,0.00637,0.005997,0.004599,0.000466,0.019328,0.048351,0.061712,0.058108,0.001864,0.005655,0.008297,0.013672,0.024828,-0.001305,-0.005189,-0.003884,-0.003201,-0.001895,-0.008949,-0.045616,-0.086509,-0.119665,-0.142815,-0.006836,0.002268,-0.000994,-0.041639,-0.09521,-0.005678,-0.006778,-0.025062,-0.060264,-0.090927,0.002944,0.008323,0.008945,0.011514,0.017407,0.009096,0.040219,0.073411,0.098153,0.111615,-0.000612,-0.004829,-0.006362,-0.008555,-0.015669,0.240926,-0.807827,-0.127416,-0.890644,1,0,0,0,0,0,0,0,0,0,0
2320,-0.000747,-0.002989,-0.001214,0.000374,0.002833,-0.00302,-0.008032,-0.008156,-0.010211,-0.01267,0.00302,0.004794,0.004265,0.004172,0.000747,0.004888,0.032283,0.059055,0.058557,0.056285,0.001525,0.005074,0.007378,0.017433,0.026866,0.001027,-0.003238,-0.00221,-0.000934,0.000529,-0.010024,-0.059616,-0.093735,-0.118951,-0.1437,0.000436,0.010429,-0.011114,-0.064534,-0.105845,-0.00215,-0.006264,-0.039069,-0.073773,-0.09341,0.004223,0.005503,0.006702,0.01094,0.015709,0.010139,0.04989,0.078742,0.097189,0.107584,-0.001312,-0.005327,-0.005618,-0.011556,-0.016541,0.251152,-0.791076,-0.130705,-0.892312,1,0,0,0,0,0,0,0,0,0,0
2321,-0.002025,-0.00162,0.000467,0.001495,0.007788,-0.005701,-0.004797,-0.006355,-0.009781,-0.009127,0.001713,0.001433,0.001059,-0.000343,-0.003925,0.014018,0.043112,0.056507,0.052893,0.051055,0.002274,0.004922,0.010311,0.021494,0.030278,-0.004922,-0.003613,-0.002928,-0.00162,0.001246,-0.026727,-0.067721,-0.100958,-0.124165,-0.143292,0.008691,0.00542,-0.035325,-0.089028,-0.12105,0.001048,-0.017281,-0.05257,-0.083309,-0.097295,0.001166,0.00179,0.004365,0.010272,0.012793,0.021482,0.055251,0.080424,0.094121,0.101161,-0.002972,-0.004532,-0.006763,-0.014001,-0.015737,0.260857,-0.776589,-0.134938,-0.894079,1,0,0,0,0,0,0,0,0,0,0
2322,-0.000218,0.001557,0.003145,0.005605,0.013015,0.000685,0.00056,-0.001495,-0.003954,-0.003332,6.2e-05,-0.000467,-0.00056,-0.003985,-0.007846,0.013389,0.040166,0.039667,0.037395,0.03671,0.001277,0.003581,0.013638,0.023072,0.03098,0.000654,0.001681,0.002958,0.004421,0.006352,-0.022885,-0.05701,-0.082231,-0.106984,-0.129153,0.001308,-0.020239,-0.073668,-0.114986,-0.145655,-0.005163,-0.037974,-0.072683,-0.092323,-0.102764,0.000115,0.001314,0.005552,0.010323,0.011685,0.018385,0.047271,0.06574,0.076148,0.083068,-0.001057,-0.001348,-0.007294,-0.012284,-0.012539,0.273508,-0.760227,-0.136801,-0.893929,1,0,0,0,0,0,0,0,0,0,0
2323,0.000622,0.002706,0.003732,0.010014,0.01496,0.000218,-0.001337,-0.004758,-0.004105,-0.003639,-0.000342,-0.000715,-0.002115,-0.005691,-0.009486,0.015675,0.029048,0.02544,0.023606,0.021117,0.001368,0.006749,0.017914,0.026685,0.032003,0.000653,0.001337,0.002644,0.005505,0.005754,-0.01807,-0.051254,-0.074424,-0.09352,-0.114731,-0.004572,-0.045252,-0.09887,-0.130841,-0.161755,-0.013143,-0.048376,-0.079065,-0.09303,-0.101481,0.000508,0.003079,0.008977,0.011494,0.011329,0.015156,0.040049,0.053594,0.060557,0.066774,-0.000494,-0.0027,-0.009858,-0.011575,-0.011896,0.282867,-0.745069,-0.137514,-0.893705,1,0,0,0,0,0,0,0,0,0,0
2324,0.001147,0.002728,0.005176,0.012554,0.015839,-0.000341,-0.002387,-0.004835,-0.004216,-0.00372,-0.000186,-0.000279,-0.003689,-0.007532,-0.010849,0.011035,0.010539,0.008276,0.007594,0.004092,0.00093,0.010942,0.020334,0.028207,0.032175,0.000372,0.001643,0.0031,0.005021,0.004897,-0.015963,-0.041071,-0.065713,-0.087783,-0.102072,-0.016893,-0.070084,-0.111216,-0.141748,-0.168375,-0.019564,-0.054119,-0.073671,-0.084064,-0.0921,0.000688,0.004907,0.009656,0.011013,0.01049,0.013189,0.031087,0.041173,0.047879,0.052194,0.000201,-0.005561,-0.010397,-0.010644,-0.011242,0.289659,-0.732735,-0.137231,-0.892653,1,0,0,0,0,0,0,0,0,0,0
2325,0.000928,0.00195,0.008202,0.013122,0.01566,-0.001207,-0.004611,-0.003961,-0.003497,-0.003342,-0.000186,-0.001578,-0.005138,-0.008913,-0.013184,0.00229,-0.0013,-0.003126,-0.005602,-0.007118,0.004426,0.015536,0.024264,0.029556,0.032744,0.000309,0.001609,0.004457,0.004704,0.003992,-0.017084,-0.040141,-0.059144,-0.080251,-0.090155,-0.023614,-0.07697,-0.108786,-0.139549,-0.160099,-0.015527,-0.046067,-0.059963,-0.068372,-0.076852,0.001872,0.007741,0.010246,0.010082,0.009312,0.011008,0.024097,0.030826,0.036833,0.039797,-0.00233,-0.009247,-0.010906,-0.011216,-0.011807,0.295347,-0.721405,-0.135768,-0.888571,1,0,0,0,0,0,0,0,0,0,0
2326,0.00065,0.003097,0.010469,0.013752,0.015579,-0.000836,-0.003283,-0.002664,-0.002168,-0.001827,9.3e-05,-0.003314,-0.007155,-0.010469,-0.014929,-0.002787,-0.005048,-0.00573,-0.00923,-0.010252,0.005575,0.01496,0.022826,0.026791,0.03057,0.00096,0.002416,0.004336,0.004212,0.0035,-0.007991,-0.032614,-0.054666,-0.068944,-0.074705,-0.029516,-0.070617,-0.101124,-0.127729,-0.149472,-0.018989,-0.038525,-0.04891,-0.05694,-0.06927,0.002343,0.007088,0.008443,0.007922,0.007148,0.006733,0.016763,0.023432,0.027723,0.030255,-0.003387,-0.008197,-0.008442,-0.009037,-0.01065,0.29829,-0.70631,-0.135218,-0.884633,1,0,0,0,0,0,0,0,0,0,0
2327,0.000372,0.006629,0.011554,0.014094,0.015828,-0.002571,-0.00192,-0.001456,-0.001301,-0.001022,-0.001487,-0.005049,-0.008828,-0.013102,-0.017687,-0.000805,-0.002633,-0.005111,-0.006629,-0.007682,0.005544,0.014279,0.019576,0.022766,0.027413,0.000341,0.00319,0.003438,0.002726,0.001518,-0.015085,-0.034103,-0.055228,-0.06514,-0.072729,-0.023882,-0.055724,-0.086512,-0.10708,-0.129474,-0.011575,-0.025483,-0.033899,-0.042385,-0.053307,0.003531,0.006038,0.005874,0.005103,0.00404,0.006429,0.013196,0.019239,0.02222,0.024781,-0.003567,-0.005236,-0.005548,-0.006142,-0.008533,0.305779,-0.695793,-0.13596,-0.881974,1,0,0,0,0,0,0,0,0,0,0
2328,0.002075,0.009446,0.012729,0.014557,0.017096,0.000124,0.000743,0.001239,0.00158,0.00158,-0.00192,-0.005761,-0.009075,-0.013534,-0.01691,-0.001456,-0.002137,-0.005637,-0.006659,-0.009106,0.00384,0.011707,0.015672,0.01945,0.023786,0.001115,0.003035,0.002911,0.002199,0.000712,-0.009539,-0.031591,-0.045869,-0.051629,-0.058629,-0.01722,-0.047727,-0.074331,-0.096073,-0.115709,-0.007962,-0.018347,-0.026377,-0.038706,-0.046158,0.001214,0.00257,0.002048,0.001274,5.9e-05,0.003604,0.010273,0.014562,0.017095,0.019154,-0.001244,-0.001489,-0.002084,-0.003696,-0.005228,0.309179,-0.685323,-0.136721,-0.880849,1,0,0,0,0,0,0,0,0,0,0
2329,0.004183,0.00911,0.011651,0.013387,0.016361,0.000527,0.000992,0.001147,0.001425,0.001487,-0.001642,-0.005423,-0.009699,-0.014285,-0.016175,-0.000372,-0.002851,-0.004369,-0.005423,-0.008924,0.004896,0.010195,0.013387,0.018035,0.02135,0.001735,0.001983,0.00127,6.2e-05,-0.000434,-0.009482,-0.030616,-0.040531,-0.048123,-0.046481,-0.014626,-0.045427,-0.066003,-0.088407,-0.107991,-0.005947,-0.014367,-0.022857,-0.033783,-0.046036,0.001293,0.001128,0.000357,-0.000706,-0.001208,0.003169,0.009229,0.012218,0.014788,0.016114,-0.000425,-0.000738,-0.001334,-0.003732,-0.004052,0.309333,-0.67554,-0.137205,-0.880443,1,0,0,0,0,0,0,0,0,0,0
2330,0.003192,0.006477,0.008306,0.010847,0.013202,9.3e-05,0.000589,0.00093,0.00093,0.000961,-0.0022,-0.005517,-0.009979,-0.013357,-0.01624,-0.00031,-0.003812,-0.004835,-0.007283,-0.009762,0.002975,0.006942,0.010723,0.015062,0.017789,0.000186,6.2e-05,-0.000651,-0.002138,-0.002324,-0.012583,-0.02687,-0.032634,-0.039638,-0.03874,-0.015899,-0.042521,-0.064277,-0.083925,-0.099483,-0.004444,-0.012479,-0.024817,-0.032273,-0.042824,6.3e-05,-0.000459,-0.001233,-0.002449,-0.00261,0.003526,0.007836,0.01038,0.012448,0.013376,0.000179,-0.000418,-0.002038,-0.003576,-0.003882,0.313131,-0.669365,-0.137742,-0.880254,1,0,0,0,0,0,0,0,0,0,0
2331,0.001735,0.004276,0.006011,0.008986,0.010752,0.000372,0.000527,0.000806,0.000868,0.001239,-0.00158,-0.005856,-0.010442,-0.012332,-0.017135,-0.002169,-0.003687,-0.004741,-0.008242,-0.012797,0.002324,0.005515,0.010163,0.013479,0.015648,6.2e-05,-0.000651,-0.001859,-0.002355,-0.002572,-0.008552,-0.018467,-0.026059,-0.024416,-0.030056,-0.014904,-0.035478,-0.057881,-0.077463,-0.091469,-0.003976,-0.012465,-0.023391,-0.035643,-0.040208,-0.000228,-0.000999,-0.002062,-0.002564,-0.003088,0.002536,0.005524,0.008092,0.009417,0.010257,-0.000492,-0.001087,-0.003484,-0.003804,-0.004174,0.318418,-0.661325,-0.137371,-0.879764,1,0,0,0,0,0,0,0,0,0,0
2332,0.001549,0.003377,0.005917,0.008271,0.010006,0.000124,0.000465,0.000465,0.000496,0.001239,-0.001735,-0.006196,-0.009572,-0.012453,-0.018711,-0.001332,-0.002354,-0.004802,-0.00728,-0.012763,0.001642,0.005421,0.009758,0.012484,0.014219,-0.000186,-0.000898,-0.002385,-0.002571,-0.003594,-0.005731,-0.011493,-0.018494,-0.017596,-0.023668,-0.01171,-0.033457,-0.053097,-0.068649,-0.080018,-0.004056,-0.016388,-0.023842,-0.034388,-0.03778,-0.000294,-0.001068,-0.002284,-0.002444,-0.004191,0.001765,0.004302,0.006364,0.00729,0.007765,-0.000105,-0.00172,-0.003254,-0.003559,-0.003754,0.321656,-0.657622,-0.136929,-0.878504,1,0,0,0,0,0,0,0,0,0,0
2333,0.00099,0.002724,0.005695,0.007459,0.009502,3.1e-05,0.000309,0.000371,0.000743,0.001362,-0.002538,-0.007118,-0.009006,-0.013804,-0.020458,-0.000186,-0.001238,-0.004735,-0.009285,-0.015846,0.001547,0.00619,0.009502,0.011668,0.013061,-0.000526,-0.001733,-0.002228,-0.002445,-0.004333,-0.004178,-0.011761,-0.010121,-0.015753,-0.023615,-0.008852,-0.031228,-0.050789,-0.064778,-0.069482,-0.004427,-0.01534,-0.027578,-0.032137,-0.030112,-0.000476,-0.001538,-0.00204,-0.002563,-0.005138,0.00121,0.003758,0.005073,0.005906,0.005818,-0.000487,-0.002864,-0.003182,-0.003548,-0.003345,0.32788,-0.656035,-0.135678,-0.876776,1,0,0,0,0,0,0,0,0,0,0
2334,0.000833,0.003362,0.005706,0.007433,0.009099,0.000308,0.000308,0.000339,0.001079,0.001851,-0.001912,-0.005274,-0.008142,-0.014373,-0.020726,-0.000833,-0.003269,-0.005737,-0.011196,-0.019277,0.002221,0.006539,0.009253,0.01098,0.01209,-0.000185,-0.001665,-0.001851,-0.002868,-0.004626,-0.001573,-0.008543,-0.007649,-0.013694,-0.02381,-0.01283,-0.032385,-0.047867,-0.059187,-0.062734,-0.007866,-0.015287,-0.025787,-0.029164,-0.023537,-0.000296,-0.001506,-0.001666,-0.003405,-0.005988,0.001278,0.003278,0.004175,0.004636,0.004469,-0.001091,-0.002578,-0.002874,-0.003063,-0.002931,0.333885,-0.6541,-0.134302,-0.874953,1,0,0,0,0,0,0,0,0,0,0
2335,0.000892,0.003843,0.005596,0.007625,0.00867,-3.1e-05,3.1e-05,0.0004,0.001015,0.00289,-0.002644,-0.00452,-0.009285,-0.015895,-0.021491,-0.000215,-0.003689,-0.008209,-0.014727,-0.022352,0.002398,0.005688,0.00784,0.009224,0.011038,-0.001015,-0.001507,-0.001722,-0.003597,-0.004304,-0.005965,-0.004335,-0.009931,-0.01774,-0.025703,-0.009439,-0.02887,-0.042767,-0.04744,-0.051621,-0.002999,-0.015156,-0.019686,-0.017674,-0.013804,-0.00076,-0.001258,-0.001778,-0.004336,-0.006778,0.001182,0.002437,0.003232,0.003148,0.002989,-0.001202,-0.001506,-0.001856,-0.001662,-0.002448,0.339409,-0.65273,-0.13418,-0.87312,1,0,0,0,0,0,0,0,0,0,0
2336,0.001627,0.00396,0.005679,0.007337,0.008442,3.1e-05,6.1e-05,0.000798,0.001566,0.005556,-0.000706,-0.003561,-0.009762,-0.016086,-0.021765,-0.00221,-0.004666,-0.0101,-0.018142,-0.023361,0.001903,0.004605,0.006324,0.007429,0.010007,-0.00046,-0.000645,-0.001658,-0.003407,-0.003193,-0.000982,-9.2e-05,-0.006109,-0.016178,-0.02465,-0.010038,-0.025448,-0.036714,-0.040245,-0.041319,-0.004391,-0.014841,-0.018203,-0.012602,-0.007988,-0.000446,-0.000605,-0.002336,-0.004907,-0.008423,0.000766,0.001634,0.002081,0.001918,0.001723,-0.00025,-0.000536,-0.000719,-0.000591,-0.001954,0.345576,-0.653199,-0.134604,-0.872222,1,0,0,0,0,0,0,0,0,0,0
2337,0.001319,0.003068,0.005092,0.006135,0.0077,3.1e-05,0.000399,0.001012,0.002884,0.007086,-0.001166,-0.00592,-0.012516,-0.018099,-0.023068,-0.001258,-0.005767,-0.01227,-0.019878,-0.022056,0.00138,0.003528,0.004908,0.006718,0.009816,-3.1e-05,-0.000245,-0.002117,-0.002822,-0.002362,0.002607,-0.002976,-0.010767,-0.018712,-0.02724,-0.009356,-0.023221,-0.027884,-0.032056,-0.029909,-0.007741,-0.01226,-0.010253,-0.006392,-0.001033,-5.2e-05,-0.00057,-0.003122,-0.005559,-0.009028,0.000473,0.001256,0.001173,0.001017,0.000842,-5e-05,-0.000395,-0.000204,-0.000978,-0.002348,0.349589,-0.654265,-0.135446,-0.872313,1,0,0,0,0,0,0,0,0,0,0
2338,0.001012,0.002729,0.004384,0.005488,0.006868,0.0,0.000736,0.001502,0.005488,0.009198,-0.001686,-0.00788,-0.014196,-0.019868,-0.022413,-0.001196,-0.006623,-0.014656,-0.019868,-0.021002,0.001318,0.003035,0.004139,0.006715,0.009627,-0.000153,-0.001165,-0.002913,-0.002698,-0.00187,-0.001717,-0.007726,-0.017783,-0.026245,-0.029741,-0.00604,-0.017292,-0.020818,-0.021892,-0.019224,-0.0027,-0.006057,-0.000464,0.004145,0.007052,-0.000107,-0.001836,-0.004404,-0.007915,-0.010529,0.000389,0.000832,0.000671,0.000478,0.000187,-0.000234,-0.000416,-0.000288,-0.001639,-0.002902,0.35046,-0.654902,-0.135902,-0.872936,1,0,0,0,0,0,0,0,0,0,0
2339,0.000736,0.002759,0.003801,0.005365,0.006193,0.000368,0.000981,0.002851,0.007051,0.01119,-0.003066,-0.009657,-0.015237,-0.020203,-0.020387,-0.003311,-0.00981,-0.017413,-0.01959,-0.019866,0.000828,0.002207,0.004016,0.007112,0.009565,-6.1e-05,-0.001931,-0.002637,-0.002177,-0.000889,-0.003863,-0.01165,-0.01959,-0.028112,-0.027377,-0.007818,-0.012477,-0.016647,-0.014501,-0.012263,-0.001817,0.000189,0.004048,0.009404,0.010049,-0.000411,-0.002962,-0.005396,-0.008863,-0.011427,0.000391,0.000308,0.000152,-2.2e-05,-0.000312,-0.00011,8e-05,-0.00069,-0.002054,-0.003354,0.351698,-0.655273,-0.136578,-0.873871,1,0,0,0,0,0,0,0,0,0,0
2340,0.000981,0.002636,0.003739,0.005118,0.006161,0.000368,0.001134,0.005118,0.008827,0.013792,-0.003126,-0.00944,-0.01511,-0.017654,-0.016183,-0.002115,-0.010145,-0.015355,-0.016489,-0.015141,0.000889,0.001992,0.004567,0.007478,0.01039,-0.00095,-0.002697,-0.002483,-0.001655,-0.000705,-0.002145,-0.012199,-0.020658,-0.024152,-0.015233,-0.003433,-0.006957,-0.00803,-0.005364,-0.003892,-0.00154,0.004052,0.008659,0.011565,0.005499,-0.001317,-0.003884,-0.007394,-0.010007,-0.013676,5.2e-05,-0.000109,-0.000302,-0.000591,-0.001057,-7.2e-05,5.5e-05,-0.001293,-0.002552,-0.004096,0.345421,-0.655411,-0.137311,-0.873728,1,0,0,0,0,0,0,0,0,0,0
2341,0.001042,0.002084,0.003646,0.004473,0.005576,0.000245,0.002114,0.006312,0.010448,0.01725,-0.003462,-0.009039,-0.014002,-0.014186,-0.004136,-0.004381,-0.01198,-0.014156,-0.014431,-0.009161,0.00049,0.002298,0.005393,0.007844,0.010509,-0.000919,-0.001624,-0.001164,0.000123,0.000245,-0.005638,-0.013573,-0.022091,-0.021356,0.012409,-0.001226,-0.005393,-0.003248,-0.001011,0.001992,0.003544,0.007401,0.012753,0.013398,-0.007231,-0.001232,-0.003666,-0.00713,-0.009693,-0.016034,-0.000134,-0.000289,-0.000463,-0.000751,-0.001865,0.000261,-0.000506,-0.001865,-0.003159,-0.004741,0.322267,-0.657478,-0.13747,-0.87326,1,0,0,0,0,0,0,0,0,0,0
2342,0.000612,0.001715,0.003093,0.004134,0.005144,0.000521,0.004501,0.008206,0.013167,0.021005,-0.002848,-0.008512,-0.011054,-0.009584,0.015218,-0.003644,-0.008849,-0.009982,-0.008635,-0.003338,0.000612,0.003184,0.006093,0.009002,0.01087,-0.000827,-0.000612,0.000214,0.001164,0.001133,-0.004409,-0.01286,-0.016351,-0.007441,0.065374,-0.002297,-0.003368,-0.000704,0.000766,0.006491,0.002044,0.006647,0.00955,0.00349,-0.03408,-0.001333,-0.00484,-0.00745,-0.011115,-0.018738,-2.6e-05,-0.000218,-0.000506,-0.000968,-0.003053,-0.000134,-0.001472,-0.002723,-0.004257,-0.005491,0.275947,-0.661246,-0.137278,-0.872312,1,0,0,0,0,0,0,0,0,0,0
2343,0.000429,0.001992,0.00282,0.003923,0.004965,0.001349,0.005547,0.009685,0.016489,0.021301,-0.002728,-0.007693,-0.007877,0.002176,0.035338,-0.003954,-0.00613,-0.006406,-0.001134,-0.000368,0.001195,0.004291,0.006743,0.009409,0.01085,0.000123,0.000582,0.00187,0.001992,0.001962,-0.003525,-0.012045,-0.011309,0.022465,0.112909,-0.00187,0.000276,0.002513,0.005517,0.010022,0.001812,0.007165,0.007811,-0.012825,-0.053582,-0.0011,-0.004566,-0.007129,-0.013472,-0.018182,-0.00013,-0.000303,-0.000593,-0.001708,-0.003857,-0.000634,-0.001996,-0.003292,-0.004877,-0.005548,0.235105,-0.663621,-0.13716,-0.873326,0,0,1,0,0,0,0,0,0,0,0
2344,0.000675,0.002056,0.0031,0.004113,0.004849,0.002639,0.006353,0.011325,0.019182,0.022189,-0.002946,-0.005494,-0.00402,0.020839,0.051683,-0.001258,-0.002394,-0.001043,0.004266,0.002517,0.001381,0.004297,0.007212,0.009084,0.010803,9.2e-05,0.000921,0.001872,0.001841,0.002701,-0.004941,-0.00844,0.000491,0.073474,0.147285,0.000798,0.003468,0.004941,0.01068,0.012338,0.002799,0.005709,-0.000365,-0.038022,-0.065952,-0.002413,-0.00503,-0.008703,-0.016344,-0.018297,-6.4e-05,-0.000356,-0.000826,-0.002946,-0.004197,-0.00072,-0.001991,-0.003549,-0.004804,-0.005533,0.206331,-0.666627,-0.138456,-0.87728,0,0,1,0,0,0,0,0,0,0,0
2345,0.000891,0.001721,0.002827,0.003872,0.005716,0.001567,0.005716,0.012538,0.017363,0.020098,-0.002028,-0.002213,0.007867,0.041119,0.082238,-0.000922,-0.001199,0.004087,0.004856,-0.013092,0.001721,0.004179,0.006853,0.008298,0.01134,0.000369,0.00166,0.001782,0.001752,0.004518,-0.003596,-0.002858,0.031008,0.121697,0.216043,0.001352,0.003596,0.006607,0.011125,0.004856,0.002566,0.003213,-0.017479,-0.058346,-0.082049,-0.001059,-0.003629,-0.009989,-0.014712,-0.01448,-0.000113,-0.000407,-0.001544,-0.003734,-0.005038,-0.000661,-0.001982,-0.003597,-0.004281,-0.004929,0.145867,-0.666198,-0.140303,-0.882669,0,0,1,0,0,0,0,0,0,0,0
2346,0.000492,0.001537,0.002552,0.003289,0.00498,0.002152,0.007132,0.015002,0.018014,0.018506,-0.000523,0.000953,0.025853,0.056748,0.100339,-0.000215,0.001137,0.006456,0.004703,-0.032616,0.001199,0.004119,0.005995,0.007716,0.010145,0.000461,0.001414,0.001383,0.002244,0.003935,9.2e-05,0.009038,0.082141,0.156073,0.270707,0.001322,0.002797,0.008546,0.010206,-0.006579,0.000349,-0.005736,-0.043455,-0.071431,-0.091196,-0.001562,-0.005241,-0.012895,-0.014851,-0.013544,-0.000183,-0.000659,-0.002802,-0.004068,-0.005641,-0.000624,-0.0022,-0.003469,-0.004206,-0.004498,0.095445,-0.661699,-0.141485,-0.885579,0,0,1,0,0,0,0,0,0,0,0
2347,0.000338,0.001446,0.002492,0.004337,0.004399,0.001999,0.008828,0.013658,0.016396,0.015965,0.000338,0.010428,0.043711,0.08487,0.110032,-6.2e-05,0.005229,0.005998,-0.011966,-0.050448,0.001261,0.003937,0.005383,0.008429,0.009997,0.000831,0.000954,0.000923,0.003691,0.003476,0.000646,0.034545,0.12532,0.219757,0.299766,0.000923,0.003937,0.008459,0.002184,-0.021102,0.000299,-0.020413,-0.061319,-0.085045,-0.093544,-0.00101,-0.007376,-0.012103,-0.011871,-0.011401,-0.000113,-0.001257,-0.003462,-0.004775,-0.005845,-0.000704,-0.002329,-0.003018,-0.003671,-0.004484,0.066874,-0.652317,-0.142918,-0.886059,0,0,1,0,0,0,0,0,0,0,0
2348,0.000708,0.001724,0.002463,0.004156,0.003633,0.002986,0.010868,0.013886,0.014378,0.012408,0.001139,0.026078,0.05702,0.100679,0.113425,0.001416,0.006743,0.004988,-0.03239,-0.06287,0.001663,0.003541,0.005265,0.007697,0.010037,0.000123,9.2e-05,0.000954,0.002648,0.002863,0.008313,0.081528,0.155575,0.270385,0.350897,0.000554,0.006312,0.007974,-0.008836,-0.088794,-0.006393,-0.04417,-0.072189,-0.091985,-0.156126,-0.002675,-0.01034,-0.012299,-0.01099,-0.00834,-0.000367,-0.002534,-0.003813,-0.005404,-0.006058,-0.000885,-0.002167,-0.002913,-0.003208,-0.0046,0.014111,-0.591851,-0.145788,-0.889121,0,0,1,0,0,0,0,0,0,0,0
2349,0.000401,0.001449,0.003299,0.003361,0.002374,0.003854,0.008696,0.01144,0.011008,0.008788,0.008973,0.042337,0.083595,0.108819,0.116034,0.003885,0.004656,-0.013352,-0.051927,-0.098828,0.001018,0.002467,0.00552,0.007092,0.009806,0.0,-3.1e-05,0.002744,0.002529,0.003176,0.025655,0.116651,0.211317,0.29152,0.382516,0.002467,0.007,0.000709,-0.022633,-0.121246,-0.014359,-0.055365,-0.079148,-0.087668,-0.145254,-0.003703,-0.008442,-0.008209,-0.007737,-0.00426,-0.000793,-0.003035,-0.00437,-0.005459,-0.005865,-0.000759,-0.001459,-0.002123,-0.00295,-0.00479,-0.025682,-0.563776,-0.14761,-0.887366,0,0,1,0,0,0,0,0,0,0,0
2350,0.000618,0.001359,0.003058,0.002533,0.000896,0.004047,0.007074,0.007569,0.005591,0.008372,0.016033,0.04708,0.090885,0.103674,0.112448,0.001452,-0.000309,-0.037812,-0.068395,-0.117205,0.000865,0.002595,0.005035,0.007383,0.009391,-3.1e-05,0.000834,0.002533,0.002749,0.006611,0.047759,0.122055,0.237252,0.318035,0.403452,0.003305,0.004974,-0.011893,-0.09212,-0.122982,-0.023519,-0.051632,-0.071495,-0.135852,-0.104831,-0.003981,-0.005947,-0.004634,-0.001975,-0.000254,-0.001415,-0.002725,-0.004353,-0.005023,-0.00532,-0.000544,-0.001308,-0.00161,-0.003034,-0.005075,-0.070822,-0.567999,-0.148229,-0.885984,0,0,1,0,0,0,0,0,0,0,0
2351,0.000433,0.002288,0.00235,0.001361,-0.001886,0.000804,0.003556,0.003123,0.000897,0.004268,0.017411,0.058789,0.084086,0.091323,0.105208,-0.00068,-0.018741,-0.057428,-0.104466,-0.129361,0.000588,0.003649,0.005226,0.007948,0.008535,0.0,0.002783,0.002567,0.003216,0.00702,0.04345,0.138391,0.218828,0.310089,0.393031,0.001237,-0.005072,-0.028482,-0.127382,-0.12732,-0.017581,-0.041434,-0.049978,-0.107732,-0.060317,-0.000767,-0.000534,-6.1e-05,0.003427,0.004561,-0.000862,-0.002225,-0.003336,-0.00375,-0.004158,-0.000166,-0.000844,-0.001688,-0.003566,-0.005819,-0.106623,-0.571385,-0.147958,-0.882217,0,0,1,0,0,0,0,0,0,0,0
2352,0.00031,0.002013,0.001487,-0.000155,-0.006753,0.00223,0.002726,0.000743,0.003531,0.003283,0.013691,0.057615,0.070439,0.079236,0.105379,-0.001084,-0.038689,-0.069354,-0.118296,-0.129571,0.001146,0.003593,0.005947,0.007961,0.007217,0.000867,0.002571,0.002788,0.00666,0.006164,0.030976,0.146484,0.227485,0.313132,0.404634,0.000434,-0.016479,-0.096923,-0.127867,-0.129447,-0.01058,-0.030496,-0.095027,-0.063922,-0.022321,-0.001203,0.000114,0.00278,0.004506,0.005382,-0.000463,-0.002122,-0.002805,-0.003108,-0.003892,-0.00061,-0.000918,-0.00237,-0.004449,-0.008049,-0.159841,-0.574861,-0.147262,-0.877897,0,0,1,0,0,0,0,0,0,0,0
2353,0.001555,0.001617,0.000622,-0.002643,-0.010447,0.000529,9.3e-05,-0.002145,0.001244,0.000808,0.027859,0.053293,0.060569,0.074529,0.111965,-0.01707,-0.055967,-0.103259,-0.128288,-0.130434,0.001928,0.003513,0.00625,0.00684,0.005099,0.001928,0.00171,0.002363,0.006187,0.005472,0.064362,0.145234,0.236989,0.320379,0.422052,-0.006778,-0.030315,-0.12975,-0.129688,-0.155899,-0.013362,-0.021953,-0.080019,-0.032347,-0.011232,0.001442,0.001918,0.005424,0.006565,0.00748,-0.00094,-0.002094,-0.002524,-0.002948,-0.004381,-7.7e-05,-0.000954,-0.002904,-0.005244,-0.009068,-0.206141,-0.55437,-0.146705,-0.874326,0,0,1,0,0,0,0,0,0,0,0
2354,0.000156,-0.000375,-0.002032,-0.008689,-0.020659,-3.1e-05,-0.002032,0.000781,0.000531,0.00572,0.016315,0.029255,0.038131,0.06451,0.107954,-0.020785,-0.051727,-0.10111,-0.112486,-0.110236,0.000531,0.002907,0.004938,0.004188,-0.000344,-0.000219,0.0,0.003907,0.003407,0.004626,0.051852,0.133583,0.220003,0.31233,0.424129,-0.010252,-0.091421,-0.122644,-0.124238,-0.166151,-0.006664,-0.071777,-0.040391,0.001585,0.022666,-0.000121,0.002569,0.00431,0.005195,0.002855,-0.000792,-0.001519,-0.001841,-0.002677,-0.004836,-0.000248,-0.001793,-0.004008,-0.007841,-0.013145,-0.270437,-0.540624,-0.143851,-0.873946,0,0,1,0,0,0,0,0,0,0,0
2355,-9.4e-05,-0.001101,-0.004403,-0.012296,-0.021825,-0.000409,-0.002673,0.000755,0.000314,0.016416,0.009309,0.016667,0.030788,0.068651,0.104313,-0.018429,-0.066261,-0.091577,-0.093747,-0.091828,0.001069,0.003837,0.004434,0.002673,-0.003271,0.0,0.00066,0.004529,0.003805,0.015064,0.029624,0.122427,0.206771,0.309607,0.405272,-0.013491,-0.114062,-0.113999,-0.14051,-0.185135,-0.001984,-0.060714,-0.012497,0.008859,0.033141,0.000603,0.004149,0.005303,0.006229,0.00224,-0.000423,-0.000888,-0.001347,-0.002899,-0.005557,-0.000691,-0.002802,-0.005336,-0.009476,-0.012556,-0.300108,-0.511592,-0.141573,-0.881955,0,0,1,0,0,0,0,0,0,0,0
2356,-0.000441,-0.002111,-0.008824,-0.020894,-0.01957,-0.001607,0.001229,0.000977,0.006208,0.018657,0.003719,0.012669,0.039267,0.083072,0.106519,-0.012732,-0.062525,-0.073996,-0.071727,-0.078093,0.001324,0.003372,0.002616,-0.001954,-0.01352,0.000221,0.00416,0.003656,0.004885,0.016671,0.052724,0.139861,0.232954,0.345682,0.424278,-0.068323,-0.099806,-0.101413,-0.143674,-0.176008,-0.063666,-0.032019,0.010305,0.031561,0.068958,0.002108,0.003864,0.004756,0.002397,-0.00086,-0.000341,-0.000683,-0.001568,-0.003856,-0.006061,-0.000937,-0.003283,-0.007345,-0.012965,-0.004765,-0.345205,-0.507639,-0.132785,-0.880289,0,0,1,0,0,0,0,0,0,0,0
2357,-0.000569,-0.003891,-0.011833,-0.021419,-0.019457,-0.000664,0.002784,0.002341,0.01854,0.021514,0.00367,0.017875,0.055968,0.091845,0.115225,-0.03534,-0.060808,-0.062991,-0.061061,-0.077829,0.001455,0.002056,0.000285,-0.005695,-0.019236,0.000443,0.004334,0.003607,0.014933,0.008827,0.040433,0.125286,0.228742,0.324985,0.407402,-0.032587,-0.032524,-0.059195,-0.104089,-0.129336,0.004831,0.053338,0.074824,0.099252,0.151027,0.001451,0.002612,0.003544,-0.000469,-0.012441,-0.000134,-0.000613,-0.002232,-0.005004,-0.007491,-0.001239,-0.003882,-0.008201,-0.011413,-0.002453,-0.377242,-0.490635,-0.129066,-0.870165,0,0,1,0,0,0,0,0,0,0,0
2358,-0.001107,-0.007844,-0.019958,-0.018629,-0.023468,0.003511,0.003258,0.008508,0.021001,0.024828,0.005314,0.032008,0.075971,0.099503,0.125185,-0.014644,-0.026157,-0.023879,-0.030268,-0.055666,0.000601,-0.000158,-0.004744,-0.016352,-0.021159,0.003511,0.003005,0.004238,0.016067,0.007781,0.047031,0.140462,0.253596,0.332478,0.386499,0.00098,-0.000633,-0.043046,-0.075497,-0.130783,0.026931,0.069409,0.090742,0.128275,0.145949,0.000312,0.001207,-0.001161,-0.00443,-0.016315,-0.000216,-0.001125,-0.003471,-0.005732,-0.009851,-0.00117,-0.005335,-0.011099,-0.002689,-0.003911,-0.394696,-0.460787,-0.128918,-0.866134,0,0,1,0,0,0,0,0,0,0,0
2359,-0.002216,-0.010163,-0.019755,-0.017793,-0.031469,-6.3e-05,-0.000507,0.015703,0.018679,0.020958,0.008896,0.047014,0.082916,0.106312,0.15111,-0.010827,-0.013012,-0.011081,-0.02786,-0.042867,0.0,-0.001773,-0.007757,-0.021307,-0.023333,0.00038,-0.000348,0.010986,0.004876,-0.006807,0.037833,0.141359,0.237666,0.320138,0.380228,-0.000918,-0.027607,-0.072531,-0.097795,-0.155669,0.021582,0.043082,0.067527,0.119337,0.123598,0.00085,0.001782,-0.002234,-0.014214,-0.025573,-0.000263,-0.001889,-0.004675,-0.007173,-0.012525,-0.001477,-0.005816,-0.009044,-4.1e-05,-0.007973,-0.431164,-0.439837,-0.129205,-0.851479,0,0,1,0,0,0,0,0,0,0,0
2360,-0.004519,-0.016622,-0.015295,-0.02013,-0.034793,-0.00019,0.005056,0.017539,0.021363,0.017065,0.017792,0.061718,0.085229,0.110889,0.157754,-0.000695,0.00158,-0.004803,-0.030179,-0.043294,-0.000758,-0.005341,-0.016938,-0.021742,-0.026577,-0.000885,0.000348,0.012167,0.003887,-0.010018,0.055587,0.168625,0.247439,0.301414,0.359308,-0.000695,-0.043073,-0.075496,-0.130735,-0.170711,0.020898,0.042213,0.079714,0.097373,0.102733,4.6e-05,-0.002319,-0.005586,-0.017461,-0.024821,-0.000643,-0.002975,-0.005223,-0.009318,-0.012748,-0.002682,-0.008412,-5.2e-05,-0.001266,-0.00745,-0.44454,-0.428757,-0.12739,-0.84429,0,0,1,0,0,0,0,0,0,0,0
2361,-0.003405,-0.012958,-0.011003,-0.024622,-0.033954,-0.000252,0.01589,0.018853,0.021123,0.012327,0.020209,0.05596,0.079259,0.123869,0.148555,-0.001482,0.000441,-0.016268,-0.031212,-0.053312,-0.001009,-0.006967,-0.020461,-0.022479,-0.027019,0.000158,0.011444,0.00536,-0.006274,-0.009048,0.047637,0.143542,0.225669,0.285507,0.315868,-0.025884,-0.07062,-0.095779,-0.15341,-0.179041,0.000561,0.024903,0.076497,0.080739,0.085751,0.000882,-0.003117,-0.015047,-0.026358,-0.019428,-0.000947,-0.003652,-0.006078,-0.011275,-0.01181,-0.001575,-0.004709,0.004033,-0.003669,-0.005391,-0.45132,-0.425137,-0.128222,-0.840254,0,0,1,0,0,0,0,0,0,0,0
2362,-0.008639,-0.00732,-0.012126,-0.026702,-0.032577,0.005466,0.017875,0.021676,0.017404,0.009896,0.023529,0.046902,0.07241,0.118998,0.138695,0.003738,-0.002607,-0.027833,-0.04087,-0.056829,-0.00355,-0.015079,-0.019854,-0.02466,-0.026043,0.001068,0.012817,0.004587,-0.009236,-0.009613,0.064902,0.14325,0.196905,0.254457,0.284238,-0.016335,-0.048567,-0.103479,-0.143218,-0.163418,0.02063,0.057908,0.075464,0.080791,0.090144,-0.003231,-0.006478,-0.018283,-0.025599,-0.017641,-0.001314,-0.00347,-0.007398,-0.010689,-0.011471,-0.00396,0.004059,0.002895,-0.003038,-0.004518,-0.462561,-0.419355,-0.129106,-0.837837,0,0,1,0,0,0,0,0,0,0,0
2363,-0.000877,0.001065,-0.012471,-0.021745,-0.027166,0.010591,0.013536,0.015792,0.00705,0.002413,0.012063,0.035219,0.079555,0.104089,0.127464,-0.001817,-0.018424,-0.033276,-0.05524,-0.067523,-0.002381,-0.015792,-0.017797,-0.022309,-0.022748,0.010152,0.004105,-0.007457,-0.010215,-0.009337,0.030581,0.112204,0.171675,0.201849,0.226289,-0.028169,-0.053172,-0.11045,-0.135924,-0.153094,0.003616,0.054893,0.05911,0.064091,0.064409,-0.000752,-0.012609,-0.023851,-0.016963,-0.010455,-0.0013,-0.003624,-0.008602,-0.009114,-0.009784,0.000887,0.00926,0.001883,0.000234,-0.001737,-0.463343,-0.41644,-0.130891,-0.835573,0,0,1,0,0,0,0,0,0,0,0
2364,0.002187,-0.002593,-0.017087,-0.022929,-0.026615,0.001781,0.00556,0.001312,-0.006154,-0.01009,0.011215,0.03658,0.082907,0.102493,0.121861,-0.004498,-0.029583,-0.042547,-0.058416,-0.072161,-0.00909,-0.013839,-0.018618,-0.019993,-0.020055,0.001562,-0.006623,-0.020367,-0.020742,-0.014745,0.04742,0.100775,0.158004,0.187618,0.199645,-0.003967,-0.058572,-0.098089,-0.118175,-0.136231,0.033464,0.050921,0.056219,0.065519,0.057673,-0.002479,-0.014218,-0.021493,-0.01358,-0.003079,-0.0008,-0.004577,-0.00774,-0.008492,-0.008881,0.006842,0.005722,1.8e-05,-0.001405,-0.002044,-0.461558,-0.410099,-0.132287,-0.837013,0,0,1,0,0,0,0,0,0,0,0
2365,-0.000248,-0.01366,-0.02285,-0.028221,-0.030736,0.001149,0.003384,-0.005278,-0.009873,-0.014343,0.011798,0.055728,0.080038,0.103198,0.112388,-0.011984,-0.0267,-0.048463,-0.060634,-0.074139,-0.004253,-0.00624,-0.010711,-0.011146,-0.012698,-0.007544,-0.019,-0.021732,-0.020863,-0.014778,0.033747,0.092673,0.122571,0.146787,0.145639,-0.020832,-0.077585,-0.102826,-0.119839,-0.139491,0.017549,0.021727,0.026662,0.026978,0.015907,-0.009284,-0.020424,-0.013599,-0.00715,0.003342,-0.001413,-0.006081,-0.006561,-0.007189,-0.007752,0.001298,-0.005619,-0.007166,-0.009013,-0.008142,-0.449811,-0.405981,-0.133216,-0.836999,0,0,1,0,0,0,0,0,0,0,0
2366,-0.004483,-0.018827,-0.024607,-0.028255,-0.033696,0.002597,-0.001608,-0.008996,-0.012891,-0.020032,0.013355,0.0592,0.078583,0.09775,0.099636,-0.012891,-0.02572,-0.041425,-0.055027,-0.071257,-0.000464,-0.005194,-0.006554,-0.006616,-0.011314,-0.000587,-0.014189,-0.01456,-0.008625,-0.007203,0.019198,0.075832,0.105138,0.11704,0.103994,-0.033294,-0.0724,-0.092278,-0.110146,-0.125387,-0.000198,0.005045,0.014248,0.006483,-0.008188,-0.002372,-0.009572,-0.001741,0.008651,0.017155,-0.002139,-0.00508,-0.005779,-0.00614,-0.005872,-0.002301,-0.007603,-0.008925,-0.009519,-0.008772,-0.437676,-0.404273,-0.132159,-0.83448,0,0,1,0,0,0,0,0,0,0,0
2367,-0.008835,-0.017946,-0.023272,-0.025765,-0.036231,-0.000369,-0.008958,-0.013514,-0.017946,-0.029459,0.030259,0.054362,0.077326,0.086438,0.091179,-0.001755,-0.023333,-0.0354,-0.048791,-0.06529,-0.001508,-0.005941,-0.006372,-0.007911,-0.013637,-0.010774,-0.013483,-0.012621,-0.006588,-0.006588,0.03931,0.068953,0.092964,0.091825,0.078773,-0.023118,-0.048144,-0.065013,-0.084499,-0.094872,0.00434,0.009233,0.009546,-0.00143,-0.018178,-0.008682,-0.001916,0.004479,0.014881,0.02718,-0.002321,-0.002773,-0.003365,-0.003896,-0.00319,-0.004283,-0.00574,-0.007481,-0.00666,-0.007956,-0.427779,-0.409328,-0.131879,-0.83279,1,0,0,0,0,0,0,0,0,0,0
2368,-0.005424,-0.011155,-0.014772,-0.020165,-0.029911,-0.0038,-0.011125,-0.014986,-0.022065,-0.028838,0.015323,0.034538,0.053539,0.055409,0.057401,-0.010971,-0.02654,-0.040024,-0.056113,-0.069353,-0.003187,-0.004536,-0.004597,-0.009255,-0.012963,-0.002758,-0.003126,0.002758,0.004168,0.010297,0.017009,0.046061,0.05786,0.044928,0.029819,-0.015752,-0.035458,-0.053171,-0.06828,-0.08486,0.000877,0.010001,0.002303,-0.012241,-0.029636,0.001507,0.00927,0.019572,0.028003,0.041952,-0.000517,-0.001175,-0.001515,-0.001263,-0.001253,-0.000837,-0.002082,-0.002641,-0.001938,-0.003759,-0.414485,-0.40276,-0.1306,-0.835628,1,0,0,0,0,0,0,0,0,0,0
2369,-0.003626,-0.008897,-0.011365,-0.021724,-0.025746,-0.004723,-0.009232,-0.01362,-0.025015,-0.021755,0.008623,0.031352,0.040371,0.045063,0.038025,-0.010451,-0.022395,-0.035648,-0.05198,-0.067336,-0.001219,-0.001645,-0.003169,-0.008836,-0.009506,6.1e-05,0.000914,0.006886,0.006886,0.026934,0.012431,0.036197,0.03507,0.022151,0.007099,-0.00911,-0.025807,-0.045094,-0.055362,-0.076568,0.003972,0.004282,-0.006583,-0.02316,-0.031952,0.0052,0.011529,0.021826,0.033999,0.051105,7.6e-05,-0.000475,-0.000969,-0.000313,-0.00061,-0.000553,-0.002173,-0.001409,-0.002615,-0.002107,-0.40376,-0.402262,-0.131688,-0.846363,1,0,0,0,0,0,0,0,0,0,0
2370,-0.002058,-0.00563,-0.010958,-0.020583,-0.022248,-0.002543,-0.006357,-0.013349,-0.020038,-0.016164,0.010413,0.02918,0.031026,0.032994,0.029089,-0.004994,-0.018313,-0.034205,-0.047281,-0.063627,-0.000121,-0.000182,-0.004783,-0.008445,-0.008052,-0.000424,0.005388,0.00678,0.012834,0.035082,0.016346,0.027999,0.015226,0.000303,-0.00675,-0.010413,-0.027909,-0.042832,-0.059207,-0.072617,0.005066,-0.002537,-0.016902,-0.034084,-0.036791,0.002502,0.012677,0.021005,0.034782,0.053132,-0.000675,-0.000987,-0.000756,-0.000747,-0.000565,-0.000614,-0.001126,-0.000482,-0.002151,-0.000457,-0.398888,-0.400151,-0.133599,-0.851873,1,0,0,0,0,0,0,0,0,0,0
2371,-0.003161,-0.0056,-0.015837,-0.019812,-0.023033,-0.001927,-0.006263,-0.017523,-0.014302,-0.01105,0.012104,0.021016,0.025653,0.018698,0.016921,-0.006835,-0.019932,-0.03607,-0.051245,-0.068136,-0.000301,-0.001807,-0.007407,-0.008069,-0.008099,0.001265,0.007166,0.007166,0.026977,0.043236,0.007226,0.006112,-0.006654,-0.021528,-0.036883,-0.006142,-0.025201,-0.035348,-0.056303,-0.068437,-0.004733,-0.015469,-0.03185,-0.040538,-0.053231,0.003765,0.01394,0.025969,0.042874,0.056267,0.000144,-0.000311,0.000293,1.9e-05,0.000342,-0.0009,-0.000197,-0.001307,-0.00084,-0.000997,-0.381478,-0.397112,-0.135626,-0.857607,1,0,0,0,0,0,0,0,0,0,0
2372,-0.000389,-0.005657,-0.015175,-0.016822,-0.02185,-0.001856,-0.00877,-0.015385,-0.011554,-0.003562,0.006525,0.008351,0.010297,0.006435,0.003292,-0.006375,-0.02209,-0.03502,-0.051183,-0.069262,0.000239,-0.00431,-0.007932,-0.007543,-0.007633,0.00449,0.005867,0.011853,0.033853,0.047981,0.00434,-0.008291,-0.023047,-0.030021,-0.058606,-0.011194,-0.025951,-0.042144,-0.055404,-0.065401,-0.002813,-0.017018,-0.034008,-0.036684,-0.060375,0.006318,0.014553,0.028177,0.046321,0.05344,-0.000426,-0.000213,-0.000204,-3.6e-05,0.000439,0.00039,0.000985,-0.000558,0.001009,-0.001709,-0.362755,-0.397277,-0.137882,-0.861928,1,0,0,0,0,0,0,0,0,0,0
2373,-0.002027,-0.012164,-0.0161,-0.01929,-0.023345,-0.002445,-0.013595,-0.010405,-0.007185,0.003757,0.002326,0.006917,3e-05,-0.001729,-0.003965,-0.006619,-0.022599,-0.037626,-0.054352,-0.072986,-0.001729,-0.007275,-0.007931,-0.00796,-0.007692,0.001371,0.001371,0.020989,0.037089,0.053756,-0.005426,-0.018068,-0.032796,-0.048001,-0.079903,-0.007722,-0.017769,-0.03852,-0.050536,-0.055634,-0.007829,-0.02405,-0.032653,-0.045221,-0.071445,0.003782,0.015694,0.032433,0.045695,0.052278,-1e-05,0.000554,0.000299,0.0006,0.001151,0.000277,-0.000759,-0.000323,-0.00047,-0.002763,-0.34366,-0.39804,-0.138921,-0.871084,1,0,0,0,0,0,0,0,0,0,0
2374,-0.003211,-0.012667,-0.014303,-0.019298,-0.023699,-0.004431,-0.011002,-0.007196,0.000743,0.006869,-0.000506,0.001427,-0.002409,-0.005531,-0.006363,-0.00901,-0.021856,-0.037913,-0.055873,-0.077283,-0.002795,-0.006393,-0.006007,-0.006096,-0.005174,0.0,0.005947,0.027803,0.041838,0.05736,-0.007137,-0.021796,-0.028725,-0.057122,-0.093073,-0.006958,-0.023045,-0.036218,-0.04615,-0.04948,-0.006303,-0.023181,-0.025841,-0.049376,-0.078742,0.004408,0.017943,0.035969,0.043041,0.053441,0.000213,0.000222,0.000382,0.000836,0.001394,0.000297,-0.001177,0.000319,-0.002277,-0.004753,-0.323653,-0.399341,-0.14088,-0.874925,1,0,0,0,0,0,0,0,0,0,0
2375,-0.006876,-0.010789,-0.01396,-0.017991,-0.022377,-0.006669,-0.003497,-0.000296,0.010581,0.013426,0.005068,-0.001778,-0.003527,-0.00575,-0.006313,-0.006906,-0.021844,-0.038471,-0.056995,-0.070689,-0.002727,-0.003379,-0.003408,-0.003142,-0.001956,0.0,0.019502,0.035507,0.052075,0.059366,-0.005454,-0.020095,-0.035211,-0.066924,-0.090961,-0.003053,-0.023681,-0.035626,-0.040694,-0.046948,-0.009842,-0.018395,-0.030889,-0.056958,-0.077395,0.007447,0.024088,0.037272,0.043816,0.049485,0.000332,8.7e-05,0.000376,0.000905,0.00115,-0.001284,-0.000866,-0.001007,-0.003207,-0.006939,-0.316983,-0.396529,-0.144679,-0.876579,1,0,0,0,0,0,0,0,0,0,0
2376,-0.002543,-0.004169,-0.009137,-0.013513,-0.016322,0.000118,0.003903,0.011798,0.017889,0.020728,-0.003134,-0.006949,-0.010054,-0.010882,-0.016618,-0.005884,-0.021852,-0.039712,-0.061001,-0.070286,-0.000858,-0.000473,-0.000562,0.000355,0.000562,0.005914,0.027647,0.041604,0.057039,0.058606,-0.009137,-0.016027,-0.044265,-0.080015,-0.098791,-0.012951,-0.026051,-0.035927,-0.039238,-0.044324,-0.006965,-0.009609,-0.033013,-0.062214,-0.073088,0.006029,0.023954,0.030987,0.041329,0.040842,-0.000319,-0.000164,0.000272,0.000808,0.000903,-0.000154,0.001285,-0.001211,-0.003592,-0.006383,-0.303535,-0.397525,-0.145549,-0.876691,1,0,0,0,0,0,0,0,0,0,0
2377,-0.001355,-0.004508,-0.008514,-0.012874,-0.013523,0.003034,0.006216,0.017028,0.019857,0.02242,-0.003683,-0.005421,-0.00763,-0.00819,-0.019238,-0.008986,-0.025513,-0.043926,-0.057537,-0.068408,0.000206,0.000177,0.000442,0.00162,-0.000619,0.013493,0.029402,0.045871,0.053118,0.052499,-0.00545,-0.020475,-0.051998,-0.075891,-0.09619,-0.007601,-0.019474,-0.024511,-0.030728,-0.031022,-0.001562,-0.013982,-0.039894,-0.060208,-0.065222,0.010534,0.023638,0.030143,0.035779,0.032302,7.6e-05,0.000353,0.00086,0.001095,0.001239,0.000551,0.000416,-0.001693,-0.005271,-0.004669,-0.296413,-0.398204,-0.14383,-0.876681,1,0,0,0,0,0,0,0,0,0,0
2378,-0.000264,-0.005201,-0.009549,-0.01234,-0.012223,0.000735,0.008579,0.014632,0.017453,0.020743,-0.000118,-0.003203,-0.004025,-0.009725,-0.016924,-0.006905,-0.024651,-0.045806,-0.055032,-0.056442,0.000176,8.8e-05,0.000999,0.001205,-0.002909,0.008139,0.022007,0.037344,0.038901,0.038725,-0.00141,-0.02947,-0.064992,-0.083649,-0.090906,-0.005436,-0.015249,-0.01854,-0.023593,-0.022242,-0.00107,-0.024325,-0.053341,-0.064146,-0.063199,0.007305,0.014294,0.02457,0.024086,0.019682,7.4e-05,0.00049,0.001004,0.001095,0.001121,0.000835,-0.001552,-0.003829,-0.006498,-0.003896,-0.296008,-0.399011,-0.141985,-0.876191,1,0,0,0,0,0,0,0,0,0,0
2379,-0.002878,-0.006872,-0.011219,-0.011865,-0.011924,0.002438,0.013216,0.016035,0.01859,0.02373,-0.001615,-0.003818,-0.004376,-0.015389,-0.017474,-0.009574,-0.02793,-0.041498,-0.052335,-0.047284,-0.000206,5.9e-05,0.001233,-0.000999,-0.003084,0.007724,0.024141,0.031366,0.030749,0.030456,-0.013568,-0.044993,-0.068811,-0.089046,-0.086139,-0.006402,-0.011424,-0.017621,-0.017915,-0.017798,-0.011311,-0.037143,-0.057393,-0.062391,-0.05953,0.005761,0.012245,0.017863,0.014398,0.008633,0.000198,0.000694,0.000924,0.001065,0.000996,-0.000965,-0.003028,-0.006529,-0.005939,-0.005414,-0.299346,-0.39825,-0.14224,-0.875095,1,0,0,0,0,0,0,0,0,0,0
2380,-0.002053,-0.006394,-0.009181,-0.009063,-0.009181,0.005397,0.011439,0.014255,0.01754,0.022585,-0.001467,-0.002288,-0.007978,-0.015164,-0.01578,-0.008154,-0.029272,-0.038482,-0.03989,-0.037485,0.000117,0.001027,0.001232,-0.002874,-0.003608,0.00613,0.021441,0.022995,0.022819,0.022614,-0.01446,-0.049921,-0.068546,-0.075791,-0.070277,-0.003402,-0.006687,-0.011732,-0.010383,-0.010999,-0.011918,-0.040884,-0.051671,-0.050725,-0.046076,0.001223,0.011481,0.010998,0.006601,0.001359,0.000216,0.000723,0.000813,0.000839,0.000785,-0.001402,-0.003652,-0.006289,-0.003718,-0.004244,-0.301541,-0.398418,-0.142027,-0.874386,1,0,0,0,0,0,0,0,0,0,0
2381,-0.001933,-0.006266,-0.00691,-0.006969,-0.007144,0.005358,0.008169,0.010717,0.015841,0.017685,-0.000732,-0.001288,-0.012268,-0.014347,-0.018886,-0.01016,-0.023688,-0.034492,-0.029456,-0.027729,0.000146,0.001318,-0.000908,-0.002987,-0.004451,0.010248,0.017451,0.016836,0.016543,0.016836,-0.016895,-0.040641,-0.060815,-0.057917,-0.053612,-0.00161,-0.007789,-0.008081,-0.007964,-0.006325,-0.013856,-0.034045,-0.039028,-0.036176,-0.027888,0.005244,0.010845,0.00739,0.001643,-0.000177,0.000273,0.000497,0.000636,0.000568,0.000529,-0.000635,-0.004063,-0.003485,-0.002971,-0.002343,-0.304528,-0.399171,-0.141073,-0.873788,1,0,0,0,0,0,0,0,0,0,0
2382,-0.002399,-0.005178,-0.005061,-0.005178,-0.002428,0.000673,0.003481,0.006757,0.011789,0.01252,-8.8e-05,-0.005763,-0.01293,-0.013544,-0.018107,-0.010911,-0.020097,-0.021501,-0.019102,-0.013017,0.000761,0.000965,-0.00313,-0.003861,-0.004739,0.005031,0.006582,0.006406,0.006202,0.008015,-0.018488,-0.037063,-0.044288,-0.038789,-0.029106,-0.001667,-0.006699,-0.005353,-0.005968,-0.003335,-0.015046,-0.025803,-0.024861,-0.020224,-0.007876,0.004992,0.00451,0.000125,-0.005103,-0.004925,0.000227,0.000315,0.000341,0.000287,0.000175,-0.001577,-0.004165,-0.001642,-0.002158,0.000553,-0.313408,-0.399929,-0.139928,-0.873969,1,0,0,0,0,0,0,0,0,0,0
2383,-0.001929,-0.002573,-0.002631,-0.002806,0.003684,0.002134,0.004677,0.009794,0.011635,0.013652,-0.000468,-0.011431,-0.013506,-0.018038,-0.017862,-0.002602,-0.013389,-0.008361,-0.006636,0.015231,0.000409,-0.001813,-0.003888,-0.00535,-0.005379,0.002163,0.001549,0.001257,0.001549,0.004181,-0.005233,-0.025375,-0.022481,-0.018184,0.000994,-0.004502,-0.004794,-0.004677,-0.00304,0.005993,-0.005121,-0.010096,-0.007248,0.001026,0.015489,0.000603,-0.002846,-0.008585,-0.010402,-0.011345,-4e-06,0.000133,6.6e-05,2.8e-05,-0.000272,-0.001819,-0.001248,-0.000739,-0.000118,0.004506,-0.32653,-0.402505,-0.137566,-0.870911,1,0,0,0,0,0,0,0,0,0,0
2384,-0.000848,-0.000731,-0.000848,0.0019,0.014792,0.000672,0.003947,0.008975,0.009706,0.013038,-0.005204,-0.012366,-0.01298,-0.01754,-0.013448,-0.006578,-0.007981,-0.005584,0.000497,0.049844,-0.000205,-0.004297,-0.005028,-0.005905,-0.005876,-0.000614,-0.000789,-0.000994,0.000819,0.003625,-0.013331,-0.020551,-0.015055,-0.005379,0.02824,-0.000526,0.000819,0.000205,0.002836,0.028942,-0.00563,-0.004687,-5.4e-05,0.012287,0.03542,-0.001085,-0.005467,-0.010692,-0.010514,-0.013889,9.1e-05,0.000117,6.4e-05,-4.8e-05,-0.000663,-0.000757,0.001754,0.00124,0.00394,0.012644,-0.350658,-0.413905,-0.133548,-0.870334,1,0,0,0,0,0,0,0,0,0,0
2385,0.000205,0.000146,-2.9e-05,0.006467,0.020893,0.001873,0.006994,0.008837,0.010856,0.012466,-0.005765,-0.007842,-0.012378,-0.012202,-0.007257,-0.004214,0.000819,0.002546,0.024434,0.077193,-0.002019,-0.004097,-0.00556,-0.005589,-0.008018,0.0,-0.000293,0.0,0.002634,0.007667,-0.006818,-0.003921,0.00038,0.019576,0.052291,0.000234,0.000351,0.00199,0.011032,0.071282,0.000655,0.003506,0.011788,0.026265,0.055026,-0.002367,-0.008111,-0.009929,-0.010873,-0.011058,4.6e-05,-2.1e-05,-6e-05,-0.000362,-0.000167,0.001337,0.001849,0.002475,0.00713,0.019161,-0.364833,-0.452141,-0.12905,-0.875511,1,0,0,0,0,0,0,0,0,0,0
2386,-8.8e-05,-0.000205,0.002547,0.015457,0.026728,0.001405,0.006441,0.007172,0.01051,0.010773,-0.001405,-0.00202,-0.006587,-0.002488,-0.002196,0.00281,0.005211,0.0113,0.060717,0.10627,-0.002079,-0.00281,-0.003689,-0.003659,-0.008988,-0.000176,-0.000381,0.001434,0.004245,0.011739,-0.00041,0.005094,0.014784,0.048451,0.064962,0.001112,0.000498,0.003132,0.029275,0.120673,0.000288,0.004928,0.017286,0.040452,0.067897,-0.00202,-0.007252,-0.007074,-0.010454,-0.006483,-2e-05,-7.4e-05,-0.000187,-0.000808,0.000714,0.001195,0.000676,0.003403,0.012193,0.024758,-0.376352,-0.496428,-0.121571,-0.88175,1,0,0,0,0,0,0,0,0,0,0
2387,2.9e-05,-0.000146,0.006355,0.020794,0.026505,0.003719,0.005565,0.007585,0.009196,0.010309,-0.000674,-0.005213,-0.005037,-8.8e-05,-0.011217,0.002226,0.003954,0.025861,0.078666,0.123358,0.0,-0.001464,-0.001494,-0.003925,-0.00864,-0.000117,0.000176,0.002812,0.007849,0.015083,0.003309,0.007615,0.026827,0.059571,0.061591,-0.000996,0.000644,0.009694,0.069997,0.178565,0.002565,0.010855,0.025344,0.054129,0.089129,-0.003728,-0.005548,-0.006492,-0.006678,-0.002503,-4.8e-05,-8.7e-05,-0.00039,-0.000194,0.002741,-0.000683,-5.4e-05,0.00463,0.016733,0.024927,-0.377974,-0.552528,-0.11776,-0.886055,1,0,0,0,0,0,0,0,0,0,0
2388,-0.000146,0.002604,0.015509,0.026774,0.026131,0.001317,0.002048,0.005384,0.005647,0.011324,5.9e-05,-0.004506,-0.00041,-0.000117,-0.040235,0.000176,0.006262,0.055655,0.101186,0.153594,-0.000732,-0.001609,-0.00158,-0.006906,-0.015713,-8.8e-05,0.001726,0.004536,0.012026,0.015011,0.002195,0.01188,0.045531,0.062034,0.044185,0.00038,0.003014,0.029144,0.120499,0.214107,0.002075,0.014427,0.037582,0.065014,0.101474,-0.001505,-0.001327,-0.004706,-0.000736,-0.004699,-6e-06,-0.000119,-0.000738,0.000779,0.002354,0.000162,0.002879,0.011641,0.024164,0.029684,-0.368268,-0.584197,-0.109837,-0.886633,1,0,0,0,0,0,0,0,0,0,0
2389,-2.9e-05,0.006462,0.020879,0.026581,0.022575,0.000526,0.002544,0.004152,0.005264,0.011346,-0.004591,-0.004415,0.000526,-0.010586,-0.057431,0.00155,0.023423,0.076145,0.120768,0.192498,-0.000731,-0.00076,-0.003187,-0.007895,-0.033745,0.00038,0.003012,0.008041,0.015264,-0.016492,0.002105,0.021288,0.05398,0.055998,0.035499,0.001257,0.010293,0.070502,0.178901,0.290926,0.006203,0.02067,0.04941,0.084355,0.126932,-0.000313,-0.001256,-0.001441,0.002726,-0.037898,-3.2e-05,-0.000332,-0.000139,0.002764,0.005746,0.000461,0.005094,0.017066,0.025171,0.035218,-0.367855,-0.653292,-0.090857,-0.859637,1,0,0,0,0,0,0,0,0,0,0
2390,0.002776,0.015662,0.026911,0.026269,0.022032,0.000205,0.003536,0.003799,0.009467,0.009672,2.9e-05,0.00412,0.004412,-0.035648,-0.065248,0.004529,0.053852,0.099318,0.151651,0.215963,-0.000146,-0.000117,-0.005435,-0.01423,-0.044502,0.001432,0.004237,0.011717,0.014698,-0.102269,0.007568,0.041171,0.057651,0.039827,0.017035,0.001373,0.027467,0.118691,0.212165,0.3419,0.006136,0.029258,0.056651,0.093059,0.132383,0.00049,-0.002883,0.001081,-0.002877,-0.122535,-7.9e-05,-0.000692,0.000809,0.002369,0.009799,0.002232,0.010906,0.023304,0.02877,0.034634,-0.355747,-0.701355,-0.078895,-0.775794,1,0,0,0,0,0,0,0,0,0,0
2391,0.003708,0.018104,0.023798,0.019798,0.021083,0.00181,0.003416,0.004526,0.0106,0.017579,0.000146,0.005081,-0.006015,-0.052794,-0.074957,0.017316,0.069964,0.114524,0.186153,0.229895,0.000117,-0.002307,-0.007008,-0.032821,-0.039888,0.001197,0.00622,0.013432,-0.018279,-0.087835,0.011593,0.044239,0.046253,0.025784,-0.024499,0.007651,0.067774,0.17602,0.287887,0.397681,0.008314,0.037014,0.07191,0.114426,0.132077,-0.001432,-0.001617,0.002545,-0.038021,-0.114994,-0.000218,-2.6e-05,0.002848,0.0058,0.01823,0.002366,0.01422,0.022245,0.032193,0.032023,-0.326999,-0.755113,-0.083351,-0.796169,1,0,0,0,0,0,0,0,0,0,0
2392,0.009144,0.020355,0.019715,0.015492,0.017123,0.001514,0.001776,0.007426,0.00763,0.003844,0.003931,0.004222,-0.035702,-0.065201,-0.086168,0.031887,0.077199,0.129354,0.193448,0.217007,-8.7e-05,-0.005387,-0.014153,-0.044322,-0.03809,0.001602,0.009057,0.012027,-0.104543,-0.07484,0.021928,0.038352,0.020588,-0.002126,-0.062988,0.018375,0.10929,0.202447,0.331742,0.451923,0.014752,0.042052,0.078337,0.117527,0.155596,-0.001934,0.002017,-0.001927,-0.12118,-0.087378,-0.000384,0.001082,0.002605,0.009861,0.030323,0.006149,0.018256,0.023594,0.02932,0.029341,-0.302301,-0.821205,-0.085057,-0.817214,1,0,0,0,0,0,0,0,0,0,0
2393,0.005217,0.010901,0.006908,0.00819,0.012387,8.7e-05,0.001195,0.007257,0.014223,0.000845,0.000991,-0.010085,-0.056777,-0.078899,-0.11198,0.020636,0.065113,0.136608,0.180269,0.19152,-0.002332,-0.007024,-0.032789,-0.039843,-0.023084,0.00341,0.010609,-0.021044,-0.09047,-0.068843,0.010638,0.012649,-0.007782,-0.057972,-0.138969,0.041621,0.149666,0.261325,0.370914,0.449055,0.013881,0.048712,0.09115,0.108768,0.129299,0.001751,0.005905,-0.034586,-0.111416,-0.074981,0.000576,0.003413,0.006327,0.018597,0.039641,0.005514,0.013435,0.023254,0.023087,0.021119,-0.248554,-0.838033,-0.100685,-0.830118,1,0,0,0,0,0,0,0,0,0,0
2394,0.006017,0.005375,0.001139,0.002775,0.0111,0.000175,0.005842,0.006046,0.002249,0.004732,-0.000701,-0.040748,-0.070338,-0.091369,-0.130598,0.02477,0.077085,0.141376,0.165007,0.179145,-0.002979,-0.011772,-0.042033,-0.035782,-0.007419,0.00406,0.00704,-0.109888,-0.080094,-0.060319,0.005813,-0.012005,-0.034789,-0.095838,-0.19816,0.049482,0.142924,0.272617,0.393166,0.441509,0.013472,0.049868,0.089178,0.127364,0.121988,0.002208,-0.001748,-0.121367,-0.087462,-0.067339,0.000913,0.002469,0.009882,0.030788,0.050417,0.006771,0.012224,0.018074,0.018096,0.013588,-0.201859,-0.876269,-0.115626,-0.845949,1,0,0,0,0,0,0,0,0,0,0
2395,-0.000322,-0.004339,-0.003049,0.001173,0.008062,0.000938,0.007036,0.014042,0.000586,0.009879,-0.010436,-0.0574,-0.07965,-0.112923,-0.144848,0.019876,0.091787,0.135701,0.147017,0.16358,-0.00173,-0.027644,-0.034739,-0.017882,-0.000528,0.003166,-0.028671,-0.0985,-0.076748,-0.05781,-0.003811,-0.024361,-0.074842,-0.15631,-0.233351,0.059012,0.17132,0.281546,0.36014,0.431465,0.021513,0.064197,0.081917,0.102567,0.129481,0.001962,-0.038764,-0.11604,-0.079394,-0.068157,0.002018,0.005052,0.017829,0.039744,0.059244,0.001305,0.011531,0.011357,0.009307,0.006776,-0.176151,-0.915378,-0.119639,-0.853804,1,0,0,0,0,0,0,0,0,0,0
2396,-0.000323,-0.004586,-0.00294,0.005438,0.008819,0.004762,0.004968,0.001146,0.003645,0.014051,-0.029837,-0.059615,-0.08078,-0.120259,-0.150978,0.032718,0.097418,0.1212,0.135427,0.147686,-0.007114,-0.037568,-0.031277,-0.002734,0.000999,-0.000176,-0.117849,-0.087865,-0.067964,-0.047592,-0.01411,-0.037039,-0.098477,-0.201451,-0.263771,0.034864,0.165382,0.286699,0.33535,0.411633,0.015056,0.054616,0.093046,0.087635,0.134235,-0.005949,-0.12633,-0.092208,-0.071958,-0.062082,-0.000431,0.007319,0.029175,0.049696,0.071549,0.00437,0.010487,0.010509,0.005796,0.00628,-0.144921,-0.95452,-0.11854,-0.870801,1,0,0,0,0,0,0,0,0,0,0
2397,-0.003716,-0.002419,0.001829,0.00876,0.01053,0.001357,0.008406,-0.005132,0.004218,0.008701,-0.017313,-0.0397,-0.073176,-0.105295,-0.134023,0.039523,0.083705,0.09509,0.111755,0.114881,-0.018935,-0.026073,-0.009114,0.008347,0.007669,-0.031854,-0.10211,-0.080225,-0.061172,-0.03793,-0.006518,-0.057308,-0.139273,-0.216784,-0.287011,0.078013,0.188912,0.267987,0.339747,0.39906,0.027839,0.045667,0.066443,0.093522,0.13307,-0.035006,-0.112754,-0.075884,-0.064578,-0.046504,0.003607,0.016941,0.039809,0.060158,0.091198,0.006197,0.006015,0.003876,0.001236,0.003319,-0.114294,-0.976937,-0.117483,-0.886027,1,0,0,0,0,0,0,0,0,0,0
2398,-0.000565,0.001099,0.009567,0.012984,0.014885,-0.001159,-0.005021,-0.002496,0.008022,0.003536,-0.012657,-0.034049,-0.073951,-0.105,-0.128858,0.025581,0.049618,0.063998,0.076388,0.08135,-0.011706,-0.005348,0.023502,0.027275,0.026562,-0.086846,-0.056541,-0.036426,-0.015836,-0.003447,-0.016609,-0.078705,-0.182784,-0.245772,-0.318772,0.053332,0.17595,0.225122,0.302223,0.331845,0.011942,0.050783,0.045315,0.092414,0.103134,-0.086408,-0.051921,-0.031454,-0.021471,-0.005254,0.004553,0.028104,0.050216,0.073763,0.108791,6.8e-05,9.2e-05,-0.004987,-0.004465,-0.002216,-0.080993,-0.982617,-0.117032,-0.891863,1,0,0,0,0,0,0,0,0,0,0
2399,0.001884,0.006191,0.013219,0.015013,0.017256,0.008314,-0.005413,0.004067,0.008613,-0.004666,-0.009959,-0.043904,-0.076473,-0.105602,-0.126089,0.019051,0.030595,0.047493,0.050663,0.06119,0.004546,0.021743,0.039448,0.03876,0.03861,0.01618,0.038371,0.057691,0.081258,0.08398,-0.034782,-0.117894,-0.196491,-0.2677,-0.335799,0.058768,0.138949,0.211713,0.271857,0.290818,0.006058,0.027125,0.054582,0.094683,0.093127,0.008142,0.045528,0.056992,0.075319,0.09075,0.009928,0.035133,0.057561,0.091772,0.125004,-0.000271,-0.002629,-0.005539,-0.003243,-0.000822,-0.051661,-0.980962,-0.116112,-0.889407,1,0,0,0,0,0,0,0,0,0,0
2400,-0.000211,0.008399,0.011873,0.013806,0.016797,-0.012326,-0.009758,0.000937,-0.003625,-0.024168,-0.011691,-0.052264,-0.083834,-0.108093,-0.126038,0.005196,0.019818,0.032416,0.037461,0.041328,0.001873,0.031207,0.035044,0.034319,0.034349,0.014471,0.034923,0.055859,0.068457,0.062747,-0.028005,-0.133833,-0.197879,-0.272106,-0.331621,0.065315,0.115314,0.19371,0.22383,0.238633,0.033375,0.027815,0.075706,0.086605,0.090951,0.026842,0.047653,0.057803,0.074294,0.088509,0.01581,0.040658,0.067118,0.10648,0.137965,0.000318,-0.005388,-0.004803,-0.002275,0.000662,-0.025405,-0.978821,-0.115777,-0.883926,1,0,0,0,0,0,0,0,0,0,0
2401,0.0046,0.011759,0.013587,0.015872,0.019436,-0.001554,0.008104,0.012734,-0.000792,-0.015537,-0.022788,-0.055964,-0.085636,-0.106504,-0.127647,0.006519,0.023732,0.026961,0.037685,0.035522,0.015628,0.033663,0.032963,0.03281,0.033298,0.008012,0.027692,0.051699,0.054471,0.045057,-0.056421,-0.136482,-0.209018,-0.278386,-0.33962,0.015811,0.089932,0.151196,0.170511,0.197319,-0.012196,0.015773,0.056622,0.055037,0.079725,0.011015,0.022692,0.041361,0.05708,0.061907,0.011919,0.037441,0.076373,0.11419,0.150236,-0.00302,-0.006332,-0.003719,-0.000964,0.001471,0.005735,-0.999805,-0.116191,-0.882003,1,0,0,0,0,0,0,0,0,0,0
2402,0.004111,0.007639,0.009602,0.012639,0.016474,0.004172,0.015032,0.0104,-0.010461,-0.017456,-0.018253,-0.050312,-0.074947,-0.093169,-0.115963,0.008283,0.021076,0.026199,0.030126,0.032243,0.014051,0.017947,0.01721,0.017241,0.018315,0.012701,0.033961,0.046753,0.040955,0.034636,-0.050649,-0.115687,-0.191063,-0.251499,-0.305431,0.03485,0.11446,0.145046,0.160078,0.197199,0.006635,0.055267,0.066335,0.070748,0.103489,0.010041,0.020348,0.037094,0.051529,0.051805,0.015153,0.044616,0.088445,0.123503,0.156895,-0.003183,-0.00253,0.000284,0.003554,0.005459,0.024531,-1.012246,-0.115738,-0.880257,1,0,0,0,0,0,0,0,0,0,0
2403,0.003122,0.004976,0.007294,0.01091,0.013723,0.005594,0.010292,-0.003431,-0.01839,-0.024232,-0.015268,-0.045373,-0.066545,-0.087995,-0.106941,0.009118,0.012394,0.023274,0.021079,0.023614,0.004142,0.003431,0.003276,0.003771,0.004605,0.007171,0.031526,0.034339,0.024788,0.020059,-0.030197,-0.103789,-0.174166,-0.236291,-0.284167,0.040088,0.102243,0.121839,0.149038,0.164677,0.021691,0.063134,0.061526,0.086574,0.098942,0.001731,0.020671,0.036619,0.041516,0.042343,0.012273,0.055347,0.097188,0.137069,0.173128,-0.000311,0.002581,0.005629,0.008323,0.009817,0.051175,-1.011806,-0.115252,-0.879743,1,0,0,0,0,0,0,0,0,0,0
2404,0.000435,0.002422,0.005496,0.009377,0.011054,0.005372,0.000683,-0.020431,-0.027511,-0.031175,-0.017109,-0.042043,-0.060487,-0.083558,-0.09989,0.003788,0.008974,0.012948,0.015091,0.01301,-0.000217,-0.000963,-0.000932,0.000155,0.000435,0.014314,0.027263,0.021394,0.014998,0.010371,-0.035491,-0.111783,-0.172953,-0.22754,-0.27511,0.040304,0.071262,0.086476,0.124048,0.118024,0.027432,0.038634,0.043101,0.076239,0.072237,0.008693,0.025642,0.040253,0.040533,0.039388,0.019386,0.067082,0.105232,0.14157,0.181601,0.001031,0.004094,0.007653,0.009725,0.010638,0.068534,-1.003386,-0.114864,-0.878815,1,0,0,0,0,0,0,0,0,0,0
2405,0.001433,0.003769,0.007413,0.010247,0.010558,-0.000654,-0.014483,-0.029557,-0.035444,-0.036378,-0.013175,-0.034509,-0.056124,-0.075217,-0.092035,-0.000498,0.010465,0.008254,0.010808,0.009998,-0.000498,-0.000654,-0.000156,0.000685,0.000311,0.010185,0.013019,0.003395,-0.00137,-0.004267,-0.038558,-0.109477,-0.17208,-0.220324,-0.262059,0.022207,0.041953,0.069361,0.085121,0.077677,0.014246,0.012626,0.037866,0.050329,0.044473,0.010366,0.026436,0.031371,0.032205,0.030168,0.025643,0.06979,0.111868,0.149914,0.181581,0.001998,0.005214,0.008056,0.009633,0.009935,0.088125,-0.999959,-0.11391,-0.880106,1,0,0,0,0,0,0,0,0,0,0
2406,0.000563,0.003658,0.007565,0.009254,0.009316,-0.004064,-0.025322,-0.03245,-0.036139,-0.036139,-0.01188,-0.030449,-0.053677,-0.070121,-0.08572,0.005721,0.009722,0.01188,0.009785,0.009691,-0.00025,-0.000219,0.000875,0.001157,0.000782,0.002814,-0.003095,-0.009535,-0.014193,-0.014631,-0.038108,-0.099694,-0.154653,-0.202546,-0.237529,0.008878,0.024197,0.062024,0.055959,0.051488,-0.003021,0.001476,0.03484,0.030811,0.027427,0.00666,0.021369,0.021651,0.020498,0.020005,0.023692,0.063696,0.101799,0.143776,0.168607,0.001161,0.004893,0.007067,0.008023,0.008302,0.100163,-0.994279,-0.112711,-0.882001,1,0,0,0,0,0,0,0,0,0,0
2407,0.001783,0.005443,0.00829,0.008603,0.008947,-0.009823,-0.024964,-0.030877,-0.031815,-0.031941,-0.009541,-0.031252,-0.050429,-0.067322,-0.077145,0.005287,0.003066,0.005631,0.004818,0.001814,9.4e-05,0.000594,0.001439,0.001064,0.001157,3.1e-05,-0.009635,-0.014422,-0.017331,-0.016705,-0.033098,-0.095978,-0.144436,-0.186356,-0.212009,0.010949,0.038479,0.054308,0.046831,0.041795,0.001395,0.026747,0.039266,0.033384,0.032521,0.009477,0.014434,0.015271,0.013225,0.013936,0.021727,0.065127,0.104368,0.13703,0.156952,0.00215,0.005082,0.006708,0.00702,0.007281,0.111856,-0.993022,-0.111732,-0.884995,1,0,0,0,0,0,0,0,0,0,0
2408,0.001304,0.005185,0.006861,0.006923,0.007948,-0.011363,-0.018441,-0.022105,-0.022105,-0.021639,-0.008972,-0.03204,-0.04837,-0.063862,-0.069854,-0.001273,0.000869,-0.001211,-0.001304,-0.005992,-6.2e-05,0.001025,0.001304,0.000931,0.002856,-0.005899,-0.012294,-0.01692,-0.017355,-0.012636,-0.028314,-0.082893,-0.130455,-0.165196,-0.187735,0.004346,0.041912,0.035889,0.03145,0.030084,0.003081,0.036214,0.032213,0.028853,0.033623,0.005203,0.005483,0.004338,0.003848,0.008184,0.017511,0.05381,0.093798,0.117453,0.137006,0.001516,0.003587,0.004498,0.004764,0.004528,0.121874,-0.992308,-0.111625,-0.88982,1,0,0,0,0,0,0,0,0,0,0
2409,0.002324,0.005143,0.005453,0.005793,0.00948,-0.003656,-0.009511,-0.010441,-0.010565,-0.008086,-0.012547,-0.031539,-0.048269,-0.057997,-0.061684,-0.000929,0.001611,0.000806,-0.002169,-0.009511,0.000558,0.001394,0.001022,0.001115,0.004833,-0.003687,-0.008427,-0.011308,-0.010689,0.002881,-0.034017,-0.082007,-0.123522,-0.148927,-0.165657,0.022926,0.038603,0.031198,0.02621,0.02209,0.022032,0.03443,0.028605,0.027751,0.032303,-0.000283,0.000546,-0.00148,-0.000777,0.01022,0.023291,0.059953,0.090469,0.109081,0.124537,0.001245,0.002764,0.003056,0.0033,0.004444,0.128206,-0.988468,-0.111019,-0.899572,1,0,0,0,0,0,0,0,0,0,0
2410,0.00155,0.003224,0.003286,0.004309,0.009982,-0.00341,-0.007068,-0.007068,-0.006603,-0.00155,-0.010478,-0.026785,-0.042254,-0.048237,-0.049911,0.003069,0.000992,0.000899,-0.003782,-0.010881,0.000527,0.000806,0.000434,0.002356,0.007502,-0.002697,-0.007316,-0.00775,-0.003038,0.013702,-0.02046,-0.067954,-0.102644,-0.12515,-0.135163,0.01457,0.008556,0.004123,0.002759,-0.002914,0.011039,0.007043,0.003688,0.00845,0.010813,0.000563,-0.00058,-0.001069,0.003261,0.014774,0.012536,0.052117,0.075532,0.094886,0.105032,0.000799,0.001701,0.001964,0.00173,0.003343,0.131611,-0.986373,-0.11128,-0.906715,1,0,0,0,0,0,0,0,0,0,0
2411,0.001272,0.001582,0.001923,0.005613,0.014173,-0.00245,-0.00338,-0.003504,-0.001023,0.004652,-0.008528,-0.025275,-0.035013,-0.038704,-0.039107,-0.000527,-0.001334,-0.004311,-0.011661,-0.016902,0.00031,-6.2e-05,3.1e-05,0.003753,0.012188,-0.002047,-0.004931,-0.004311,0.009273,0.031912,-0.02757,-0.069127,-0.094557,-0.111304,-0.115801,0.001116,-0.006296,-0.011289,-0.015413,-0.018483,0.001367,-0.004464,-0.005319,-0.000762,0.001885,0.000267,-0.001761,-0.001057,0.009951,0.026758,0.024353,0.055084,0.073828,0.089393,0.094205,0.000729,0.001022,0.001268,0.00242,0.004514,0.13273,-0.985258,-0.111642,-0.922423,1,0,0,0,0,0,0,0,0,0,0
2412,0.000403,0.000465,0.001489,0.007164,0.018361,-0.00121,-0.00121,-0.000744,0.004311,0.009615,-0.007785,-0.023261,-0.029247,-0.030922,-0.029092,-0.001551,-0.001644,-0.006327,-0.01343,-0.018485,-3.1e-05,-0.000403,0.00152,0.006668,0.01619,-0.002574,-0.003008,0.001706,0.018454,0.039017,-0.019943,-0.054649,-0.077166,-0.087183,-0.08768,-0.007133,-0.011569,-0.012933,-0.018609,-0.021649,-0.005364,-0.008721,-0.003956,-0.001592,0.000696,-0.001411,-0.0019,0.002432,0.01395,0.028874,0.015343,0.038833,0.05825,0.068429,0.07108,0.000176,0.000439,0.000205,0.001823,0.005227,0.132228,-0.984028,-0.111043,-0.928275,1,0,0,0,0,0,0,0,0,0,0
2413,-9.3e-05,0.000248,0.003938,0.012497,0.024219,0.000279,0.000155,0.002636,0.008311,0.011629,-0.008962,-0.0187,-0.02239,-0.022793,-0.019258,0.000744,-0.002233,-0.009582,-0.014823,-0.021118,-0.000341,-0.000248,0.003473,0.011908,0.019878,-0.00031,0.00031,0.013893,0.036531,0.043818,-0.021615,-0.047043,-0.063789,-0.068286,-0.065619,-0.000279,-0.005272,-0.009396,-0.012466,-0.023816,-0.000467,-0.001322,0.003235,0.005882,0.000977,-0.000617,8.7e-05,0.011094,0.0279,0.031384,0.015392,0.034129,0.049688,0.054499,0.056423,0.000118,0.000363,0.001515,0.003609,0.007823,0.13266,-0.975758,-0.109799,-0.931795,1,0,0,0,0,0,0,0,0,0,0
2414,0.000155,0.001176,0.006841,0.018015,0.029189,-0.000279,0.000186,0.005231,0.010524,0.010617,-0.0065,-0.012474,-0.014146,-0.01232,-0.009162,-0.000836,-0.00551,-0.012598,-0.017644,-0.022132,-3.1e-05,0.001888,0.007026,0.016529,0.024299,-0.000124,0.004581,0.021296,0.041818,0.043026,-0.013062,-0.035535,-0.045533,-0.046028,-0.041416,-0.004148,-0.00551,-0.011174,-0.014208,-0.02597,-0.002884,0.001871,0.004231,0.006515,-0.000884,0.000128,0.004451,0.015947,0.030841,0.031542,0.007972,0.027121,0.03716,0.039775,0.039174,0.000143,-8.8e-05,0.001508,0.004866,0.00837,0.132755,-0.973458,-0.108913,-0.931972,1,0,0,0,0,0,0,0,0,0,0
2415,0.000185,0.003863,0.012393,0.024075,0.033439,0.000155,0.002627,0.008283,0.011589,0.013104,-0.003214,-0.006892,-0.007294,-0.00377,-0.000185,-0.002132,-0.009457,-0.01468,-0.020954,-0.021355,0.000124,0.003832,0.012238,0.020181,0.030287,0.000742,0.014278,0.036839,0.044102,0.046698,-0.0123,-0.028989,-0.03347,-0.030812,-0.024848,-0.000834,-0.004945,-0.008004,-0.019316,-0.028155,0.002027,0.006568,0.009207,0.004318,-0.004352,0.000574,0.011544,0.028292,0.031764,0.032926,0.010409,0.025601,0.030298,0.032177,0.030635,9.8e-05,0.001223,0.003266,0.007382,0.006769,0.135296,-0.96728,-0.107873,-0.935939,1,0,0,0,0,0,0,0,0,0,0
2416,0.000834,0.006485,0.017634,0.028782,0.042185,0.000309,0.005343,0.010624,0.010716,0.012971,-0.002749,-0.004416,-0.002594,0.000556,0.011118,-0.002532,-0.009604,-0.014638,-0.019116,-0.019703,0.001791,0.006918,0.016399,0.02415,0.041568,0.003953,0.020629,0.041104,0.042309,0.052778,-0.010129,-0.020104,-0.020599,-0.015997,-0.009234,-0.000525,-0.006176,-0.009203,-0.020938,-0.03221,0.002718,0.005072,0.007351,-3.1e-05,-0.01013,0.00374,0.015209,0.030069,0.030768,0.039401,0.008486,0.018364,0.020937,0.020346,0.025826,-0.000325,0.001246,0.004549,0.007997,0.004939,0.140013,-0.961809,-0.110327,-0.943436,1,0,0,0,0,0,0,0,0,0,0
2417,0.00284,0.01136,0.023029,0.032382,0.050349,0.002161,0.00781,0.011113,0.012626,0.012224,-0.000926,-0.001327,0.002192,0.005773,0.024788,-0.004785,-0.010002,-0.016268,-0.01667,-0.017627,0.001914,0.01031,0.018244,0.028338,0.051028,0.00957,0.032105,0.039359,0.041952,0.047972,-0.006544,-0.01102,-0.008366,-0.002408,0.003056,-0.003581,-0.006637,-0.017935,-0.026764,-0.039482,0.001819,0.004454,-0.000429,-0.009089,-0.018829,0.007219,0.023949,0.027417,0.028577,0.035528,0.006609,0.011268,0.013132,0.011602,0.027181,0.00144,0.003467,0.007549,0.006942,0.002787,0.145492,-0.951665,-0.10998,-0.941949,1,0,0,0,0,0,0,0,0,0,0
2418,0.002808,0.013947,0.025086,0.038477,0.056621,0.00287,0.008146,0.008239,0.010491,0.005708,-0.000741,0.00108,0.004227,0.01478,0.0382,-0.002283,-0.007313,-0.011787,-0.012373,-0.012682,0.003209,0.012682,0.020427,0.037829,0.056775,0.007097,0.027554,0.028758,0.039218,0.037891,-0.003425,-0.003919,0.000679,0.007436,0.012126,-0.002067,-0.005091,-0.016816,-0.028079,-0.039712,0.000534,0.002811,-0.004565,-0.014655,-0.022887,0.004243,0.01909,0.019789,0.028414,0.031942,0.003231,0.005788,0.005201,0.010648,0.030663,0.000126,0.003409,0.006837,0.003797,0.003444,0.151687,-0.946504,-0.107818,-0.942083,1,0,0,0,0,0,0,0,0,0,0
2419,0.005707,0.017369,0.026717,0.044672,0.06559,0.002777,0.006078,0.007589,0.007188,0.002314,0.000339,0.003856,0.007435,0.026439,0.053588,-0.002931,-0.009194,-0.009595,-0.010551,-0.009348,0.005183,0.013112,0.0232,0.045876,0.06414,0.015426,0.022676,0.025267,0.031283,0.033628,-0.001049,0.001604,0.007559,0.013019,0.025761,-0.000987,-0.012279,-0.021102,-0.033813,-0.039767,0.0021,-0.002781,-0.011435,-0.021169,-0.02572,0.012477,0.015943,0.017102,0.024049,0.030887,0.001412,0.003268,0.001745,0.017258,0.032073,0.001893,0.005959,0.005353,0.001216,0.005129,0.152211,-0.944621,-0.102395,-0.94545,1,0,0,0,0,0,0,0,0,0,0
2420,0.005426,0.016557,0.029938,0.048067,0.073133,0.002497,0.00259,0.004841,6.2e-05,-0.002405,0.00148,0.004625,0.015169,0.03857,0.066381,-0.002097,-0.006567,-0.007153,-0.007461,-0.006136,0.004286,0.012024,0.029413,0.048344,0.068601,0.005026,0.006228,0.01668,0.015354,0.017913,0.000555,0.005149,0.011901,0.016587,0.039742,-0.002035,-0.013751,-0.025005,-0.036628,-0.040667,0.000177,-0.007193,-0.017275,-0.025501,-0.02991,0.002366,0.003064,0.011683,0.015208,0.019637,0.001137,0.000553,0.00597,0.025876,0.031103,0.001381,0.00479,0.001766,0.001415,0.007586,0.15083,-0.943174,-0.098075,-0.945785,1,0,0,0,0,0,0,0,0,0,0
2421,0.006229,0.015573,0.033519,0.054427,0.08551,0.000802,0.002313,0.001912,-0.00296,-0.003145,0.002035,0.005612,0.024608,0.051744,0.077122,-0.004163,-0.004564,-0.00552,-0.004317,-0.003762,0.003639,0.013722,0.036387,0.054643,0.077462,0.00222,0.004811,0.010824,0.013167,0.016652,0.002097,0.008048,0.013506,0.026242,0.049123,-0.009251,-0.01807,-0.030775,-0.036726,-0.038638,-0.005055,-0.013705,-0.023435,-0.027984,-0.029922,0.001097,0.002256,0.0092,0.016035,0.018771,0.000711,-0.000807,0.014656,0.029422,0.032081,0.002669,0.002066,-0.002057,0.001843,0.011898,0.153336,-0.942147,-0.09454,-0.951435,1,0,0,0,0,0,0,0,0,0,0
2422,0.004905,0.018295,0.036435,0.061517,0.097767,-0.00071,0.001543,-0.003239,-0.005707,-0.000926,0.001111,0.011662,0.035078,0.062905,0.089499,-0.000309,-0.000895,-0.001203,0.000123,-0.000432,0.004103,0.021503,0.040446,0.060715,0.090795,-0.001018,0.00944,0.008114,0.010674,0.019128,0.002499,0.009255,0.013945,0.037114,0.05871,-0.002468,-0.013729,-0.02536,-0.029401,-0.029771,-0.002317,-0.012406,-0.020637,-0.025049,-0.023885,-0.0004,0.008225,0.011752,0.016183,0.019189,-0.0013,0.004141,0.024134,0.029384,0.033826,0.000746,-0.002291,-0.002644,0.003554,0.011256,0.156714,-0.944656,-0.093379,-0.956834,1,0,0,0,0,0,0,0,0,0,0
2423,0.004442,0.022393,0.043306,0.074397,0.112583,0.002221,0.00182,-0.003054,-0.003239,0.003455,0.002468,0.021468,0.048611,0.073996,0.10188,-9.3e-05,-0.001049,0.000154,0.000709,-0.001357,0.005984,0.028655,0.046915,0.06974,0.105643,0.003609,0.009624,0.011968,0.015453,0.028716,0.003455,0.008914,0.021653,0.04454,0.069894,-0.006354,-0.019062,-0.025015,-0.026927,-0.032202,-0.006336,-0.016067,-0.020618,-0.022557,-0.025195,0.001559,0.008504,0.015341,0.018078,0.024392,-0.000223,0.015268,0.030061,0.032725,0.035582,-0.001349,-0.00548,-0.001572,0.0085,0.012026,0.157775,-0.941831,-0.095739,-0.9662,1,0,0,0,0,0,0,0,0,0,0
2424,0.008946,0.027084,0.052163,0.088408,0.127585,3.1e-05,-0.00475,-0.007218,-0.002437,-0.002406,0.008082,0.031495,0.059319,0.08591,0.11139,-0.000494,-0.000802,0.000524,-3.1e-05,-0.008668,0.011414,0.030354,0.05062,0.080697,0.116356,0.006848,0.005522,0.008082,0.016534,0.024647,0.003301,0.007989,0.031156,0.052749,0.079771,-0.004905,-0.016534,-0.020575,-0.020945,-0.032544,-0.003751,-0.011981,-0.016392,-0.015228,-0.018439,0.007064,0.010591,0.015022,0.018028,0.025746,0.005659,0.025635,0.030881,0.035319,0.034521,-0.001685,-0.002037,0.004156,0.011851,0.017273,0.159202,-0.942142,-0.093989,-0.967516,1,0,0,0,0,0,0,0,0,0,0
2425,0.009001,0.029901,0.060974,0.099137,0.137947,-0.000432,-0.005302,-0.005487,0.001202,-0.004254,0.010912,0.03804,0.06341,0.091276,0.119667,-0.000462,0.00074,0.001295,-0.000771,-0.013224,0.011252,0.029501,0.052312,0.088194,0.123151,-0.000832,0.00151,0.004994,0.018249,0.014982,0.002158,0.014889,0.037762,0.063101,0.088903,-0.007799,-0.013748,-0.01566,-0.020931,-0.032306,-0.005977,-0.010525,-0.012463,-0.015099,-0.013511,-0.000118,0.006715,0.00945,0.01576,0.017589,0.009794,0.024525,0.027178,0.030023,0.032098,-0.002437,0.001454,0.011485,0.014996,0.020184,0.161486,-0.940241,-0.095637,-0.968431,1,0,0,0,0,0,0,0,0,0,0
2426,0.009101,0.034098,0.070225,0.109273,0.149828,-0.004335,-0.006795,-0.002029,-0.001999,-0.014359,0.012452,0.040186,0.066689,0.092086,0.125968,0.000154,0.001476,0.000922,-0.007687,-0.020293,0.007656,0.027856,0.057834,0.093377,0.131749,-0.000492,0.00206,0.010485,0.018571,0.00289,0.002521,0.025612,0.047134,0.074068,0.102109,-0.003813,-0.00784,-0.008209,-0.01977,-0.029824,-0.002241,-0.006638,-0.005478,-0.008678,-0.00498,0.003633,0.008049,0.011045,0.018739,0.015241,0.009905,0.015032,0.01937,0.01859,0.023162,0.002049,0.008102,0.015622,0.020921,0.023303,0.161268,-0.942828,-0.096551,-0.965421,1,0,0,0,0,0,0,0,0,0,0
2427,0.011727,0.042673,0.080679,0.11933,0.162463,-0.000522,-0.000706,0.005956,0.000522,-0.017959,0.014582,0.039848,0.067601,0.095875,0.130013,0.001044,0.001596,-0.00046,-0.012863,-0.028029,0.01053,0.033248,0.068982,0.103796,0.143767,0.002824,0.006293,0.019494,0.01624,-0.00571,0.010162,0.032941,0.058176,0.083872,0.114019,-0.002118,-0.004022,-0.009271,-0.0206,-0.03291,-0.002291,-0.004221,-0.006846,-0.005264,-0.001629,0.003177,0.005901,0.012185,0.014007,0.010285,0.004513,0.00709,0.009855,0.01187,0.014832,0.001753,0.0115,0.014911,0.019952,0.023441,0.163438,-0.941378,-0.097276,-0.96215,1,0,0,0,0,0,0,0,0,0,0
2428,0.013237,0.049324,0.088329,0.128839,0.171129,-0.001935,0.002826,0.002856,-0.00949,-0.031173,0.013114,0.039588,0.064957,0.098802,0.133937,0.000276,-0.000276,-0.008876,-0.021468,-0.042967,0.009644,0.039588,0.075092,0.113421,0.151596,-0.000276,0.008139,0.016216,0.000553,-0.02844,0.012899,0.034398,0.061302,0.089312,0.117506,-0.001904,-0.002273,-0.013821,-0.023864,-0.045669,-0.0021,-0.00094,-0.004137,-0.000443,0.000775,0.001233,0.004226,0.011911,0.008416,0.000796,0.000562,0.004866,0.004092,0.008628,0.014871,0.004247,0.011709,0.016968,0.019331,0.023542,0.165508,-0.929872,-0.096824,-0.943721,1,0,0,0,0,0,0,0,0,0,0
2429,0.017728,0.055766,0.094449,0.137618,0.177131,0.001751,0.008419,0.00298,-0.015516,-0.037976,0.012167,0.039943,0.068241,0.102407,0.138755,0.000277,-0.001782,-0.014195,-0.029373,-0.054414,0.013089,0.048853,0.083696,0.1237,0.160417,0.003748,0.01696,0.013703,-0.008265,-0.039943,0.009894,0.03515,0.060867,0.091039,0.12075,0.0,-0.005254,-0.016592,-0.028912,-0.06056,0.00017,-0.002458,-0.000875,0.002763,-0.002189,0.001493,0.007782,0.009605,0.00588,-0.003529,0.002029,0.00481,0.006838,0.009816,0.017045,0.005543,0.008974,0.014045,0.017555,0.019944,0.163392,-0.919994,-0.097071,-0.933703,1,0,0,0,0,0,0,0,0,0,0
2430,0.018332,0.057263,0.097697,0.139909,0.17789,0.003004,0.003035,-0.009288,-0.030931,-0.055853,0.014285,0.039606,0.073388,0.108457,0.140215,-0.000828,-0.009411,-0.02198,-0.043438,-0.059011,0.01683,0.052267,0.090524,0.128628,0.167437,0.00466,0.012722,-0.002912,-0.03185,-0.062444,0.011588,0.038441,0.066398,0.09454,0.125286,-0.000368,-0.011894,-0.021918,-0.043683,-0.067165,0.000988,-0.002203,0.001484,0.0027,-0.004767,0.001498,0.009168,0.005681,-0.001925,-0.007513,0.002251,0.001487,0.005964,0.012125,0.014598,0.00191,0.0071,0.009433,0.013588,0.012252,0.161839,-0.918665,-0.100139,-0.918636,1,0,0,0,0,0,0,0,0,0,0
2431,0.019582,0.058102,0.10109,0.140436,0.176509,0.003641,-0.001775,-0.020193,-0.042559,-0.071717,0.013401,0.04158,0.075603,0.111798,0.140895,-0.001224,-0.013585,-0.028699,-0.053635,-0.063089,0.018817,0.053513,0.093349,0.129911,0.165556,0.008506,0.005263,-0.016614,-0.048158,-0.078418,0.013585,0.039194,0.069239,0.098826,0.12572,-0.004865,-0.016155,-0.028424,-0.059938,-0.072972,-0.003603,-0.002026,0.001597,-0.003335,-0.006294,0.004768,0.006584,0.002874,-0.006496,-0.007627,0.000479,0.002448,0.00534,0.012359,0.014795,0.001447,0.00637,0.009778,0.012098,0.012443,0.161971,-0.915898,-0.1004,-0.913121,1,0,0,0,0,0,0,0,0,0,0
2432,0.019215,0.059444,0.101442,0.139231,0.168633,-0.003599,-0.01586,-0.037393,-0.062189,-0.084332,0.011834,0.045445,0.080336,0.111934,0.142129,-0.00732,-0.019825,-0.041175,-0.056668,-0.072955,0.0165,0.054564,0.092475,0.131088,0.163997,-0.000457,-0.016012,-0.044804,-0.075243,-0.092719,0.013176,0.040992,0.06899,0.099581,0.123646,-0.006618,-0.016592,-0.038247,-0.061609,-0.079025,0.000417,0.004085,0.005295,-0.002135,-0.001766,0.002878,-0.000592,-0.008159,-0.013719,-0.008775,-0.001206,0.003115,0.009061,0.011448,0.016453,0.003594,0.005845,0.009855,0.008566,0.005206,0.160965,-0.908378,-0.104731,-0.910823,1,0,0,0,0,0,0,0,0,0,0
2433,0.019114,0.061809,0.100887,0.136715,0.160721,-0.001793,-0.020086,-0.0423,-0.071259,-0.082716,0.016197,0.049988,0.085937,0.114835,0.142427,-0.004984,-0.019995,-0.044761,-0.054151,-0.075058,0.01802,0.057585,0.093898,0.1293,0.162818,-0.002765,-0.024493,-0.055822,-0.085876,-0.092409,0.012307,0.042148,0.071533,0.098244,0.119849,-0.004619,-0.016804,-0.048104,-0.061049,-0.079191,0.001151,0.004749,-0.000149,-0.003088,0.001058,-0.001065,-0.004749,-0.014055,-0.015178,-0.009459,0.003052,0.005809,0.0125,0.014822,0.018897,0.001191,0.00444,0.006651,0.00698,-0.002516,0.160877,-0.904696,-0.106984,-0.91289,1,0,0,0,0,0,0,0,0,0,0
2434,0.020804,0.062321,0.099677,0.128742,0.152802,-0.010342,-0.031628,-0.05614,-0.078029,-0.079476,0.017156,0.051648,0.082883,0.112732,0.131245,-0.007417,-0.028522,-0.043839,-0.059939,-0.071336,0.019749,0.057225,0.095396,0.127928,0.161787,-0.012633,-0.041095,-0.071185,-0.088461,-0.085748,0.015286,0.042964,0.073205,0.096994,0.112763,-0.005276,-0.026683,-0.049778,-0.066994,-0.079175,0.002485,0.00368,-0.003664,-0.0033,-0.003376,-0.002374,-0.009855,-0.015351,-0.010463,-0.005371,0.001098,0.006583,0.008785,0.013402,0.015606,0.000949,0.004649,0.00346,0.00036,-0.009313,0.164523,-0.901329,-0.111197,-0.915625,1,0,0,0,0,0,0,0,0,0,0
2435,0.021452,0.060037,0.095411,0.119114,0.142516,-0.007771,-0.029703,-0.058297,-0.069608,-0.069578,0.016292,0.051786,0.080319,0.107562,0.123344,-0.007441,-0.031894,-0.041165,-0.061807,-0.065468,0.019412,0.055266,0.09022,0.123314,0.155688,-0.008881,-0.039815,-0.069488,-0.075939,-0.071318,0.014252,0.043265,0.069638,0.09097,0.102642,-0.006781,-0.037684,-0.050466,-0.068378,-0.071828,0.00108,-0.003756,-0.006658,-0.002565,-0.001315,-0.001276,-0.010464,-0.011573,-0.005926,-0.000426,0.001461,0.007582,0.009706,0.013434,0.016369,0.002054,0.004077,0.004378,-0.004308,-0.012969,0.16755,-0.903698,-0.113343,-0.916209,1,0,0,0,0,0,0,0,0,0,0
2436,0.019729,0.056655,0.085385,0.109167,0.128599,-0.013322,-0.037551,-0.059188,-0.060619,-0.060887,0.017911,0.048787,0.078292,0.096591,0.114264,-0.013471,-0.028611,-0.044525,-0.055791,-0.061721,0.017762,0.055493,0.08765,0.121118,0.144811,-0.019312,-0.049055,-0.066132,-0.06345,-0.060529,0.013203,0.043095,0.066609,0.082196,0.095756,-0.014425,-0.037253,-0.054271,-0.066311,-0.063867,0.000109,-0.007151,-0.006791,-0.006866,0.002278,-0.006128,-0.01156,-0.006729,-0.001696,0.001947,0.003664,0.005694,0.009951,0.011983,0.013255,0.001451,0.000355,-0.002503,-0.011422,-0.015341,0.166658,-0.907501,-0.113214,-0.915529,1,0,0,0,0,0,0,0,0,0,0
2437,0.018386,0.053126,0.076404,0.099387,0.116035,-0.008368,-0.036449,-0.047557,-0.047528,-0.049414,0.017149,0.045171,0.071925,0.087424,0.100772,-0.010696,-0.019801,-0.040073,-0.043668,-0.048618,0.01765,0.051977,0.084478,0.116271,0.135276,-0.011285,-0.040427,-0.046762,-0.042224,-0.040456,0.01544,0.04134,0.06229,0.073752,0.088161,-0.016088,-0.02864,-0.046231,-0.04962,-0.048618,-0.004857,-0.007707,-0.003687,-0.00246,0.003022,-0.002965,-0.004054,0.001491,0.006893,0.010794,0.00201,0.003881,0.007165,0.009752,0.007904,0.000442,0.000708,-0.006946,-0.014576,-0.016432,0.165923,-0.909564,-0.116132,-0.918787,1,0,0,0,0,0,0,0,0,0,0
2438,0.017976,0.046153,0.069478,0.088536,0.101397,-0.015462,-0.036683,-0.038086,-0.038349,-0.045919,0.01327,0.042207,0.060154,0.077487,0.090319,-0.004238,-0.019847,-0.030895,-0.036712,-0.039723,0.019496,0.051034,0.083859,0.107096,0.123465,-0.017976,-0.034724,-0.032094,-0.029229,-0.027885,0.014001,0.037063,0.05235,0.065649,0.07965,-0.00643,-0.02312,-0.034929,-0.032532,-0.032123,-0.002302,-0.001949,-0.002023,0.006946,0.009957,-0.002387,0.002351,0.007288,0.010861,0.020127,-0.000128,0.003588,0.005362,0.006472,0.005066,-0.001375,-0.003869,-0.011655,-0.015075,-0.01741,0.16375,-0.913838,-0.118031,-0.925749,1,0,0,0,0,0,0,0,0,0,0
2439,0.016399,0.039369,0.062049,0.078477,0.087694,-0.012328,-0.02329,-0.023261,-0.025122,-0.032042,0.014451,0.040852,0.056146,0.069318,0.083856,-0.004769,-0.024773,-0.02832,-0.033205,-0.039079,0.01448,0.046551,0.077924,0.096679,0.109966,-0.010875,-0.017126,-0.012648,-0.010904,-0.008112,0.011631,0.032304,0.043614,0.057833,0.07429,-0.00599,-0.023348,-0.026692,-0.025703,-0.026401,-0.000523,0.003444,0.004655,0.010065,0.014597,0.001299,0.006771,0.012102,0.015952,0.026083,0.001828,0.00482,0.007177,0.005494,0.003273,0.001567,-0.005406,-0.012358,-0.014049,-0.016852,0.159573,-0.91349,-0.11785,-0.930213,1,0,0,0,0,0,0,0,0,0,0
2440,0.011574,0.034663,0.053527,0.066258,0.077051,-0.008738,-0.010127,-0.010387,-0.017881,-0.020832,0.014264,0.03203,0.049187,0.061889,0.076906,-0.010705,-0.021642,-0.0274,-0.03038,-0.036457,0.016811,0.049303,0.072305,0.088508,0.100313,-0.005758,-0.003154,-0.000318,0.001013,0.003038,0.011255,0.026388,0.039552,0.053412,0.069817,-0.010561,-0.02225,-0.019877,-0.019472,-0.019964,0.00087,0.000796,0.009674,0.012655,0.017718,0.003397,0.008284,0.011821,0.020993,0.026056,0.001694,0.003346,0.00438,0.003071,0.00119,-0.003837,-0.011088,-0.014274,-0.016448,-0.016808,0.157068,-0.913399,-0.115262,-0.932282,1,0,0,0,0,0,0,0,0,0,0
2441,0.011218,0.033654,0.049906,0.059024,0.068776,-0.002157,-0.002129,-0.003969,-0.010815,-0.011506,0.011937,0.027067,0.040098,0.05448,0.065381,-0.009147,-0.012656,-0.017489,-0.023299,-0.026176,0.015015,0.046052,0.064605,0.07775,0.085574,-0.00046,0.003969,0.005695,0.008457,0.012829,0.009262,0.020451,0.034517,0.050798,0.064058,-0.006673,-0.009981,-0.009003,-0.009694,-0.008917,0.00306,0.004258,0.009609,0.014093,0.017065,0.002036,0.00731,0.011118,0.02114,0.025933,0.001148,0.003334,0.001773,-0.000287,-0.002496,-0.002783,-0.00923,-0.010798,-0.013397,-0.010922,0.154446,-0.914856,-0.112235,-0.937684,1,0,0,0,0,0,0,0,0,0,0
2442,0.01169,0.03037,0.042977,0.053664,0.061171,0.000774,0.000516,-0.006905,-0.009827,-0.008338,0.005702,0.022692,0.03527,0.05014,0.05524,-0.001719,-0.007421,-0.010372,-0.016389,-0.017506,0.017219,0.039997,0.056042,0.067732,0.070969,0.003037,0.005845,0.007163,0.009168,0.020314,0.005759,0.018795,0.032519,0.048765,0.058621,-0.004928,-0.002579,-0.002178,-0.002665,-0.000745,-0.003121,0.005671,0.008622,0.013637,0.015446,0.002811,0.006313,0.015397,0.02041,0.029506,0.000425,0.00139,0.000168,-0.001588,-0.005231,-0.004062,-0.007036,-0.009066,-0.009403,-0.004029,0.153259,-0.917036,-0.107709,-0.943796,1,0,0,0,0,0,0,0,0,0,0
2443,0.010636,0.026791,0.035855,0.045548,0.050438,-0.000743,-0.002573,-0.009378,-0.010065,-0.008835,0.00935,0.022302,0.036599,0.047435,0.050866,-0.001773,-0.006576,-0.012352,-0.015211,-0.015726,0.013667,0.03211,0.045177,0.052954,0.053354,0.001372,0.003088,0.005833,0.010179,0.017442,0.005375,0.019357,0.035541,0.048722,0.057185,0.00163,0.002602,0.001916,0.002688,0.004232,0.004305,0.009625,0.014082,0.017035,0.017865,0.002437,0.006222,0.016185,0.020949,0.026438,0.001676,0.000179,-0.001795,-0.003914,-0.00757,-0.002178,-0.003682,-0.006174,-0.003801,0.001406,0.149902,-0.916613,-0.105464,-0.945021,1,0,0,0,0,0,0,0,0,0,0
2444,0.00798,0.02052,0.03115,0.038617,0.040954,0.000484,-0.006897,-0.009804,-0.008322,-0.009519,0.007581,0.020092,0.034884,0.039957,0.041752,-0.003904,-0.00684,-0.012825,-0.013936,-0.014763,0.009034,0.024994,0.036622,0.039843,0.039358,0.001425,0.002736,0.004731,0.015817,0.016473,0.007609,0.021261,0.03742,0.047224,0.05546,0.000712,0.001111,0.000627,0.002536,0.00285,0.004454,0.00739,0.012377,0.014177,0.01383,0.001055,0.01009,0.015077,0.024125,0.025666,-0.000709,-0.001886,-0.003578,-0.007089,-0.011443,-0.000737,-0.002693,-0.003017,0.002161,0.005215,0.146452,-0.915993,-0.104561,-0.947022,1,0,0,0,0,0,0,0,0,0,0
2445,0.008085,0.017077,0.026694,0.031545,0.034523,-0.002298,-0.009049,-0.00973,-0.00851,-0.01495,0.005305,0.019488,0.03024,0.033644,0.034523,-0.000879,-0.00661,-0.009446,-0.009957,-0.011205,0.009304,0.022268,0.029984,0.030381,0.028566,0.000284,0.003007,0.007319,0.014524,0.014155,0.006298,0.022353,0.035431,0.043828,0.051061,0.000255,-0.000426,0.00034,0.001872,0.002468,0.000844,0.005266,0.008197,0.00902,0.009424,0.002706,0.01259,0.017316,0.022762,0.028315,-0.00073,-0.002599,-0.004603,-0.008062,-0.012347,-0.000709,-0.003068,-0.000822,0.004104,0.009566,0.142871,-0.914675,-0.102375,-0.945476,1,0,0,0,0,0,0,0,0,0,0
2446,0.004385,0.014937,0.022349,0.024669,0.025971,-0.005036,-0.007921,-0.00645,-0.007638,-0.017625,0.007129,0.021812,0.026848,0.02863,0.029422,-0.002037,-0.007978,-0.009081,-0.009902,-0.010467,0.006563,0.018106,0.021303,0.020822,0.018502,0.001018,0.002999,0.014004,0.014654,0.008374,0.007271,0.023311,0.033043,0.041219,0.04699,0.000141,-0.000339,0.001556,0.001867,0.003678,0.002072,0.007023,0.00881,0.008465,0.009728,0.00627,0.01122,0.020202,0.021732,0.025059,-0.000402,-0.002009,-0.005343,-0.009478,-0.012919,-0.001162,-0.001469,0.003448,0.006348,0.010355,0.140483,-0.915252,-0.101335,-0.938707,1,0,0,0,0,0,0,0,0,0,0
2447,0.004583,0.014174,0.019012,0.021982,0.020709,-0.001697,-0.002376,-0.00116,-0.007582,-0.018757,0.007016,0.017739,0.021134,0.022011,0.021643,-0.003678,-0.006507,-0.007016,-0.008261,-0.008459,0.006366,0.014061,0.014457,0.012646,0.010779,0.001697,0.005998,0.013184,0.012816,0.005347,0.008742,0.021784,0.030159,0.037373,0.040541,-0.00082,-5.7e-05,0.001471,0.002065,0.00447,0.002338,0.005261,0.006081,0.006484,0.008297,0.003587,0.008301,0.013732,0.01927,0.022903,-0.001432,-0.003399,-0.006793,-0.010998,-0.013585,-0.001152,0.001052,0.005886,0.011246,0.012224,0.137944,-0.914506,-0.099782,-0.93623,1,0,0,0,0,0,0,0,0,0,0
2448,0.00594,0.013317,0.015625,0.01692,0.014949,-0.001182,0.000282,-0.000901,-0.010839,-0.016385,0.00763,0.012641,0.014414,0.015203,0.01326,-0.002252,-0.00335,-0.004167,-0.00473,-0.004786,0.005152,0.008333,0.007855,0.005546,0.003378,0.000282,0.011233,0.011881,0.005631,0.004307,0.007264,0.016948,0.025085,0.030828,0.030349,0.000338,0.002224,0.002534,0.004336,0.009122,0.002601,0.004378,0.004036,0.005292,0.009735,0.001356,0.010295,0.011817,0.015128,0.019314,-0.000169,-0.003392,-0.007389,-0.010715,-0.012253,0.000816,0.005569,0.008373,0.012245,0.012848,0.137676,-0.917083,-0.098823,-0.93548,1,0,0,0,0,0,0,0,0,0,0
2449,0.003591,0.008389,0.011335,0.010073,0.008333,0.000505,0.001712,-0.004658,-0.015741,-0.01459,0.00303,0.006397,0.007267,0.006902,0.004714,-0.000561,-0.001066,-0.002301,-0.002497,-0.002385,0.002497,0.00289,0.001094,-0.000758,-0.002301,0.003984,0.011111,0.010746,0.003339,0.004602,0.005696,0.014001,0.021156,0.024298,0.021717,0.000421,0.001936,0.002525,0.00491,0.020174,0.000307,0.001121,0.00152,0.003318,0.018242,0.003323,0.008709,0.014201,0.017805,0.017935,-0.001691,-0.004894,-0.008862,-0.011303,-0.013089,0.001283,0.005845,0.010903,0.011826,0.011638,0.137838,-0.926398,-0.0983,-0.937296,1,0,0,0,0,0,0,0,0,0,0
2450,0.003753,0.00605,0.007339,0.005378,0.004117,0.000952,-0.000224,-0.010112,-0.015629,-0.014705,0.001961,0.003725,0.00451,0.002577,0.001036,-0.000532,-0.001344,-0.001905,-0.001961,-0.001429,0.000672,0.000196,-0.002101,-0.004257,-0.005462,0.006918,0.007563,0.001344,2.8e-05,0.000784,0.003949,0.012044,0.017758,0.017282,0.014817,0.001457,0.001765,0.003557,0.008319,0.032127,0.001462,0.001122,0.002372,0.006791,0.029794,0.005576,0.00709,0.010384,0.014548,0.014386,-0.001439,-0.005295,-0.008504,-0.009989,-0.012683,0.003318,0.006023,0.00976,0.010341,0.010269,0.138307,-0.93571,-0.097926,-0.93792,1,0,0,0,0,0,0,0,0,0,0
2451,0.001035,0.003971,0.002712,0.000979,0.000475,0.000252,-0.006096,-0.017141,-0.015994,-0.015071,0.001398,0.002265,0.001901,-0.00028,-0.001202,2.8e-05,-0.001202,-0.001398,-0.001286,-0.000839,-0.00028,-0.002069,-0.003915,-0.005453,-0.006599,0.000196,-0.000168,-0.00755,-0.006291,-0.00316,0.004334,0.011464,0.014596,0.012024,0.01001,5.6e-05,0.000643,0.00302,0.018231,0.033275,-0.000649,-0.000251,0.001541,0.016414,0.030942,-0.000198,0.005275,0.008866,0.008996,0.011135,-0.001706,-0.00558,-0.007963,-0.009706,-0.011071,0.001175,0.006113,0.007014,0.006831,0.007682,0.137221,-0.935091,-0.097542,-0.938674,1,0,0,0,0,0,0,0,0,0,0
2452,0.001255,0.002537,0.000585,-0.000669,-0.000502,-0.001422,-0.011263,-0.016755,-0.015835,-0.014999,0.000362,0.001143,-0.000781,-0.002314,-0.003819,-0.000836,-0.001394,-0.00145,-0.00092,-0.000585,-0.000195,-0.002481,-0.004628,-0.005827,-0.006663,0.000446,-0.005743,-0.007053,-0.006301,-0.001422,0.003736,0.009423,0.008949,0.006496,0.005464,0.000251,0.002035,0.006774,0.030471,0.039364,0.000308,0.001552,0.005951,0.028845,0.037157,0.001705,0.004984,0.009128,0.008967,0.012899,-0.002061,-0.005167,-0.006603,-0.00921,-0.011025,0.001467,0.005082,0.005644,0.005575,0.006946,0.132108,-0.937605,-0.096927,-0.941681,1,0,0,0,0,0,0,0,0,0,0
2453,0.001667,0.000417,-0.001306,-0.001806,-0.002,-0.004889,-0.015862,-0.014723,-0.013806,-0.013473,0.0005,0.000139,-0.002028,-0.002945,-0.009223,-0.000389,-0.000583,-0.000472,-2.8e-05,0.000306,-0.001583,-0.003417,-0.004945,-0.006084,-0.006695,-0.000806,-0.008139,-0.006889,-0.003778,-0.000361,0.003361,0.006473,0.003917,0.001917,0.000278,0.000333,0.002695,0.017806,0.032752,0.046502,8.9e-05,0.001869,0.016644,0.031078,0.043403,0.003739,0.007306,0.007435,0.009561,0.012593,-0.00169,-0.003966,-0.005631,-0.006935,-0.01318,0.003286,0.004147,0.003971,0.004785,0.005476,0.125987,-0.942577,-0.099053,-0.945077,1,0,0,0,0,0,0,0,0,0,0
2454,-0.000388,-0.002327,-0.003573,-0.003407,-0.004321,-0.004903,-0.010359,-0.009445,-0.008614,-0.009972,0.000277,-0.001634,-0.003158,-0.004653,-0.014514,-0.000166,-0.000222,0.000305,0.000637,0.00072,-0.000692,-0.002825,-0.004016,-0.004847,-0.005318,-0.005346,-0.006648,-0.0059,-0.001053,0.000471,0.002299,0.001828,-0.000609,-0.001634,-0.005678,0.00144,0.006149,0.029693,0.038529,0.047698,0.001148,0.005518,0.028265,0.036523,0.044409,-0.00047,0.003648,0.003487,0.007394,0.010303,-0.001312,-0.002685,-0.005177,-0.006911,-0.013544,0.000236,0.000773,0.000706,0.002017,0.001836,0.12108,-0.941745,-0.102623,-0.947941,1,0,0,0,0,0,0,0,0,0,0
2455,-0.000856,-0.002569,-0.003067,-0.00326,-0.006216,-0.006023,-0.00489,-0.003978,-0.003647,-0.010526,-0.000635,-0.00279,-0.003702,-0.009946,-0.021466,-2.8e-05,8.3e-05,0.000525,0.000856,0.000746,-0.001133,-0.002652,-0.003785,-0.004393,-0.004779,-0.001962,-0.000718,0.002376,0.005774,0.002514,0.000801,-0.00174,-0.00373,-0.00536,-0.012183,0.000912,0.015941,0.030804,0.044479,0.048209,0.000625,0.01532,0.029675,0.041931,0.044905,0.004017,0.004145,0.006259,0.009274,0.013117,-0.000902,-0.002504,-0.003759,-0.009768,-0.014626,0.000597,0.000428,0.001211,0.001876,-0.000357,0.116372,-0.940898,-0.106767,-0.947027,1,0,0,0,0,0,0,0,0,0,0
2456,-0.001074,-0.002313,-0.002148,-0.003056,-0.006801,0.000578,0.001487,0.002313,0.000964,-0.012968,-0.001267,-0.002781,-0.004268,-0.01407,-0.028663,-2.8e-05,0.000496,0.000826,0.000909,-0.000771,-0.000991,-0.002175,-0.003001,-0.003469,-0.003221,0.000661,0.001404,0.006223,0.007737,-0.003249,-0.001267,-0.00369,-0.004708,-0.008728,-0.019907,0.003772,0.027176,0.035959,0.045073,0.05281,0.003721,0.026333,0.034541,0.04238,0.051092,9e-05,-6.9e-05,0.003814,0.006706,0.01002,-0.000436,-0.002826,-0.004489,-0.010849,-0.015409,-6.8e-05,-0.000132,0.001125,0.000951,-0.002729,0.114304,-0.944672,-0.111025,-0.943623,1,0,0,0,0,0,0,0,0,0,0
2457,-0.000632,-0.001126,-0.001318,-0.004256,-0.006563,0.000549,0.001455,0.001785,-0.005052,-0.022241,-0.000879,-0.001785,-0.00799,-0.019441,-0.033884,0.000137,0.000577,0.000906,0.000796,-0.00313,-0.000522,-0.001648,-0.002252,-0.002636,-0.001373,0.000577,0.003652,0.007029,0.003789,-0.012658,-0.001263,-0.00324,-0.00486,-0.011642,-0.023367,0.011176,0.025948,0.03954,0.043247,0.048876,0.010894,0.025161,0.037343,0.040298,0.049287,3.8e-05,0.002138,0.005136,0.008955,0.010048,-0.001108,-0.00231,-0.008067,-0.012722,-0.016789,-9.5e-05,0.000655,0.001292,-0.000848,-0.004298,0.109105,-0.945783,-0.11723,-0.939216,1,0,0,0,0,0,0,0,0,0,0
2458,-0.000602,-0.000438,-0.001342,-0.005066,-0.007557,0.000356,0.001177,-0.000164,-0.014019,-0.034528,-0.00063,-0.002108,-0.011856,-0.026368,-0.042907,0.000383,0.000712,0.000794,-0.000876,-0.00471,-0.000657,-0.001479,-0.001944,-0.001698,-0.00011,0.000164,0.004956,0.006462,-0.004463,-0.02656,-0.00115,-0.002163,-0.006161,-0.017278,-0.026122,0.01213,0.020865,0.029928,0.037622,0.037951,0.011623,0.019786,0.027581,0.036245,0.039177,-0.000196,0.003666,0.006542,0.009837,0.008682,-0.001213,-0.002813,-0.008931,-0.013318,-0.021374,3.2e-05,0.001241,0.001074,-0.002466,-0.006583,0.102499,-0.949147,-0.123594,-0.93405,1,0,0,0,0,0,0,0,0,0,0
2459,0.000109,-8.2e-05,-0.003001,-0.005293,-0.007967,0.000546,0.000873,-0.005921,-0.023001,-0.044584,-0.000273,-0.006439,-0.017817,-0.032169,-0.050586,5.5e-05,0.000382,0.000273,-0.003629,-0.006057,-0.000464,-0.001064,-0.001446,-0.000191,0.002347,0.002892,0.006248,0.003029,-0.013315,-0.035225,-0.000819,-0.002428,-0.009168,-0.020818,-0.028458,0.002592,0.016098,0.019782,0.025375,0.02532,0.002595,0.0147,0.017637,0.026568,0.027342,0.002283,0.005261,0.009057,0.010142,0.010382,3.3e-05,-0.005474,-0.009927,-0.013817,-0.024405,0.000686,0.001296,-0.000751,-0.004051,-0.009009,0.098913,-0.952387,-0.129009,-0.932332,1,0,0,0,0,0,0,0,0,0,0
2460,5.4e-05,-0.000841,-0.004532,-0.007002,-0.010069,0.000271,-0.001058,-0.014791,-0.03512,-0.054389,-0.001194,-0.010856,-0.02524,-0.041633,-0.059166,0.000271,0.000353,-0.001303,-0.005102,-0.007599,-0.000353,-0.000814,-0.00057,0.001004,0.004885,0.001873,0.003365,-0.007464,-0.029366,-0.044944,-0.00019,-0.004152,-0.015171,-0.023938,-0.033003,0.006079,0.015063,0.022689,0.023015,0.023042,0.00551,0.013237,0.021824,0.02473,0.026083,0.001557,0.004408,0.007674,0.006529,0.010996,-0.001536,-0.007286,-0.011409,-0.018982,-0.027149,0.000475,0.000318,-0.00301,-0.006878,-0.012937,0.098883,-0.959861,-0.135241,-0.933615,1,0,0,0,0,0,0,0,0,0,0
2461,-0.000243,-0.003132,-0.0054,-0.008046,-0.013122,5.4e-05,-0.006669,-0.02357,-0.044927,-0.062557,-0.004914,-0.016173,-0.030374,-0.048599,-0.064069,5.4e-05,-5.4e-05,-0.003915,-0.006318,-0.009504,-0.000243,-0.000621,0.000621,0.003132,0.006966,0.001458,-0.001728,-0.017901,-0.039581,-0.056699,-0.001404,-0.008073,-0.019601,-0.027161,-0.038852,0.007317,0.010962,0.016497,0.016443,0.016713,0.006497,0.009403,0.018241,0.019007,0.021942,0.001398,0.005154,0.006228,0.006466,0.008075,-0.003636,-0.007772,-0.011386,-0.021222,-0.025047,0.000108,-0.001793,-0.004859,-0.009465,-0.017565,0.100855,-0.960923,-0.139466,-0.928099,1,0,0,0,0,0,0,0,0,0,0
2462,-0.000645,-0.004301,-0.006747,-0.009784,-0.015537,-0.001371,-0.014972,-0.035105,-0.05419,-0.069377,-0.004677,-0.018924,-0.035159,-0.052524,-0.062469,2.7e-05,-0.001613,-0.005376,-0.007849,-0.011827,-0.000215,2.7e-05,0.001586,0.00543,0.008064,2.7e-05,-0.010698,-0.03239,-0.04782,-0.069297,-0.002527,-0.01344,-0.022122,-0.0311,-0.041987,0.001613,0.009166,0.009489,0.009516,0.005215,0.001184,0.00969,0.012567,0.013907,0.013707,0.001431,0.004666,0.003532,0.007957,0.002828,-0.001851,-0.005705,-0.012784,-0.020419,-0.019541,-0.000252,-0.003362,-0.006979,-0.012642,-0.020779,0.101851,-0.958589,-0.142934,-0.923251,1,0,0,0,0,0,0,0,0,0,0
2463,-0.002217,-0.004461,-0.007078,-0.0121,-0.016774,-0.005289,-0.02201,-0.043138,-0.06058,-0.073588,-0.006491,-0.020541,-0.03857,-0.053876,-0.060313,-0.000134,-0.003953,-0.00633,-0.009482,-0.016534,-0.00016,0.001068,0.003553,0.007345,0.008788,-0.003179,-0.019178,-0.040627,-0.057562,-0.075298,-0.004087,-0.015492,-0.022971,-0.034537,-0.043218,0.002003,0.007479,0.007426,0.007693,-0.004755,0.001698,0.010441,0.011199,0.014103,0.009041,0.002293,0.003356,0.003591,0.005183,0.001359,-0.002066,-0.005418,-0.014542,-0.018089,-0.015594,-0.001523,-0.004366,-0.008639,-0.016152,-0.021759,0.102882,-0.954347,-0.144329,-0.921555,1,0,0,0,0,0,0,0,0,0,0
2464,-0.001406,-0.003821,-0.006819,-0.012497,-0.015389,-0.008172,-0.028045,-0.046883,-0.061874,-0.074371,-0.007615,-0.023641,-0.040781,-0.050598,-0.055825,-0.001486,-0.0052,-0.007641,-0.011568,-0.025312,0.000398,0.001937,0.005731,0.008331,0.008995,-0.007429,-0.028841,-0.044071,-0.06527,-0.075671,-0.006713,-0.015283,-0.024145,-0.03489,-0.041603,0.005466,0.005784,0.005811,0.001565,-0.021385,0.006709,0.009549,0.010872,0.010674,0.001742,0.000915,-0.000204,0.004163,-0.000899,0.001691,-0.001548,-0.00801,-0.01498,-0.014179,-0.012045,-0.001387,-0.004688,-0.009859,-0.017287,-0.019836,0.101851,-0.942688,-0.144655,-0.921071,1,0,0,0,0,0,0,0,0,0,0
2465,-0.000813,-0.003383,-0.008314,-0.012904,-0.014504,-0.008341,-0.029087,-0.046215,-0.058988,-0.068089,-0.006269,-0.023973,-0.039002,-0.045323,-0.049362,-0.002282,-0.004616,-0.007711,-0.014636,-0.029455,0.000813,0.003252,0.006977,0.008393,0.008498,-0.008367,-0.029428,-0.046057,-0.063473,-0.070896,-0.004564,-0.011908,-0.023265,-0.031789,-0.036772,-2.6e-05,-7.9e-05,0.000184,-0.012039,-0.035408,0.001954,0.002698,0.005549,0.000579,-0.007768,0.000138,0.000369,0.001933,-0.001823,9.1e-05,-0.001523,-0.009554,-0.012677,-0.01048,-0.009016,-0.001224,-0.004985,-0.011598,-0.016534,-0.01762,0.100604,-0.936099,-0.144756,-0.918065,1,0,0,0,0,0,0,0,0,0,0
2466,-0.001558,-0.004491,-0.010046,-0.012876,-0.013836,-0.011188,-0.029619,-0.044286,-0.056512,-0.058926,-0.009475,-0.026244,-0.035849,-0.040963,-0.044364,-0.001376,-0.003764,-0.007606,-0.021053,-0.033746,0.000701,0.004413,0.006957,0.007606,0.00784,-0.012668,-0.027568,-0.048309,-0.058485,-0.061444,-0.003868,-0.012538,-0.023051,-0.029619,-0.034837,0.000337,0.000363,-0.00379,-0.026244,-0.041352,0.000845,0.002139,0.001946,-0.006793,-0.008936,-0.001233,0.00304,-0.001912,0.000622,0.000263,-0.004128,-0.010109,-0.009422,-0.007591,-0.006228,-0.001695,-0.006131,-0.012506,-0.014693,-0.015591,0.103266,-0.93191,-0.144879,-0.918568,1,0,0,0,0,0,0,0,0,0,0
2467,-0.000982,-0.005842,-0.010366,-0.011943,-0.012796,-0.009306,-0.026187,-0.038777,-0.047747,-0.047592,-0.008014,-0.022826,-0.029057,-0.033038,-0.036734,-0.000931,-0.003981,-0.010806,-0.025412,-0.037122,0.001706,0.005377,0.006773,0.006876,0.0076,-0.008143,-0.024533,-0.041698,-0.049014,-0.048031,-0.003386,-0.01458,-0.022982,-0.027893,-0.032805,-0.000388,-0.000129,-0.012176,-0.035209,-0.045213,-0.000109,0.002702,-0.002197,-0.010424,-0.008567,0.001455,0.002996,-0.000705,0.001181,0.002238,-0.003246,-0.006067,-0.004083,-0.002759,-0.002159,-0.001752,-0.007727,-0.012187,-0.013167,-0.014165,0.103772,-0.929095,-0.144971,-0.917431,1,0,0,0,0,0,0,0,0,0,0
2468,-0.001931,-0.00744,-0.010247,-0.011199,-0.012255,-0.009011,-0.023557,-0.035683,-0.038077,-0.04024,-0.00865,-0.018176,-0.023248,-0.02662,-0.030508,-0.001442,-0.005252,-0.018588,-0.031177,-0.043303,0.001982,0.004505,0.005149,0.005381,0.007209,-0.006668,-0.027238,-0.03733,-0.040265,-0.040265,-0.005226,-0.015653,-0.022167,-0.027341,-0.029864,0.000412,-0.003707,-0.025977,-0.04096,-0.045981,0.001391,0.0012,-0.007467,-0.009593,-0.00274,0.002789,-0.002123,0.00039,3.4e-05,0.002616,-0.002491,-0.001841,-0.000114,0.001172,-0.000304,-0.002485,-0.008501,-0.010565,-0.011413,-0.013141,0.104032,-0.930612,-0.145505,-0.91809,1,0,0,0,0,0,0,0,0,0,0
2469,-0.002908,-0.00741,-0.00898,-0.009829,-0.010344,-0.007796,-0.020327,-0.029256,-0.029101,-0.031546,-0.006098,-0.012299,-0.016262,-0.019941,-0.023544,-0.001595,-0.008388,-0.022926,-0.034582,-0.047113,0.001672,0.003062,0.003165,0.003885,0.007102,-0.009649,-0.026734,-0.034016,-0.033038,-0.032781,-0.005918,-0.014281,-0.019169,-0.024058,-0.025036,-0.000154,-0.012145,-0.035071,-0.045029,-0.04701,0.001407,-0.00347,-0.011658,-0.009809,0.000293,-0.001254,-0.004938,-0.00306,-0.002007,0.001248,-0.00025,0.001671,0.002952,0.003533,0.000908,-0.003308,-0.007624,-0.008574,-0.00954,-0.011806,0.1042,-0.932014,-0.146222,-0.917447,1,0,0,0,0,0,0,0,0,0,0
2470,-0.002586,-0.005377,-0.006324,-0.007374,-0.007169,-0.006708,-0.018768,-0.021149,-0.0233,-0.023351,-0.003405,-0.008449,-0.011804,-0.01567,-0.018358,-0.002202,-0.015465,-0.027985,-0.040045,-0.046932,0.000845,0.001485,0.001715,0.003533,0.009089,-0.010856,-0.020893,-0.023812,-0.023812,-0.022608,-0.004481,-0.010959,-0.016105,-0.018614,-0.019331,-0.003943,-0.026091,-0.040992,-0.045985,-0.045985,-0.00159,-0.01021,-0.012324,-0.005508,0.001063,-0.003637,-0.001138,-0.001492,0.001075,0.003185,0.000866,0.002529,0.003766,0.002345,0.000455,-0.002594,-0.00458,-0.005396,-0.007058,-0.010544,0.10443,-0.931802,-0.148321,-0.915499,1,0,0,0,0,0,0,0,0,0,0
2471,-0.001889,-0.003447,-0.00429,-0.0048,-0.003753,-0.005745,-0.014605,-0.014452,-0.016877,-0.017056,-0.002758,-0.00669,-0.010341,-0.013916,-0.015116,-0.004545,-0.018971,-0.030538,-0.042972,-0.046343,0.000536,0.000638,0.001353,0.004545,0.012971,-0.006128,-0.013354,-0.012384,-0.012128,-0.011183,-0.00383,-0.008681,-0.013533,-0.014503,-0.015116,-0.007966,-0.030716,-0.040598,-0.042564,-0.041517,-0.003253,-0.011378,-0.009544,0.000481,0.004786,-2.8e-05,0.001835,0.002879,0.006109,0.008463,0.000971,0.002184,0.002734,0.000248,-0.00052,-0.001546,-0.002445,-0.00336,-0.005508,-0.010339,0.10446,-0.932316,-0.150028,-0.912734,1,0,0,0,0,0,0,0,0,0,0
2472,-0.000891,-0.001833,-0.002877,-0.002673,0.000407,-0.006263,-0.008631,-0.010769,-0.01082,-0.011533,-0.002266,-0.005601,-0.009445,-0.012119,-0.011839,-0.008656,-0.021106,-0.033097,-0.039946,-0.04295,0.000102,0.000331,0.002139,0.007663,0.018229,-0.00387,-0.006772,-0.006772,-0.005576,-0.00303,-0.002622,-0.00774,-0.010235,-0.010948,-0.0111,-0.014079,-0.028896,-0.033861,-0.033861,-0.033275,-0.005327,-0.007429,-0.000652,0.005882,0.009497,0.002514,0.002161,0.004714,0.006812,0.011337,0.000647,0.001836,0.00047,-0.001346,-0.001362,-0.000394,-0.001178,-0.002776,-0.006127,-0.010762,0.104611,-0.933477,-0.152577,-0.913832,1,0,0,0,0,0,0,0,0,0,0
2473,-0.000659,-0.001495,-0.002002,-0.000963,0.004207,-0.00256,-0.002408,-0.004815,-0.004992,-0.006386,-0.001647,-0.005271,-0.008819,-0.01001,-0.009225,-0.005702,-0.017182,-0.029524,-0.032869,-0.033731,0.0,0.00071,0.003877,0.01224,0.024025,-0.00332,-0.002357,-0.002103,-0.001166,0.00109,-0.002205,-0.00702,-0.007983,-0.008591,-0.008236,-0.008566,-0.018373,-0.020325,-0.019286,-0.01888,-0.002762,-0.000941,0.009009,0.013282,0.014593,-0.000653,0.000384,0.00359,0.005925,0.010725,0.000525,0.001047,-0.001312,-0.002041,-0.001863,-0.000472,-0.00134,-0.003378,-0.007963,-0.011944,0.104841,-0.932966,-0.1519,-0.915137,1,0,0,0,0,0,0,0,0,0,0
2474,-0.000278,-0.001313,-0.001111,0.001945,0.010861,0.000202,-0.00192,-0.00197,-0.002677,-0.004395,-0.001667,-0.005481,-0.008133,-0.007855,-0.007274,-0.006668,-0.018565,-0.025359,-0.02834,-0.028921,0.000227,0.002021,0.007502,0.017984,0.030436,0.000429,0.000429,0.001617,0.004142,0.005582,-0.002879,-0.005355,-0.006062,-0.006214,-0.005304,-0.006163,-0.011088,-0.011088,-0.010507,-0.007982,0.000667,0.007391,0.013873,0.01746,0.0205,0.000301,0.002834,0.004915,0.009405,0.013167,0.000612,-0.00068,-0.002398,-0.002414,-0.002897,-0.000281,-0.001792,-0.004962,-0.009347,-0.011302,0.106292,-0.937252,-0.150728,-0.915216,1,0,0,0,0,0,0,0,0,0,0
2475,-0.000554,-0.001057,-2.5e-05,0.00511,0.016011,-5e-05,-0.002442,-0.002618,-0.004003,-0.009466,-0.001938,-0.005463,-0.006646,-0.005866,-0.003726,-0.004758,-0.017018,-0.020341,-0.021197,-0.023765,0.000478,0.003625,0.011933,0.023639,0.034892,0.000529,0.00078,0.001712,0.003952,0.007326,-0.001913,-0.00287,-0.003474,-0.003122,-0.000201,-0.0036,-0.005538,-0.004506,-0.004103,-0.001687,0.001143,0.011027,0.015272,0.016575,0.021422,0.00073,0.003915,0.006235,0.011002,0.019747,-0.0001,-0.002352,-0.003047,-0.002877,-0.003809,-0.000555,-0.0025,-0.006876,-0.010676,-0.009729,0.106019,-0.939672,-0.147293,-0.918058,1,0,0,0,0,0,0,0,0,0,0
2476,-0.000476,-0.000275,0.002753,0.011589,0.023728,-0.002052,-0.002102,-0.002803,-0.004505,-0.009161,-0.001852,-0.00448,-0.004205,-0.003629,0.002378,-0.007058,-0.013791,-0.016745,-0.01732,-0.019648,0.001302,0.006733,0.01712,0.02946,0.041799,-0.000526,0.000651,0.003154,0.00458,0.015293,-0.000551,-0.001251,-0.001402,-0.000501,0.004931,-0.001302,-0.001302,-0.000726,0.001777,0.005957,0.005526,0.011949,0.015504,0.018517,0.025045,0.001784,0.003846,0.008296,0.012024,0.027158,-0.001117,-0.002729,-0.002744,-0.003197,-0.003347,-0.000886,-0.00386,-0.007974,-0.009808,-0.007892,0.107818,-0.941976,-0.144062,-0.923434,1,0,0,0,0,0,0,0,0,0,0
2477,-2.5e-05,0.000996,0.006074,0.016853,0.03057,-0.000324,-0.000498,-0.001867,-0.007269,-0.007891,-0.001643,-0.002813,-0.002041,7.5e-05,0.007742,-0.005103,-0.008389,-0.009236,-0.011775,-0.012696,0.001817,0.010032,0.021608,0.032736,0.04568,0.000772,0.001693,0.003908,0.007244,0.017102,-0.000398,-0.000996,-0.000647,0.00224,0.010455,-0.000622,0.000398,0.000797,0.003186,0.007418,0.004278,0.008476,0.009764,0.014556,0.019603,0.001374,0.003669,0.008383,0.01703,0.02719,-0.001007,-0.00165,-0.001493,-0.002355,-0.00316,-0.000946,-0.004991,-0.008505,-0.00763,-0.005613,0.107529,-0.940995,-0.14094,-0.922819,1,0,0,0,0,0,0,0,0,0,0
2478,0.000223,0.003215,0.011946,0.023942,0.041502,0.000272,-0.00042,-0.002102,-0.006703,-0.00737,-0.000965,-0.000693,-0.000124,0.005812,0.017635,-0.001583,-0.004501,-0.00507,-0.00737,-0.009473,0.003562,0.013826,0.026019,0.038213,0.056589,0.000396,0.002869,0.004279,0.014865,0.024436,-0.000297,-0.000445,0.000445,0.005812,0.016423,0.000618,0.001187,0.00366,0.007791,0.00789,0.002097,0.00561,0.008587,0.015038,0.017374,0.000672,0.005069,0.008752,0.023708,0.033924,-0.000521,-0.000534,-0.000952,-0.001089,-0.000467,-0.001832,-0.005617,-0.007305,-0.005542,-0.00478,0.110357,-0.940875,-0.143288,-0.929143,1,0,0,0,0,0,0,0,0,0,0
2479,0.000787,0.005803,0.01645,0.029999,0.047899,-0.000443,-0.001795,-0.007131,-0.007746,-0.008532,-0.000197,0.000566,0.002656,0.010229,0.024933,-0.001672,-0.002508,-0.005016,-0.005926,-0.010868,0.004574,0.016007,0.026999,0.039785,0.061792,0.000516,0.002705,0.006,0.015737,0.033466,-0.000295,4.9e-05,0.002902,0.011016,0.020827,0.000393,0.000787,0.003147,0.007328,0.009467,0.002061,0.003334,0.008068,0.013052,0.020695,0.001598,0.006255,0.014796,0.024832,0.043785,-9e-05,5.4e-05,-0.000736,-0.001475,0.001072,-0.001952,-0.005175,-0.004373,-0.002522,-0.003051,0.115864,-0.944985,-0.140699,-0.941628,1,0,0,0,0,0,0,0,0,0,0
2480,0.002176,0.010805,0.022662,0.040019,0.063023,-0.000244,-0.001907,-0.006454,-0.007114,-0.00753,0.000464,0.001027,0.006894,0.018579,0.03645,-0.001222,-0.001785,-0.004058,-0.006136,-0.012639,0.005598,0.01765,0.029702,0.047866,0.077984,0.001931,0.003325,0.013788,0.023249,0.038845,0.000147,0.001027,0.006332,0.016819,0.029849,0.000171,0.002616,0.006698,0.006796,0.007847,0.001423,0.004365,0.010742,0.013051,0.021176,0.002757,0.006398,0.02118,0.031278,0.048334,7.4e-05,-0.00031,-0.000437,0.000137,0.002644,-0.001614,-0.003169,-0.001545,-0.000843,-0.004404,0.117162,-0.945383,-0.147484,-0.946712,1,0,0,0,0,0,0,0,0,0,0
2481,0.002803,0.013357,0.026786,0.04453,0.075533,-0.001097,-0.006386,-0.006995,-0.007775,-0.007093,0.000292,0.002364,0.009871,0.024447,0.047528,0.00039,-0.002096,-0.002998,-0.007897,-0.015575,0.005752,0.016647,0.029321,0.051135,0.088037,0.000244,0.00351,0.013162,0.030735,0.043019,0.000195,0.003022,0.011066,0.020791,0.038412,0.000219,0.002559,0.006703,0.008823,0.005362,-0.000157,0.004535,0.009476,0.017052,0.021972,0.001867,0.010334,0.020281,0.039068,0.051565,6.3e-05,-0.00068,-0.001375,0.00102,0.004248,-0.00145,-0.000695,0.001045,0.000548,-0.002576,0.117105,-0.942115,-0.148029,-0.952306,1,0,0,0,0,0,0,0,0,0,0
2482,0.005773,0.017538,0.034761,0.057587,0.086963,-0.000558,-0.00507,-0.005725,-0.006137,-0.005895,0.000267,0.006089,0.017684,0.035416,0.057781,-0.000946,-0.003202,-0.005264,-0.011716,-0.023675,0.006234,0.018193,0.036216,0.066102,0.096157,0.00114,0.011522,0.02091,0.036386,0.049097,0.000679,0.005943,0.01635,0.029279,0.047011,0.002207,0.006258,0.006355,0.007399,0.001577,0.003076,0.009403,0.011695,0.019757,0.026482,0.001755,0.016422,0.026442,0.043366,0.055739,-0.000425,-0.000545,-2e-06,0.002373,0.004846,-7.1e-05,0.001468,0.002133,-0.00124,0.000377,0.1188,-0.941267,-0.144821,-0.959183,1,0,0,0,0,0,0,0,0,0,0
2483,0.004712,0.018025,0.035616,0.066351,0.092544,-0.004688,-0.005292,-0.006065,-0.005388,-0.005944,0.001788,0.00923,0.02368,0.046562,0.065723,-0.001522,-0.002416,-0.007273,-0.014884,-0.029406,0.004591,0.017156,0.038781,0.075364,0.103804,0.002102,0.011671,0.029092,0.04127,0.051153,0.002126,0.0101,0.019741,0.037211,0.053182,0.000121,0.004228,0.006331,0.0029,-0.001474,0.001588,0.006486,0.013996,0.018874,0.029375,0.006646,0.016507,0.035132,0.047521,0.058196,-0.000286,-0.000939,0.001314,0.004352,0.005504,0.000779,0.002416,0.001949,-0.000991,-0.001311,0.122661,-0.94902,-0.144071,-0.967775,1,0,0,0,0,0,0,0,0,0,0
2484,0.006996,0.024123,0.046822,0.076034,0.100712,0.000193,-0.000458,-0.000868,-0.000627,-0.002219,0.004004,0.015535,0.033169,0.05541,0.07396,-0.000724,-0.002774,-0.009191,-0.021083,-0.034785,0.007309,0.025232,0.054951,0.084839,0.112677,0.008226,0.017561,0.032951,0.045592,0.048728,0.003112,0.01346,0.026318,0.043951,0.0598,0.003908,0.004004,0.005042,-0.000748,-0.002846,0.004707,0.006986,0.015003,0.021691,0.033563,0.007952,0.017916,0.034746,0.04705,0.05229,0.000167,0.00069,0.002974,0.005352,0.006065,0.000709,0.001349,-0.001894,-0.000339,-0.002524,0.124862,-0.953168,-0.144263,-0.972036,1,0,0,0,0,0,0,0,0,0,0
2485,0.006269,0.023754,0.054306,0.080341,0.10789,-0.000793,-0.001561,-0.000889,-0.001441,-0.01052,0.003411,0.017774,0.040519,0.059566,0.081638,-0.000168,-0.004996,-0.012562,-0.026997,-0.045611,0.005212,0.026708,0.063072,0.091342,0.118795,0.001321,0.018638,0.030744,0.040567,0.040087,0.004828,0.014411,0.031776,0.047652,0.064609,0.000192,0.002282,-0.001129,-0.005476,-0.017125,0.000183,0.007648,0.012497,0.022935,0.030587,0.001885,0.020399,0.032714,0.043325,0.051751,-0.000789,0.001373,0.004285,0.00539,0.00844,0.000882,0.000433,-0.002386,-0.002692,-0.000903,0.126465,-0.948279,-0.145078,-0.976521,1,0,0,0,0,0,0,0,0,0,0
2486,0.010739,0.033244,0.062207,0.086673,0.115899,0.000143,-0.000263,-2.4e-05,-0.001602,-0.017411,0.008036,0.025519,0.04757,0.065962,0.088467,-0.001865,-0.008227,-0.020018,-0.033603,-0.052186,0.01258,0.042045,0.071678,0.099277,0.127092,0.00794,0.023199,0.035731,0.03884,0.038458,0.005453,0.0182,0.035683,0.051397,0.06931,-9.6e-05,0.000933,-0.004807,-0.006888,-0.023486,0.002078,0.010027,0.016657,0.028428,0.031083,0.008001,0.024688,0.036887,0.042082,0.056973,0.001258,0.003409,0.005648,0.00632,0.009463,-0.000253,-0.003308,-0.001843,-0.003901,0.000546,0.126099,-0.94524,-0.143914,-0.980527,1,0,0,0,0,0,0,0,0,0,0
2487,0.006653,0.036984,0.062833,0.090184,0.117296,-0.000906,-0.000238,-0.000787,-0.009801,-0.02406,0.006248,0.028829,0.047739,0.069653,0.091066,-0.002933,-0.010444,-0.024776,-0.043256,-0.060091,0.008799,0.044901,0.072967,0.100223,0.124188,0.009276,0.021294,0.031047,0.03057,0.030308,0.004078,0.021318,0.03708,0.053915,0.070631,0.00217,-0.001216,-0.005532,-0.017097,-0.033002,0.00534,0.010154,0.020517,0.028114,0.029778,0.010403,0.022629,0.033164,0.041529,0.054724,0.000823,0.003592,0.004642,0.007542,0.01088,-0.000178,-0.002858,-0.00315,-0.001448,0.00481,0.127239,-0.936331,-0.141265,-0.981833,1,0,0,0,0,0,0,0,0,0,0
2488,0.015763,0.044598,0.068957,0.098054,0.121126,0.0005,0.000738,-0.000833,-0.016572,-0.035693,0.011167,0.033121,0.051432,0.073838,0.093529,-0.003405,-0.015144,-0.028668,-0.04717,-0.061123,0.020549,0.050051,0.077528,0.105221,0.122388,0.005929,0.018406,0.021501,0.02112,0.018025,0.00862,0.026025,0.041669,0.059504,0.073838,-0.001143,-0.006858,-0.008929,-0.025454,-0.039526,0.002581,0.009183,0.020901,0.023545,0.02429,0.006226,0.018371,0.023543,0.038368,0.053119,0.001271,0.003442,0.004094,0.00714,0.01106,-0.002785,-0.001365,-0.00336,0.000951,0.011074,0.127871,-0.931721,-0.137514,-0.979421,1,0,0,0,0,0,0,0,0,0,0
2489,0.014473,0.040193,0.067407,0.094384,0.114172,0.000166,-0.00038,-0.009348,-0.023537,-0.04807,0.011341,0.030156,0.051961,0.073267,0.089924,-0.004081,-0.018341,-0.036729,-0.05348,-0.059815,0.015446,0.043372,0.070491,0.094337,0.111254,0.00605,0.015754,0.01528,0.015019,-0.002183,0.008565,0.024249,0.040999,0.057632,0.073244,-0.00223,-0.006525,-0.018032,-0.033858,-0.037986,0.002218,0.012529,0.020088,0.021744,0.024092,0.005962,0.016444,0.024768,0.037897,0.044627,0.001434,0.002448,0.005248,0.008471,0.008944,0.000129,-0.000153,0.00149,0.007533,0.012345,0.126888,-0.932259,-0.136643,-0.965392,1,0,0,0,0,0,0,0,0,0,0
2490,0.014144,0.038219,0.066978,0.089782,0.111481,7.1e-05,-0.001483,-0.017039,-0.035937,-0.056529,0.010449,0.028547,0.050692,0.070155,0.086488,-0.007554,-0.020922,-0.039208,-0.052999,-0.060012,0.013838,0.040996,0.068366,0.085334,0.107904,0.006331,0.00939,0.009014,0.005954,-0.012685,0.008708,0.024169,0.041796,0.055964,0.072909,-0.003436,-0.005483,-0.021816,-0.035725,-0.034877,0.004325,0.015907,0.01852,0.019257,0.026909,0.00609,0.011203,0.025855,0.040435,0.042506,0.000646,0.001246,0.004053,0.007665,0.006306,0.001186,-0.000652,0.00332,0.012648,0.012033,0.126793,-0.935387,-0.13746,-0.961889,1,0,0,0,0,0,0,0,0,0,0
2491,0.011282,0.038074,0.064632,0.084113,0.110344,-0.000607,-0.009437,-0.023405,-0.047557,-0.064399,0.008152,0.029618,0.050594,0.066991,0.084697,-0.00654,-0.024643,-0.041134,-0.047371,-0.05599,0.013758,0.040456,0.063932,0.080586,0.106233,0.00327,0.002803,0.002546,-0.014389,-0.022307,0.006797,0.023288,0.039662,0.055032,0.072317,-0.000818,-0.012146,-0.027726,-0.031791,-0.031043,0.005859,0.0133,0.014931,0.017242,0.026551,0.004275,0.012469,0.025395,0.03202,0.040723,0.000296,0.002805,0.005694,0.006118,0.005339,-0.001378,9.4e-05,0.00551,0.009823,0.012228,0.12629,-0.939318,-0.138809,-0.96066,1,0,0,0,0,0,0,0,0,0,0
2492,0.012581,0.04105,0.063625,0.085105,0.1105,-0.000932,-0.016331,-0.035039,-0.055425,-0.063206,0.009785,0.031708,0.050975,0.067143,0.085175,-0.00671,-0.024812,-0.038464,-0.045407,-0.056147,0.013163,0.040258,0.057055,0.079398,0.102695,-0.000233,-0.000606,-0.003634,-0.022086,-0.025417,0.008527,0.025977,0.040002,0.056776,0.07376,-0.001211,-0.01738,-0.031149,-0.03031,-0.029867,0.005623,0.008209,0.008939,0.016514,0.027719,0.000797,0.015302,0.029735,0.031785,0.035831,0.000269,0.002884,0.006249,0.004983,0.004386,-0.000359,0.003341,0.012031,0.011459,0.014739,0.125174,-0.940716,-0.138533,-0.960329,1,0,0,0,0,0,0,0,0,0,0
2493,0.014069,0.040423,0.059754,0.085784,0.106598,-0.007834,-0.021695,-0.045662,-0.062373,-0.062026,0.011566,0.03238,0.048652,0.066221,0.080777,-0.011288,-0.027652,-0.033841,-0.042393,-0.060797,0.013397,0.036692,0.053218,0.078668,0.096492,-0.000232,-0.000487,-0.017291,-0.025149,-0.025774,0.007881,0.024129,0.03938,0.056532,0.070393,-0.010036,-0.025496,-0.029529,-0.028788,-0.030526,0.001791,0.003408,0.005702,0.014939,0.0315,0.007338,0.020164,0.026739,0.035375,0.033933,0.002118,0.004855,0.005256,0.004518,0.002948,0.001742,0.006872,0.010958,0.013237,0.016431,0.127434,-0.942739,-0.137831,-0.960357,1,0,0,0,0,0,0,0,0,0,0
2494,0.014167,0.036488,0.057727,0.082836,0.101517,-0.00744,-0.025938,-0.046094,-0.053788,-0.056045,0.010182,0.029232,0.045219,0.063048,0.073253,-0.00668,-0.020179,-0.027044,-0.037663,-0.054709,0.013476,0.030084,0.052175,0.075211,0.087166,-0.000138,-0.003133,-0.021377,-0.024671,-0.026007,0.009422,0.023289,0.039874,0.056667,0.067264,-0.006012,-0.019626,-0.018797,-0.018359,-0.020041,0.000778,0.001499,0.008989,0.020068,0.035178,0.007049,0.02132,0.023347,0.027347,0.027217,0.000388,0.003497,0.002327,0.001776,-0.000543,0.001751,0.00978,0.009251,0.012282,0.019725,0.127458,-0.944681,-0.13398,-0.960835,1,0,0,0,0,0,0,0,0,0,0
2495,0.011938,0.03101,0.056692,0.077228,0.093534,-0.006289,-0.029935,-0.046424,-0.046081,-0.051364,0.010428,0.026482,0.043817,0.058178,0.068058,-0.009513,-0.015619,-0.024058,-0.042216,-0.052804,0.009605,0.02591,0.05102,0.068607,0.078257,-0.000114,-0.016694,-0.024447,-0.025064,-0.026597,0.006678,0.021725,0.038648,0.052324,0.063598,-0.009285,-0.013264,-0.012532,-0.014247,-0.01443,0.000824,0.003087,0.012201,0.028541,0.038603,0.005657,0.012143,0.020664,0.019241,0.021944,0.002122,0.002488,0.001816,0.000387,-0.002115,0.003005,0.006724,0.008798,0.011705,0.019231,0.125816,-0.943785,-0.130344,-0.960995,1,0,0,0,0,0,0,0,0,0,0
2496,0.010129,0.031022,0.055722,0.0741,0.086246,-0.011965,-0.031793,-0.039361,-0.041582,-0.04659,0.008407,0.024133,0.041673,0.051711,0.062475,-0.003852,-0.010605,-0.021052,-0.03782,-0.047904,0.006821,0.028552,0.051213,0.062973,0.071335,-0.002833,-0.02078,-0.02402,-0.025334,-0.026558,0.007025,0.02334,0.03986,0.050284,0.063041,-0.004192,-0.003376,-0.002946,-0.0046,-0.00673,-0.000107,0.007261,0.01816,0.033023,0.040582,0.008433,0.010427,0.014362,0.014235,0.017437,0.000781,-0.000262,-0.000753,-0.00282,-0.005465,0.004339,0.003867,0.006569,0.013204,0.017567,0.123116,-0.940442,-0.123926,-0.95797,1,0,0,0,0,0,0,0,0,0,0
2497,0.008679,0.033863,0.054001,0.069991,0.081921,-0.011347,-0.027516,-0.02718,-0.03236,-0.038101,0.007423,0.024422,0.038505,0.048193,0.058643,-0.002175,-0.01045,-0.028256,-0.03864,-0.046713,0.009239,0.033863,0.051108,0.060572,0.067143,-0.013455,-0.021058,-0.021663,-0.023166,-0.023368,0.007804,0.024399,0.03781,0.048866,0.061962,0.000247,0.000964,-0.000718,-0.000897,-0.005449,0.002325,0.011262,0.027285,0.037153,0.040241,-0.001985,0.00637,0.004975,0.007626,0.012375,-0.000407,-0.000993,-0.002239,-0.004421,-0.006939,-0.000791,0.001017,0.003552,0.010115,0.016046,0.120301,-0.937371,-0.119285,-0.957054,1,0,0,0,0,0,0,0,0,0,0
2498,0.011889,0.036111,0.054133,0.066044,0.076088,-0.0082,-0.015622,-0.0178,-0.022711,-0.030155,0.008067,0.025266,0.035111,0.045666,0.053422,-0.004467,-0.014711,-0.031155,-0.041044,-0.046777,0.012155,0.034377,0.045911,0.054111,0.0582,-0.004267,-0.007444,-0.008733,-0.009933,-0.0098,0.008267,0.024466,0.034689,0.0472,0.056155,0.000556,0.000978,-0.000644,-0.002733,-0.007311,0.004921,0.015609,0.030185,0.037598,0.038565,0.003923,0.007781,0.007656,0.010796,0.01752,-0.000528,-0.000956,-0.002759,-0.005065,-0.006102,0.00033,0.002687,0.008474,0.012279,0.018827,0.121426,-0.936155,-0.114258,-0.955559,1,0,0,0,0,0,0,0,0,0,0
2499,0.012986,0.032819,0.048566,0.060315,0.067537,-0.007774,-0.007443,-0.012545,-0.018198,-0.02319,0.008724,0.022593,0.032134,0.042426,0.048588,-0.00371,-0.021246,-0.031472,-0.039423,-0.048787,0.012169,0.029153,0.038473,0.044944,0.044834,-0.003247,-0.003843,-0.005323,-0.005521,-0.00455,0.008127,0.021335,0.032223,0.045121,0.049516,0.000155,-0.001502,-0.001678,-0.006162,-0.019722,0.00391,0.01969,0.029408,0.032449,0.028561,0.00433,0.002957,0.005567,0.010243,0.015257,-2.1e-05,-0.001141,-0.003101,-0.005363,-0.003643,0.001308,0.003586,0.009483,0.014812,0.022404,0.122435,-0.929194,-0.109963,-0.956444,1,0,0,0,0,0,0,0,0,0,0
2500,0.011045,0.028888,0.040681,0.050626,0.058172,0.000396,-0.00176,-0.006623,-0.013993,-0.016919,0.008339,0.018085,0.028536,0.036215,0.041011,-0.006446,-0.022728,-0.032519,-0.038195,-0.048998,0.009879,0.021298,0.029416,0.033465,0.034301,8.8e-05,-0.001188,-0.002376,-0.002244,0.001452,0.007943,0.018063,0.03045,0.039317,0.042309,0.000264,-0.001342,-0.00341,-0.007943,-0.027018,0.006686,0.021118,0.028457,0.029414,0.021502,-0.000493,-0.000617,0.002492,0.009149,0.014937,-0.000379,-0.00206,-0.004211,-0.005178,-0.003057,0.000924,0.006321,0.00987,0.015977,0.022986,0.122638,-0.926518,-0.110299,-0.96021,1,0,0,0,0,0,0,0,0,0,0
2501,0.008658,0.024248,0.035879,0.043029,0.04773,-6.6e-05,-0.005116,-0.010714,-0.015655,-0.016989,0.005444,0.01489,0.025078,0.031179,0.032206,-0.010954,-0.021077,-0.028948,-0.038219,-0.042985,0.006997,0.016223,0.02263,0.02252,0.026303,-0.000678,-0.002143,-0.002339,-0.001377,0.004723,0.005182,0.015961,0.02873,0.033081,0.034021,-0.001902,-0.002077,-0.006516,-0.01994,-0.027921,0.008978,0.018598,0.021609,0.017759,0.014595,-0.00087,0.001714,0.006344,0.011307,0.018589,-0.000681,-0.002508,-0.004616,-0.003013,-0.002636,0.001239,0.006734,0.011701,0.018776,0.020365,0.122431,-0.927448,-0.107539,-0.964031,1,0,0,0,0,0,0,0,0,0,0
2502,0.009026,0.020684,0.030515,0.037976,0.040716,-0.002066,-0.006873,-0.014159,-0.017052,-0.020162,0.00422,0.014551,0.022142,0.026883,0.0266,-0.005198,-0.014877,-0.020489,-0.031168,-0.035997,0.004328,0.012354,0.016356,0.017183,0.020032,-0.000587,-0.001762,-0.001631,0.002023,0.005307,0.00485,0.017096,0.025861,0.028819,0.028253,0.000305,-0.00174,-0.006221,-0.025078,-0.03095,0.005336,0.012591,0.013537,0.005716,0.004727,0.000743,0.003816,0.010398,0.016119,0.022487,-0.000895,-0.00288,-0.003772,-0.001815,-0.001544,0.003786,0.00706,0.012695,0.019162,0.019763,0.122531,-0.925315,-0.104899,-0.966436,1,0,0,0,0,0,0,0,0,0,0
2503,0.006436,0.017924,0.024986,0.029629,0.032307,-0.002937,-0.008466,-0.013346,-0.014663,-0.021185,0.00514,0.015203,0.021229,0.022244,0.021207,-0.004837,-0.012612,-0.021768,-0.026476,-0.035935,0.004816,0.011143,0.011035,0.014771,0.015117,-0.000864,-0.001058,-0.000108,0.005917,0.011856,0.005831,0.018443,0.02274,0.023669,0.022783,-0.000475,-0.004859,-0.018119,-0.026001,-0.034035,0.004204,0.007178,0.003376,0.000251,0.001637,0.001815,0.006388,0.01129,0.018482,0.030618,-0.000824,-0.002758,-0.001287,-0.000942,-0.001163,0.001438,0.005993,0.012482,0.013939,0.017449,0.122271,-0.924182,-0.103394,-0.972768,1,0,0,0,0,0,0,0,0,0,0
2504,0.005107,0.014807,0.022168,0.024871,0.024421,-0.001824,-0.009013,-0.011867,-0.014936,-0.02103,0.005086,0.012575,0.017253,0.016974,0.015451,-0.004743,-0.010279,-0.020816,-0.02558,-0.03661,0.003133,0.007082,0.007897,0.010708,0.009464,-0.0003,-0.000172,0.003434,0.006674,0.019614,0.006288,0.014936,0.017854,0.017296,0.016824,-0.001545,-0.005966,-0.024571,-0.030365,-0.035537,0.00298,0.003914,-0.003803,-0.004779,0.000854,0.001229,0.007722,0.013367,0.01965,0.038493,-0.001018,-0.00183,-4.9e-05,0.000198,-0.000928,0.001604,0.006732,0.012618,0.013164,0.015849,0.121519,-0.924639,-0.103171,-0.982303,1,0,0,0,0,0,0,0,0,0,0
2505,0.006261,0.013225,0.017804,0.020445,0.018571,-0.003642,-0.008455,-0.009754,-0.016186,-0.018762,0.004877,0.010819,0.01182,0.010797,0.009626,-0.00296,-0.01199,-0.016633,-0.025961,-0.032776,0.003131,0.003024,0.006708,0.007049,0.005537,0.000106,0.001044,0.006985,0.012842,0.026727,0.006197,0.010435,0.011351,0.010478,0.009839,-0.00279,-0.015866,-0.023639,-0.031562,-0.033713,-2.6e-05,-0.003775,-0.006857,-0.00549,-0.000958,0.00329,0.008124,0.015217,0.027185,0.043598,-0.000789,0.000545,0.000858,0.000657,-4.1e-05,0.002611,0.008496,0.009818,0.013002,0.014402,0.121168,-0.925406,-0.103205,-0.98807,1,0,0,0,0,0,0,0,0,0,0
2506,0.003344,0.010604,0.01327,0.012826,0.011852,-0.003471,-0.006286,-0.009313,-0.015323,-0.014794,0.00254,0.007154,0.006879,0.005376,0.004,-0.002519,-0.012911,-0.017609,-0.028488,-0.029715,0.000783,0.001587,0.00436,0.003132,0.001693,2.1e-05,0.003577,0.006773,0.019535,0.025969,0.00237,0.005249,0.004699,0.004233,0.00345,-0.001587,-0.019937,-0.025652,-0.030753,-0.030456,0.000946,-0.006665,-0.007627,-0.002072,-0.000652,0.003135,0.008702,0.014899,0.033483,0.03931,1.8e-05,0.001635,0.001859,0.000837,0.000378,0.002156,0.007499,0.007995,0.010432,0.011549,0.120563,-0.92624,-0.103442,-0.987291,1,0,0,0,0,0,0,0,0,0,0
2507,0.003553,0.008073,0.010679,0.008829,0.007926,-0.001303,-0.002586,-0.008935,-0.011478,-0.011604,0.003343,0.004331,0.003322,0.002165,-0.001156,-0.006412,-0.010995,-0.020203,-0.02693,-0.02653,-0.000883,0.002754,0.00309,0.001598,-0.000526,0.000904,0.006769,0.01255,0.026257,0.0255,0.001829,0.002733,0.001871,0.00124,-0.001745,-0.011331,-0.019004,-0.026825,-0.028948,-0.028338,-0.004641,-0.007683,-0.006334,-0.00186,-0.001702,0.001658,0.00866,0.020474,0.036675,0.035925,0.001201,0.001487,0.001303,0.000666,0.000468,0.003319,0.004526,0.007434,0.008712,0.009889,0.122616,-0.927929,-0.104648,-0.986714,1,0,0,0,0,0,0,0,0,0,0
2508,0.003647,0.006288,0.005848,0.004884,0.003501,-0.001488,-0.004486,-0.010439,-0.009915,-0.011005,0.001237,0.000964,-0.000524,-0.001887,-0.010648,-0.003899,-0.008552,-0.019326,-0.020542,-0.020312,0.001677,0.004423,0.003207,0.001782,-0.002411,0.00262,0.005785,0.018425,0.024797,0.02463,0.001027,0.000482,2.1e-05,-0.000755,-0.008238,-0.006875,-0.012535,-0.017587,-0.017293,-0.015092,-0.00291,-0.003863,0.001639,0.003044,0.004808,0.00386,0.009998,0.028403,0.034174,0.034816,0.000334,0.000543,-0.000412,-0.00084,-0.001679,0.001742,0.002205,0.004483,0.005527,0.008434,0.123874,-0.930234,-0.104924,-0.985449,1,0,0,0,0,0,0,0,0,0,0
2509,0.000857,0.003451,0.00161,0.000711,-0.006337,0.000209,-0.006107,-0.008637,-0.008763,-0.009369,-0.000251,-0.001255,-0.002405,-0.005709,-0.018864,-0.000669,-0.009829,-0.016522,-0.016124,-0.018467,0.001945,0.00228,0.000795,-0.001318,-0.010603,0.003221,0.008972,0.022608,0.021855,0.022294,-0.000125,-0.000983,-0.00161,-0.00458,-0.012402,-0.000774,-0.008554,-0.010666,-0.010059,-0.008115,-0.000122,0.00122,0.00567,0.005827,0.009321,0.003114,0.014867,0.030984,0.030238,0.031062,-5.3e-05,-0.00023,-0.000845,-0.001035,-0.004215,-0.00055,0.002254,0.003487,0.004621,0.006939,0.118331,-0.931329,-0.107797,-0.986946,1,0,0,0,0,0,0,0,0,0,0
2510,0.001773,0.001335,0.000375,-0.001001,-0.018417,-0.003191,-0.009115,-0.008593,-0.009678,-0.009511,-2.1e-05,-0.001502,-0.002857,-0.011576,-0.027031,-0.003963,-0.014683,-0.015893,-0.015664,-0.021566,0.000793,-0.000417,-0.001835,-0.006007,-0.022025,-6.3e-05,0.012514,0.018855,0.018688,0.01948,-0.000417,-0.000876,-0.001648,-0.009094,-0.01654,-0.00486,-0.009886,-0.009594,-0.007404,-0.006278,-0.000826,0.004649,0.006047,0.007802,0.013699,0.003001,0.021316,0.027057,0.027696,0.028454,0.000255,-0.000668,-0.001082,-0.001892,-0.006715,0.000988,0.003187,0.004195,0.007003,0.005688,0.110587,-0.933542,-0.109216,-0.987587,1,0,0,0,0,0,0,0,0,0,0
2511,0.00081,-0.001018,-0.001911,-0.008909,-0.031339,-0.003094,-0.005607,-0.005732,-0.006334,-0.010695,-0.000976,-0.002118,-0.0054,-0.018463,-0.03543,-0.00515,-0.011796,-0.011402,-0.013728,-0.019439,-0.000457,-0.001931,-0.004029,-0.01325,-0.030446,0.005773,0.019314,0.018567,0.019003,0.019148,-0.000436,-0.001059,-0.004008,-0.011775,-0.020394,-0.002887,-0.004984,-0.004382,-0.002451,0.000851,0.002155,0.006575,0.006731,0.0102,0.018111,0.008683,0.024687,0.023947,0.024765,0.029769,-0.000415,-0.001001,-0.001182,-0.00421,-0.009387,0.001712,0.002885,0.003966,0.006173,0.001526,0.104811,-0.93936,-0.115344,-0.992413,1,0,0,0,0,0,0,0,0,0,0
2512,-0.00124,-0.002192,-0.003556,-0.020819,-0.041742,-0.002791,-0.002274,-0.003349,-0.003184,-0.011371,-0.000496,-0.00184,-0.010482,-0.025802,-0.042838,-0.005499,-0.006699,-0.006471,-0.012322,-0.016581,-0.000744,-0.00215,-0.006285,-0.022163,-0.035561,0.006719,0.013004,0.012839,0.013625,0.012033,-2.1e-05,-0.000786,-0.008167,-0.015547,-0.026381,-0.002109,-0.001819,0.000351,0.001468,0.004445,0.003281,0.004668,0.006407,0.012252,0.018722,0.009511,0.015202,0.015836,0.016587,0.023934,-0.000465,-0.000854,-0.001616,-0.006152,-0.010032,0.00041,0.001358,0.003998,0.002762,-0.003902,0.096494,-0.941859,-0.123029,-0.994456,1,0,0,0,0,0,0,0,0,0,0
2513,-0.000578,-0.001465,-0.00842,-0.03071,-0.0556,0.000289,0.000165,-0.000433,-0.004767,-0.009163,-0.00064,-0.003901,-0.016882,-0.033744,-0.052401,-0.001114,-0.000722,-0.003034,-0.008709,-0.011186,-0.000722,-0.002807,-0.01197,-0.029059,-0.043588,0.006749,0.006006,0.006439,0.006584,0.005201,-0.000599,-0.003529,-0.011248,-0.019813,-0.036571,2.1e-05,0.000619,0.002539,0.00582,0.007822,0.001116,0.001272,0.004719,0.012581,0.016823,0.006411,0.005675,0.006488,0.011461,0.015636,-0.000101,-0.000275,-0.003172,-0.008128,-0.009466,0.000719,0.001753,0.003866,-0.000583,-0.010533,0.094268,-0.950264,-0.126312,-1.00401,1,0,0,0,0,0,0,0,0,0,0
2514,-0.000371,-0.00173,-0.018931,-0.039778,-0.065198,0.000227,-0.000845,-0.00068,-0.008837,-0.011,-0.0007,-0.009311,-0.024576,-0.04155,-0.059266,-8.2e-05,0.000144,-0.005686,-0.009929,-0.009558,-0.00068,-0.0048,-0.02062,-0.033969,-0.054796,-0.000474,-0.000639,0.000144,-0.001442,-0.004347,-0.000165,-0.007519,-0.014873,-0.025667,-0.044001,0.000268,0.002431,0.003543,0.00651,0.007931,0.000267,0.002001,0.007825,0.014271,0.015382,-0.000728,-9.7e-05,0.000651,0.007972,0.00777,-0.00028,-0.001022,-0.005444,-0.009227,-0.00894,0.000215,0.002789,0.001584,-0.004913,-0.009549,0.090094,-0.953345,-0.12599,-1.007252,1,0,0,0,0,0,0,0,0,0,0
2515,-0.000513,-0.007431,-0.029602,-0.054359,-0.075339,-0.000349,-0.000944,-0.005255,-0.009628,-0.013467,-0.002546,-0.015458,-0.03223,-0.050787,-0.070289,0.000472,-0.001827,-0.007472,-0.009936,-0.008971,-0.001396,-0.010511,-0.027508,-0.04196,-0.066491,-0.000267,0.000164,0.000308,-0.001067,-0.010777,-0.002751,-0.010428,-0.018948,-0.035617,-0.051834,0.000328,0.002238,0.005502,0.007493,0.00815,-0.000112,0.003317,0.011137,0.015356,0.014708,-7e-06,0.000802,0.005749,0.009902,0.003644,0.000106,-0.002686,-0.007459,-0.008748,-0.010555,0.000786,0.002822,-0.001464,-0.011049,-0.008341,0.084029,-0.957114,-0.124792,-1.007477,1,0,0,0,0,0,0,0,0,0,0
2516,-0.000841,-0.017968,-0.038725,-0.064036,-0.085265,-0.000718,-0.000554,-0.008676,-0.01083,-0.018645,-0.00603,-0.021229,-0.03813,-0.05577,-0.078579,-0.000246,-0.006051,-0.010276,-0.009907,-0.006235,-0.002707,-0.01846,-0.031751,-0.052488,-0.075543,0.000103,0.000882,-0.000697,-0.003589,-0.021004,-0.004574,-0.011897,-0.022644,-0.040899,-0.057514,0.001826,0.002933,0.005887,0.007302,0.01204,0.001838,0.007637,0.014055,0.015162,0.015591,0.000635,0.00138,0.00867,0.008468,-0.001281,-0.000825,-0.005116,-0.008787,-0.008508,-0.011999,0.001716,0.000546,-0.005757,-0.010255,-0.009601,0.080402,-0.96606,-0.126133,-1.006733,1,0,0,0,0,0,0,0,0,0,0
2517,-0.006058,-0.02816,-0.052841,-0.073756,-0.092236,0.000123,-0.004175,-0.008534,-0.012361,-0.023351,-0.006856,-0.023576,-0.042076,-0.061518,-0.081184,-0.002046,-0.007674,-0.01013,-0.009168,-0.002886,-0.006385,-0.02333,-0.037737,-0.062193,-0.081451,0.000327,0.000471,-0.0009,-0.01058,-0.028815,-0.00309,-0.011583,-0.028201,-0.044368,-0.061395,8.2e-05,0.003336,0.005321,0.005976,0.013384,0.001585,0.009381,0.013587,0.01294,0.013803,0.000173,0.005104,0.009244,0.003005,-0.00428,-0.001919,-0.006591,-0.007852,-0.00962,-0.011127,0.000303,-0.00389,-0.01327,-0.01062,-0.010716,0.078044,-0.965757,-0.128361,-0.999854,1,0,0,0,0,0,0,0,0,0,0
2518,-0.011025,-0.031725,-0.056967,-0.078137,-0.096363,4.1e-05,-0.008059,-0.010207,-0.018,-0.029025,-0.008305,-0.025159,-0.042751,-0.065496,-0.083578,-0.003743,-0.007957,-0.007589,-0.003927,0.002659,-0.009327,-0.022582,-0.043262,-0.066253,-0.085788,0.00045,-0.001125,-0.004009,-0.021375,-0.043855,-0.004214,-0.014932,-0.033137,-0.049705,-0.067624,0.001023,0.003968,0.00538,0.010105,0.019616,0.004199,0.0106,0.011703,0.012131,0.015028,0.000571,0.00784,0.007639,-0.002084,-0.013613,-0.002296,-0.005897,-0.005624,-0.009047,-0.009291,-0.001449,-0.007632,-0.012044,-0.011403,-0.011429,0.078963,-0.969733,-0.128076,-0.986712,1,0,0,0,0,0,0,0,0,0,0
2519,-0.011071,-0.03575,-0.056664,-0.075143,-0.097101,-0.004338,-0.008697,-0.012524,-0.023513,-0.03131,-0.008411,-0.02691,-0.046351,-0.066016,-0.083288,-0.001883,-0.004338,-0.003377,0.002906,0.010723,-0.007613,-0.022019,-0.046473,-0.06573,-0.086992,-0.000307,-0.001678,-0.011357,-0.029591,-0.05603,-0.004277,-0.020894,-0.03706,-0.054086,-0.06925,0.002231,0.004216,0.00487,0.012278,0.018622,0.003595,0.0078,0.007154,0.008017,0.006355,0.00436,0.0085,0.002262,-0.005024,-0.023443,-0.002366,-0.003627,-0.005395,-0.006901,-0.007999,-0.002738,-0.012115,-0.009466,-0.009561,-0.011734,0.075253,-0.964215,-0.126525,-0.975107,1,0,0,0,0,0,0,0,0,0,0
2520,-0.00967,-0.035006,-0.056255,-0.074548,-0.094546,-0.003778,-0.005933,-0.013756,-0.024822,-0.033035,-0.008479,-0.026136,-0.048967,-0.067116,-0.082781,-0.002341,-0.001971,0.001704,0.008315,0.019422,-0.005667,-0.026424,-0.049501,-0.069108,-0.090234,-0.001273,-0.004168,-0.021599,-0.044162,-0.066767,-0.006467,-0.02474,-0.04137,-0.059355,-0.070114,0.000719,0.002135,0.006878,0.016425,0.019751,0.002818,0.003926,0.004355,0.007262,-0.000926,0.002922,0.00272,-0.007039,-0.018611,-0.033034,-0.001274,-0.000994,-0.004508,-0.004758,-0.007073,-0.003545,-0.008073,-0.007415,-0.007442,-0.008012,0.07327,-0.962935,-0.124818,-0.965888,1,0,0,0,0,0,0,0,0,0,0
2521,-0.015119,-0.036141,-0.054716,-0.076788,-0.093367,-0.000597,-0.004443,-0.015489,-0.023326,-0.032871,-0.0101,-0.029641,-0.049409,-0.06677,-0.080778,-0.000123,0.000843,0.007158,0.015016,0.026494,-0.008804,-0.033385,-0.052741,-0.074114,-0.0931,-0.000103,-0.009832,-0.02816,-0.054737,-0.068724,-0.010223,-0.026474,-0.043588,-0.05883,-0.069033,0.001275,0.001934,0.00938,0.015757,0.02275,0.001404,0.000754,0.001621,-4.9e-05,-0.004845,0.001234,-0.005037,-0.01236,-0.030875,-0.03558,-1.6e-05,-0.001849,-0.003411,-0.004548,-0.0064,-0.00613,-0.003384,-0.003482,-0.005736,-0.004462,0.070439,-0.959513,-0.124762,-0.96041,1,0,0,0,0,0,0,0,0,0,0
2522,-0.010343,-0.031796,-0.050264,-0.070452,-0.084526,-0.001575,-0.009472,-0.020644,-0.028935,-0.034283,-0.007648,-0.030697,-0.04902,-0.064835,-0.07638,0.000497,0.004208,0.010882,0.022095,0.027795,-0.012084,-0.035382,-0.055176,-0.076504,-0.093273,-0.002819,-0.020416,-0.043196,-0.066016,-0.071924,-0.008146,-0.024935,-0.043092,-0.053953,-0.06297,0.000145,0.004933,0.014571,0.017929,0.022178,-0.000296,0.000137,0.003072,-0.005195,-0.006848,-0.001447,-0.011299,-0.022982,-0.037543,-0.038417,0.000317,-0.003439,-0.003707,-0.006181,-0.007515,0.001626,0.00233,0.002301,0.001692,0.003528,0.06791,-0.957353,-0.123235,-0.957645,1,0,0,0,0,0,0,0,0,0,0
2523,-0.010877,-0.029657,-0.051972,-0.068735,-0.076763,-0.002308,-0.013477,-0.0214,-0.03105,-0.032797,-0.012083,-0.032069,-0.049622,-0.063785,-0.073664,0.000478,0.006863,0.014808,0.026412,0.029802,-0.012728,-0.032298,-0.053906,-0.073102,-0.0887,-0.007009,-0.025539,-0.052409,-0.066551,-0.067445,-0.008257,-0.02556,-0.040971,-0.051286,-0.059043,0.00052,0.008049,0.014496,0.021567,0.024624,-0.00036,0.000517,-0.001172,-0.006021,-0.006522,-0.004888,-0.012292,-0.031012,-0.035768,-0.035774,-0.002304,-0.00399,-0.005219,-0.007219,-0.008397,0.001301,0.001195,-0.001239,0.000137,0.005597,0.069027,-0.959713,-0.12027,-0.960779,1,0,0,0,0,0,0,0,0,0,0
2524,-0.010686,-0.029283,-0.049612,-0.063784,-0.072613,-0.005635,-0.016885,-0.025234,-0.030619,-0.031161,-0.011083,-0.029533,-0.045459,-0.057084,-0.067144,0.003256,0.009977,0.021268,0.027008,0.032643,-0.010686,-0.030619,-0.052096,-0.068981,-0.082381,-0.010686,-0.033624,-0.056604,-0.062552,-0.061738,-0.00862,-0.026904,-0.03784,-0.04692,-0.053202,0.0043,0.014005,0.017386,0.021665,0.030034,0.000798,0.003753,-0.004571,-0.006236,-0.003792,-0.005015,-0.016779,-0.031442,-0.032322,-0.031478,-0.001581,-0.001862,-0.00446,-0.00586,-0.00817,-0.000596,-0.000626,-0.001265,0.000663,0.004104,0.068739,-0.966835,-0.118324,-0.962245,1,0,0,0,0,0,0,0,0,0,0
2525,-0.008206,-0.030725,-0.047641,-0.055742,-0.065396,-0.005604,-0.0136,-0.023338,-0.025101,-0.026297,-0.009024,-0.026738,-0.04103,-0.050999,-0.060086,0.003169,0.011186,0.022897,0.026318,0.031523,-0.009003,-0.030809,-0.05018,-0.065921,-0.077464,-0.007954,-0.03507,-0.049341,-0.050243,-0.055448,-0.008794,-0.024345,-0.034755,-0.042583,-0.046759,0.003274,0.00978,0.016916,0.020001,0.029361,8.3e-05,-0.001622,-0.006515,-0.007021,-0.003229,-0.002429,-0.02132,-0.02612,-0.026125,-0.030307,-0.000154,-0.001464,-0.003595,-0.00485,-0.008008,0.000506,-0.002088,-0.000622,0.005197,0.006279,0.068353,-0.972283,-0.117898,-0.961764,1,0,0,0,0,0,0,0,0,0,0
2526,-0.010478,-0.03089,-0.04512,-0.053985,-0.05891,-0.0057,-0.014083,-0.01949,-0.020035,-0.020475,-0.009514,-0.025505,-0.037178,-0.047279,-0.054027,0.003584,0.014921,0.020684,0.026343,0.028522,-0.011023,-0.032588,-0.049542,-0.062996,-0.072322,-0.015089,-0.038163,-0.044135,-0.043318,-0.047614,-0.009577,-0.020559,-0.029675,-0.035983,-0.038749,0.006476,0.009871,0.014167,0.022571,0.02584,0.002885,-0.005473,-0.007145,-0.004691,-0.003866,-0.009387,-0.02411,-0.024993,-0.024146,-0.028428,-0.000136,-0.002809,-0.00425,-0.006627,-0.009105,-0.000532,-0.00119,0.000794,0.004335,0.007238,0.06742,-0.973767,-0.118565,-0.964438,1,0,0,0,0,0,0,0,0,0,0
2527,-0.012011,-0.028906,-0.036998,-0.04664,-0.050748,-0.002285,-0.012011,-0.013772,-0.014967,-0.014631,-0.008175,-0.02245,-0.032407,-0.041483,-0.045131,0.004423,0.01612,0.019536,0.024735,0.025343,-0.010753,-0.030101,-0.045822,-0.057351,-0.06364,-0.01199,-0.026244,-0.027145,-0.032344,-0.033895,-0.005953,-0.01635,-0.024169,-0.02834,-0.030709,2.1e-05,0.007148,0.010229,0.019578,0.019201,-0.004588,-0.009475,-0.00998,-0.006194,-0.00726,-0.009479,-0.014273,-0.014279,-0.018456,-0.020549,-0.001162,-0.003275,-0.00452,-0.007651,-0.0084,-0.002039,-0.000585,0.005184,0.006258,0.007693,0.068686,-0.972731,-0.118283,-0.963598,1,0,0,0,0,0,0,0,0,0,0
2528,-0.008399,-0.02262,-0.031479,-0.036401,-0.042287,-0.006095,-0.011498,-0.012043,-0.012483,-0.012797,-0.007812,-0.019478,-0.029573,-0.036318,-0.036715,0.006912,0.012671,0.018326,0.020505,0.020861,-0.010807,-0.027751,-0.041198,-0.050518,-0.054518,-0.01108,-0.017049,-0.016232,-0.020525,-0.025908,-0.005027,-0.014137,-0.020442,-0.023206,-0.025762,0.003372,0.007666,0.016064,0.019332,0.019227,-0.003769,-0.00544,-0.002988,-0.002163,-0.002485,-0.005243,-0.006126,-0.005279,-0.009558,-0.014414,-0.001507,-0.002941,-0.005308,-0.007776,-0.006452,0.001372,0.003348,0.006873,0.009765,0.008117,0.069702,-0.973017,-0.118246,-0.960669,1,0,0,0,0,0,0,0,0,0,0
2529,-0.008483,-0.016568,-0.026204,-0.030309,-0.035818,-0.003624,-0.005383,-0.006577,-0.006242,-0.008483,-0.006451,-0.016401,-0.02547,-0.029115,-0.02945,0.004776,0.00819,0.013385,0.013992,0.01416,-0.008525,-0.024235,-0.035755,-0.042039,-0.04384,-0.003163,-0.004064,-0.009258,-0.010808,-0.018433,-0.005362,-0.013175,-0.017343,-0.01971,-0.022894,0.003749,0.006828,0.01617,0.015793,0.016087,-0.001114,-0.001619,0.002165,0.0011,0.001415,0.000452,0.000447,-0.003727,-0.005819,-0.010797,-0.000595,-0.001833,-0.004947,-0.005692,-0.003971,7.3e-05,0.005812,0.006881,0.008308,0.005412,0.070893,-0.972032,-0.119959,-0.957169,1,0,0,0,0,0,0,0,0,0,0
2530,-0.00572,-0.014551,-0.019457,-0.025324,-0.02666,-0.001775,-0.002317,-0.002756,-0.003069,-0.003946,-0.005198,-0.015261,-0.021984,-0.02238,-0.022067,0.000981,0.006618,0.008789,0.009144,0.012171,-0.008393,-0.021796,-0.031086,-0.035074,-0.034364,-0.002798,-0.001983,-0.006263,-0.011629,-0.015992,-0.003737,-0.010021,-0.012777,-0.015324,-0.017641,0.000543,0.008915,0.012171,0.012067,0.012798,-0.000555,0.001889,0.002711,0.00239,0.000282,-0.001331,-0.000487,-0.004753,-0.009593,-0.012846,-0.000821,-0.003136,-0.005548,-0.004254,-0.002602,0.00186,0.005307,0.008134,0.006523,0.00494,0.071896,-0.9689,-0.120845,-0.958751,1,0,0,0,0,0,0,0,0,0,0
2531,-0.002337,-0.011937,-0.016028,-0.021517,-0.019263,2.1e-05,-0.001169,-0.000835,-0.003068,-0.002045,-0.004717,-0.013753,-0.017384,-0.017718,-0.015819,0.002421,0.007597,0.008202,0.008369,0.014734,-0.007263,-0.018741,-0.025002,-0.026797,-0.024647,0.001899,-0.003277,-0.004821,-0.012417,-0.014317,-0.004049,-0.008202,-0.01056,-0.013732,-0.01367,0.002525,0.011833,0.011457,0.01175,0.014129,5.2e-05,0.003822,0.00276,0.003074,-0.000769,0.001325,-0.002833,-0.004918,-0.009877,-0.012794,-0.000388,-0.003423,-0.004149,-0.002472,-0.001239,0.003739,0.00478,0.006172,0.003349,0.003211,0.072912,-0.965651,-0.122005,-0.95627,1,0,0,0,0,0,0,0,0,0,0
2532,-0.006499,-0.01141,-0.017283,-0.01862,-0.01582,-0.000564,-0.001003,-0.001317,-0.002194,-0.001254,-0.00535,-0.012079,-0.012476,-0.012163,-0.010449,0.003218,0.005392,0.005747,0.008777,0.022257,-0.006144,-0.015444,-0.019435,-0.018725,-0.01628,-0.001087,-0.005371,-0.010742,-0.015109,-0.014587,-0.002236,-0.004995,-0.007544,-0.009864,-0.009425,0.005852,0.009112,0.009007,0.009739,0.015925,0.002395,0.003218,0.002897,0.000786,-0.006392,-0.000482,-0.004752,-0.009597,-0.012854,-0.013307,-0.00194,-0.00437,-0.003066,-0.001402,-0.000367,-0.000303,0.002544,0.000921,-0.000673,-0.000475,0.072931,-0.961557,-0.121737,-0.950714,1,0,0,0,0,0,0,0,0,0,0
2533,-0.003123,-0.00723,-0.012742,-0.010479,-0.008613,-0.000629,-0.000293,-0.002536,-0.001509,0.0022,-0.003709,-0.007356,-0.007691,-0.005784,-0.00329,0.00197,0.002578,0.002745,0.009137,0.025044,-0.005365,-0.011652,-0.013454,-0.011296,-0.009766,-0.004108,-0.005658,-0.013287,-0.015194,-0.007964,-0.001928,-0.004296,-0.007482,-0.007419,-0.006916,0.003479,0.003102,0.003395,0.005784,0.01161,0.001384,0.000318,0.000633,-0.003226,-0.013121,-0.003692,-0.005785,-0.010766,-0.013694,-0.010229,-0.001148,-0.001895,-0.000168,0.001102,0.002607,0.001381,0.002814,-9.3e-05,-0.000234,0.000235,0.073954,-0.960095,-0.121812,-0.953227,1,0,0,0,0,0,0,0,0,0,0
2534,-0.001809,-0.007721,-0.009067,-0.006248,-0.004018,0.000189,-0.000126,-0.00101,-6.3e-05,0.006711,-0.003051,-0.00345,-0.003135,-0.00141,0.00244,0.00021,0.000568,0.003619,0.017188,0.027792,-0.003976,-0.007995,-0.007279,-0.004818,-0.001599,-0.000189,-0.005596,-0.009993,-0.009467,0.000568,-0.000842,-0.003408,-0.005743,-0.005302,-0.003471,-0.00021,-0.000316,0.000421,0.006648,0.0081,-0.000561,-0.000884,-0.003009,-0.010236,-0.019197,-0.000592,-0.005469,-0.008748,-0.009204,-0.005856,-0.001367,-1e-06,0.001743,0.002827,0.004309,0.001565,-0.000136,-0.001807,-0.001599,-0.002049,0.074786,-0.952059,-0.123734,-0.951435,1,0,0,0,0,0,0,0,0,0,0
2535,-0.002322,-0.007873,-0.005594,-0.003715,0.001794,0.000148,-0.002111,-0.001077,0.00266,0.025393,-0.000612,-0.00095,0.000971,0.003483,0.007747,0.000401,0.00057,0.007008,0.023029,0.029087,-0.002343,-0.004158,-0.001984,-0.000443,0.007113,-0.001372,-0.009055,-0.010976,-0.003694,0.007451,-0.001541,-0.004749,-0.004686,-0.004179,-0.001499,-0.000169,0.000127,0.002533,0.008401,0.008253,-0.000511,-0.000193,-0.00408,-0.014047,-0.020099,-0.001515,-0.006531,-0.009481,-0.00599,-0.017287,0.000613,0.002429,0.003765,0.005348,0.006435,-9.4e-05,-0.003151,-0.0033,-0.002807,-0.005063,0.080309,-0.9525,-0.124534,-0.952047,1,0,0,0,0,0,0,0,0,0,0
2536,-0.003615,-0.004968,-0.002135,0.000106,0.008076,-0.000465,-0.001353,-0.000402,0.006406,0.029153,0.000211,0.000529,0.002262,0.006131,0.012875,-4.2e-05,0.003023,0.016659,0.027314,0.029005,-0.001691,-0.000972,0.001501,0.004736,0.016553,-0.004059,-0.008477,-0.007949,0.002135,0.010655,-0.001036,-0.003383,-0.002939,-0.001099,0.002917,6.3e-05,0.000803,0.007061,0.00852,0.00945,0.000186,-0.001949,-0.00921,-0.018216,-0.01874,-0.003384,-0.006679,-0.007138,-0.003773,-0.017471,0.000794,0.002598,0.003719,0.005253,0.00669,-0.001664,-0.003393,-0.003178,-0.003643,-0.007105,0.087736,-0.955874,-0.129309,-0.950783,1,0,0,0,0,0,0,0,0,0,0
2537,-0.001949,0.000339,0.002224,0.007752,0.01436,-0.0018,-0.000762,0.002986,0.025797,0.042169,-0.000551,0.001377,0.003897,0.008175,0.01597,0.000212,0.006672,0.022747,0.028826,0.028804,-0.000127,0.002054,0.003601,0.011183,0.022641,-0.003643,-0.00557,0.001737,0.01292,0.02154,-0.002182,-0.002118,-0.00161,0.00108,0.006121,0.000233,0.002647,0.008535,0.008387,0.013322,0.000132,-0.003768,-0.013769,-0.019842,-0.014662,-0.001643,-0.004602,-0.0011,-0.012435,-0.019557,0.001056,0.002423,0.004044,0.005158,0.00637,-0.001444,-0.001596,-0.001092,-0.003402,-0.006964,0.0955,-0.964609,-0.12756,-0.952923,1,0,0,0,0,0,0,0,0,0,0
2538,0.000594,0.00344,0.00569,0.013694,0.018705,0.000913,0.001868,0.008705,0.03155,0.045436,0.000871,0.002612,0.006497,0.01327,0.022463,0.002866,0.016561,0.027262,0.02896,0.02964,0.000849,0.003333,0.006582,0.01845,0.029491,-0.000786,-0.000255,0.009873,0.018429,0.025584,-0.00017,0.000276,0.002123,0.006157,0.015669,0.00051,0.006794,0.008259,0.009193,0.012888,-0.002277,-0.00957,-0.018614,-0.01914,-0.016165,-0.001662,-0.002122,0.001257,-0.0125,-0.018408,0.000785,0.001941,0.003521,0.005002,0.004668,-0.000312,-9.1e-05,-0.00057,-0.004138,-0.008233,0.093631,-0.954681,-0.129746,-0.941532,1,0,0,0,0,0,0,0,0,0,0
2539,0.001709,0.003611,0.009187,0.015853,0.022584,0.000128,0.00391,0.026921,0.043437,0.048565,0.001068,0.003611,0.007927,0.015789,0.031792,0.003632,0.019849,0.025981,0.02596,0.026857,0.001346,0.002906,0.010555,0.022114,0.035895,-0.001154,0.006217,0.017499,0.026195,0.026942,0.000235,0.000748,0.003461,0.008546,0.024827,0.001923,0.007863,0.007713,0.012691,0.012499,-0.001643,-0.011732,-0.017858,-0.012633,-0.013744,-0.001313,0.00222,-0.009215,-0.016399,-0.019799,0.000633,0.002357,0.003541,0.004829,0.004722,0.000164,0.000701,-0.001755,-0.005542,-0.010185,0.094945,-0.954643,-0.132683,-0.937662,1,0,0,0,0,0,0,0,0,0,0
2540,0.001157,0.003427,0.011502,0.016557,0.025168,0.000835,0.007732,0.03078,0.044788,0.053527,0.000685,0.004605,0.011438,0.020713,0.04104,0.010174,0.02097,0.022683,0.023369,0.024611,0.001157,0.004434,0.016407,0.027545,0.03954,0.001692,0.011909,0.020541,0.02776,0.028445,0.000214,0.002078,0.006147,0.015743,0.034614,0.004412,0.00589,0.006833,0.01056,0.009767,-0.00571,-0.014834,-0.015365,-0.012363,-0.01426,0.000852,0.004261,-0.009617,-0.015578,-0.023079,0.000584,0.002265,0.00384,0.003485,0.004433,6.8e-05,-0.000442,-0.004236,-0.008591,-0.011316,0.095461,-0.954352,-0.132139,-0.938095,1,0,0,0,0,0,0,0,0,0,0
2541,0.000749,0.006331,0.013004,0.019741,0.028616,0.002951,0.025986,0.042518,0.047651,0.059756,0.001861,0.006181,0.014052,0.030071,0.049212,0.006074,0.012212,0.012191,0.013089,0.018051,0.000406,0.008063,0.019634,0.033429,0.042839,0.005689,0.016982,0.025686,0.026435,0.028253,0.000299,0.003016,0.008106,0.024403,0.038647,0.00154,0.00139,0.006373,0.006181,0.005219,-0.004397,-0.01053,-0.0053,-0.006411,-0.011835,0.002686,-0.00876,-0.015951,-0.019355,-0.029458,0.001157,0.00235,0.003647,0.003539,0.006553,0.000473,-0.002001,-0.005814,-0.01049,-0.011645,0.099844,-0.956437,-0.130914,-0.939932,1,0,0,0,0,0,0,0,0,0,0
2542,0.001524,0.009614,0.014679,0.023306,0.035711,0.003949,0.027041,0.041076,0.049832,0.063975,0.00206,0.008906,0.018199,0.038565,0.058009,0.004721,0.006438,0.007125,0.00837,0.014271,0.002876,0.014872,0.026032,0.03805,0.048523,0.004528,0.013177,0.020409,0.021096,0.024895,0.001567,0.005644,0.015259,0.034166,0.045197,-6.4e-05,0.00088,0.004614,0.00382,-4.3e-05,-0.004729,-0.005261,-0.002254,-0.004154,-0.013009,0.00072,-0.013185,-0.019157,-0.026673,-0.037187,0.000518,0.002114,0.001754,0.002716,0.007888,-0.001001,-0.004848,-0.009262,-0.012024,-0.01183,0.10211,-0.954087,-0.128824,-0.940431,1,0,0,0,0,0,0,0,0,0,0
2543,0.004084,0.010791,0.017563,0.026484,0.042133,0.019196,0.035813,0.040972,0.053139,0.071261,0.002279,0.010189,0.02629,0.04553,0.064146,0.00144,0.001419,0.002322,0.007309,0.015563,0.004815,0.016445,0.03031,0.039769,0.051527,0.006814,0.015563,0.016316,0.018143,0.029579,0.001161,0.006277,0.022657,0.036974,0.050323,-8.6e-05,0.004923,0.004729,0.003762,-0.00187,-0.001427,0.00383,0.002713,-0.002738,-0.015959,-0.012226,-0.019454,-0.022875,-0.033029,-0.040203,0.000711,0.002056,0.001943,0.005067,0.008654,-0.001551,-0.005502,-0.010348,-0.011544,-0.010036,0.101433,-0.94423,-0.125005,-0.937596,1,0,0,0,0,0,0,0,0,0,0
2544,0.004038,0.009134,0.017815,0.030297,0.041763,0.003952,0.018074,0.026885,0.041115,0.054137,0.0046,0.01395,0.034443,0.054007,0.071175,0.000281,0.000972,0.002224,0.008163,0.015289,0.007234,0.018463,0.030556,0.041094,0.051459,0.001857,0.009134,0.009825,0.013648,0.024596,0.002937,0.012611,0.031636,0.042735,0.05567,0.001037,0.004794,0.003995,0.000108,-0.006867,0.000898,0.003924,0.002012,-0.006898,-0.020393,-0.00171,-0.007719,-0.015282,-0.025862,-0.028071,0.000933,0.000557,0.001561,0.006963,0.009858,-0.002416,-0.007026,-0.00991,-0.009708,-0.00928,0.102712,-0.939322,-0.124954,-0.940033,1,0,0,0,0,0,0,0,0,0,0
2545,0.002719,0.009572,0.0186,0.034437,0.041138,0.012835,0.018056,0.030369,0.048708,0.050384,0.003372,0.019666,0.039136,0.057976,0.073596,-0.000305,0.000609,0.005656,0.01401,0.016882,0.004481,0.018513,0.028085,0.039985,0.048817,0.006983,0.007745,0.009594,0.021167,0.025127,0.002219,0.018796,0.033284,0.046794,0.058803,0.004025,0.003829,0.00285,-0.00285,-0.009376,0.004415,0.003285,-0.002232,-0.015612,-0.024491,-0.005592,-0.009054,-0.019331,-0.02659,-0.024027,0.000479,0.000357,0.003753,0.007652,0.009991,-0.001751,-0.007019,-0.00832,-0.00668,-0.007659,0.102382,-0.936456,-0.126953,-0.944186,1,0,0,0,0,0,0,0,0,0,0
2546,0.002429,0.011226,0.023875,0.035495,0.041141,0.001401,0.010329,0.02475,0.037946,0.036699,0.006084,0.026851,0.046678,0.064075,0.074973,0.001007,0.002276,0.008294,0.015515,0.017594,0.006871,0.019126,0.029806,0.04031,0.049348,0.00035,0.00105,0.004924,0.016019,0.019279,0.007572,0.026851,0.038099,0.051208,0.059261,-0.000241,-0.00105,-0.004989,-0.012058,-0.014553,-0.001375,-0.003312,-0.012342,-0.026018,-0.030182,-0.000464,-0.008129,-0.01885,-0.021089,-0.016137,-0.000912,0.00019,0.006119,0.009298,0.010946,-0.003235,-0.006401,-0.006178,-0.005709,-0.007292,0.104084,-0.935682,-0.12953,-0.945512,1,0,0,0,0,0,0,0,0,0,0
2547,0.004441,0.013475,0.029324,0.036029,0.041558,0.003831,0.016153,0.034505,0.036181,0.035114,0.010253,0.029737,0.04859,0.06422,0.071731,-8.7e-05,0.004963,0.013323,0.016197,0.017394,0.007206,0.016784,0.028692,0.037531,0.04626,0.000414,0.002264,0.013845,0.017807,0.020746,0.009056,0.023555,0.037074,0.04909,0.055099,4.4e-05,-0.000936,-0.00664,-0.013171,-0.015043,0.000237,-0.005284,-0.018673,-0.027558,-0.030404,-0.003003,-0.013286,-0.02055,-0.017985,-0.013554,0.000757,0.004169,0.008087,0.010437,0.01132,-0.002175,-0.003482,-0.001835,-0.002818,-0.004299,0.103687,-0.935465,-0.130896,-0.947335,1,0,0,0,0,0,0,0,0,0,0
2548,0.004322,0.016937,0.028527,0.034158,0.040532,0.005064,0.019447,0.032609,0.031365,0.033132,0.010433,0.030208,0.04756,0.058429,0.064104,0.001353,0.007355,0.014558,0.016632,0.017417,0.004998,0.01565,0.026126,0.03514,0.042867,0.000284,0.004147,0.015213,0.018465,0.022088,0.010149,0.021368,0.034442,0.042474,0.049306,-0.000851,-0.00478,-0.01183,-0.014318,-0.016981,-0.00217,-0.011176,-0.024816,-0.028969,-0.032541,-0.004634,-0.015327,-0.01756,-0.012621,-0.010585,0.000311,0.006133,0.009254,0.010872,0.010558,-0.000894,-0.000675,-0.000215,-0.001769,-0.002403,0.104134,-0.934936,-0.131881,-0.947945,1,0,0,0,0,0,0,0,0,0,0
2549,0.004754,0.020705,0.027453,0.033018,0.039898,0.007318,0.025788,0.027475,0.026401,0.031528,0.009136,0.02811,0.043842,0.051401,0.055366,0.003725,0.012138,0.01503,0.016235,0.015666,0.004623,0.016608,0.025503,0.034289,0.041388,0.001578,0.013234,0.017221,0.020179,0.026248,0.004404,0.01801,0.030104,0.036151,0.039723,-0.000131,-0.005872,-0.012445,-0.014329,-0.020727,-0.003379,-0.016853,-0.025796,-0.02866,-0.034382,-0.005698,-0.01301,-0.010428,-0.005968,-0.005003,0.00325,0.007348,0.009806,0.010729,0.011249,-0.00045,0.001274,0.000245,-0.001305,-0.00135,0.108034,-0.931902,-0.133068,-0.950789,1,0,0,0,0,0,0,0,0,0,0
2550,0.007955,0.019656,0.025341,0.031775,0.037923,0.007162,0.020449,0.019193,0.020978,0.028867,0.010775,0.028294,0.039268,0.044997,0.047156,0.002314,0.009586,0.011679,0.012472,0.011679,0.006104,0.016681,0.025782,0.033582,0.039003,0.002314,0.013486,0.016769,0.020427,0.028845,0.006897,0.020097,0.028206,0.035103,0.03583,-0.003834,-0.010952,-0.013464,-0.016152,-0.023402,-0.005695,-0.019465,-0.023658,-0.027265,-0.033468,-0.005065,-0.007319,-0.002333,-0.000277,0.000137,0.002842,0.006178,0.007908,0.007573,0.008627,0.000701,0.001194,-0.000467,-0.001146,-0.000634,0.109817,-0.931376,-0.133373,-0.953895,1,0,0,0,0,0,0,0,0,0,0
2551,0.008136,0.014964,0.020595,0.027556,0.030682,0.011484,0.013191,0.012104,0.017292,0.024275,0.008358,0.024275,0.031923,0.035936,0.038796,0.006185,0.009111,0.010331,0.009754,0.009267,0.005986,0.014986,0.023876,0.031059,0.034584,0.009466,0.013501,0.016494,0.022635,0.030615,0.006828,0.019065,0.025184,0.028798,0.030527,-0.001951,-0.008602,-0.010508,-0.016981,-0.019642,-0.007905,-0.016954,-0.019851,-0.02564,-0.027636,-0.002302,0.00031,0.004823,0.005799,0.006845,0.001486,0.004155,0.005157,0.005721,0.006375,0.00114,2.2e-05,-0.00166,-0.001709,-0.001875,0.109959,-0.932786,-0.134866,-0.957444,1,0,0,0,0,0,0,0,0,0,0
2552,0.003627,0.009332,0.015789,0.021958,0.021848,0.00188,0.000619,0.00241,0.010327,0.013688,0.009243,0.020256,0.026005,0.028172,0.031113,0.001128,0.003229,0.004025,0.003229,0.002521,0.004644,0.013776,0.021605,0.027044,0.029521,0.001769,0.005064,0.008735,0.017182,0.02187,0.006435,0.014573,0.021494,0.022224,0.025231,-0.005197,-0.007717,-0.010415,-0.01769,-0.01758,-0.005934,-0.010142,-0.013761,-0.019986,-0.019185,3.4e-05,0.005038,0.007101,0.007517,0.00922,0.00196,0.003733,0.003389,0.00447,0.004387,-0.000615,-0.002317,-0.003013,-0.002488,-0.004055,0.108764,-0.934025,-0.136441,-0.957151,1,0,0,0,0,0,0,0,0,0,0
2553,0.003197,0.008835,0.015805,0.018935,0.017648,-0.000178,-0.001265,0.003929,0.010922,0.013741,0.006659,0.014318,0.018336,0.021199,0.021266,0.001798,0.003019,0.002442,0.001953,-0.003174,0.004351,0.013252,0.020445,0.023974,0.025595,0.002264,0.005261,0.01141,0.019401,0.020622,0.005794,0.011921,0.015539,0.01727,0.020733,-0.001443,-0.003352,-0.009834,-0.012498,-0.01474,-0.003104,-0.006005,-0.011802,-0.013801,-0.011401,0.002582,0.0071,0.008077,0.009125,0.007992,0.000681,0.001692,0.002262,0.002922,0.001157,-0.000496,-0.002194,-0.002243,-0.002411,-0.004532,0.106813,-0.933399,-0.137681,-0.955801,1,0,0,0,0,0,0,0,0,0,0
2554,0.00254,0.009044,0.015259,0.015148,0.014391,-0.001092,0.000713,0.008688,0.012074,0.014546,0.004411,0.010203,0.012386,0.015348,0.0139,0.000312,0.001114,0.000312,-0.000401,-0.010715,0.004834,0.01272,0.0182,0.020695,0.020717,0.001047,0.004745,0.013254,0.017977,0.018244,0.002384,0.009356,0.010091,0.013121,0.015259,-0.001092,-0.003809,-0.011138,-0.011027,-0.015549,-0.001124,-0.00477,-0.011041,-0.010234,-0.004968,0.00245,0.004529,0.004947,0.006663,0.004605,0.00117,0.000807,0.001945,0.001858,-0.000242,-0.001284,-0.002017,-0.001464,-0.003113,-0.003887,0.105888,-0.932503,-0.137818,-0.953403,1,0,0,0,0,0,0,0,0,0,0
2555,0.003128,0.010143,0.013293,0.011997,0.011818,0.0,0.005228,0.012265,0.015102,0.020754,0.003284,0.007328,0.01021,0.010277,0.008824,0.000916,0.000335,-0.000156,-0.005317,-0.011193,0.004111,0.011349,0.014901,0.016532,0.015728,0.001966,0.008154,0.016197,0.017425,0.018297,0.003776,0.007417,0.00916,0.012645,0.012689,-0.000827,-0.00735,-0.010031,-0.012287,-0.014432,-0.001793,-0.007627,-0.009638,-0.007223,-0.003715,0.00209,0.003074,0.004128,0.002988,-0.001832,-0.000135,0.00046,0.00115,-0.000694,-0.001693,-0.000465,-0.000517,-0.000692,-0.00291,-0.002992,0.105497,-0.929594,-0.137971,-0.950562,1,0,0,0,0,0,0,0,0,0,0
2556,0.003404,0.009652,0.00954,0.008779,0.008555,0.001814,0.009831,0.013235,0.015721,0.021028,0.002531,0.004725,0.007704,0.006248,0.004233,-0.000112,-0.000918,-0.001635,-0.012003,-0.008644,0.003807,0.009316,0.011824,0.011847,0.011264,0.001747,0.010301,0.015049,0.015318,0.017356,0.003225,0.003964,0.007009,0.009159,0.008622,-0.001904,-0.009271,-0.009159,-0.013705,-0.011824,-0.001868,-0.008172,-0.007361,-0.002068,-0.00372,-6e-06,0.000415,0.002139,7.1e-05,-0.003215,-0.000238,0.000943,0.000852,-0.001327,-0.001993,-0.000287,0.000287,-0.001425,-0.002228,-0.002341,0.104932,-0.927972,-0.137898,-0.94894,1,0,0,0,0,0,0,0,0,0,0
2557,0.00364,0.006807,0.005504,0.005325,0.002247,0.003437,0.010514,0.013368,0.019052,0.019074,0.001528,0.004426,0.004493,0.003033,-0.002471,-0.000472,-0.000966,-0.006156,-0.012065,-0.003797,0.00346,0.007032,0.008672,0.007863,0.004606,0.004471,0.012559,0.013795,0.014671,0.015659,0.000427,0.002179,0.005684,0.005729,0.002853,-0.004651,-0.007347,-0.009616,-0.011773,-0.005033,-0.003993,-0.006015,-0.003587,-5.9e-05,-0.0019,0.000995,0.002055,0.000909,-0.003938,-0.003012,0.000863,0.001581,-0.000338,-0.001377,-0.002644,0.00024,5.7e-05,-0.00225,-0.002336,-0.002109,0.104786,-0.931784,-0.137639,-0.949728,1,0,0,0,0,0,0,0,0,0,0
2558,0.002634,0.002521,0.001756,0.001531,-0.005628,0.004615,0.008037,0.010536,0.015871,0.015511,0.000675,0.003669,0.002206,0.00018,-0.005628,-0.000338,-0.001058,-0.011481,-0.008104,0.001328,0.002071,0.004592,0.004615,0.00403,-0.00484,0.00412,0.008892,0.009162,0.011211,0.011999,0.000315,0.003377,0.005538,0.004998,0.000473,-0.002746,-0.002634,-0.007204,-0.005313,0.008329,-0.002337,-0.001521,0.0038,0.002139,0.00616,-0.000574,0.00116,-0.00092,-0.004222,-0.003353,0.00035,0.000256,-0.002004,-0.002695,-0.00364,0.000352,-0.001423,-0.002256,-0.002373,-0.001058,0.104944,-0.939773,-0.135421,-0.952238,1,0,0,0,0,0,0,0,0,0,0
2559,0.000542,-0.000767,-0.000948,-0.004039,-0.011034,0.002482,0.005348,0.011056,0.011079,0.01074,0.002234,0.002301,0.000835,-0.004693,-0.008281,-0.000158,-0.00537,-0.011304,-0.003001,0.003678,0.001512,0.003159,0.002347,-0.000925,-0.013064,0.003994,0.005235,0.006115,0.007108,0.007987,0.001444,0.004964,0.005009,0.002121,-0.005167,4.5e-05,-0.002234,-0.0044,0.002369,0.015072,0.000311,0.00275,0.006292,0.004443,0.010881,0.00164,0.000488,-0.004379,-0.00345,-0.003021,0.000385,-0.001593,-0.002664,-0.00397,-0.002293,-0.000546,-0.002924,-0.003012,-0.002779,0.000988,0.107126,-0.94299,-0.13332,-0.953038,1,0,0,0,0,0,0,0,0,0,0
2560,-0.000655,-0.001424,-0.00165,-0.008837,-0.015889,0.000949,0.003458,0.008815,0.008453,0.006351,0.000768,-0.000701,-0.002735,-0.008566,-0.011346,-0.000565,-0.01103,-0.007639,0.001831,0.004159,0.001017,0.00104,0.000452,-0.008453,-0.020138,0.000791,0.001062,0.003119,0.00391,0.003797,0.001627,0.003797,0.003255,-0.001288,-0.012928,6.8e-05,-0.00452,-0.002622,0.011075,0.013177,0.000508,0.00585,0.004182,0.008219,0.009151,9.8e-05,-0.00199,-0.005306,-0.004433,-0.003147,-0.000486,-0.00281,-0.003521,-0.004492,0.000609,-0.001274,-0.00213,-0.00225,-0.000898,0.002627,0.11216,-0.945451,-0.13248,-0.958263,1,0,0,0,0,0,0,0,0,0,0
2561,-0.000657,-0.000838,-0.003941,-0.010962,-0.020928,0.001925,0.007656,0.007678,0.007338,0.003262,-0.000702,-0.002174,-0.007724,-0.011325,-0.013273,-0.004666,-0.010623,-0.002288,0.004417,0.012118,0.000634,-0.000181,-0.003465,-0.015651,-0.029263,0.000453,0.001336,0.002333,0.003216,-0.001608,0.001903,0.001948,-0.000951,-0.008267,-0.0265,-0.002356,-0.00453,0.002265,0.015017,0.008267,0.00194,0.005496,0.00364,0.010102,-0.001778,-0.001254,-0.00614,-0.005207,-0.004777,-0.006032,-0.001538,-0.002637,-0.003979,-0.002256,0.007979,-0.001149,-0.00124,-0.001,0.002868,0.005446,0.121727,-0.941971,-0.130496,-0.958748,1,0,0,0,0,0,0,0,0,0,0
2562,-0.000113,-0.00034,-0.007558,-0.01464,-0.023764,0.00059,0.005969,0.005606,0.003495,-4.5e-05,-0.000772,-0.002814,-0.00867,-0.011462,-0.013391,-0.005833,-0.002429,0.007082,0.009419,0.018385,-0.000613,-0.001203,-0.010146,-0.02188,-0.034954,-0.000182,0.001884,0.002678,0.002565,-0.002224,0.000272,-0.000272,-0.004834,-0.016524,-0.041309,-0.002247,-0.00034,0.013414,0.015525,0.00311,0.003421,0.001746,0.0058,0.006736,-0.010448,-0.00084,-0.00417,-0.003293,-0.002003,-0.003784,-0.000833,-0.001565,-0.002565,0.002689,0.016444,0.000285,0.000161,0.001553,0.005184,0.007937,0.132638,-0.93912,-0.129987,-0.966285,1,0,0,0,0,0,0,0,0,0,0
2563,-6.8e-05,-0.003184,-0.010234,-0.020241,-0.027723,0.005163,0.005185,0.004844,0.00075,-0.002274,-0.000705,-0.006277,-0.009893,-0.011849,-0.014987,-0.000136,0.008233,0.014964,0.022697,0.030748,-0.000205,-0.003502,-0.015738,-0.029406,-0.038958,0.001069,0.00207,0.002957,-0.001888,-0.002888,-0.000227,-0.003138,-0.010484,-0.028792,-0.067135,6.8e-05,0.006891,0.019695,0.012918,0.005185,0.000142,-0.001721,0.004767,-0.007161,-0.015116,-0.004064,-0.003127,-0.002695,-0.003956,-0.00223,-0.000287,-0.001667,0.000105,0.010638,0.029169,-0.000382,-0.000136,0.003845,0.006498,0.008228,0.155465,-0.941161,-0.129382,-0.972086,1,0,0,0,0,0,0,0,0,0,0
2564,-0.000159,-0.007391,-0.014486,-0.023628,-0.030701,0.000227,-0.000136,-0.002251,-0.005799,-0.007823,-0.001342,-0.007209,-0.010006,-0.011939,-0.017579,0.003548,0.013076,0.015419,0.024401,0.04455,-0.000387,-0.009347,-0.021104,-0.034203,-0.043299,0.001001,0.001797,0.001683,-0.003116,-0.006186,-0.000318,-0.004889,-0.016601,-0.041435,-0.097833,0.001842,0.015623,0.017738,0.005299,0.007004,-0.001821,0.002241,0.003179,-0.014038,-0.018538,0.000728,0.001607,0.0029,0.001115,-0.000189,-0.000455,-0.001469,0.003856,0.0178,0.043533,0.000256,0.001667,0.005348,0.008139,0.009534,0.182564,-0.941334,-0.128891,-0.973134,1,0,0,0,0,0,0,0,0,0,0
2565,-0.00296,-0.010017,-0.020035,-0.027525,-0.033809,-0.000205,-0.000546,-0.004644,-0.007672,-0.009744,-0.004235,-0.007855,-0.009812,-0.012954,-0.021082,0.004827,0.011565,0.019306,0.027366,0.04435,-0.002914,-0.015163,-0.028845,-0.038407,-0.04847,0.0,0.000888,-0.003961,-0.004963,-0.011702,-0.002595,-0.009949,-0.028276,-0.066661,-0.124329,0.004986,0.017804,0.011019,0.003278,-0.001981,-4.3e-05,0.006452,-0.005489,-0.013453,-0.018861,0.00021,0.000642,-0.00062,0.001107,-0.004009,-0.000932,0.000854,0.011466,0.030137,0.055442,-1e-05,0.004001,0.006674,0.008417,0.010733,0.206018,-0.93228,-0.126174,-0.970802,1,0,0,0,0,0,0,0,0,0,0
2566,-0.004286,-0.0114,-0.020565,-0.027656,-0.033538,-0.00016,-0.00228,-0.005837,-0.007866,-0.014751,-0.001642,-0.004446,-0.006384,-0.012038,-0.021409,0.004719,0.007068,0.016074,0.036274,0.041312,-0.006065,-0.017852,-0.030984,-0.040104,-0.048289,0.000798,0.000684,-0.004127,-0.007205,-0.017419,-0.001984,-0.013725,-0.038622,-0.095164,-0.136135,0.008823,0.010944,-0.001528,0.000182,-0.02932,0.004115,0.005055,-0.012206,-0.016718,-0.037081,0.000671,0.001968,0.000178,-0.001129,-0.004725,-9.1e-05,0.00533,0.019525,0.045721,0.064519,0.001447,0.005193,0.008035,0.009455,0.010822,0.217276,-0.906451,-0.126114,-0.964587,1,0,0,0,0,0,0,0,0,0,0
2567,-0.002785,-0.01283,-0.020341,-0.026641,-0.030682,-0.000183,-0.004292,-0.007328,-0.009405,-0.022258,-0.001986,-0.003949,-0.0071,-0.01525,-0.027235,0.002032,0.009794,0.017875,0.034905,0.042005,-0.006209,-0.01993,-0.029518,-0.039608,-0.043991,9.1e-05,-0.004771,-0.005776,-0.012533,-0.02429,-0.005388,-0.023765,-0.062254,-0.12008,-0.167678,0.004018,-0.002785,-0.010547,-0.01582,-0.053579,0.002392,-0.009581,-0.017567,-0.02299,-0.047933,-0.000239,-0.001504,0.000228,-0.004902,-0.003858,0.001912,0.012728,0.031759,0.057552,0.076721,0.002629,0.005352,0.007129,0.00949,0.009839,0.247764,-0.885868,-0.126071,-0.955564,1,0,0,0,0,0,0,0,0,0,0
2568,-0.004339,-0.013519,-0.020621,-0.026513,-0.02898,-0.001941,-0.005504,-0.007536,-0.014433,-0.023682,-0.000822,-0.002763,-0.008427,-0.017813,-0.030989,0.00032,0.00934,0.029573,0.03462,0.043641,-0.005595,-0.018749,-0.027883,-0.036082,-0.039758,-0.000206,-0.005024,-0.008107,-0.018338,-0.027746,-0.006371,-0.031309,-0.087944,-0.128981,-0.174403,-0.001895,-0.014387,-0.012674,-0.042225,-0.081184,-0.001452,-0.018741,-0.02326,-0.043657,-0.070465,0.001537,-0.000255,-0.001565,-0.005167,-0.005476,0.003567,0.017925,0.044423,0.063436,0.080788,0.001155,0.004029,0.005466,0.006848,0.007713,0.255467,-0.856219,-0.125728,-0.94851,1,0,0,0,0,0,0,0,0,0,0
2569,-0.00574,-0.013294,-0.019631,-0.023695,-0.025853,-0.002181,-0.005235,-0.007324,-0.020251,-0.024544,-0.001148,-0.004316,-0.012513,-0.024567,-0.036713,0.007485,0.015613,0.032741,0.039882,0.043463,-0.008174,-0.017817,-0.027965,-0.032374,-0.035772,-0.004684,-0.005694,-0.01249,-0.024315,-0.03281,-0.012077,-0.050788,-0.108946,-0.156817,-0.181637,-0.004936,-0.012743,-0.018047,-0.056023,-0.105065,-0.010583,-0.018614,-0.024068,-0.049155,-0.086858,-0.002818,-0.001076,-0.006236,-0.005186,-0.009509,0.007555,0.027364,0.054214,0.074167,0.084837,0.001636,0.003485,0.005943,0.006306,0.006841,0.26504,-0.826412,-0.126162,-0.940974,1,0,0,0,0,0,0,0,0,0,0
2570,-0.003508,-0.010684,-0.016638,-0.01913,-0.021253,-0.001408,-0.003461,-0.01043,-0.019776,-0.025638,-0.000808,-0.006531,-0.016015,-0.02933,-0.04133,0.001592,0.022038,0.027138,0.036253,0.035745,-0.005077,-0.014307,-0.022592,-0.026307,-0.027761,-0.000162,-0.003277,-0.013615,-0.023122,-0.032653,-0.013061,-0.07029,-0.111758,-0.157657,-0.174618,-0.007661,-0.005931,-0.035791,-0.075159,-0.13015,-0.006834,-0.011401,-0.032012,-0.059102,-0.100835,0.001021,-0.000302,-0.003942,-0.004254,-0.007811,0.00762,0.036126,0.056581,0.075249,0.083075,0.001397,0.002943,0.00443,0.005361,0.004528,0.26665,-0.794214,-0.128332,-0.936828,1,0,0,0,0,0,0,0,0,0,0
2571,-0.004117,-0.010536,-0.014652,-0.016839,-0.018815,-0.001675,-0.003791,-0.016885,-0.021234,-0.027281,-0.002396,-0.010699,-0.022909,-0.035212,-0.046748,0.006628,0.023979,0.031212,0.03484,0.034259,-0.004652,-0.014931,-0.019397,-0.022839,-0.022816,-0.000861,-0.007745,-0.019722,-0.028328,-0.037119,-0.026049,-0.08496,-0.133452,-0.158594,-0.180293,-0.000186,-0.005559,-0.044027,-0.093705,-0.144872,-0.001248,-0.006772,-0.032184,-0.070376,-0.103625,0.000735,-0.004491,-0.003428,-0.007807,-0.010278,0.013628,0.04301,0.064846,0.076521,0.083139,0.000548,0.003238,0.003635,0.004221,0.002412,0.281413,-0.77085,-0.13009,-0.932165,1,0,0,0,0,0,0,0,0,0,0
2572,-0.003135,-0.00917,-0.011696,-0.013848,-0.01586,-0.000398,-0.007462,-0.016936,-0.022878,-0.028375,-0.003392,-0.013006,-0.026503,-0.038667,-0.048586,0.014059,0.019228,0.028468,0.027954,0.02255,-0.004678,-0.013076,-0.016842,-0.018316,-0.018176,-0.002292,-0.012772,-0.02241,-0.032071,-0.040936,-0.031813,-0.073849,-0.120376,-0.137569,-0.164003,0.001942,-0.028328,-0.068235,-0.123979,-0.169757,-0.003374,-0.024267,-0.051728,-0.094033,-0.113439,-0.002081,-0.005771,-0.006088,-0.009694,-0.012757,0.017163,0.039661,0.060193,0.068801,0.074637,0.00113,0.002766,0.00379,0.002874,0.000843,0.287084,-0.744825,-0.131864,-0.928143,1,0,0,0,0,0,0,0,0,0,0
2573,-0.003333,-0.007487,-0.009693,-0.011687,-0.013635,-0.001737,-0.01495,-0.019338,-0.02544,-0.029805,-0.004975,-0.017297,-0.029712,-0.041352,-0.051866,0.003403,0.010702,0.014363,0.013776,0.002652,-0.005679,-0.010185,-0.013659,-0.013635,-0.013706,-0.004647,-0.016733,-0.025417,-0.034288,-0.040531,-0.027529,-0.076461,-0.101831,-0.123728,-0.145366,-0.007369,-0.046187,-0.096316,-0.147947,-0.187657,-0.00219,-0.027832,-0.066371,-0.099921,-0.112617,-0.003186,-0.002113,-0.006532,-0.009025,-0.010642,0.01374,0.037002,0.04944,0.05649,0.060213,0.00171,0.002133,0.002757,0.000831,-0.00085,0.2976,-0.728354,-0.133454,-0.927679,1,0,0,0,0,0,0,0,0,0,0
2574,-0.002728,-0.005268,-0.007432,-0.009454,-0.010724,-0.005362,-0.014887,-0.020861,-0.026387,-0.029351,-0.00468,-0.01825,-0.030479,-0.040451,-0.052257,0.001787,0.011077,0.01056,0.005127,-0.00595,-0.002752,-0.006538,-0.00802,-0.007879,-0.007996,-0.00588,-0.015569,-0.025282,-0.034195,-0.036923,-0.014675,-0.061453,-0.078738,-0.105314,-0.124928,-0.023048,-0.06317,-0.119213,-0.165238,-0.191272,-0.018811,-0.04642,-0.088953,-0.108463,-0.113177,-0.000516,-0.000835,-0.00446,-0.007541,-0.007155,0.009416,0.030734,0.039672,0.045731,0.047781,-3.6e-05,0.001027,7.6e-05,-0.002033,-0.002926,0.302744,-0.717322,-0.135041,-0.927604,1,0,0,0,0,0,0,0,0,0,0
2575,-0.001433,-0.003641,-0.005637,-0.007587,-0.008433,-0.007869,-0.012261,-0.018369,-0.022738,-0.024311,-0.007658,-0.020083,-0.031734,-0.042257,-0.049492,0.00552,0.009184,0.008597,-0.002537,-0.012708,-0.001762,-0.005238,-0.005215,-0.005285,-0.005097,-0.006225,-0.014916,-0.023795,-0.030043,-0.033472,-0.034318,-0.05971,-0.081625,-0.103282,-0.11202,-0.015832,-0.066005,-0.117681,-0.157425,-0.181337,-0.006876,-0.045449,-0.079029,-0.091735,-0.099859,0.00159,-0.002833,-0.005328,-0.006946,-0.008646,0.014069,0.026583,0.033676,0.037422,0.038744,0.000462,0.00109,-0.000848,-0.002539,-0.003552,0.303962,-0.704642,-0.13669,-0.926576,1,0,0,0,0,0,0,0,0,0,0
2576,-0.0011,-0.003254,-0.005268,-0.006532,-0.007819,-0.001639,-0.007585,-0.013087,-0.016037,-0.016341,-0.005876,-0.01805,-0.027977,-0.039729,-0.044178,0.003746,0.003231,-0.002177,-0.013204,-0.022733,-0.002013,-0.003488,-0.003348,-0.003465,-0.003301,-0.003441,-0.01311,-0.021983,-0.024699,-0.027813,-0.012361,-0.029569,-0.056024,-0.075549,-0.083205,-0.024161,-0.07995,-0.125767,-0.151683,-0.170249,-0.02063,-0.06297,-0.082392,-0.087084,-0.090675,-0.001902,-0.005511,-0.008577,-0.008193,-0.01078,0.006905,0.015563,0.021433,0.023418,0.024404,0.000579,-0.000343,-0.002385,-0.003251,-0.004652,0.309406,-0.699751,-0.137575,-0.926574,1,0,0,0,0,0,0,0,0,0,0
2577,-0.001096,-0.003078,-0.005013,-0.005853,-0.007602,-0.002728,-0.008791,-0.013128,-0.01469,-0.014597,-0.006482,-0.018048,-0.028494,-0.035676,-0.039803,-9.3e-05,-0.000676,-0.011729,-0.021825,-0.030849,-0.001446,-0.001422,-0.001492,-0.001306,-0.001259,-0.0052,-0.014014,-0.020216,-0.023621,-0.024204,-0.012895,-0.03465,-0.056149,-0.064823,-0.071981,-0.025743,-0.077041,-0.116494,-0.140232,-0.152427,-0.017744,-0.051078,-0.063691,-0.071755,-0.071533,-0.002496,-0.004973,-0.006579,-0.008267,-0.00869,0.005174,0.011913,0.015471,0.016727,0.017196,3.4e-05,-0.001807,-0.003413,-0.004375,-0.005772,0.310777,-0.694025,-0.138754,-0.928389,1,0,0,0,0,0,0,0,0,0,0
2578,-0.001046,-0.003045,-0.004301,-0.005579,-0.007393,-0.003185,-0.008648,-0.011577,-0.011879,-0.01181,-0.005626,-0.015483,-0.027153,-0.03157,-0.035591,-0.000418,-0.005789,-0.016738,-0.0262,-0.032406,-2.3e-05,0.000116,0.0,0.000163,0.000256,-0.004417,-0.013228,-0.015924,-0.019016,-0.018993,-0.004231,-0.0305,-0.049888,-0.05749,-0.06193,-0.029733,-0.075228,-0.100962,-0.119397,-0.128998,-0.024353,-0.043638,-0.048298,-0.051863,-0.053747,-0.001095,-0.00414,-0.003759,-0.006327,-0.006107,0.003176,0.008763,0.010653,0.011591,0.011888,-0.00091,-0.002854,-0.003678,-0.005012,-0.0064,0.312914,-0.691552,-0.139679,-0.928887,1,0,0,0,0,0,0,0,0,0,0
2579,-0.000929,-0.002856,-0.003693,-0.005434,-0.006897,-0.002856,-0.007176,-0.008732,-0.008639,-0.008546,-0.005899,-0.016303,-0.023456,-0.027566,-0.031839,-0.000163,-0.01117,-0.021226,-0.030214,-0.033372,4.6e-05,-2.3e-05,0.000163,0.000209,0.000325,-0.004366,-0.010543,-0.013934,-0.014515,-0.014422,-0.017441,-0.038853,-0.047492,-0.054621,-0.059707,-0.021389,-0.060683,-0.084324,-0.09647,-0.098769,-0.008872,-0.021434,-0.029465,-0.029245,-0.028069,-0.001373,-0.002973,-0.004654,-0.005075,-0.004852,0.003397,0.006856,0.008077,0.008532,0.008518,-0.000886,-0.002447,-0.003382,-0.00474,-0.00588,0.314691,-0.692459,-0.140683,-0.929846,1,0,0,0,0,0,0,0,0,0,0
2580,-0.001066,-0.002318,-0.003593,-0.005401,-0.006861,-0.002596,-0.005517,-0.005818,-0.005749,-0.005424,-0.003941,-0.015577,-0.019982,-0.023992,-0.028118,-0.005192,-0.016111,-0.025545,-0.031734,-0.033357,9.3e-05,-2.3e-05,0.000139,0.000232,0.000325,-0.004428,-0.007116,-0.010199,-0.010176,-0.009759,-0.008785,-0.028118,-0.035698,-0.040126,-0.045805,-0.024015,-0.049676,-0.068058,-0.077632,-0.076056,-0.010375,-0.015021,-0.018577,-0.020455,-0.017201,-0.001665,-0.001285,-0.003846,-0.003627,-0.003312,0.002123,0.003975,0.004895,0.005186,0.005039,-0.001031,-0.001839,-0.003146,-0.004507,-0.005607,0.316802,-0.693642,-0.141611,-0.930193,1,0,0,0,0,0,0,0,0,0,0
2581,-0.000856,-0.00169,-0.003426,-0.004884,-0.006597,-0.001713,-0.003264,-0.003171,-0.003078,-0.002454,-0.006435,-0.013564,-0.017661,-0.02192,-0.02553,-0.005787,-0.015809,-0.024767,-0.027914,-0.028169,-0.000162,2.3e-05,6.9e-05,0.000185,0.000278,-0.001736,-0.005115,-0.005694,-0.005601,-0.004328,-0.012568,-0.021179,-0.028285,-0.033354,-0.039557,-0.015184,-0.038747,-0.050852,-0.053144,-0.050621,-0.002161,-0.010166,-0.009946,-0.008774,-0.004999,6.9e-05,-0.001607,-0.002026,-0.001804,-0.000901,0.001278,0.002471,0.002917,0.002902,0.002857,-0.000505,-0.001418,-0.002745,-0.003859,-0.005074,0.317989,-0.695097,-0.142724,-0.931384,1,0,0,0,0,0,0,0,0,0,0
2582,-0.000393,-0.001665,-0.003469,-0.004926,-0.006245,-0.001203,-0.001503,-0.001434,-0.00111,0.000116,-0.005181,-0.009575,-0.013577,-0.017694,-0.020423,-0.005111,-0.014525,-0.0207,-0.022319,-0.022319,4.6e-05,0.000208,0.000301,0.000393,0.000463,-0.000948,-0.004024,-0.004001,-0.003585,-0.000879,-0.006731,-0.014294,-0.018711,-0.024378,-0.027963,-0.010431,-0.028772,-0.038325,-0.036752,-0.032959,-0.002477,-0.006024,-0.007898,-0.004651,-0.00153,0.000311,-0.002245,-0.002026,-0.001712,-4.5e-05,0.000552,0.001457,0.001744,0.0016,0.001345,-0.000293,-0.00158,-0.002919,-0.004003,-0.004834,0.316713,-0.697586,-0.143826,-0.933102,1,0,0,0,0,0,0,0,0,0,0
2583,-0.000439,-0.002173,-0.003629,-0.00534,-0.006565,-0.000347,-0.000254,-0.000162,0.000462,0.002219,-0.001942,-0.006033,-0.010286,-0.013892,-0.016366,-0.0049,-0.013846,-0.01699,-0.017244,-0.01699,0.000139,0.000185,0.000301,0.000393,0.000416,-0.002427,-0.003005,-0.002913,-0.001641,0.00208,-0.001872,-0.008969,-0.014031,-0.020226,-0.021867,-0.013107,-0.025196,-0.027484,-0.024965,-0.020873,-0.005519,-0.005299,-0.004129,-0.000359,0.00152,-0.001984,-0.002403,-0.002181,-0.001279,0.000848,0.000632,0.001073,0.001059,0.001014,0.000635,-0.000613,-0.001928,-0.003031,-0.004235,-0.00492,0.315553,-0.698926,-0.144389,-0.934431,1,0,0,0,0,0,0,0,0,0,0
2584,-0.000833,-0.002637,-0.004094,-0.005413,-0.007426,4.6e-05,0.000116,0.00044,0.001666,0.004812,-0.002452,-0.006454,-0.010572,-0.013301,-0.014319,-0.004511,-0.010687,-0.012307,-0.012307,-0.012075,2.3e-05,0.000116,0.000208,0.000278,0.000208,-0.000648,-0.000625,-0.000208,0.002498,0.006894,-0.005691,-0.010109,-0.015776,-0.019362,-0.018876,-0.005228,-0.014782,-0.013209,-0.009415,-0.006894,0.001975,0.0001,0.003348,0.00647,0.006844,-0.000571,-0.000352,-3.8e-05,0.00163,0.003155,0.000271,0.000558,0.000413,0.000158,-0.000145,-0.000672,-0.002013,-0.003098,-0.00393,-0.005209,0.313404,-0.699908,-0.144948,-0.936498,1,0,0,0,0,0,0,0,0,0,0
2585,-0.000903,-0.002361,-0.004074,-0.0053,-0.008031,4.6e-05,0.000139,0.000764,0.002523,0.007221,-0.001643,-0.005902,-0.009513,-0.011989,-0.011457,-0.004444,-0.007592,-0.007846,-0.007592,-0.007545,2.3e-05,0.000139,0.000231,0.000255,0.000162,6.9e-05,0.000162,0.001435,0.005161,0.00979,-0.001412,-0.006481,-0.012684,-0.014327,-0.012036,-0.006874,-0.009166,-0.006643,-0.002546,-0.000602,-0.001756,-0.000584,0.00319,0.005072,0.005006,0.000151,0.000373,0.001276,0.003406,0.003737,0.000173,0.000159,0.000113,-0.00027,-0.00056,-0.000652,-0.001765,-0.00298,-0.003671,-0.005614,0.311114,-0.701248,-0.146086,-0.938426,1,0,0,0,0,0,0,0,0,0,0
2586,-0.000904,-0.002365,-0.003686,-0.005703,-0.008995,2.3e-05,0.000348,0.001576,0.004729,0.007488,-0.002365,-0.006491,-0.009227,-0.010247,-0.009552,-0.001739,-0.003362,-0.003362,-0.00313,-0.003083,7e-05,0.000162,0.000232,0.000162,0.0,-4.6e-05,0.000371,0.003083,0.007488,0.010943,-0.003014,-0.008694,-0.012287,-0.0118,-0.006005,-0.002689,-0.001113,0.002689,0.005216,0.008601,-0.00012,0.003135,0.006264,0.006638,0.005073,6.8e-05,0.000382,0.002054,0.003582,0.004753,0.000116,-3.1e-05,-0.000289,-0.000597,-0.001258,-0.000702,-0.001804,-0.002649,-0.003949,-0.006193,0.305763,-0.703977,-0.147434,-0.939727,1,0,0,0,0,0,0,0,0,0,0
2587,-0.000557,-0.002273,-0.003502,-0.006238,-0.010018,7e-05,0.000696,0.002458,0.007166,0.00756,-0.001902,-0.005519,-0.008001,-0.007467,-0.005427,-0.001415,-0.00167,-0.001415,-0.001368,-0.002737,4.6e-05,0.000139,0.000162,7e-05,-0.000371,0.000139,0.001415,0.005148,0.009787,0.011549,-0.002064,-0.008279,-0.009926,-0.00763,0.028362,0.000394,0.002922,0.007027,0.008975,0.012291,0.001294,0.005076,0.006961,0.006896,-0.014224,0.000155,0.001059,0.003194,0.003525,0.005403,-0.000131,-0.000177,-0.000565,-0.00086,-0.003501,-0.000425,-0.001656,-0.002357,-0.004327,-0.00667,0.274471,-0.706594,-0.148555,-0.940675,1,0,0,0,0,0,0,0,0,0,0
2588,-0.000905,-0.002228,-0.004247,-0.007542,-0.01165,0.000255,0.001485,0.004641,0.007403,0.00745,-0.002228,-0.004966,-0.005987,-0.005291,-7e-05,-0.000209,-0.000209,2.3e-05,7e-05,-0.003272,4.6e-05,0.000116,4.6e-05,-0.000116,-0.001044,0.000278,0.002994,0.007403,0.010861,0.011023,-0.00362,-0.007217,-0.00673,-0.000928,0.068554,0.001184,0.00499,0.007519,0.010907,0.009561,0.001963,0.005095,0.00547,0.003903,-0.038439,0.00016,0.001833,0.003363,0.004535,0.005161,-1.7e-05,-0.000277,-0.000587,-0.001253,-0.005109,-0.000683,-0.001534,-0.002842,-0.005103,-0.007501,0.23584,-0.70598,-0.149099,-0.941004,1,0,0,0,0,0,0,0,0,0,0
2589,-0.000812,-0.002042,-0.004781,-0.008563,-0.012857,0.000371,0.002135,0.006846,0.007241,0.007194,-0.001392,-0.003876,-0.003342,-0.0013,0.011047,-4.6e-05,0.000209,0.000255,-0.001114,-0.010072,4.6e-05,7e-05,-2.3e-05,-0.000464,-0.001741,0.000998,0.004734,0.009376,0.011139,0.010165,-0.002599,-0.004247,-0.001949,0.034068,0.122093,0.001346,0.005454,0.007403,0.010722,-0.004456,0.001822,0.003708,0.003643,-0.017492,-0.068581,0.000745,0.002881,0.003213,0.005092,0.004671,-3e-05,-0.00042,-0.000716,-0.00337,-0.006348,-0.000555,-0.001259,-0.003239,-0.005593,-0.007999,0.186582,-0.697268,-0.150526,-0.944669,0,0,1,0,0,0,0,0,0,0,0
2590,-0.000511,-0.00253,-0.005826,-0.009934,-0.013857,0.000859,0.004015,0.006778,0.006824,0.006151,-0.001346,-0.002368,-0.001671,0.003551,0.021493,4.6e-05,0.000279,0.000325,-0.003017,-0.023257,2.3e-05,-4.6e-05,-0.000209,-0.001137,-0.00318,0.001718,0.006128,0.009586,0.009749,0.007497,-0.000998,-0.000511,0.005292,0.074786,0.177842,0.00246,0.00499,0.008379,0.007033,-0.028294,0.00131,0.001685,0.000118,-0.04223,-0.098695,0.000928,0.002458,0.00363,0.004256,0.003013,-0.000231,-0.000541,-0.001208,-0.005068,-0.007138,-0.000297,-0.001607,-0.003869,-0.00627,-0.007895,0.133831,-0.679224,-0.151326,-0.949031,0,0,1,0,0,0,0,0,0,0,0
2591,-0.00072,-0.003459,-0.007242,-0.011537,-0.01409,0.000905,0.005617,0.006012,0.005966,0.003946,-0.001137,-0.000604,0.001439,0.013788,0.025743,0.000209,0.000255,-0.001114,-0.010074,-0.043825,0.0,-9.3e-05,-0.000534,-0.001811,-0.004132,0.002019,0.006662,0.008426,0.007451,0.005176,-0.00065,0.001648,0.037674,0.12572,0.231152,0.001648,0.003598,0.006917,-0.008264,-0.059912,0.000577,0.000511,-0.020628,-0.071729,-0.122207,0.001208,0.00154,0.00342,0.002999,0.002786,-0.00016,-0.000456,-0.003115,-0.006098,-0.007494,-0.000409,-0.002392,-0.00475,-0.007159,-0.007367,0.080952,-0.652108,-0.152403,-0.950319,0,0,1,0,0,0,0,0,0,0,0
2592,-0.001299,-0.004594,-0.008701,-0.012622,-0.014316,0.002251,0.005012,0.005058,0.004385,0.003875,0.000116,0.000812,0.006033,0.023968,0.034386,2.3e-05,7e-05,-0.003272,-0.023504,-0.014966,-7e-05,-0.000232,-0.00116,-0.003202,-0.004339,0.00239,0.005847,0.006009,0.003759,0.005128,0.001137,0.006938,0.076406,0.179424,0.28706,0.000882,0.004269,0.002924,-0.032391,-0.160978,-0.000201,-0.001768,-0.044101,-0.100545,-0.252333,0.000322,0.001493,0.002119,0.000877,0.002823,-0.00015,-0.000815,-0.004665,-0.00673,-0.007378,-0.000899,-0.003156,-0.00555,-0.007171,-0.007352,0.024375,-0.551498,-0.153626,-0.951119,0,0,1,0,0,0,0,0,0,0,0
2593,-0.001439,-0.005221,-0.009515,-0.012067,-0.015293,0.00246,0.002854,0.002808,0.000789,0.001973,0.000418,0.00246,0.014806,0.026757,0.032976,2.3e-05,-0.001346,-0.010304,-0.044046,-0.049592,-2.3e-05,-0.000464,-0.00174,-0.004061,-0.005384,0.002251,0.004015,0.00304,0.000766,0.003249,0.00116,0.037177,0.125199,0.230603,0.353296,0.001067,0.004386,-0.010791,-0.062425,-0.140422,0.000136,-0.020998,-0.072085,-0.12255,-0.171332,1e-05,0.001888,0.001468,0.001255,0.002859,-0.000145,-0.002799,-0.005777,-0.00717,-0.007254,-0.001079,-0.003433,-0.005838,-0.006045,-0.007327,-0.044268,-0.580049,-0.154546,-0.95084,0,0,1,0,0,0,0,0,0,0,0
2594,-0.001857,-0.005966,-0.009889,-0.011584,-0.017619,0.000302,0.000348,-0.000325,-0.000836,-0.000882,0.000279,0.005502,0.023446,0.033869,0.037073,2.3e-05,-0.00332,-0.023562,-0.015019,-0.058035,-0.000139,-0.001068,-0.003111,-0.004248,-0.007428,0.001207,0.00137,-0.000882,0.000487,0.000604,0.004643,0.074145,0.177216,0.284905,0.409936,0.002321,0.000975,-0.034357,-0.163009,-0.149312,-0.001703,-0.044057,-0.100529,-0.252393,-0.135096,0.001162,0.001788,0.000545,0.002493,0.003144,-0.000522,-0.004385,-0.006458,-0.007107,-0.007286,-0.001183,-0.003586,-0.005212,-0.005394,-0.007565,-0.102957,-0.578507,-0.154791,-0.946813,0,0,1,0,0,0,0,0,0,0,0
2595,-0.001928,-0.006225,-0.008781,-0.012009,-0.015726,9.3e-05,4.6e-05,-0.001974,-0.00079,0.000256,0.001765,0.014123,0.026086,0.032311,0.052474,-0.001394,-0.01036,-0.044135,-0.049687,-0.061464,-0.000302,-0.00158,-0.003902,-0.005227,-0.009965,0.000557,-0.000418,-0.002695,-0.000209,-0.001045,0.031406,0.119513,0.225019,0.34783,0.468458,0.000999,-0.014193,-0.065877,-0.14395,-0.171104,-0.01945,-0.070587,-0.1211,-0.169929,-0.103837,0.000718,0.000297,8.4e-05,0.001689,-0.000339,-0.002148,-0.005146,-0.006549,-0.006633,-0.007216,-0.001181,-0.003602,-0.003811,-0.005102,-0.004587,-0.1664,-0.561123,-0.152995,-0.944496,0,0,1,0,0,0,0,0,0,0,0
2596,-0.002187,-0.006119,-0.007817,-0.013867,-0.014611,-4.7e-05,-0.000721,-0.001233,-0.00128,0.000302,0.003467,0.021451,0.031898,0.035109,0.072567,-0.001954,-0.022242,-0.013681,-0.056793,-0.078314,-0.000628,-0.002676,-0.003816,-0.007003,-0.009725,-0.000396,-0.002652,-0.00128,-0.001163,-0.000116,0.038203,0.141505,0.249437,0.374748,0.499944,-0.00235,-0.037761,-0.166702,-0.152975,-0.230591,-0.022968,-0.079567,-0.231773,-0.114212,-0.06225,-9.1e-05,-0.001337,0.000615,0.001268,0.000398,-0.001753,-0.003858,-0.004518,-0.0047,-0.006159,-0.001246,-0.002898,-0.003083,-0.005288,-0.003836,-0.227796,-0.506986,-0.154089,-0.943615,0,0,1,0,0,0,0,0,0,0,0
2597,-0.002121,-0.004686,-0.007926,-0.011656,-0.019069,0.0,-0.002028,-0.000839,0.00021,0.000396,0.008928,0.020933,0.027181,0.047415,0.093478,-0.00704,-0.040934,-0.046506,-0.058325,-0.086764,-0.000653,-0.002984,-0.004313,-0.009068,-0.011003,-0.000583,-0.002867,-0.000373,-0.001212,0.004079,0.050142,0.156022,0.279268,0.400324,0.512147,-0.012891,-0.064759,-0.143108,-0.170358,-0.267846,-0.028305,-0.078998,-0.127999,-0.061673,-0.020408,-0.000331,-0.000545,0.001066,-0.000969,0.005015,-0.001296,-0.002734,-0.002821,-0.003419,-0.005502,-0.001219,-0.001432,-0.002756,-0.002228,-0.005881,-0.273935,-0.474175,-0.15359,-0.943232,0,0,1,0,0,0,0,0,0,0,0
2598,-0.001827,-0.003538,-0.009629,-0.010379,-0.03376,-0.000679,-0.001195,-0.001242,0.000351,0.002413,0.009137,0.019656,0.022889,0.060609,0.109456,-0.013354,-0.004732,-0.048145,-0.069816,-0.08652,-0.001406,-0.002554,-0.005763,-0.008504,-0.010918,-0.001687,-0.000305,-0.000187,0.000867,0.012347,0.053627,0.16231,0.288494,0.414561,0.520151,-0.022702,-0.152541,-0.138718,-0.216874,-0.298685,-0.028546,-0.181811,-0.063432,-0.011109,0.036988,-0.000922,0.001043,0.001701,0.000825,0.014072,-0.000868,-0.00156,-0.001751,-0.003283,-0.006295,-0.000472,-0.000666,-0.002981,-0.001457,-0.018141,-0.32807,-0.43822,-0.158302,-0.945749,0,0,1,0,0,0,0,0,0,0,0
2599,-0.000755,-0.004032,-0.007804,-0.015302,-0.037018,-0.001368,-0.000165,0.000896,0.001085,0.003537,0.002947,0.009266,0.029732,0.076323,0.123127,-0.020843,-0.026479,-0.038433,-0.067199,-0.078162,-0.000943,-0.002287,-0.007097,-0.009054,-0.011035,-0.000613,0.00191,0.001061,0.006413,0.014666,0.053122,0.177781,0.300224,0.41333,0.515707,-0.029614,-0.108862,-0.136425,-0.23503,-0.301992,-0.022544,-0.072108,-0.005022,0.036717,0.090734,0.000712,0.002342,0.000283,0.006336,0.015936,-0.000651,-0.000744,-0.001392,-0.003647,-0.00728,0.000262,-0.001171,-0.000599,-0.004556,-0.021734,-0.372638,-0.41941,-0.159024,-0.943533,0,0,1,0,0,0,0,0,0,0,0
2600,-0.000969,-0.007114,-0.007871,-0.031459,-0.035193,0.000851,0.000804,0.002411,0.004491,0.00494,0.007658,0.01092,0.048973,0.098253,0.144225,0.029592,-0.014205,-0.036068,-0.05292,-0.073578,-0.000213,-0.003451,-0.006216,-0.008651,-0.010163,0.002009,0.002127,0.003191,0.014772,0.01638,0.056395,0.183696,0.31088,0.417406,0.491149,-0.101302,-0.087357,-0.166206,-0.248742,-0.292137,-0.132023,-0.012596,0.040191,0.088714,0.117452,0.001269,0.001933,0.001049,0.014414,0.016017,-7.5e-05,-0.000278,-0.001907,-0.005112,-0.007038,-0.000473,-0.002935,-0.001314,-0.019061,-0.020965,-0.402375,-0.405272,-0.161146,-0.949824,0,0,1,0,0,0,0,0,0,0,0
2601,-0.002317,-0.0061,-0.013618,-0.035392,-0.031231,0.000355,0.001419,0.001608,0.004066,0.003996,-0.001324,0.019197,0.065914,0.112843,0.155541,-0.03525,-0.047237,-0.07608,-0.087074,-0.11691,-0.001135,-0.005958,-0.00792,-0.009906,-0.00993,0.00052,-0.000331,0.005036,0.01331,0.015415,0.068586,0.191359,0.304769,0.407423,0.457639,0.021869,-0.005769,-0.10464,-0.171783,-0.198238,0.082362,0.149629,0.19148,0.245643,0.25293,0.000365,-0.0017,0.00437,0.013995,0.015233,-2e-05,-0.00068,-0.002979,-0.00668,-0.006207,-0.000987,-0.000405,-0.004436,-0.021941,-0.017338,-0.426116,-0.401167,-0.16191,-0.951093,0,0,1,0,0,0,0,0,0,0,0
2602,-0.003837,-0.004595,-0.028233,-0.031975,-0.027972,-0.000403,0.001208,0.003292,0.003742,0.003813,0.004595,0.042728,0.092112,0.138179,0.175128,-0.008574,-0.030483,-0.04737,-0.068071,-0.102344,-0.002108,-0.004879,-0.007319,-0.008835,-0.009048,-0.000403,0.000663,0.012269,0.01388,0.014851,0.058858,0.186307,0.293056,0.366954,0.406556,-0.007935,-0.086948,-0.169657,-0.213143,-0.23273,0.037166,0.090063,0.138688,0.167486,0.169324,0.0003,-0.000585,0.012807,0.014413,0.014409,-0.000186,-0.001839,-0.005091,-0.007046,-0.005282,-0.0015,0.000145,-0.017863,-0.019795,-0.015378,-0.443698,-0.393684,-0.162045,-0.9525,0,0,1,0,0,0,0,0,0,0,0
2603,4.7e-05,-0.007483,-0.029291,-0.025124,-0.023111,0.001468,0.001658,0.00412,0.004049,0.004641,0.01596,0.06275,0.109753,0.152518,0.18188,-0.003433,-0.032322,-0.043333,-0.073216,-0.109019,-0.002723,-0.004688,-0.006678,-0.006701,-0.007127,-0.00045,0.004925,0.013213,0.01532,0.015226,0.064123,0.177712,0.280527,0.330822,0.360468,-0.019748,-0.118775,-0.186024,-0.212521,-0.227889,0.030216,0.072134,0.126382,0.13368,0.13344,-0.002368,0.003712,0.013353,0.014592,0.013419,-0.000482,-0.002806,-0.006548,-0.00607,-0.003642,0.002086,-0.001991,-0.019689,-0.015036,-0.012745,-0.457465,-0.39378,-0.162763,-0.954917,0,0,1,0,0,0,0,0,0,0,0
2604,-0.000804,-0.0244,-0.028135,-0.02414,-0.022461,0.000142,0.002222,0.002672,0.002743,0.00357,0.02213,0.071426,0.117412,0.154295,0.175148,-0.018442,-0.035299,-0.055963,-0.090175,-0.112612,-4.7e-05,-0.002483,-0.003996,-0.004208,-0.004303,0.001513,0.013098,0.014706,0.015675,0.015604,0.063198,0.169758,0.243524,0.283056,0.301001,-0.059155,-0.141717,-0.185126,-0.204679,-0.213639,0.022633,0.071172,0.099918,0.101753,0.098704,0.00148,0.014849,0.016452,0.016448,0.015207,-0.001156,-0.004368,-0.006298,-0.004556,-0.002965,-0.000439,-0.018225,-0.020133,-0.01577,-0.014209,-0.461833,-0.3907,-0.163527,-0.953769,0,0,1,0,0,0,0,0,0,0,0
2605,-0.006698,-0.028421,-0.02427,-0.022265,-0.021086,4.7e-05,0.0025,0.002429,0.003019,0.003774,0.02453,0.071348,0.113945,0.143192,0.159985,-0.010378,-0.021346,-0.051111,-0.086774,-0.101775,-0.00191,-0.003892,-0.003915,-0.00434,-0.003915,0.003845,0.0121,0.014199,0.014105,0.011534,0.050097,0.152509,0.202606,0.232136,0.240745,-0.039625,-0.10661,-0.133003,-0.14831,-0.157816,0.019174,0.073209,0.080479,0.08024,0.072141,0.004579,0.014182,0.015416,0.014248,0.010838,-0.001125,-0.004765,-0.0043,-0.001938,-0.001333,-0.003534,-0.020752,-0.016225,-0.013997,-0.013926,-0.464419,-0.389618,-0.165052,-0.94989,0,0,1,0,0,0,0,0,0,0,0
2606,-0.016763,-0.020472,-0.016505,-0.014838,-0.013664,0.002019,0.002465,0.002536,0.003357,0.004766,0.024534,0.070198,0.106823,0.12753,0.136803,-0.006409,-0.026929,-0.060901,-0.083181,-0.096493,-0.000517,-0.002019,-0.00223,-0.002324,-0.001996,0.007677,0.009274,0.010236,0.010166,0.007466,0.055947,0.129197,0.168451,0.18627,0.190567,-0.042541,-0.085646,-0.105062,-0.11396,-0.117974,0.029113,0.057658,0.059481,0.056453,0.051721,0.008717,0.01031,0.010306,0.009073,0.004879,-0.001969,-0.003807,-0.002148,-0.000633,0.000318,-0.01351,-0.015327,-0.011173,-0.009687,-0.0097,-0.463914,-0.39194,-0.165754,-0.947725,0,0,1,0,0,0,0,0,0,0,0
2607,-0.004834,-0.000724,0.001261,0.002429,0.002382,0.00042,0.00035,0.000934,0.001681,0.003526,0.021951,0.064124,0.09308,0.109707,0.116315,-0.004484,-0.033954,-0.069261,-0.084113,-0.093828,-0.001448,-0.001471,-0.001891,-0.001471,-0.001471,0.000537,0.002615,0.002522,-2.3e-05,-0.000234,0.045746,0.095345,0.124582,0.133105,0.13516,-0.024006,-0.050136,-0.065292,-0.074702,-0.076641,0.024541,0.031738,0.031502,0.023483,0.019224,0.000837,0.002059,0.000902,-0.002474,-0.004476,-0.001498,-0.001065,0.001138,0.001702,0.002461,-0.003043,0.001178,0.003256,0.003322,0.002917,-0.463502,-0.393325,-0.166467,-0.945186,0,0,1,0,0,0,0,0,0,0,0
2608,0.00114,0.005073,0.006725,0.007888,0.00733,2.3e-05,9.3e-05,0.000908,0.002304,0.005492,0.023386,0.059686,0.08021,0.089402,0.097546,-0.01587,-0.049541,-0.071624,-0.084817,-0.09238,-4.7e-05,-0.000256,-0.000349,-2.3e-05,7e-05,0.001047,0.002001,0.001931,-0.000745,-0.000698,0.027016,0.065923,0.083584,0.087842,0.090914,-0.018802,-0.038046,-0.046865,-0.050844,-0.054683,0.003838,0.005644,0.002643,-0.002047,-0.006935,0.000744,0.00074,-0.000481,-0.004639,-0.007582,-0.000265,0.001293,0.002717,0.003611,0.003968,0.001262,0.005165,0.006561,0.006549,0.005449,-0.462901,-0.393457,-0.166232,-0.941322,1,0,0,0,0,0,0,0,0,0,0
2609,0.002967,0.004953,0.006121,0.006074,0.006191,-9.3e-05,0.000491,0.001238,0.003084,0.006097,0.018712,0.04768,0.064314,0.070925,0.078424,-0.01355,-0.048872,-0.06373,-0.073448,-0.082956,2.3e-05,-0.000397,2.3e-05,2.3e-05,0.0,0.001028,0.000934,-0.001612,-0.001822,-0.001775,0.022497,0.051745,0.060272,0.062328,0.066883,-0.007265,-0.022427,-0.031841,-0.03378,-0.039948,0.003347,0.00311,-0.004911,-0.009172,-0.011922,0.000476,-0.000682,-0.004059,-0.006062,-0.008995,0.000707,0.002916,0.003482,0.004243,0.004551,0.002936,0.00502,0.005086,0.00468,0.004271,-0.463304,-0.391437,-0.165803,-0.937953,1,0,0,0,0,0,0,0,0,0,0
2610,0.000981,0.00264,0.003808,0.003247,0.003037,0.000164,0.000981,0.002383,0.005583,0.00619,0.01773,0.038334,0.047562,0.055738,0.062793,-0.020253,-0.042422,-0.055668,-0.06326,-0.073094,-0.000234,-0.000327,0.0,9.3e-05,-9.3e-05,-7e-05,-0.00014,-0.002827,-0.00278,-0.00306,0.016562,0.034293,0.038568,0.041651,0.045576,-0.012054,-0.020907,-0.024902,-0.028757,-0.035181,-0.001534,-0.004547,-0.009255,-0.014162,-0.01708,-0.000479,-0.001706,-0.005879,-0.008834,-0.009698,0.000894,0.002357,0.003276,0.003643,0.003955,0.001075,0.00251,0.002498,0.001367,0.001191,-0.46293,-0.390913,-0.165926,-0.936036,1,0,0,0,0,0,0,0,0,0,0
2611,0.001006,0.002176,0.002129,0.002246,0.002012,0.000421,0.00117,0.003018,0.006035,0.006363,0.011252,0.027908,0.034528,0.042038,0.045968,-0.015089,-0.029967,-0.039698,-0.049219,-0.055863,-0.000187,0.000234,0.000234,0.000211,-0.001123,-2.3e-05,-0.002573,-0.002784,-0.002737,-0.000749,0.012702,0.021241,0.0233,0.027861,0.030856,-0.003111,-0.012539,-0.01448,-0.020656,-0.024165,0.001299,-0.006734,-0.011,-0.013754,-0.014476,-0.000679,-0.004061,-0.006067,-0.009003,-0.007601,0.001327,0.001898,0.002666,0.002978,0.003251,0.001018,0.001085,0.000675,0.000262,0.001491,-0.463094,-0.391829,-0.16454,-0.936883,1,0,0,0,0,0,0,0,0,0,0
2612,0.000656,0.001828,0.001266,0.001055,0.000938,0.000398,0.001805,0.005016,0.005625,0.006188,0.009399,0.018658,0.026861,0.03394,0.037151,-0.007126,-0.020416,-0.028033,-0.037901,-0.043902,9.4e-05,0.000422,0.000516,0.000328,-0.00232,-4.7e-05,-0.002742,-0.002696,-0.002977,-0.000352,0.005063,0.009352,0.012446,0.016384,0.019455,-0.005766,-0.009774,-0.013642,-0.020087,-0.021611,-0.004324,-0.009049,-0.013973,-0.0169,-0.016708,-0.00055,-0.004738,-0.007702,-0.008569,-0.007061,0.000153,0.001094,0.001469,0.001788,0.002177,0.000438,0.000425,-0.000733,-0.000913,0.001644,-0.462876,-0.392861,-0.163132,-0.935938,1,0,0,0,0,0,0,0,0,0,0
2613,0.000515,0.000468,0.000585,0.000351,0.000187,0.000351,0.002199,0.005216,0.005544,0.006643,0.007275,0.013894,0.021403,0.025332,0.032864,-0.007766,-0.017496,-0.027017,-0.03366,-0.037051,0.000327,0.000327,0.000304,-0.001029,-0.002456,-0.002503,-0.002713,-0.002667,-0.000678,-0.000351,0.003485,0.005544,0.010105,0.013099,0.02042,-0.003672,-0.005614,-0.011789,-0.015298,-0.013894,-0.003716,-0.007982,-0.010736,-0.011458,-0.01128,-0.002832,-0.004838,-0.007775,-0.006373,-0.007382,0.000421,0.001188,0.001499,0.001772,0.002183,-0.000364,-0.000774,-0.001187,4.2e-05,0.00099,-0.467752,-0.39593,-0.163051,-0.934495,1,0,0,0,0,0,0,0,0,0,0
2614,0.000653,9.3e-05,-0.000117,-0.000233,-0.000443,0.00105,0.004248,0.004854,0.005415,0.008425,0.00196,0.010129,0.017177,0.020375,0.026466,-0.005485,-0.01307,-0.022895,-0.02887,-0.028287,0.0,9.3e-05,-9.3e-05,-0.002731,-0.002287,-0.000187,-0.00014,-0.00042,0.002194,7e-05,0.000794,0.003874,0.007795,0.010853,0.01524,-0.000327,-0.004178,-0.010596,-0.012113,-0.009476,-0.000996,-0.005899,-0.008814,-0.008623,-0.010145,-0.001344,-0.004295,-0.005159,-0.003657,-0.008556,0.000499,0.000863,0.001173,0.00155,0.001737,0.000346,-0.000778,-0.000952,0.001529,0.000125,-0.465494,-0.397191,-0.163641,-0.931607,1,0,0,0,0,0,0,0,0,0,0
2615,-0.000698,-0.000582,-0.000814,-0.000977,-0.001559,0.000791,0.003793,0.004119,0.005213,0.009355,0.004631,0.0121,0.01601,0.023503,0.024759,-0.004212,-0.013683,-0.020292,-0.023666,-0.021921,0.0,-2.3e-05,-0.00135,-0.002769,-0.001629,-2.3e-05,2.3e-05,0.002001,0.002327,-0.002211,0.001257,0.005794,0.008773,0.016056,0.014474,-0.001606,-0.007749,-0.011239,-0.009843,-0.008145,-0.003251,-0.00599,-0.006708,-0.006531,-0.009363,-0.000656,-0.003577,-0.002182,-0.003187,-0.011335,0.000251,0.000552,0.000815,0.001211,0.001227,-0.000735,-0.001133,5.2e-05,0.000967,-0.001797,-0.464593,-0.398498,-0.164388,-0.927901,1,0,0,0,0,0,0,0,0,0,0
2616,0.000139,-7e-05,-0.000186,-0.000394,-0.000928,0.002389,0.002992,0.003548,0.00654,0.01083,0.003502,0.010506,0.013683,0.019736,0.017904,-0.00334,-0.013103,-0.01904,-0.01846,-0.017022,9.3e-05,-9.3e-05,-0.002713,-0.002273,-0.000742,7e-05,-0.000209,0.002389,0.000278,-0.002366,0.001809,0.005705,0.008743,0.013103,0.010227,-0.002226,-0.008604,-0.010111,-0.007491,-0.005033,-0.001632,-0.004529,-0.004339,-0.005852,-0.006798,-0.00228,-0.003137,-0.001646,-0.006513,-0.012872,0.000103,0.0004,0.00076,0.000939,0.001025,-0.000358,-0.000524,0.001848,0.000506,-0.002116,-0.460575,-0.400777,-0.165097,-0.925647,1,0,0,0,0,0,0,0,0,0,0
2617,-2.3e-05,-0.000254,-0.000416,-0.000993,-0.001085,0.0006,0.000924,0.002009,0.00612,0.008937,0.003926,0.007806,0.015242,0.016489,0.012956,-0.006074,-0.012633,-0.015981,-0.014249,-0.013233,-0.000115,-0.001432,-0.002841,-0.001709,0.000439,-2.3e-05,0.00194,0.002263,-0.00224,-0.002425,0.002702,0.005658,0.012887,0.011316,0.006836,-0.00388,-0.007344,-0.005958,-0.004272,0.001824,-0.001094,-0.001806,-0.00163,-0.004441,-0.004883,-0.000629,0.000755,-0.000242,-0.008328,-0.010793,0.000185,0.000434,0.00081,0.000826,0.001215,-3e-05,0.001093,0.001961,-0.00066,-0.002693,-0.457992,-0.405782,-0.166078,-0.922932,1,0,0,0,0,0,0,0,0,0,0
2618,-0.000184,-0.000299,-0.000506,-0.001036,-0.001082,0.0,0.000552,0.003521,0.007778,0.009619,0.003038,0.00619,0.012196,0.010378,0.008123,-0.003636,-0.009527,-0.008952,-0.007525,-0.006789,-6.9e-05,-0.002669,-0.002232,-0.000713,0.001404,-0.000253,0.002324,0.00023,-0.002393,-0.001404,0.001174,0.004188,0.008515,0.005661,0.002715,-0.002462,-0.003958,-0.001358,0.001082,0.008837,-0.001784,-0.001596,-0.003097,-0.004036,-0.003987,-0.000224,0.001256,-0.003574,-0.009883,-0.010255,0.000101,0.000442,0.000611,0.000693,0.001216,-0.000129,0.002119,0.000847,-0.001636,-0.003244,-0.455871,-0.409161,-0.16645,-0.921775,1,0,0,0,0,0,0,0,0,0,0
2619,-4.6e-05,-0.000207,-0.000781,-0.000873,-0.000528,0.000322,0.001401,0.00549,0.008293,0.010131,0.000827,0.008224,0.009464,0.00595,0.004319,-0.002894,-0.006225,-0.004502,-0.003492,-0.003055,-0.00124,-0.002642,-0.001516,0.00062,0.003469,0.002205,0.002527,-0.001953,-0.002136,-0.000207,0.001769,0.008959,0.007397,0.00294,0.000551,-0.000988,0.000391,0.002067,0.008132,0.016333,0.001073,0.001248,-0.001548,-0.001988,-0.001804,0.001601,0.000609,-0.007435,-0.009886,-0.009256,0.000141,0.000503,0.000518,0.000893,0.001466,0.001209,0.002045,-0.00048,-0.002439,-0.004122,-0.4546,-0.415242,-0.168125,-0.921953,1,0,0,0,0,0,0,0,0,0,0
2620,-6.9e-05,-0.000275,-0.000803,-0.000849,0.00023,0.00023,0.00319,0.007436,0.009272,0.010099,0.002318,0.008308,0.006495,0.004246,0.003167,-0.002984,-0.00241,-0.000987,-0.000252,0.004728,-0.001354,-0.000918,0.000597,0.002708,0.006633,0.000367,-0.001721,-0.004338,-0.003351,-0.001584,0.001239,0.005554,0.002708,-0.00023,-0.001928,-0.000505,0.002089,0.004521,0.012256,0.022286,-0.000884,-0.002381,-0.003318,-0.003268,-0.003248,-0.000123,-0.00494,-0.011233,-0.011604,-0.010066,0.000195,0.000361,0.000442,0.000955,0.001327,0.001005,-0.000244,-0.002682,-0.00426,-0.006045,-0.453535,-0.420639,-0.169469,-0.922591,1,0,0,0,0,0,0,0,0,0,0
2621,-9.2e-05,-0.000665,-0.000757,-0.000413,0.002592,0.000849,0.004932,0.007731,0.009566,0.009887,0.00507,0.006309,0.002799,0.00117,0.000413,-0.000344,0.001376,0.002386,0.002822,0.01459,-4.6e-05,0.001078,0.003212,0.006056,0.009475,-4.6e-05,-0.004519,-0.004703,-0.002776,-0.001537,0.005942,0.004382,-6.9e-05,-0.002455,-0.003258,0.001881,0.003556,0.009612,0.017802,0.025097,0.001058,-0.001733,-0.002173,-0.001989,-0.0026,-0.000868,-0.0089,-0.011349,-0.01072,-0.009734,0.000164,0.000179,0.000551,0.001118,0.000797,-0.000173,-0.002675,-0.004615,-0.006282,-0.006419,-0.45318,-0.422977,-0.169768,-0.923143,1,0,0,0,0,0,0,0,0,0,0
2622,-0.000115,-0.000642,-0.000688,0.00039,0.005184,0.00211,0.006354,0.008189,0.009015,0.009657,0.000918,-0.000895,-0.003143,-0.004221,-0.008465,0.000918,0.00234,0.003074,0.008052,0.022962,0.000482,0.001996,0.004106,0.008029,0.010208,-0.002042,-0.004657,-0.00367,-0.001904,0.000596,-0.001629,-0.004473,-0.007409,-0.009107,-0.010024,0.000711,0.003143,0.010873,0.020898,0.025646,-0.002555,-0.003491,-0.003441,-0.003421,-0.001301,-0.003947,-0.010236,-0.010607,-0.00907,-0.007825,2e-06,8.2e-05,0.000593,0.000964,0.000198,-0.001071,-0.003499,-0.005072,-0.00685,-0.004774,-0.45234,-0.424476,-0.169309,-0.925737,1,0,0,0,0,0,0,0,0,0,0
2623,-0.000459,-0.000551,-0.000207,0.0028,0.010259,0.001974,0.004774,0.00661,0.006931,0.007069,0.000321,-0.00319,-0.00482,-0.005577,-0.021712,0.000803,0.001813,0.002249,0.014023,0.030594,0.000643,0.002777,0.005623,0.009043,0.010121,-0.002433,-0.002616,-0.000689,0.000551,0.006082,6.9e-05,-0.004384,-0.006771,-0.007574,-0.014735,0.000964,0.007023,0.015217,0.022515,0.038214,-0.000237,-0.000677,-0.000493,-0.001104,0.007709,-0.004087,-0.006537,-0.005908,-0.004921,-0.000994,1.3e-05,0.000387,0.000955,0.000633,0.000522,-0.001435,-0.003381,-0.005053,-0.005191,9.4e-05,-0.446127,-0.437296,-0.168634,-0.929665,1,0,0,0,0,0,0,0,0,0,0
2624,-6.9e-05,-0.000115,0.000965,0.005764,0.013113,0.002274,0.004111,0.004938,0.005581,0.004938,-0.002136,-0.004386,-0.005466,-0.009714,-0.038215,0.00062,0.001355,0.006338,0.021266,0.039799,0.000873,0.002986,0.006913,0.009094,0.010105,-0.000184,0.000804,0.002572,0.005075,0.011069,-0.002917,-0.005856,-0.007556,-0.008474,-0.027857,0.00147,0.009209,0.019245,0.023999,0.059228,-0.0007,-0.000651,-0.000631,0.001492,0.012618,-0.002207,-0.002578,-0.001039,0.000208,0.005395,6.7e-05,0.000583,0.000957,0.000184,0.001519,-0.001007,-0.002592,-0.004384,-0.002292,0.00323,-0.431891,-0.45898,-0.16715,-0.932056,1,0,0,0,0,0,0,0,0,0,0
2625,-2.3e-05,0.000321,0.003327,0.010785,0.018334,0.000528,0.002363,0.002685,0.002822,0.003098,-0.001377,-0.003006,-0.003763,-0.019894,-0.045387,0.00039,0.000826,0.012597,0.029165,0.071202,0.001262,0.004107,0.007526,0.008605,0.01145,0.0,0.001927,0.003167,0.008697,0.009706,-0.001537,-0.003924,-0.004727,-0.011886,-0.038894,0.004589,0.012781,0.020078,0.035773,0.085314,0.00026,0.000444,-0.000167,0.008644,0.008079,-0.000244,0.000385,0.001371,0.005297,0.005086,0.000305,0.000873,0.000552,0.000441,0.001117,-0.000943,-0.002612,-0.002749,0.002528,0.006058,-0.415061,-0.481536,-0.164953,-0.926859,1,0,0,0,0,0,0,0,0,0,0
2626,-2.3e-05,0.001055,0.005847,0.013184,0.024076,0.001307,0.002132,0.002774,0.002132,0.017633,-0.000871,-0.001949,-0.006191,-0.034646,-0.056383,0.000344,0.00532,0.020224,0.038728,0.116436,0.000848,0.004769,0.006948,0.007957,0.014789,0.000986,0.002752,0.005251,0.011235,0.015844,-0.001399,-0.003095,-0.004013,-0.023365,-0.048129,0.003141,0.013161,0.017908,0.053082,0.105017,-0.00021,-0.000191,0.001928,0.013037,0.007235,-0.000127,0.00141,0.002654,0.007834,-0.003642,0.000206,0.000576,-0.000188,0.001131,-0.00096,-0.00063,-0.002403,-0.000333,0.005129,0.006534,-0.400045,-0.495495,-0.160714,-0.926705,1,0,0,0,0,0,0,0,0,0,0
2627,0.000367,0.003367,0.010813,0.018349,0.031796,0.000527,0.000848,0.000985,0.00126,0.035966,-0.000756,-0.001512,-0.017616,-0.043067,-0.078598,9.2e-05,0.011843,0.028383,0.070351,0.150758,0.001993,0.005406,0.006483,0.009324,0.015875,0.000939,0.002176,0.007697,0.008705,0.016929,-0.000985,-0.001787,-0.008934,-0.035897,-0.062906,0.00504,0.012325,0.027994,0.077452,0.143038,0.000393,-0.000216,0.00858,0.008017,0.01483,0.000755,0.001739,0.005659,0.005448,-0.021863,0.000357,3.9e-05,-7.1e-05,0.000597,-0.000641,-0.001024,-0.00116,0.004056,0.007546,0.008475,-0.379018,-0.525902,-0.156263,-0.918322,1,0,0,0,0,0,0,0,0,0,0
2628,0.00071,0.005495,0.012822,0.023697,0.042312,0.000298,0.000939,0.000298,0.015775,0.040457,-0.000321,-0.004556,-0.03297,-0.054676,-0.098018,0.004877,0.019759,0.038236,0.115831,0.168675,0.001923,0.004098,0.005106,0.011929,0.014997,0.000824,0.00332,0.009296,0.013898,0.016165,-0.00071,-0.001626,-0.02095,-0.045678,-0.105116,0.004968,0.009708,0.04483,0.09669,0.196081,-0.000373,0.001743,0.012835,0.007042,-0.001985,0.00078,0.002023,0.007195,-0.004264,-0.029131,1e-05,-0.000746,0.00056,-0.001509,0.002482,-0.000734,0.001314,0.006721,0.008112,0.013927,-0.335904,-0.57577,-0.153351,-0.917546,1,0,0,0,0,0,0,0,0,0,0
2629,0.002289,0.009729,0.017261,0.030698,0.041663,2.3e-05,0.00016,0.000435,0.035116,0.057733,-0.000435,-0.016528,-0.041961,-0.077466,-0.110408,0.006868,0.023396,0.065334,0.145684,0.179335,0.001488,0.002564,0.005402,0.01195,0.014926,0.000412,0.005929,0.006936,0.015154,0.017077,-9.2e-05,-0.007234,-0.034178,-0.061167,-0.127806,0.002312,0.01797,0.067394,0.132934,0.251628,-0.000236,0.008554,0.007991,0.0148,0.002045,0.000204,0.004121,0.00391,-0.023382,-0.045194,-0.000327,-0.000436,0.000229,-0.001004,0.005791,0.000598,0.005789,0.009261,0.010186,0.012621,-0.312649,-0.622458,-0.151361,-0.916956,1,0,0,0,0,0,0,0,0,0,0
2630,0.002496,0.009823,0.0207,0.039316,0.038698,0.000618,-2.3e-05,0.015456,0.040141,0.05578,-0.003801,-0.032218,-0.053925,-0.097272,-0.124681,0.008014,0.026493,0.104096,0.156945,0.178309,0.000687,0.001694,0.008518,0.011587,0.014517,0.002084,0.00806,0.012663,0.01493,0.017769,-0.000824,-0.02015,-0.044881,-0.104324,-0.168211,0.002427,0.037553,0.089418,0.188819,0.307867,0.002352,0.013446,0.007652,-0.001375,0.004494,0.001039,0.006212,-0.005249,-0.030118,-0.042096,-0.000429,0.000878,-0.001193,0.002801,0.010584,0.00145,0.00686,0.008252,0.014072,0.011552,-0.272459,-0.673514,-0.151061,-0.919325,1,0,0,0,0,0,0,0,0,0,0
2631,0.004949,0.012488,0.025938,0.036914,0.035012,-0.000481,-0.000206,0.034508,0.057147,0.049196,-0.012305,-0.037762,-0.073301,-0.106274,-0.137711,0.008524,0.050502,0.130929,0.164612,0.173044,0.00039,0.003231,0.009784,0.012763,0.015444,0.003437,0.004445,0.012671,0.014596,0.015558,-0.006324,-0.033294,-0.060309,-0.127011,-0.193254,0.013244,0.062715,0.128317,0.247124,0.35546,0.006445,0.005881,0.012696,-7.1e-05,0.024158,0.002881,0.00267,-0.024648,-0.046481,-0.036879,0.000321,0.000991,-0.00025,0.00659,0.015056,0.003768,0.007264,0.008195,0.010646,0.0094,-0.245202,-0.720551,-0.150353,-0.918248,1,0,0,0,0,0,0,0,0,0,0
2632,0.002385,0.013281,0.031928,0.031309,0.030116,-0.000161,0.015345,0.040071,0.055737,0.048718,-0.016148,-0.037892,-0.081312,-0.108768,-0.140421,0.009978,0.087712,0.14065,0.162051,0.164023,0.000619,0.007455,0.010528,0.013464,0.01718,0.002546,0.007156,0.009427,0.012271,0.012524,-0.013028,-0.0378,-0.097345,-0.16134,-0.221664,0.021928,0.07388,0.173451,0.292701,0.393991,0.004661,-0.001143,-0.010185,-0.004306,0.041993,0.002297,-0.009182,-0.034094,-0.046092,-0.038033,0.000999,-0.001097,0.002945,0.010821,0.021639,0.00168,0.003088,0.008978,0.006428,0.004836,-0.206639,-0.772688,-0.148527,-0.918187,1,0,0,0,0,0,0,0,0,0,0
2633,0.005165,0.018641,0.029638,0.027732,0.027158,0.000436,0.035216,0.057898,0.049932,0.04534,-0.009344,-0.04495,-0.077985,-0.109482,-0.128996,0.032071,0.11265,0.146397,0.154845,0.156154,0.002227,0.008793,0.011777,0.014463,0.016368,-0.001538,0.006703,0.008632,0.009596,0.009619,-0.013981,-0.041047,-0.107875,-0.174244,-0.242518,0.027617,0.093343,0.212376,0.320916,0.424062,-0.00523,0.001598,-0.011194,0.013082,0.061528,-0.002511,-0.02988,-0.051755,-0.042135,-0.037136,-0.000327,-0.001584,0.005347,0.013925,0.030944,0.001852,0.002796,0.005279,0.004017,0.003286,-0.167724,-0.82117,-0.146705,-0.914719,1,0,0,0,0,0,0,0,0,0,0
2634,0.005723,0.024333,0.023715,0.022525,0.022365,0.015039,0.039716,0.055351,0.048346,0.044111,-0.012384,-0.055717,-0.083117,-0.114707,-0.123177,0.045599,0.098432,0.119789,0.121758,0.120544,0.004601,0.007669,0.010599,0.014307,0.012796,0.006135,0.008401,0.01124,0.011491,0.009912,-0.010782,-0.070207,-0.134073,-0.194276,-0.276661,0.02431,0.12368,0.242691,0.343778,0.426529,-0.000577,-0.009602,-0.003734,0.042472,0.077492,-0.008953,-0.033815,-0.045789,-0.037746,-0.035393,-0.001746,0.002239,0.010006,0.020672,0.044191,-0.000426,0.005381,0.002866,0.001297,0.002182,-0.115003,-0.851525,-0.143588,-0.91286,1,0,0,0,0,0,0,0,0,0,0
2635,0.007666,0.018562,0.016674,0.016106,0.017402,0.019518,0.041993,0.034099,0.02955,0.02823,-0.022975,-0.05571,-0.08692,-0.106256,-0.111897,0.034531,0.067971,0.076342,0.077639,0.077479,0.001934,0.004891,0.007552,0.00944,0.007598,0.00207,0.003981,0.004936,0.004959,0.001388,-0.016106,-0.082325,-0.148089,-0.215741,-0.304208,0.040969,0.158917,0.266469,0.368676,0.444221,0.007339,-0.005335,0.018719,0.066724,0.105004,-0.018223,-0.039898,-0.030366,-0.025413,-0.028212,0.000492,0.006993,0.015039,0.031002,0.05891,0.001293,0.003622,0.002439,0.001753,0.002986,-0.071873,-0.896239,-0.139896,-0.910907,1,0,0,0,0,0,0,0,0,0,0
2636,0.010758,0.010148,0.008973,0.008814,0.0106,0.004972,0.020409,0.013493,0.009312,0.001446,-0.019957,-0.04701,-0.078199,-0.086562,-0.0928,0.017855,0.038941,0.040885,0.039687,0.047824,0.001107,0.004,0.007662,0.00617,0.004972,0.000181,0.002983,0.003232,0.001672,-0.001311,-0.042671,-0.105727,-0.165168,-0.246509,-0.316255,0.057406,0.174909,0.274715,0.356417,0.420536,-0.016202,-0.010409,0.035211,0.069788,0.105803,-0.006441,-0.018264,-0.010323,-0.008,-0.003742,0.003175,0.010278,0.020033,0.041543,0.066152,0.004075,0.001776,0.00034,0.00115,0.002858,-0.038711,-0.91281,-0.136439,-0.910289,1,0,0,0,0,0,0,0,0,0,0
2637,6.8e-05,-0.001814,-0.002381,-0.001088,0.002313,0.017412,0.009545,0.00501,0.003695,-0.005713,-0.012605,-0.043711,-0.062982,-0.068605,-0.075429,0.015417,0.02376,0.025052,0.024894,0.038066,0.001836,0.004489,0.006371,0.004534,0.003015,0.001723,0.002675,0.002698,-0.000862,-0.00127,-0.023193,-0.088737,-0.156163,-0.244333,-0.299538,0.059967,0.167158,0.269022,0.344315,0.402876,0.00362,0.027594,0.075438,0.11359,0.149159,-0.015141,-0.005641,-0.000705,-0.003494,0.004499,0.003105,0.010964,0.026556,0.053816,0.076963,-0.00189,-0.003046,-0.003716,-0.002512,0.000542,-0.011778,-0.936958,-0.129488,-0.899401,1,0,0,0,0,0,0,0,0,0,0
2638,-0.000681,-0.001863,-0.002022,-0.000227,0.005293,-0.001931,-0.008882,-0.013085,-0.02099,-0.025238,-0.014561,-0.04591,-0.054315,-0.060585,-0.065674,0.005747,0.007701,0.006497,0.014675,0.03094,0.001068,0.004748,0.003248,0.002044,0.001136,0.00109,0.00134,-0.000227,-0.003226,-0.001386,-0.04014,-0.099885,-0.181642,-0.251746,-0.313558,0.058018,0.158335,0.240455,0.304903,0.37337,0.002195,0.048049,0.082803,0.119002,0.164544,0.003288,0.011269,0.013605,0.017885,0.0228,0.004213,0.014323,0.036616,0.06212,0.096613,-0.000467,-0.001954,-0.001116,0.000655,0.004303,0.026269,-0.95654,-0.124579,-0.89469,1,0,0,0,0,0,0,0,0,0,0
2639,-0.001211,-0.001783,-0.00048,0.002948,0.008479,-0.005988,-0.010558,-0.011884,-0.021368,-0.024522,-0.016706,-0.036131,-0.041799,-0.048678,-0.051854,0.002628,0.003931,0.003771,0.017049,0.024362,0.0016,0.003497,0.001645,0.000114,-4.6e-05,-0.000137,-0.000114,-0.003702,-0.004114,-0.001394,-0.025687,-0.093653,-0.18253,-0.238178,-0.295769,0.049683,0.152364,0.22826,0.287291,0.319194,0.021957,0.070185,0.108643,0.144497,0.165864,0.006268,0.011244,0.008432,0.016489,0.021368,0.003917,0.020405,0.049232,0.07371,0.110843,-0.000736,-0.001444,-0.00017,0.003058,0.006525,0.049784,-0.956134,-0.119536,-0.895194,1,0,0,0,0,0,0,0,0,0,0
2640,2.3e-05,-0.000137,0.001673,0.007241,0.012948,-0.001008,-0.005248,-0.013223,-0.017508,-0.018081,-0.014873,-0.023352,-0.029676,-0.03481,-0.038293,-0.000665,-0.001879,0.006371,0.022779,0.020372,0.002108,0.000596,-0.000619,-0.001535,-0.002131,0.00039,-0.001192,-0.004217,-0.00236,0.006531,-0.034512,-0.116987,-0.187706,-0.25006,-0.300132,0.051378,0.13422,0.199233,0.268302,0.271304,0.024239,0.059298,0.095815,0.141757,0.147603,0.001766,0.004122,0.008439,0.013398,0.021798,0.006755,0.030455,0.057569,0.094238,0.128559,-0.000832,6e-05,0.001943,0.005821,0.010121,0.081807,-0.958641,-0.115415,-0.902808,1,0,0,0,0,0,0,0,0,0,0
2641,-0.000596,0.000711,0.004153,0.009704,0.015669,-0.003579,-0.00491,-0.014431,-0.017597,-0.016725,-0.004611,-0.010301,-0.017207,-0.020395,-0.027301,0.001973,0.001812,0.015142,0.022483,0.021198,-0.000206,-0.002065,-0.003602,-0.003762,-0.005208,-0.000367,-0.003969,-0.004382,-0.001652,0.013077,-0.033679,-0.122901,-0.178764,-0.236578,-0.288221,0.051643,0.127833,0.187092,0.21912,0.226622,0.024148,0.062756,0.098749,0.120198,0.131249,0.003227,0.000404,0.008492,0.013391,0.026044,0.010132,0.03975,0.0649,0.103053,0.137061,0.00011,0.001419,0.004737,0.008299,0.013864,0.10518,-0.963927,-0.111823,-0.909383,1,0,0,0,0,0,0,0,0,0,0
2642,0.000435,0.002242,0.0078,0.013495,0.018115,-0.000663,-0.008623,-0.0129,-0.013472,-0.008875,-0.003865,-0.010178,-0.015302,-0.018778,-0.024611,-0.003179,0.005055,0.021432,0.01903,0.018024,-0.001304,-0.002516,-0.003431,-0.004026,-0.009744,-0.001212,-0.004231,-0.002379,0.006496,0.020631,-0.048741,-0.119326,-0.181562,-0.231539,-0.267883,0.031198,0.096088,0.165025,0.168022,0.153864,0.010918,0.047365,0.09322,0.099054,0.088832,-0.000866,0.003443,0.008392,0.016776,0.024888,0.013467,0.040223,0.076407,0.110273,0.134836,0.000772,0.00263,0.006456,0.0107,0.017904,0.119776,-0.946695,-0.1057,-0.917091,1,0,0,0,0,0,0,0,0,0,0
2643,0.00087,0.004303,0.009841,0.015791,0.018584,-0.000664,-0.010161,-0.01332,-0.01245,-0.006385,-0.001808,-0.008697,-0.011878,-0.018767,-0.02593,0.003021,0.016318,0.023641,0.02236,0.020369,-0.000549,-0.002083,-0.002243,-0.003685,-0.011992,-0.00238,-0.002792,-6.9e-05,0.014624,0.032865,-0.040234,-0.095962,-0.153635,-0.205151,-0.232317,0.044788,0.103903,0.135852,0.143336,0.117154,0.027589,0.063495,0.084892,0.095916,0.074355,-0.001949,0.006119,0.011005,0.023628,0.034396,0.015594,0.040318,0.077824,0.111256,0.127467,0.000511,0.003773,0.007275,0.012746,0.020887,0.132787,-0.943159,-0.102123,-0.928122,1,0,0,0,0,0,0,0,0,0,0
2644,0.00094,0.006509,0.012216,0.016845,0.017968,-0.007311,-0.011597,-0.01217,-0.007563,-0.005088,-0.004515,-0.009649,-0.013132,-0.018977,-0.026723,0.005225,0.021635,0.019229,0.01822,0.016731,-0.000665,-0.001581,-0.002177,-0.007907,-0.015654,-0.000642,0.001215,0.010107,0.024271,0.037954,-0.030436,-0.092798,-0.142876,-0.179294,-0.195245,0.020169,0.089246,0.092248,0.078061,0.062797,0.008892,0.05484,0.060686,0.050443,0.037951,0.00627,0.011229,0.01963,0.027759,0.03796,0.011386,0.048086,0.082434,0.107347,0.114031,0.001367,0.005249,0.009553,0.01686,0.023908,0.135717,-0.936012,-0.098622,-0.931708,1,0,0,0,0,0,0,0,0,0,0
2645,0.002498,0.008045,0.014004,0.0168,0.016937,-0.0022,-0.005363,-0.004492,0.001581,0.006257,-0.002384,-0.005569,-0.012468,-0.019642,-0.026311,0.008091,0.015425,0.014141,0.012147,0.010245,-0.000871,-0.001031,-0.002475,-0.010795,-0.019711,0.000229,0.002957,0.017671,0.035938,0.045999,-0.025372,-0.083129,-0.13472,-0.161925,-0.171781,0.039032,0.071027,0.078522,0.052302,0.036625,0.027065,0.048493,0.059534,0.037941,0.024817,0.00181,0.006703,0.019344,0.030128,0.03463,0.013588,0.051477,0.085251,0.101627,0.104724,0.001927,0.005465,0.010992,0.019216,0.026187,0.142432,-0.933198,-0.094688,-0.939,1,0,0,0,0,0,0,0,0,0,0
2646,0.003041,0.008692,0.013276,0.014388,0.014138,-0.002065,-0.002632,0.001929,0.00438,0.011642,-0.002723,-0.006173,-0.011959,-0.01963,-0.02755,0.008238,0.005855,0.004856,0.003381,0.000272,-4.5e-05,-0.000635,-0.006309,-0.013979,-0.025462,0.001611,0.010416,0.024441,0.037988,0.050878,-0.036627,-0.086212,-0.122271,-0.138066,-0.150116,0.029751,0.032724,0.018677,0.003563,-0.004697,0.018697,0.024486,0.014344,0.001975,-0.002466,0.003118,0.011437,0.019485,0.029586,0.034267,0.021568,0.053619,0.076865,0.083102,0.085741,0.001824,0.00584,0.012658,0.019235,0.027509,0.146886,-0.935679,-0.088641,-0.946745,1,0,0,0,0,0,0,0,0,0,0
2647,0.002435,0.008298,0.011049,0.011184,0.010553,-0.00106,-0.000203,0.005772,0.010372,0.015243,-0.000428,-0.007215,-0.014273,-0.020835,-0.026088,-0.00097,-0.002232,-0.004194,-0.006065,-0.011432,-0.000113,-0.001533,-0.009718,-0.01849,-0.029989,0.001082,0.015558,0.033529,0.043428,0.053868,-0.020429,-0.071185,-0.097949,-0.107645,-0.117161,0.001917,0.00929,-0.016505,-0.031928,-0.035807,0.002503,0.013365,-0.007878,-0.02079,-0.018624,0.001716,0.014152,0.024761,0.02919,0.033958,0.013176,0.043302,0.05791,0.060672,0.062709,0.001412,0.006342,0.013678,0.019896,0.027718,0.150137,-0.938457,-0.085054,-0.953724,1,0,0,0,0,0,0,0,0,0,0
2648,0.003178,0.00773,0.008835,0.008587,0.003561,0.000496,0.005026,0.00746,0.014672,0.017759,-0.002997,-0.008744,-0.016362,-0.024227,-0.028014,-0.001397,-0.002389,-0.003854,-0.006941,-0.01199,-0.000473,-0.006108,-0.013725,-0.025129,-0.036645,0.007663,0.02159,0.035045,0.047846,0.057582,-0.028825,-0.064636,-0.080322,-0.092289,-0.097337,0.001037,-0.012914,-0.027923,-0.036127,-0.039057,0.003247,-0.006825,-0.019109,-0.02352,-0.021224,0.006546,0.014539,0.024571,0.02922,0.035451,0.017408,0.039557,0.0455,0.048014,0.048463,0.00242,0.008916,0.015183,0.023066,0.027982,0.147999,-0.942965,-0.081378,-0.963454,1,0,0,0,0,0,0,0,0,0,0
2649,0.002688,0.005443,0.005579,0.004946,-0.006956,0.000361,0.006347,0.010954,0.015833,0.018611,-0.003794,-0.010864,-0.017436,-0.022699,-0.031214,0.000136,-0.001829,-0.003704,-0.00908,-0.010977,-0.000949,-0.009147,-0.017933,-0.029452,-0.043998,0.006821,0.024822,0.034737,0.045195,0.050706,-0.021954,-0.048763,-0.058475,-0.068006,-0.069881,0.006347,-0.019492,-0.034941,-0.038825,-0.037967,0.007626,-0.013652,-0.026586,-0.024417,-0.02276,0.005897,0.016524,0.02096,0.025736,0.028314,0.012807,0.027587,0.030382,0.032443,0.028715,0.002532,0.009954,0.016245,0.02416,0.026233,0.142566,-0.948984,-0.080616,-0.967768,1,0,0,0,0,0,0,0,0,0,0
2650,0.001875,0.002983,0.002734,-0.002305,-0.022075,0.00418,0.00662,0.013851,0.016946,0.018799,-0.001966,-0.009603,-0.017489,-0.021285,-0.034186,-0.00113,-0.002598,-0.005694,-0.010755,-0.011275,-0.0047,-0.012337,-0.02377,-0.035316,-0.053144,0.00714,0.020629,0.033463,0.043224,0.042908,-0.013941,-0.029667,-0.041665,-0.046727,-0.050816,-0.020336,-0.035384,-0.043608,-0.046546,-0.041349,-0.017727,-0.030042,-0.034465,-0.032163,-0.027864,0.002115,0.012172,0.016833,0.02308,0.021025,0.009709,0.015759,0.018319,0.018777,0.013587,0.004076,0.010456,0.018483,0.023488,0.021959,0.139323,-0.953918,-0.080054,-0.968017,1,0,0,0,0,0,0,0,0,0,0
2651,0.000884,0.00102,0.000385,-0.011561,-0.032687,0.001813,0.006438,0.011334,0.014122,0.016071,-0.005123,-0.011719,-0.017001,-0.025547,-0.040507,-0.000839,-0.00272,-0.008115,-0.010019,-0.010382,-0.003513,-0.012331,-0.023892,-0.03849,-0.056601,0.010903,0.020854,0.031349,0.03688,0.035271,-0.012921,-0.022668,-0.032234,-0.034115,-0.043431,-0.005531,-0.021036,-0.024935,-0.024073,-0.018588,-0.003571,-0.016552,-0.014375,-0.012712,-0.007743,0.008544,0.012996,0.01779,0.020376,0.016997,0.005229,0.008096,0.01021,0.006386,0.002754,0.003444,0.009896,0.018014,0.020139,0.017711,0.135109,-0.955953,-0.083389,-0.965465,1,0,0,0,0,0,0,0,0,0,0
2652,0.000227,-2.3e-05,-0.005088,-0.024963,-0.045633,0.000636,0.007905,0.011016,0.012879,0.017308,-0.002544,-0.010471,-0.014287,-0.027257,-0.04561,-0.000636,-0.003748,-0.008836,-0.009358,-0.009722,-0.004157,-0.01565,-0.027257,-0.045178,-0.064008,0.002635,0.015536,0.025349,0.025031,0.024168,-0.002862,-0.014923,-0.020011,-0.024122,-0.034162,-0.009585,-0.017853,-0.020806,-0.015582,-0.012606,-0.008802,-0.013247,-0.010933,-0.006612,-0.004405,0.001549,0.006234,0.012514,0.010448,0.00528,0.000973,0.003628,0.004103,-0.001281,-0.006404,0.003126,0.011453,0.016646,0.015059,0.013459,0.12577,-0.954031,-0.083613,-0.962976,1,0,0,0,0,0,0,0,0,0,0
2653,-9.1e-05,-0.000729,-0.012729,-0.033952,-0.05875,0.004008,0.008926,0.011727,0.013686,0.019469,-0.004076,-0.009382,-0.017967,-0.032996,-0.051873,-0.001252,-0.006672,-0.008585,-0.008949,-0.009063,-0.004691,-0.016304,-0.030969,-0.049163,-0.070659,0.007355,0.017898,0.023454,0.021838,0.021177,-0.006922,-0.016532,-0.018422,-0.027781,-0.037413,-0.005966,-0.009883,-0.009017,-0.003507,4.6e-05,-0.004215,-0.002029,-0.000359,0.004633,0.007097,0.00292,0.007735,0.010333,0.006939,0.000723,0.001969,0.004152,0.000204,-0.003546,-0.009335,0.00348,0.011861,0.014055,0.011548,0.008846,0.117453,-0.952949,-0.082417,-0.957911,1,0,0,0,0,0,0,0,0,0,0
2654,-0.00016,-0.005254,-0.025243,-0.046031,-0.070062,0.00329,0.006419,0.008292,0.012747,0.015762,-0.003883,-0.007721,-0.020765,-0.039223,-0.059417,-0.001873,-0.00699,-0.007516,-0.007881,-0.005939,-0.006853,-0.018526,-0.03655,-0.055488,-0.078081,0.005597,0.015465,0.015146,0.014277,0.013455,-0.005186,-0.010303,-0.014437,-0.024534,-0.03984,-0.00233,-0.0053,-4.6e-05,0.002947,0.008886,-0.000242,0.002085,0.006431,0.008651,0.012051,0.001783,0.008098,0.006021,0.000823,-0.002912,0.00075,0.001245,-0.004359,-0.00969,-0.013019,0.005107,0.010512,0.008861,0.007195,0.005946,0.111137,-0.950831,-0.087518,-0.955229,1,0,0,0,0,0,0,0,0,0,0
2655,-0.000482,-0.012581,-0.033978,-0.058979,-0.084623,0.001653,0.004477,0.006451,0.012283,0.012512,-0.001446,-0.010102,-0.025254,-0.044286,-0.067221,-0.003581,-0.00551,-0.005877,-0.005992,-0.000459,-0.004821,-0.019606,-0.03795,-0.059622,-0.082374,0.005005,0.010607,0.008977,0.008311,0.007438,-0.004477,-0.006382,-0.015818,-0.025529,-0.041646,-0.001607,-0.000735,0.004821,0.008403,0.011135,0.002448,0.004132,0.009164,0.011649,0.008122,0.003063,0.005683,0.00226,-0.004007,-0.004897,0.001534,-0.002646,-0.006617,-0.012747,-0.016916,0.003585,0.005909,0.003254,0.000393,-0.001785,0.10394,-0.946092,-0.095075,-0.95263,1,0,0,0,0,0,0,0,0,0,0
2656,-0.004659,-0.024838,-0.045825,-0.070087,-0.101313,0.001499,0.00339,0.007887,0.010932,0.011001,-0.002422,-0.01559,-0.034225,-0.054612,-0.080488,-0.001568,-0.002099,-0.002468,-0.000507,0.005766,-0.006942,-0.025138,-0.044257,-0.067066,-0.091258,0.004935,0.004612,0.003736,0.002906,0.002122,-0.000669,-0.004843,-0.015037,-0.030489,-0.049884,-0.001384,0.003921,0.006942,0.012938,0.012661,-0.000109,0.004278,0.00652,0.009951,0.00276,0.003299,0.001202,-0.004046,-0.007816,-0.008137,-0.001056,-0.007045,-0.012744,-0.016302,-0.020042,0.002076,0.000311,-0.001469,-0.002805,-0.008155,0.100987,-0.940946,-0.10178,-0.952359,1,0,0,0,0,0,0,0,0,0,0
2657,-0.007541,-0.029168,-0.054438,-0.080357,-0.116789,0.001346,0.003341,0.009235,0.009467,0.009212,-0.006312,-0.021627,-0.040863,-0.064045,-0.094559,-0.000371,-0.000743,-0.000859,0.004734,0.009862,-0.007959,-0.0265,-0.048405,-0.071401,-0.099292,0.000696,-0.000951,-0.001624,-0.002506,-0.005708,-0.001253,-0.01079,-0.020606,-0.036895,-0.064114,0.002274,0.00789,0.011509,0.014271,0.014317,0.001812,0.006899,0.00941,0.005845,0.000464,-0.000672,-0.004131,-0.010465,-0.011364,-0.013575,-0.003403,-0.007682,-0.014288,-0.01878,-0.020573,0.000337,-0.002524,-0.005607,-0.007954,-0.014773,0.098169,-0.933612,-0.106385,-0.945749,1,0,0,0,0,0,0,0,0,0,0
2658,-0.012833,-0.034066,-0.058613,-0.090206,-0.128123,0.00056,0.00511,0.00819,0.00826,0.010033,-0.006977,-0.02583,-0.046456,-0.072636,-0.104766,-0.000163,-0.000537,0.001447,0.007793,0.013137,-0.010407,-0.02975,-0.052826,-0.077303,-0.108126,-0.001027,-0.001913,-0.002753,-0.003547,-0.00889,-0.002963,-0.013277,-0.02891,-0.048533,-0.077583,0.00308,0.006137,0.012203,0.011923,0.01456,0.002617,0.004885,0.008357,0.001081,-0.001906,-0.001446,-0.006756,-0.010571,-0.010895,-0.017335,-0.002962,-0.009146,-0.013007,-0.017065,-0.018887,-0.002265,-0.004197,-0.005646,-0.011452,-0.017575,0.095049,-0.922266,-0.109256,-0.932055,1,0,0,0,0,0,0,0,0,0,0
2659,-0.008931,-0.034392,-0.060508,-0.097215,-0.136822,0.00145,0.007388,0.007622,0.007365,0.014005,-0.00844,-0.027823,-0.05118,-0.081925,-0.119427,-0.00021,-0.000327,0.005307,0.010474,0.019476,-0.008253,-0.030324,-0.053494,-0.081597,-0.1144,-0.000631,-0.001309,-0.002198,-0.005424,-0.00809,-0.00664,-0.01653,-0.032943,-0.060368,-0.091628,0.002572,0.006219,0.009001,0.009048,0.021674,0.002503,0.005033,0.001442,-0.003981,-0.000921,-0.002036,-0.008418,-0.009325,-0.011552,-0.02011,-0.001507,-0.008471,-0.013207,-0.015097,-0.019412,-0.000719,-0.003968,-0.006443,-0.013632,-0.019477,0.090622,-0.921523,-0.113527,-0.921778,1,0,0,0,0,0,0,0,0,0,0
2660,-0.01234,-0.036927,-0.068571,-0.106549,-0.149482,0.003108,0.006193,0.006263,0.00804,0.017856,-0.010447,-0.031107,-0.05733,-0.089512,-0.13172,-0.000164,0.001823,0.00818,0.013532,0.023745,-0.011125,-0.034239,-0.058755,-0.089629,-0.124008,-0.000257,-0.001098,-0.001893,-0.007245,-0.00596,-0.003693,-0.019351,-0.039007,-0.068104,-0.102296,0.000491,0.006567,0.006287,0.008928,0.023044,-0.000231,0.003247,-0.00404,-0.007032,-0.003805,-0.003283,-0.007104,-0.007429,-0.013879,-0.021419,-0.004752,-0.008657,-0.012762,-0.014604,-0.020159,-0.001237,-0.002703,-0.008575,-0.014769,-0.021679,0.084637,-0.912406,-0.11724,-0.909988,1,0,0,0,0,0,0,0,0,0,0
2661,-0.013103,-0.039191,-0.075859,-0.115424,-0.162205,0.002826,0.00306,0.002803,0.009436,0.022421,-0.008922,-0.032254,-0.062967,-0.100429,-0.136514,4.7e-05,0.005675,0.010837,0.019829,0.037206,-0.01093,-0.034076,-0.062149,-0.094917,-0.136724,-0.00042,-0.001308,-0.004531,-0.007194,-0.001285,-0.006189,-0.022585,-0.049981,-0.081208,-0.111266,0.003153,0.005932,0.005979,0.018591,0.031507,0.002758,-0.00083,-0.006247,-0.00319,-0.008088,-0.003095,-0.004,-0.006225,-0.014774,-0.021218,-0.002183,-0.006884,-0.00876,-0.013043,-0.016823,-0.001995,-0.004451,-0.011587,-0.017389,-0.021465,0.080253,-0.910802,-0.117111,-0.905668,1,0,0,0,0,0,0,0,0,0,0
2662,-0.011438,-0.042979,-0.080833,-0.123626,-0.172662,0.000256,0.000326,0.002097,0.01188,0.028443,-0.011694,-0.037831,-0.069908,-0.111979,-0.148086,0.001933,0.00827,0.013604,0.023784,0.049385,-0.012137,-0.036573,-0.067346,-0.101612,-0.149274,-0.000419,-0.001211,-0.006546,-0.005265,0.002236,-0.009434,-0.029025,-0.058028,-0.092108,-0.120854,0.002912,0.002632,0.005265,0.019335,0.04065,0.000716,-0.006548,-0.00953,-0.006313,-0.011072,-0.000722,-0.001046,-0.007475,-0.01499,-0.023815,-0.001673,-0.005685,-0.007486,-0.012915,-0.017363,0.000526,-0.005214,-0.011267,-0.01802,-0.019674,0.073632,-0.919685,-0.117307,-0.908077,1,0,0,0,0,0,0,0,0,0,0
2663,-0.014567,-0.051101,-0.09052,-0.137129,-0.189626,-2.3e-05,-0.000279,0.006329,0.019267,0.033858,-0.011565,-0.042165,-0.07949,-0.115442,-0.155676,0.003677,0.008819,0.017778,0.035091,0.051869,-0.010937,-0.038907,-0.071555,-0.113208,-0.165216,-0.000465,-0.003677,-0.006329,-0.000442,0.005212,-0.006911,-0.034207,-0.065319,-0.095267,-0.1308,-0.00014,-9.3e-05,0.012473,0.025341,0.041164,-0.004289,-0.009686,-0.006641,-0.011521,-0.01277,-0.000181,-0.002398,-0.010916,-0.017336,-0.02614,-0.002921,-0.004749,-0.008923,-0.012608,-0.015494,-0.002916,-0.00987,-0.015525,-0.019497,-0.020501,0.072534,-0.923569,-0.112002,-0.912329,1,0,0,0,0,0,0,0,0,0,0
2664,-0.016939,-0.05475,-0.097494,-0.146474,-0.196315,9.3e-05,0.001861,0.011634,0.028178,0.047444,-0.014543,-0.046583,-0.088606,-0.124672,-0.160761,0.002653,0.007981,0.018149,0.043721,0.053773,-0.013472,-0.04421,-0.078438,-0.126045,-0.17898,-0.000326,-0.005654,-0.004374,0.003118,0.009726,-0.012658,-0.041627,-0.075669,-0.104382,-0.140983,-0.00014,0.00249,0.016544,0.037834,0.04542,-0.002966,-0.005945,-0.002732,-0.007485,-0.009918,-0.000143,-0.006564,-0.014071,-0.022885,-0.035829,-0.001061,-0.002847,-0.008232,-0.012645,-0.012246,-0.002779,-0.008784,-0.015484,-0.017125,-0.016316,0.073517,-0.927337,-0.10602,-0.919323,1,0,0,0,0,0,0,0,0,0,0
2665,-0.019651,-0.059187,-0.105934,-0.158586,-0.200759,-0.00035,0.006278,0.019254,0.033888,0.05662,-0.016104,-0.053539,-0.089597,-0.12995,-0.16064,0.002497,0.011483,0.028847,0.045674,0.055593,-0.01454,-0.047284,-0.08906,-0.141222,-0.188133,-0.002894,-0.005555,0.00035,0.006021,0.018041,-0.01468,-0.045884,-0.075921,-0.111559,-0.143486,0.000187,0.01279,0.025696,0.041566,0.046537,-0.002437,0.000617,-0.004278,-0.00553,-0.010396,-0.002081,-0.010623,-0.017063,-0.025893,-0.037108,-0.000783,-0.005044,-0.008806,-0.011752,-0.01082,-0.004261,-0.010034,-0.014089,-0.015114,-0.013214,0.072268,-0.926657,-0.101631,-0.930001,1,0,0,0,0,0,0,0,0,0,0
2666,-0.018275,-0.061152,-0.110283,-0.160278,-0.201077,0.002124,0.011927,0.028522,0.047848,0.056507,-0.016035,-0.058187,-0.094365,-0.130566,-0.158574,0.002848,0.013047,0.038698,0.048781,0.05576,-0.016292,-0.050625,-0.098379,-0.151478,-0.194028,-0.002451,-0.001167,0.006349,0.012977,0.022617,-0.014378,-0.048524,-0.077326,-0.114041,-0.141932,0.002451,0.016548,0.037905,0.045514,0.046704,-0.00055,0.002673,-0.002095,-0.004535,-0.01032,-0.004361,-0.011891,-0.020732,-0.033716,-0.032953,-0.001041,-0.006545,-0.011054,-0.010646,-0.01049,-0.001873,-0.008719,-0.010395,-0.009569,-0.008567,0.0705,-0.928582,-0.098657,-0.934781,1,0,0,0,0,0,0,0,0,0,0
2667,-0.021181,-0.067753,-0.120207,-0.162221,-0.200631,0.004487,0.017415,0.031993,0.054639,0.055011,-0.021321,-0.057243,-0.097444,-0.128019,-0.154432,0.006115,0.023414,0.040177,0.050059,0.052384,-0.016392,-0.058011,-0.109976,-0.15671,-0.194493,-0.000209,0.005673,0.011323,0.023297,0.024878,-0.016764,-0.046688,-0.082192,-0.113999,-0.140877,0.010114,0.022972,0.038782,0.043735,0.043781,0.003591,-0.001286,-0.002533,-0.00738,-0.009626,-0.004166,-0.010582,-0.019378,-0.030551,-0.029276,-0.003136,-0.0068,-0.009669,-0.008761,-0.008427,-0.003799,-0.007749,-0.008747,-0.006896,-0.007155,0.067294,-0.929429,-0.098301,-0.935712,1,0,0,0,0,0,0,0,0,0,0
2668,-0.021467,-0.070268,-0.119926,-0.160449,-0.193647,0.005263,0.021746,0.040941,0.049542,0.04931,-0.02061,-0.056543,-0.0925,-0.12032,-0.148023,0.004034,0.029512,0.039527,0.046459,0.05455,-0.017758,-0.065191,-0.117932,-0.160194,-0.19534,0.001484,0.008949,0.015533,0.025107,0.021931,-0.017202,-0.04581,-0.082276,-0.10998,-0.138379,0.003918,0.02513,0.032688,0.03387,0.036884,-0.000378,-0.005115,-0.007538,-0.013284,-0.01831,-0.003325,-0.012107,-0.025003,-0.024245,-0.027396,-0.002176,-0.006477,-0.006087,-0.005939,-0.005374,-0.002808,-0.004406,-0.003618,-0.002663,-0.001857,0.070398,-0.937177,-0.093077,-0.93867,1,0,0,0,0,0,0,0,0,0,0
2669,-0.024797,-0.07674,-0.118345,-0.156381,-0.182168,0.007575,0.022011,0.044437,0.044805,0.042641,-0.015104,-0.054913,-0.08519,-0.111345,-0.136027,0.013124,0.029724,0.03951,0.041812,0.04895,-0.023577,-0.075036,-0.121315,-0.158729,-0.189697,0.004352,0.009946,0.021804,0.02337,0.017176,-0.012548,-0.047706,-0.079203,-0.10582,-0.129765,0.008841,0.024498,0.029402,0.029448,0.031497,-0.004453,-0.005688,-0.010488,-0.012711,-0.017836,-0.003051,-0.011762,-0.022826,-0.021562,-0.026161,-0.001347,-0.004026,-0.003178,-0.002867,-0.003082,-0.001012,-0.001944,-0.000216,-0.000458,0.001832,0.070079,-0.951646,-0.094253,-0.949055,1,0,0,0,0,0,0,0,0,0,0
2670,-0.023666,-0.072978,-0.11322,-0.146187,-0.171211,0.008794,0.027856,0.036397,0.036167,0.030665,-0.020581,-0.056288,-0.083914,-0.111424,-0.136103,0.012178,0.022124,0.029007,0.037042,0.040011,-0.023528,-0.075902,-0.11787,-0.152771,-0.177105,0.003062,0.0096,0.019108,0.015954,0.007942,-0.015862,-0.052075,-0.079585,-0.107787,-0.131223,0.012224,0.019729,0.020904,0.023896,0.022285,-0.000251,-0.002658,-0.008364,-0.013354,-0.018003,-0.00567,-0.018477,-0.017724,-0.020853,-0.023266,-0.00275,-0.002379,-0.002238,-0.0017,-0.002169,-0.000511,0.00024,0.001149,0.001917,0.001472,0.071505,-0.956801,-0.095266,-0.950153,1,0,0,0,0,0,0,0,0,0,0
2671,-0.028452,-0.070319,-0.108595,-0.134545,-0.160749,0.005676,0.028243,0.028614,0.026436,0.011283,-0.019346,-0.049814,-0.076135,-0.100972,-0.124767,0.004449,0.014296,0.016612,0.023795,0.031186,-0.028104,-0.074675,-0.112325,-0.143488,-0.168001,0.002549,0.014481,0.016056,0.009824,-0.004472,-0.019416,-0.051112,-0.077895,-0.101992,-0.125532,0.003452,0.008387,0.008434,0.010496,0.010658,-0.000991,-0.005821,-0.008058,-0.013215,-0.020446,-0.003059,-0.014193,-0.012922,-0.01755,-0.016509,7.6e-05,0.000962,0.001288,0.001063,0.001133,-0.000439,0.001366,0.001113,0.003507,0.002732,0.072631,-0.960391,-0.093645,-0.945795,1,0,0,0,0,0,0,0,0,0,0
2672,-0.021358,-0.062205,-0.095668,-0.121069,-0.141095,0.013623,0.022293,0.022059,0.016474,0.003458,-0.016731,-0.044773,-0.072698,-0.097748,-0.112773,0.005608,0.012595,0.020751,0.023765,0.027551,-0.024817,-0.067416,-0.102842,-0.127542,-0.150045,0.004066,0.013717,0.010516,0.002384,-0.016918,-0.017175,-0.0451,-0.073726,-0.097514,-0.11511,0.004136,0.005328,0.008366,0.00673,0.006987,-0.001444,-0.007236,-0.012301,-0.01702,-0.02038,-0.009914,-0.00915,-0.012326,-0.014775,-0.021303,0.000331,0.000487,0.001085,0.000563,0.001967,0.0013,0.00231,0.003162,0.002668,0.003574,0.070634,-0.963062,-0.095945,-0.93897,1,0,0,0,0,0,0,0,0,0,0
2673,-0.021049,-0.059987,-0.086386,-0.113045,-0.124406,0.009216,0.009593,0.007378,-0.008038,-0.016264,-0.014119,-0.040895,-0.066163,-0.09037,-0.104323,0.004361,0.006718,0.014024,0.021544,0.022298,-0.022345,-0.060647,-0.09235,-0.117287,-0.131854,0.008038,0.00964,0.0033,-0.011243,-0.029204,-0.01492,-0.042168,-0.066681,-0.090629,-0.103993,0.000849,0.000896,0.002993,0.003158,0.002663,-0.003457,-0.005734,-0.01098,-0.018336,-0.019619,-0.001327,-3.3e-05,-0.004741,-0.003683,-0.013713,0.000648,0.001014,0.000761,0.000841,0.000582,0.000656,0.00037,0.003069,0.002195,0.003251,0.066875,-0.962764,-0.100723,-0.931931,1,0,0,0,0,0,0,0,0,0,0
2674,-0.020279,-0.054243,-0.080024,-0.10035,-0.107584,-0.000474,-0.000712,-0.00638,-0.019591,-0.029244,-0.014254,-0.042597,-0.068023,-0.083273,-0.099425,0.002704,0.010981,0.014041,0.017883,0.017527,-0.020753,-0.056709,-0.081779,-0.104619,-0.113537,0.001708,-0.001542,-0.009795,-0.029386,-0.041886,-0.013329,-0.042384,-0.066529,-0.084388,-0.095915,0.000356,0.003439,0.001779,0.00204,0.000901,-0.0024,-0.007541,-0.01233,-0.01574,-0.016803,0.00211,-0.001113,-0.003599,-0.010225,-0.01324,-0.000503,0.00016,-0.000418,0.001139,-0.001334,0.000436,0.001382,0.000833,0.001839,0.002546,0.067784,-0.960079,-0.105206,-0.927946,1,0,0,0,0,0,0,0,0,0,0
2675,-0.019002,-0.045704,-0.072669,-0.084161,-0.091886,0.000858,-0.001383,-0.016975,-0.025296,-0.030923,-0.012755,-0.038313,-0.062799,-0.076913,-0.093435,-0.000334,0.007057,0.014663,0.015426,0.015211,-0.017881,-0.049948,-0.075173,-0.089907,-0.096606,-9.5e-05,-0.006509,-0.021219,-0.039386,-0.044274,-0.014162,-0.038957,-0.06318,-0.076698,-0.089764,-0.00031,0.001812,0.001979,0.001478,0.003648,0.00011,-0.005196,-0.012637,-0.013935,-0.011751,-0.000813,-0.005575,-0.004505,-0.01465,-0.013803,0.000919,0.000644,0.00073,0.00045,-0.001551,-0.000761,0.002163,0.001216,0.002359,0.001866,0.067486,-0.960034,-0.108122,-0.92769,1,0,0,0,0,0,0,0,0,0,0
2676,-0.015169,-0.041136,-0.061608,-0.068894,-0.077136,-0.001099,-0.006808,-0.020114,-0.029837,-0.033778,-0.015766,-0.041375,-0.056735,-0.073003,-0.081985,0.008672,0.011753,0.015623,0.015265,0.015958,-0.018299,-0.043549,-0.066553,-0.075535,-0.082009,-0.003177,-0.01149,-0.031222,-0.043811,-0.043596,-0.015074,-0.039392,-0.05738,-0.06899,-0.077279,0.003416,0.001744,0.002007,0.00086,0.007405,-0.005288,-0.010112,-0.013547,-0.014617,-0.00881,-0.002431,-0.004935,-0.011609,-0.014646,-0.010319,-0.000234,-0.000843,0.000795,-0.001806,-0.002375,0.001766,0.001189,0.002247,0.002991,0.00229,0.065053,-0.963955,-0.112613,-0.928942,1,0,0,0,0,0,0,0,0,0,0
2677,-0.011677,-0.038907,-0.050511,-0.058312,-0.06669,-0.001156,-0.016901,-0.025304,-0.030986,-0.037342,-0.009919,-0.034645,-0.048898,-0.065583,-0.070253,-0.001276,0.006404,0.007175,0.006958,0.009293,-0.01394,-0.039412,-0.054291,-0.061056,-0.065559,-0.003274,-0.018129,-0.036475,-0.04141,-0.040664,-0.009847,-0.034308,-0.047959,-0.061153,-0.065872,-0.0013,-0.001132,-0.001637,0.000554,0.004623,-2.8e-05,-0.007542,-0.008853,-0.006647,-0.004914,-0.002359,-0.001277,-0.011523,-0.010667,-0.003169,-4.6e-05,4.6e-05,-0.000255,-0.002397,-0.002426,0.001265,0.000252,0.001476,0.000948,-0.000856,0.062592,-0.963988,-0.117447,-0.930714,1,0,0,0,0,0,0,0,0,0,0
2678,-0.014715,-0.035663,-0.043118,-0.051551,-0.059152,-0.004669,-0.018283,-0.028232,-0.032265,-0.037716,-0.016132,-0.031849,-0.048495,-0.057686,-0.065703,0.004449,0.008408,0.008042,0.008751,0.008653,-0.011684,-0.035223,-0.044413,-0.051037,-0.054728,-0.005182,-0.025372,-0.038254,-0.038034,-0.037594,-0.014886,-0.033292,-0.045171,-0.053653,-0.058297,-0.000391,-0.000122,-0.001295,0.005402,0.005377,-0.004906,-0.008421,-0.009516,-0.003575,-0.003668,-0.000167,-0.006996,-0.010103,-0.005676,0.000628,-0.000663,0.00126,-0.001794,-0.002462,-0.004763,-0.002084,-0.000842,3.1e-05,-0.000792,-0.00291,0.06083,-0.963944,-0.119432,-0.931387,1,0,0,0,0,0,0,0,0,0,0
2679,-0.013026,-0.024894,-0.032872,-0.041441,-0.048754,-0.0114,-0.019994,-0.025805,-0.032305,-0.034768,-0.009037,-0.023613,-0.040677,-0.045454,-0.055106,0.003373,0.004161,0.00394,0.006328,0.004211,-0.014281,-0.029498,-0.036417,-0.041022,-0.04607,-0.009972,-0.028735,-0.033783,-0.033019,-0.037772,-0.010022,-0.023983,-0.037476,-0.042302,-0.045922,0.000566,4.9e-05,0.00229,0.006451,0.005639,-0.002742,-0.004082,-0.001827,-5.4e-05,0.000973,0.001274,-0.009204,-0.008329,-0.00066,-0.002661,0.000806,0.000454,-0.002054,-0.002087,-0.006449,0.001008,0.002441,0.001823,-0.000289,-0.002071,0.058052,-0.964171,-0.120644,-0.927835,1,0,0,0,0,0,0,0,0,0,0
2680,-0.008128,-0.015686,-0.024235,-0.031942,-0.040665,-0.002329,-0.012415,-0.016504,-0.02203,-0.0254,-0.006839,-0.023715,-0.033032,-0.04116,-0.047628,0.00062,0.000248,0.000966,0.000867,0.000793,-0.009491,-0.018808,-0.025524,-0.029266,-0.03504,-0.010433,-0.023492,-0.023269,-0.022823,-0.031298,-0.008574,-0.020617,-0.029216,-0.033924,-0.038286,-0.000297,-0.001487,0.005303,0.005278,0.003544,-0.000804,-0.001914,0.004109,0.004014,0.002264,-0.008205,-0.011356,-0.006867,-0.000476,-0.005178,0.001274,-0.002087,-0.002823,-0.005356,-0.006882,0.000314,0.001275,0.000369,-0.001962,-0.004517,0.058866,-0.966538,-0.121056,-0.928947,1,0,0,0,0,0,0,0,0,0,0
2681,-0.003833,-0.011897,-0.020558,-0.02795,-0.035491,-0.006347,-0.01222,-0.018791,-0.02128,-0.025809,-0.007865,-0.025113,-0.029941,-0.039697,-0.045596,0.000174,-5e-05,0.002364,0.000224,0.000846,-0.005849,-0.012842,-0.017497,-0.022599,-0.027975,-0.008487,-0.013589,-0.012818,-0.017621,-0.0224,-0.0055,-0.019139,-0.024017,-0.027676,-0.034421,-0.000224,0.002041,0.006247,0.005426,0.002414,-0.000548,0.001732,0.003524,0.004562,0.000966,-0.00235,-0.001466,0.006286,0.004263,0.004288,-0.001692,-0.004396,-0.004432,-0.009134,-0.008381,0.001221,0.000555,-0.001721,-0.003642,-0.005229,0.057433,-0.96698,-0.122563,-0.930819,1,0,0,0,0,0,0,0,0,0,0
2682,-0.003764,-0.012363,-0.020115,-0.028888,-0.032876,-0.003789,-0.007901,-0.01346,-0.016849,-0.020588,-0.009098,-0.01847,-0.026645,-0.033151,-0.039507,-0.000548,0.000174,7.5e-05,0.0,0.002468,-0.003514,-0.010269,-0.014033,-0.019841,-0.025922,-0.004636,-0.004412,-0.003963,-0.012488,-0.013983,-0.006605,-0.015254,-0.01999,-0.024377,-0.02991,-0.000972,0.005857,0.005833,0.004088,0.002418,-0.000568,0.00549,0.005395,0.003634,-0.000533,-0.000815,0.003699,0.010128,0.005398,0.007363,-0.001791,-0.002557,-0.005195,-0.006786,-0.007264,-0.000233,-0.001176,-0.003604,-0.006265,-0.004507,0.055252,-0.966745,-0.120726,-0.931887,1,0,0,0,0,0,0,0,0,0,0
2683,-0.004316,-0.012998,-0.020408,-0.027967,-0.030636,-0.002096,-0.008682,-0.011177,-0.015717,-0.01704,-0.008183,-0.013023,-0.022803,-0.028715,-0.031809,0.000324,0.002744,0.000599,0.001222,0.003019,-0.003493,-0.008158,-0.013272,-0.018661,-0.024749,-0.000474,0.000299,-0.004516,-0.009306,-0.009231,-0.00706,-0.01195,-0.015618,-0.022378,-0.024474,0.003243,0.007459,0.006636,0.003617,0.002146,0.002854,0.00465,0.005691,0.002086,-0.00122,0.001702,0.009472,0.007445,0.00747,0.008433,-0.000947,-0.000984,-0.005765,-0.004999,-0.005635,-0.000443,-0.002757,-0.004711,-0.006324,-0.003655,0.055658,-0.965552,-0.119445,-0.932536,1,0,0,0,0,0,0,0,0,0,0
2684,-0.004296,-0.012063,-0.020855,-0.024851,-0.027649,-0.002023,-0.007593,-0.01099,-0.014736,-0.015011,-0.001199,-0.009391,-0.01591,-0.022279,-0.025975,0.0004,0.0003,0.000225,0.002697,0.002622,-0.003272,-0.007043,-0.012863,-0.018957,-0.024901,0.000699,0.001149,-0.007393,-0.008892,-0.008991,-0.001598,-0.006344,-0.01074,-0.016284,-0.018657,0.003597,0.003572,0.001823,0.00015,-0.002772,0.003214,0.003118,0.001354,-0.002822,-0.005718,0.00282,0.009261,0.004522,0.006491,0.006291,0.000177,-0.002499,-0.004113,-0.004597,-0.005469,-0.00051,-0.002974,-0.005673,-0.003889,-0.00151,0.056109,-0.964337,-0.117143,-0.932722,1,0,0,0,0,0,0,0,0,0,0
2685,-0.004399,-0.011821,-0.019394,-0.022068,-0.024442,-0.004573,-0.007073,-0.011621,-0.012946,-0.012846,-0.003649,-0.013446,-0.019369,-0.022468,-0.026291,0.002024,-0.000125,0.0005,0.002299,0.002349,-0.0014,-0.006523,-0.011921,-0.018019,-0.024567,7.5e-05,-0.004748,-0.009547,-0.009472,-0.008872,-0.003299,-0.006973,-0.013745,-0.015845,-0.018019,0.000625,-0.0002,-0.003224,-0.004698,-0.007248,-0.001416,-0.000374,-0.003985,-0.007297,-0.009956,0.004962,0.002932,0.002957,0.003921,0.003935,-0.000215,-0.005055,-0.00428,-0.004924,-0.006034,-0.001831,-0.003808,-0.005441,-0.002739,0.000449,0.055956,-0.963751,-0.115402,-0.934977,1,0,0,0,0,0,0,0,0,0,0
2686,-0.00338,-0.012193,-0.016199,-0.019003,-0.02038,-0.001001,-0.004406,-0.008162,-0.008437,-0.008262,-0.004557,-0.011091,-0.017476,-0.021181,-0.021907,-0.002128,-0.002203,0.000275,0.0002,0.000751,-0.002378,-0.008212,-0.014321,-0.02028,-0.025337,0.000376,-0.008187,-0.009689,-0.009789,-0.008512,-0.001452,-0.005859,-0.011417,-0.013795,-0.015247,-0.000651,-0.002404,-0.004081,-0.00701,-0.008563,0.001323,-0.000445,-0.004632,-0.007535,-0.009609,0.001486,-0.003265,-0.001291,-0.001491,-0.000805,-0.002504,-0.004145,-0.004638,-0.005525,-0.004959,-0.000652,-0.003397,-0.001583,0.000837,0.003743,0.057787,-0.965558,-0.113925,-0.938719,1,0,0,0,0,0,0,0,0,0,0
2687,-0.004057,-0.011645,-0.014325,-0.016704,-0.016554,-0.001503,-0.00606,-0.007388,-0.007288,-0.004959,-0.005259,-0.011194,-0.0143,-0.018131,-0.016078,-2.5e-05,0.000601,0.002404,0.002454,0.00268,-0.002755,-0.008164,-0.014275,-0.020836,-0.024042,-0.005209,-0.010017,-0.009942,-0.009341,-0.006186,-0.002229,-0.009016,-0.011119,-0.013298,-0.012997,-0.000175,-0.003206,-0.004683,-0.007238,-0.008239,-0.000279,-0.003898,-0.007216,-0.009881,-0.011041,-0.003521,-0.003496,-0.00253,-0.002516,-0.002054,-0.002402,-0.001615,-0.002268,-0.003395,-0.002121,-0.001353,-0.00301,-0.000269,0.002965,0.00561,0.058101,-0.96504,-0.111737,-0.941673,1,0,0,0,0,0,0,0,0,0,0
2688,-0.004765,-0.008777,-0.011585,-0.012965,-0.012237,-0.001906,-0.005667,-0.005943,-0.005768,-0.000752,-0.001279,-0.007673,-0.011385,-0.012112,-0.010332,-5e-05,0.002432,0.002357,0.002909,0.002583,-0.003084,-0.009203,-0.015171,-0.020237,-0.023271,-0.00336,-0.004865,-0.004965,-0.003686,-0.000502,-0.002182,-0.007749,-0.010131,-0.011585,-0.010457,-0.00158,-0.00326,-0.006194,-0.007749,-0.009078,-0.001492,-0.005685,-0.008593,-0.01067,-0.011646,-0.001233,0.000744,0.000544,0.001231,-0.000977,0.000765,0.000266,-0.00063,-5.9e-05,0.000432,-0.00141,0.000424,0.002871,0.005809,0.008563,0.058609,-0.962091,-0.108501,-0.940882,1,0,0,0,0,0,0,0,0,0,0
2689,-0.002845,-0.005539,-0.007931,-0.00778,-0.007553,-0.002669,-0.004003,-0.003903,-0.001561,0.003525,-0.004683,-0.007805,-0.011657,-0.009593,-0.008963,0.00068,0.002493,0.002543,0.00277,0.002619,-0.002342,-0.008485,-0.015082,-0.018305,-0.021704,-0.00146,-0.001385,-0.000781,0.002392,0.002921,-0.004633,-0.006748,-0.008938,-0.008636,-0.008032,-0.00146,-0.002946,-0.005514,-0.006521,-0.007579,-0.00214,-0.005477,-0.008156,-0.009322,-0.010227,0.001263,0.002234,0.002248,0.002713,-0.002185,3e-05,-0.000648,-0.001818,-0.000495,-0.00045,-0.00027,0.002576,0.005934,0.00868,0.011143,0.058888,-0.958999,-0.106434,-0.939226,1,0,0,0,0,0,0,0,0,0,0
2690,-0.001186,-0.004012,-0.0054,-0.004668,-0.00429,-0.00111,-0.001388,-0.001211,0.003836,0.00757,-0.001741,-0.005476,-0.006208,-0.004416,-0.001211,0.001817,0.001741,0.002296,0.001968,0.002195,-0.00381,-0.009816,-0.014913,-0.017967,-0.020844,-5e-05,-0.000151,0.001136,0.00434,0.004239,-0.000959,-0.003356,-0.00482,-0.003684,-0.003129,-0.000227,-0.00318,-0.004744,-0.006081,-0.006157,-0.002074,-0.005,-0.00709,-0.008073,-0.008261,0.000724,0.000522,0.001213,-0.001009,-0.005139,-0.000552,-0.001488,-0.000891,-0.000378,0.001563,0.002191,0.004748,0.007817,0.010695,0.012898,0.05942,-0.957503,-0.102973,-0.93784,1,0,0,0,0,0,0,0,0,0,0
2691,-0.001514,-0.003912,-0.003761,-0.003534,-0.003004,-0.000227,-0.000126,0.002221,0.00732,0.009087,-0.001388,-0.00525,-0.00318,-0.002549,0.003004,0.0,5e-05,0.000278,0.000126,0.001035,-0.002347,-0.00896,-0.012191,-0.015599,-0.016558,0.000126,0.000732,0.003912,0.004442,0.004316,-0.001161,-0.003357,-0.003054,-0.002448,-0.000505,-0.001262,-0.003837,-0.004846,-0.005906,-0.006865,-0.00127,-0.003956,-0.005125,-0.006032,-0.007738,0.00025,0.000264,0.00073,-0.00418,-0.006206,-0.000137,-0.001328,1.8e-05,6.4e-05,0.002757,0.000701,0.004118,0.006912,0.009419,0.010415,0.062182,-0.955356,-0.09972,-0.93755,1,0,0,0,0,0,0,0,0,0,0
2692,-0.001313,-0.002701,-0.001969,-0.00159,0.001212,-5e-05,0.000126,0.005175,0.00891,0.011233,-0.002347,-0.00308,-0.001287,0.001918,0.008204,-7.6e-05,0.00048,0.000151,0.000379,0.001388,-0.00366,-0.008759,-0.011813,-0.014691,-0.01358,-0.000227,0.00106,0.004266,0.004165,0.004922,-0.001237,-0.002701,-0.001565,-0.00101,0.002676,-0.001691,-0.003256,-0.004594,-0.00467,-0.006512,-0.001657,-0.003748,-0.004731,-0.004918,-0.007639,-0.000452,0.00024,-0.001983,-0.006115,-0.007827,-0.000801,-0.000203,0.000311,0.002256,0.004217,0.001861,0.004937,0.00782,0.010028,0.011175,0.064464,-0.953875,-0.096253,-0.938551,1,0,0,0,0,0,0,0,0,0,0
2693,-0.001086,-0.000934,-0.000707,-0.000177,0.006187,0.000152,0.0025,0.007601,0.009368,0.014646,-0.001515,0.000556,0.001187,0.006742,0.016666,0.000126,0.000354,0.000202,0.001111,-7.6e-05,-0.002954,-0.006187,-0.009596,-0.010555,-0.00952,0.000833,0.004015,0.004545,0.004419,0.009772,-0.00096,-0.000657,-5.1e-05,0.001894,0.00548,-0.000884,-0.001894,-0.002954,-0.003914,-0.008611,-0.00103,-0.002199,-0.003106,-0.004814,-0.007966,0.000466,0.000932,-0.00398,-0.006007,-0.0064,-0.000391,0.000959,0.001005,0.003706,0.00831,0.001561,0.004364,0.006878,0.007878,0.011844,0.067279,-0.949232,-0.091691,-0.940892,1,0,0,0,0,0,0,0,0,0,0
2694,-0.000303,0.00043,0.000809,0.003616,0.010291,2.5e-05,0.005082,0.008825,0.011151,0.015778,0.000784,0.002579,0.00579,0.012086,0.021998,0.00043,0.000101,0.000329,0.00134,-0.000202,-0.002149,-0.005209,-0.008091,-0.006979,-0.006245,0.000455,0.003666,0.003565,0.004324,0.010367,-0.000506,0.000632,0.001188,0.00488,0.008268,-0.000683,-0.002023,-0.002099,-0.003945,-0.010569,-0.001064,-0.002048,-0.002236,-0.004961,-0.009643,0.000226,-0.002001,-0.006139,-0.007855,-0.006936,0.001,0.001521,0.003489,0.005473,0.010267,0.001537,0.004456,0.00669,0.007851,0.01241,0.068542,-0.945346,-0.087427,-0.940936,1,0,0,0,0,0,0,0,0,0,0
2695,0.000457,0.000685,0.001218,0.00761,0.014079,0.002334,0.007458,0.009234,0.014535,0.015804,0.001294,0.001928,0.007509,0.017478,0.024733,-0.000203,-0.000355,0.000558,-0.000634,-0.000812,-0.001091,-0.004515,-0.005479,-0.004439,-0.003805,0.00274,0.003272,0.003146,0.008523,0.009614,0.000812,0.001421,0.003374,0.006976,0.010223,-0.00033,-0.001395,-0.002359,-0.007077,-0.01659,-0.000108,-0.001019,-0.002734,-0.005901,-0.014942,0.000241,-0.004693,-0.00673,-0.007125,-0.007743,0.000371,0.000418,0.003207,0.00796,0.011138,0.001321,0.003917,0.004949,0.009044,0.013515,0.071563,-0.938998,-0.085029,-0.940393,1,0,0,0,0,0,0,0,0,0,0
2696,0.000279,0.00066,0.003476,0.010174,0.016365,0.00274,0.006495,0.008829,0.013472,0.013396,0.000507,0.00373,0.010047,0.019993,0.027351,-0.000127,0.000101,0.001116,-0.000431,-0.000888,-0.001979,-0.004871,-0.003755,-0.003019,-0.002486,0.000482,0.000381,0.001142,0.007206,0.006191,0.00033,0.000888,0.004592,0.007992,0.011341,-0.001015,-0.001091,-0.002943,-0.009591,-0.022353,-0.00088,-0.001069,-0.003803,-0.008501,-0.02048,-0.002475,-0.006628,-0.00835,-0.007428,-0.008761,0.000162,0.002178,0.00421,0.00912,0.01229,0.001666,0.003955,0.005144,0.009813,0.014093,0.074756,-0.932998,-0.082723,-0.938936,1,0,0,0,0,0,0,0,0,0,0
2697,-5.1e-05,0.000481,0.006867,0.013328,0.017737,0.002382,0.004156,0.009451,0.010718,0.010465,0.000127,0.005701,0.015659,0.022906,0.029773,-2.5e-05,0.000887,-0.000304,-0.000481,-0.001064,-0.001444,-0.002407,-0.001368,-0.000735,-0.000127,5.1e-05,-7.6e-05,0.005296,0.006385,0.004916,0.000279,0.00223,0.005828,0.009071,0.012188,-5.1e-05,-0.001014,-0.005727,-0.015229,-0.025694,-3.1e-05,-0.001745,-0.004908,-0.013939,-0.023497,-0.002456,-0.004491,-0.004885,-0.005503,-0.006965,-0.000113,0.002654,0.00737,0.010523,0.01325,0.000924,0.001949,0.006012,0.010447,0.013255,0.078292,-0.929086,-0.081291,-0.939174,1,0,0,0,0,0,0,0,0,0,0
2698,0.00043,0.003241,0.009924,0.016102,0.020456,0.001367,0.003696,0.008329,0.008253,0.008203,0.003089,0.009393,0.019317,0.026659,0.033039,0.000253,0.001266,-0.000278,-0.000734,-0.001165,-0.001443,-0.000329,0.000405,0.000937,0.003317,-0.000152,0.000608,0.006658,0.005646,0.005367,0.000278,0.003975,0.007367,0.010709,0.012608,-2.5e-05,-0.001873,-0.008507,-0.021241,-0.029723,-0.000157,-0.002886,-0.007573,-0.019527,-0.027169,-0.00169,-0.003408,-0.002487,-0.003818,-0.004167,0.002098,0.0041,0.008937,0.01206,0.014984,0.001336,0.002507,0.007106,0.011322,0.012784,0.079521,-0.925326,-0.081047,-0.939156,1,0,0,0,0,0,0,0,0,0,0
2699,0.000101,0.006479,0.012932,0.017335,0.022346,0.000405,0.005694,0.006959,0.006706,0.006858,0.00248,0.012426,0.019663,0.026521,0.034974,0.000658,-0.000531,-0.000709,-0.001291,-0.002151,0.000481,0.001518,0.002151,0.002758,0.006985,2.5e-05,0.00539,0.006479,0.005011,0.005061,0.00167,0.005264,0.008503,0.011616,0.012501,-0.000936,-0.005643,-0.015133,-0.025585,-0.033557,-0.001554,-0.004714,-0.013733,-0.023279,-0.029654,-0.000343,-0.000736,-0.001354,-0.002814,-0.002962,0.00065,0.005325,0.008449,0.011152,0.015605,-0.000316,0.003711,0.008107,0.01089,0.011469,0.081028,-0.921135,-0.08052,-0.937269,1,0,0,0,0,0,0,0,0,0,0
2700,0.00271,0.009397,0.015577,0.019934,0.024468,0.001925,0.00656,0.006484,0.006434,0.006687,0.003825,0.013754,0.021099,0.027482,0.037234,0.000355,-0.00119,-0.001646,-0.002077,-0.002963,0.000633,0.001368,0.0019,0.004281,0.008916,0.000735,0.006788,0.005775,0.005496,0.004509,0.002026,0.00542,0.008764,0.010663,0.00884,-0.000912,-0.007548,-0.020288,-0.028774,-0.040602,-0.001174,-0.005864,-0.017823,-0.025469,-0.035127,-0.001376,-0.000455,-0.001786,-0.002136,-0.003368,0.001354,0.006206,0.009339,0.012273,0.018887,0.001493,0.006107,0.010337,0.011804,0.011674,0.086322,-0.912577,-0.079848,-0.935224,1,0,0,0,0,0,0,0,0,0,0
2701,0.003679,0.010148,0.014562,0.019585,0.023391,0.003374,0.004643,0.004389,0.004541,0.00477,0.006139,0.013395,0.02027,0.028744,0.03638,-0.001548,-0.001725,-0.002309,-0.003171,-0.005277,0.000406,0.00104,0.001649,0.005886,0.009869,0.004643,0.005734,0.004262,0.004313,0.003628,0.001573,0.00482,0.007941,0.008829,-5.1e-05,-0.003805,-0.013319,-0.023797,-0.031788,-0.054139,-0.001991,-0.011033,-0.020602,-0.026993,-0.045009,0.000983,0.000364,-0.001099,-0.001248,-0.002149,0.003387,0.006567,0.009317,0.013848,0.022979,0.002588,0.007061,0.009893,0.010482,0.010308,0.096182,-0.89838,-0.079276,-0.9344,1,0,0,0,0,0,0,0,0,0,0
2702,0.003017,0.009202,0.013562,0.0181,0.021243,0.001268,0.001191,0.001141,0.001394,0.002028,0.003803,0.011154,0.017542,0.027302,0.0344,0.0,-0.000456,-0.000887,-0.001775,-0.002484,0.00033,0.000862,0.003245,0.007884,0.01156,0.00142,0.000406,0.000127,-0.000862,-0.000507,0.001825,0.005171,0.007073,0.005247,-0.014323,-0.002839,-0.01559,-0.024083,-0.035921,-0.060992,-0.002704,-0.014673,-0.022325,-0.031991,-0.05186,-6.1e-05,-0.001393,-0.001743,-0.002977,-0.003223,0.001512,0.004663,0.007614,0.014267,0.027072,0.002067,0.006322,0.007797,0.007667,0.00726,0.109882,-0.886741,-0.079444,-0.933438,1,0,0,0,0,0,0,0,0,0,0
2703,0.003447,0.007858,0.012877,0.016679,0.019924,0.0,-0.000253,-0.000101,0.000127,0.002636,0.003447,0.010317,0.018783,0.026413,0.034373,-0.000177,-0.00076,-0.001622,-0.003726,-0.001597,0.000304,0.000913,0.005146,0.009125,0.01526,-0.00033,-0.0018,-0.001749,-0.002433,0.001014,0.00142,0.004537,0.005425,-0.003447,-0.032674,-0.006667,-0.017136,-0.02512,-0.047452,-0.069936,-0.00633,-0.015892,-0.022277,-0.040278,-0.056996,-0.000557,-0.00202,-0.002168,-0.003069,-0.00195,0.00165,0.004385,0.008889,0.017967,0.033812,0.002381,0.005196,0.005782,0.005609,0.003504,0.127828,-0.873646,-0.081757,-0.934153,1,0,0,0,0,0,0,0,0,0,0
2704,0.002739,0.007101,0.01164,0.014784,0.01694,-7.6e-05,-0.000127,0.000127,0.000761,0.004768,0.003905,0.010296,0.020059,0.02716,0.03246,-0.000279,-0.00071,-0.001598,-0.002308,0.006188,0.000228,0.002612,0.007253,0.01093,0.016813,-0.000685,-0.000964,-0.001953,-0.001598,0.002688,0.001927,0.003829,0.002003,-0.017574,-0.063017,-0.006086,-0.014581,-0.026424,-0.051504,-0.068216,-0.00564,-0.013295,-0.022964,-0.04284,-0.05381,-0.000775,-0.001125,-0.002359,-0.002605,-0.002083,0.001504,0.004463,0.011133,0.02397,0.043442,0.001877,0.003356,0.003225,0.002818,4.2e-05,0.157671,-0.866762,-0.082072,-0.933664,1,0,0,0,0,0,0,0,0,0,0
2705,0.001675,0.006699,0.010505,0.013753,0.014362,-0.000178,-2.5e-05,0.000203,0.002715,0.005456,0.002969,0.011444,0.019082,0.02705,0.027887,-0.000305,-0.001167,-0.003273,-0.001142,0.016621,0.000381,0.004618,0.008602,0.014743,0.018397,-0.000787,-0.000736,-0.001421,0.00203,0.0034,0.001193,0.002081,-0.006801,-0.036058,-0.096477,-0.00439,-0.012383,-0.034739,-0.057247,-0.070239,-0.003928,-0.01032,-0.02834,-0.045076,-0.053548,-0.000689,-0.000838,-0.001739,-0.000619,-0.001774,0.001244,0.005782,0.014927,0.03089,0.053604,0.000951,0.001541,0.001366,-0.000754,-0.003106,0.190399,-0.857479,-0.082899,-0.932724,1,0,0,0,0,0,0,0,0,0,0
2706,0.002694,0.007242,0.010393,0.012553,0.0139,0.000127,0.000381,0.001016,0.005031,0.00775,0.003431,0.013214,0.020329,0.02564,0.024496,-0.000127,-0.001016,-0.001728,0.006785,0.02531,0.002007,0.006658,0.010342,0.016238,0.0216,0.000508,-0.000483,-0.000127,0.004167,0.008259,0.000712,-0.001118,-0.020736,-0.066273,-0.127869,-0.004117,-0.015984,-0.041115,-0.057861,-0.076208,-0.003737,-0.013427,-0.033343,-0.044335,-0.052664,0.000339,-0.000898,-0.001144,-0.000622,0.001043,0.001745,0.008512,0.021535,0.041288,0.063675,0.00054,0.000408,-6e-06,-0.002822,-0.00578,0.221182,-0.844661,-0.08558,-0.934601,1,0,0,0,0,0,0,0,0,0,0
2707,0.002339,0.006152,0.009406,0.010016,0.013118,2.5e-05,0.000254,0.002771,0.005517,0.008847,0.005059,0.012711,0.020694,0.021533,0.020923,-0.000737,-0.002847,-0.000712,0.017084,0.028117,0.002237,0.006229,0.012381,0.016042,0.025244,-0.000458,-0.001144,0.002313,0.003686,0.008008,0.000178,-0.00872,-0.038032,-0.098563,-0.145772,-0.00389,-0.026287,-0.048837,-0.061853,-0.099783,-0.002665,-0.020719,-0.037486,-0.045974,-0.065516,-0.000488,-0.001391,-0.00027,-0.001426,4.8e-05,0.002847,0.012112,0.028284,0.051295,0.070451,5.6e-05,-0.000121,-0.002269,-0.004652,-0.009269,0.239157,-0.81605,-0.090669,-0.934835,1,0,0,0,0,0,0,0,0,0,0
2708,0.002211,0.005361,0.007521,0.008868,0.012374,0.000229,0.000864,0.004878,0.007597,0.006937,0.004726,0.01184,0.017151,0.016007,0.013873,-0.000152,-0.000864,0.007648,0.026171,0.028127,0.002414,0.006098,0.011993,0.017354,0.027695,-0.000534,-0.000178,0.004116,0.008207,0.006886,-0.002007,-0.021623,-0.067155,-0.128745,-0.166172,-0.007978,-0.033107,-0.049852,-0.068196,-0.118658,-0.007024,-0.026939,-0.03793,-0.046258,-0.069487,-0.000749,-0.000995,-0.000473,0.001192,0.001118,0.003926,0.016939,0.036678,0.059048,0.073809,-0.000188,-0.000601,-0.003415,-0.006371,-0.011637,0.259279,-0.791981,-0.095336,-0.93282,1,0,0,0,0,0,0,0,0,0,0
2709,0.001599,0.004849,0.005459,0.008556,0.013101,0.0,0.002513,0.005255,0.008581,0.005586,0.00292,0.010892,0.01173,0.01112,0.006398,-0.001955,0.000178,0.01795,0.028969,0.028105,0.001574,0.007718,0.011374,0.020565,0.030137,-0.000152,0.003301,0.004672,0.008988,0.004494,-0.00688,-0.036154,-0.096605,-0.143752,-0.177595,-0.014395,-0.036915,-0.049914,-0.087795,-0.128011,-0.011011,-0.027755,-0.036232,-0.055749,-0.068433,-0.000154,0.000967,-0.000189,0.001284,0.000255,0.005275,0.021298,0.044097,0.063077,0.073605,1.2e-05,-0.002116,-0.004477,-0.009052,-0.012976,0.273521,-0.773903,-0.09991,-0.929931,1,0,0,0,0,0,0,0,0,0,0
2710,0.001548,0.003706,0.005051,0.008555,0.013581,0.000635,0.004645,0.007361,0.006701,0.005432,0.004188,0.009494,0.008351,0.006219,-0.002767,0.001244,0.009748,0.028253,0.030207,0.030715,0.002107,0.007996,0.013352,0.023684,0.033482,0.000508,0.004798,0.008885,0.007565,0.003122,-0.012718,-0.058206,-0.119738,-0.15713,-0.185154,-0.010712,-0.027441,-0.045768,-0.096182,-0.133497,-0.008887,-0.019867,-0.028188,-0.051394,-0.066482,-9.3e-05,0.00043,0.002092,0.002018,-0.000669,0.007659,0.027266,0.049489,0.064152,0.072059,-0.000423,-0.003218,-0.006154,-0.011385,-0.01519,0.288432,-0.752803,-0.104448,-0.92824,1,0,0,0,0,0,0,0,0,0,0
2711,0.001699,0.002308,0.005403,0.009943,0.013697,0.001877,0.004616,0.007939,0.004946,0.004312,0.003779,0.004616,0.004008,-0.00071,-0.01144,0.000888,0.018643,0.029652,0.028789,0.02917,0.004033,0.007686,0.016868,0.02643,0.036044,0.002942,0.004312,0.008624,0.004135,0.000786,-0.016538,-0.076933,-0.124036,-0.157847,-0.181792,-0.011795,-0.024782,-0.062627,-0.102805,-0.149401,-0.007849,-0.016318,-0.035816,-0.048489,-0.071652,0.001212,5.8e-05,0.001529,0.000501,-0.001587,0.0083,0.030951,0.049807,0.060267,0.067685,-0.001694,-0.004039,-0.008584,-0.012483,-0.017002,0.298585,-0.724568,-0.108556,-0.926104,1,0,0,0,0,0,0,0,0,0,0
2712,0.000456,0.001798,0.005293,0.010308,0.012866,0.002128,0.004838,0.004179,0.002913,0.002457,0.00152,0.00038,-0.001748,-0.010714,-0.020414,0.007598,0.026062,0.028012,0.028519,0.028341,0.001849,0.007193,0.017501,0.027278,0.034217,0.001342,0.00542,0.004103,-0.000329,-0.006079,-0.028873,-0.090267,-0.127574,-0.155536,-0.181725,-0.004914,-0.0232,-0.0735,-0.110732,-0.151458,-0.003119,-0.01142,-0.034575,-0.049629,-0.063587,-0.000689,0.00097,0.000896,-0.001785,-0.006566,0.011087,0.032963,0.047397,0.055182,0.06134,-0.001075,-0.003965,-0.009115,-0.01286,-0.016431,0.315499,-0.708956,-0.110211,-0.921372,1,0,0,0,0,0,0,0,0,0,0
2713,0.000152,0.003236,0.007762,0.011504,0.013097,0.000607,0.003919,0.000936,0.000303,0.000708,-0.000683,-0.001289,-0.005992,-0.016687,-0.025335,0.010114,0.021087,0.020227,0.020606,0.020733,0.001795,0.010948,0.02048,0.030063,0.035018,2.5e-05,0.004324,-0.000152,-0.003489,-0.00756,-0.031377,-0.07833,-0.112034,-0.135902,-0.157747,-0.00804,-0.045764,-0.085814,-0.132261,-0.161312,-0.005329,-0.024765,-0.037396,-0.060485,-0.067797,-0.000463,0.001004,-2.1e-05,-0.002102,-0.00616,0.011193,0.029631,0.039859,0.047113,0.051391,-0.001231,-0.005675,-0.009487,-0.013906,-0.016578,0.320826,-0.69156,-0.112022,-0.920016,1,0,0,0,0,0,0,0,0,0,0
2714,0.001187,0.004673,0.009674,0.012225,0.013539,0.002096,0.00144,0.000177,-0.000278,0.000253,-0.000455,-0.002576,-0.011518,-0.021192,-0.027683,0.00831,0.010255,0.01076,0.010583,0.011467,0.003536,0.013816,0.023566,0.030487,0.035362,0.004041,0.002728,-0.001692,-0.007426,-0.00831,-0.029881,-0.067087,-0.094972,-0.12109,-0.133214,-0.010204,-0.060368,-0.097498,-0.138114,-0.166707,-0.002956,-0.026047,-0.04106,-0.054981,-0.067097,0.002117,0.002043,-0.00063,-0.005399,-0.006378,0.010348,0.02451,0.032147,0.038189,0.041608,-0.001613,-0.006665,-0.01034,-0.013844,-0.016367,0.3278,-0.675969,-0.113054,-0.917691,1,0,0,0,0,0,0,0,0,0,0
2715,0.00189,0.006401,0.01013,0.011718,0.012777,0.00121,-0.001764,-0.002394,-0.001991,-0.001764,-0.000151,-0.004838,-0.015498,-0.024117,-0.028804,0.002646,0.001789,0.002167,0.002293,0.00436,0.005594,0.015095,0.024646,0.029585,0.033037,0.000252,-0.004208,-0.007535,-0.011592,-0.013029,-0.016985,-0.050577,-0.074366,-0.096139,-0.102388,-0.027418,-0.067335,-0.113628,-0.142583,-0.167304,-0.016423,-0.029013,-0.052025,-0.059312,-0.072416,-0.00065,-0.001672,-0.003746,-0.00779,-0.009147,0.007833,0.017825,0.024912,0.029093,0.031746,-0.002755,-0.006479,-0.010797,-0.013407,-0.015129,0.327623,-0.663273,-0.113525,-0.91633,1,0,0,0,0,0,0,0,0,0,0
2716,0.001587,0.006575,0.00912,0.01043,0.011715,-0.001864,-0.003124,-0.003577,-0.003048,-0.002696,-0.001965,-0.010883,-0.020532,-0.027007,-0.031013,-0.000705,-0.000202,-0.000378,0.000504,0.002922,0.004661,0.014385,0.021288,0.02615,0.028468,-0.001562,-0.005971,-0.01169,-0.012571,-0.013579,-0.020129,-0.047942,-0.073992,-0.086084,-0.091803,-0.022623,-0.059657,-0.100167,-0.128686,-0.147605,-0.006613,-0.021588,-0.035472,-0.047557,-0.056853,0.000577,-0.00209,-0.006846,-0.007823,-0.009044,0.006089,0.013589,0.019522,0.022878,0.024822,-0.002212,-0.00582,-0.009261,-0.011738,-0.012529,0.334997,-0.654759,-0.113775,-0.916258,1,0,0,0,0,0,0,0,0,0,0
2717,0.002919,0.006644,0.00823,0.009287,0.011024,-0.001107,-0.001737,-0.001334,-0.001107,-2.5e-05,-0.002718,-0.013364,-0.021971,-0.026653,-0.030151,-0.000151,0.000227,0.000352,0.002416,0.004656,0.004832,0.014371,0.019304,0.022752,0.024564,-0.002894,-0.006216,-0.010268,-0.011703,-0.012433,-0.01344,-0.037198,-0.058943,-0.065185,-0.070873,-0.017265,-0.063498,-0.092416,-0.117106,-0.128582,-0.005967,-0.028949,-0.036227,-0.049314,-0.054078,-0.001596,-0.003668,-0.007707,-0.009062,-0.01085,0.003856,0.010879,0.015022,0.017652,0.018911,-0.001495,-0.005773,-0.00836,-0.010067,-0.010265,0.334873,-0.650436,-0.113709,-0.915023,1,0,0,0,0,0,0,0,0,0,0
2718,0.002063,0.004603,0.005911,0.007194,0.008502,-0.000151,-0.000604,-7.5e-05,0.000277,0.001132,-0.006188,-0.015822,-0.022286,-0.026286,-0.028323,0.000654,0.000478,0.001358,0.003773,0.00493,0.00488,0.011772,0.016627,0.018941,0.019922,-0.001509,-0.007219,-0.008099,-0.009106,-0.009961,-0.014338,-0.040346,-0.05242,-0.05813,-0.057275,-0.01972,-0.060168,-0.088642,-0.107532,-0.114122,-0.008987,-0.02285,-0.034916,-0.044198,-0.050387,-0.001067,-0.005816,-0.006791,-0.00801,-0.009748,0.003577,0.009445,0.012766,0.014688,0.015188,-0.00208,-0.005483,-0.007934,-0.008716,-0.008647,0.335208,-0.646899,-0.113053,-0.914485,1,0,0,0,0,0,0,0,0,0,0
2719,0.001659,0.003243,0.004299,0.006033,0.006636,-0.000478,-7.5e-05,0.000151,0.001232,0.001307,-0.004449,-0.013047,-0.017722,-0.021216,-0.023806,-0.000277,-0.000151,0.00191,0.004148,0.004826,0.004651,0.009578,0.013021,0.014831,0.014806,-0.00181,-0.005857,-0.00729,-0.008019,-0.009653,-0.009402,-0.031121,-0.037355,-0.043036,-0.045273,-0.02647,-0.055354,-0.080014,-0.091477,-0.094795,-0.013974,-0.021243,-0.034314,-0.039072,-0.041232,-0.001003,-0.005037,-0.00639,-0.008176,-0.009951,0.003404,0.007512,0.01012,0.011369,0.011664,-0.002172,-0.004737,-0.00643,-0.006627,-0.006368,0.337944,-0.645321,-0.112106,-0.913568,1,0,0,0,0,0,0,0,0,0,0
2720,0.000879,0.002186,0.003467,0.004773,0.005477,2.5e-05,0.000553,0.000904,0.001759,0.001859,-0.005175,-0.011632,-0.015626,-0.017661,-0.021555,0.0001,0.00098,0.003392,0.004547,0.005175,0.002236,0.007085,0.009396,0.010376,0.009974,-0.003894,-0.004773,-0.005778,-0.006632,-0.00824,-0.016581,-0.02864,-0.034343,-0.033489,-0.039342,-0.013943,-0.042382,-0.06125,-0.067832,-0.070394,0.00012,-0.011931,-0.021202,-0.027384,-0.027092,-0.003741,-0.004715,-0.005933,-0.007668,-0.009501,0.002429,0.005721,0.007627,0.008122,0.008444,-0.001211,-0.003641,-0.004417,-0.004348,-0.003797,0.341783,-0.642669,-0.111123,-0.913301,1,0,0,0,0,0,0,0,0,0,0
2721,0.000703,0.001757,0.003489,0.004091,0.004894,0.000376,0.000602,0.001682,0.001757,0.001832,-0.003414,-0.008082,-0.011571,-0.014156,-0.018373,2.5e-05,0.002083,0.004317,0.004995,0.00497,0.002686,0.006124,0.007931,0.007906,0.00768,-0.000151,-0.001581,-0.002309,-0.003941,-0.004543,-0.00512,-0.011345,-0.017017,-0.019251,-0.024622,-0.014909,-0.039531,-0.050977,-0.05429,-0.057352,-0.007378,-0.020429,-0.02518,-0.027336,-0.027681,-0.000291,-0.001642,-0.003426,-0.005198,-0.005998,0.001652,0.004232,0.005467,0.005759,0.006036,-0.001335,-0.00301,-0.003204,-0.002948,-0.00237,0.343939,-0.641568,-0.110355,-0.913172,1,0,0,0,0,0,0,0,0,0,0
2722,0.000602,0.00188,0.003183,0.003885,0.004537,0.00015,0.000501,0.001354,0.001454,0.001504,-0.003033,-0.007019,-0.009049,-0.012934,-0.016143,0.000852,0.003259,0.004412,0.005038,0.004537,0.002156,0.004462,0.005439,0.005038,0.004863,-0.000727,-0.00173,-0.002582,-0.004186,-0.004387,-0.006918,-0.012608,-0.011756,-0.017597,-0.019452,-0.013486,-0.032311,-0.038878,-0.041435,-0.043716,-0.004656,-0.013906,-0.020074,-0.019782,-0.02179,-0.000682,-0.001897,-0.003629,-0.005458,-0.005808,0.001604,0.00348,0.003968,0.004284,0.004368,-0.001069,-0.001833,-0.001765,-0.001223,-0.000741,0.344044,-0.640196,-0.109313,-0.913177,1,0,0,0,0,0,0,0,0,0,0
2723,0.00045,0.002177,0.002778,0.003578,0.004179,7.5e-05,0.001151,0.001226,0.001301,0.001351,-0.001626,-0.005105,-0.007682,-0.011886,-0.014038,0.001201,0.003428,0.004104,0.004079,0.002277,0.001276,0.003078,0.003053,0.002828,0.002602,-0.000701,-0.001426,-0.003053,-0.003653,-0.003678,0.000701,-0.004955,-0.007182,-0.012536,-0.01116,-0.011085,-0.022496,-0.025799,-0.028851,-0.031679,-0.008364,-0.0131,-0.01525,-0.015593,-0.019207,-0.000667,-0.002445,-0.004212,-0.005009,-0.005185,0.000941,0.00215,0.002436,0.002707,0.002655,-0.000583,-0.000774,-0.000523,4.3e-05,0.000532,0.342909,-0.638699,-0.108592,-0.913196,1,0,0,0,0,0,0,0,0,0,0
2724,0.000825,0.002125,0.002826,0.003476,0.004001,0.000275,0.001125,0.001225,0.001275,0.0013,-0.002351,-0.004376,-0.008252,-0.011453,-0.012828,0.0012,0.002351,0.002976,0.002476,-0.000375,0.001025,0.002,0.0016,0.001425,0.00125,-0.0003,-0.00115,-0.002751,-0.002951,-0.003051,-0.006376,-0.005526,-0.011353,-0.013203,-0.010427,-0.007702,-0.014253,-0.016804,-0.019079,-0.02358,-0.000869,-0.007022,-0.006731,-0.008734,-0.013185,-0.000545,-0.002273,-0.004098,-0.004447,-0.004656,0.000908,0.001388,0.001699,0.001781,0.001748,-0.000171,-0.000104,0.000429,0.000903,0.001311,0.342275,-0.635839,-0.10812,-0.913191,1,0,0,0,0,0,0,0,0,0,0
2725,0.000901,0.001501,0.002302,0.002902,0.003477,0.000801,0.000876,0.000951,0.001001,0.001126,-0.001126,-0.003702,-0.007905,-0.010057,-0.010357,0.001026,0.001701,0.001676,-0.000125,-0.004553,0.000776,0.00075,0.000525,0.0003,0.000175,-0.000425,-0.002051,-0.002652,-0.002677,-0.003052,0.000725,-0.001501,-0.006855,-0.005479,-0.001201,-0.003702,-0.007005,-0.010057,-0.012884,-0.018137,-0.003865,-0.006015,-0.006358,-0.009971,-0.014428,-0.001232,-0.002998,-0.003796,-0.003971,-0.004552,0.000296,0.000581,0.000852,0.0008,0.000704,-1.9e-05,0.000231,0.000796,0.001284,0.001665,0.339662,-0.634258,-0.107893,-0.91262,1,0,0,0,0,0,0,0,0,0,0
2726,0.0004,0.001101,0.001751,0.002276,0.002651,5e-05,0.00015,0.0002,0.000225,0.00085,-0.0009,-0.004777,-0.007979,-0.009355,-0.009155,0.000125,0.00075,0.00025,-0.002601,-0.012056,0.0002,-0.0002,-0.000375,-0.00055,-0.000625,-0.000425,-0.002026,-0.002226,-0.002326,-0.003152,0.000125,-0.005703,-0.007554,-0.004777,0.008079,-0.002851,-0.005403,-0.007679,-0.012181,-0.018535,-0.00229,-0.001999,-0.004003,-0.008455,-0.018254,-0.000497,-0.002322,-0.002671,-0.00288,-0.004375,0.000184,0.000496,0.000578,0.000546,-4.8e-05,8.6e-05,0.00062,0.001095,0.001503,0.001667,0.329838,-0.632313,-0.107726,-0.911079,1,0,0,0,0,0,0,0,0,0,0
2727,0.0002,0.001001,0.001601,0.002177,0.002252,2.5e-05,0.0001,0.00015,0.000275,0.000826,-0.001676,-0.005879,-0.008031,-0.008331,-0.007855,0.00055,0.000525,-0.001276,-0.005704,-0.020139,-0.000225,-0.00045,-0.000675,-0.000801,-0.000901,-0.001201,-0.001801,-0.001826,-0.002202,-0.003778,-0.002352,-0.007705,-0.006329,-0.002051,0.023166,-0.00045,-0.003502,-0.006329,-0.011583,-0.025293,0.000141,-0.000203,-0.003815,-0.008273,-0.029725,-0.00127,-0.002067,-0.002242,-0.002824,-0.004956,0.000101,0.000371,0.000319,0.000223,-0.000552,0.000164,0.00073,0.001217,0.001599,0.001551,0.315228,-0.625343,-0.107807,-0.910023,1,0,0,0,0,0,0,0,0,0,0
2728,0.000501,0.001152,0.001677,0.002053,0.002178,7.5e-05,0.000125,0.00015,0.000776,0.001252,-0.002203,-0.005408,-0.006784,-0.006584,-0.00343,7.5e-05,-0.000426,-0.00328,-0.012743,-0.031894,-0.000175,-0.00035,-0.000526,-0.000601,-0.000651,-0.000401,-0.000601,-0.000701,-0.001527,-0.003029,-0.00348,-0.005332,-0.002554,0.010314,0.048342,-0.002103,-0.004381,-0.008887,-0.015246,-0.041608,0.00015,-0.001855,-0.006311,-0.016118,-0.050017,-0.000556,-0.000906,-0.001115,-0.002611,-0.004596,0.000213,0.000295,0.000263,-0.000334,-0.000869,0.000372,0.00085,0.001261,0.001426,0.001388,0.29351,-0.611763,-0.108059,-0.90984,1,0,0,0,0,0,0,0,0,0,0
2729,0.000301,0.000902,0.001478,0.001553,0.002254,0.0,5e-05,0.000175,0.000726,0.001578,-0.002004,-0.004157,-0.004458,-0.003982,0.004658,-0.0001,-0.001903,-0.006336,-0.020787,-0.048236,-5e-05,-0.000275,-0.000401,-0.000501,0.000351,-0.0002,-0.000225,-0.000601,-0.002179,-0.002655,-0.001878,-0.000501,0.003782,0.029027,0.080669,-0.000952,-0.003782,-0.009041,-0.022766,-0.051341,-0.000494,-0.004111,-0.008573,-0.030048,-0.067098,-0.000242,-0.000418,-0.000999,-0.003134,-0.004433,5.9e-05,7e-06,-9e-05,-0.00087,-0.001532,0.000196,0.000688,0.001072,0.001024,0.000845,0.265713,-0.602086,-0.109107,-0.910999,0,0,1,0,0,0,0,0,0,0,0
2730,0.000351,0.000877,0.001252,0.001378,0.00268,5e-05,7.5e-05,0.000701,0.001177,0.004007,-0.001202,-0.00258,-0.002379,0.000776,0.011897,-0.000401,-0.003256,-0.012724,-0.031884,-0.058859,-0.000125,-0.000301,-0.000376,-0.000426,0.001753,0.0,-0.0001,-0.000927,-0.00243,0.001653,2.5e-05,0.002805,0.015679,0.053725,0.11316,-0.001327,-0.005836,-0.012198,-0.038572,-0.066474,-0.001512,-0.00597,-0.015782,-0.049697,-0.09027,-0.000108,-0.000317,-0.001814,-0.003799,-0.00245,2.3e-05,-1e-05,-0.000608,-0.001145,-0.00178,0.000283,0.000695,0.00086,0.000823,0.000405,0.236036,-0.58693,-0.110603,-0.915014,0,0,1,0,0,0,0,0,0,0,0
2731,0.00025,0.000827,0.000902,0.001603,0.003131,0.0,0.000125,0.000676,0.001528,0.006939,-0.000952,-0.001252,-0.000777,0.007865,0.018486,-0.001403,-0.005836,-0.020289,-0.047743,-0.068032,-0.0001,-0.000225,-0.000326,0.000526,0.00253,-2.5e-05,-0.000401,-0.001979,-0.002455,0.002154,0.001353,0.005636,0.030885,0.082536,0.152697,-0.001503,-0.006763,-0.02049,-0.04907,-0.093707,-0.002105,-0.006568,-0.028047,-0.065103,-0.127323,-6.8e-05,-0.000649,-0.002784,-0.004084,-0.004822,-7.6e-05,-0.000173,-0.000954,-0.001617,-0.001857,0.000209,0.000594,0.000546,0.000367,3.3e-05,0.196354,-0.559442,-0.111299,-0.913992,0,0,1,0,0,0,0,0,0,0,0
2732,0.000276,0.000651,0.000777,0.002079,0.003307,2.5e-05,0.000651,0.001127,0.003958,0.010646,-0.000426,-0.000225,0.002931,0.014053,0.02748,-0.001453,-0.010922,-0.030085,-0.057064,-0.086998,-7.5e-05,-0.00015,-0.0002,0.001979,0.003106,-7.5e-05,-0.000902,-0.002405,0.001678,0.002655,0.001428,0.014304,0.052354,0.111798,0.196542,-0.003006,-0.009369,-0.035746,-0.063652,-0.119588,-0.002353,-0.012167,-0.046087,-0.086664,-0.157062,-0.000142,-0.001638,-0.003624,-0.002275,-0.007956,4.3e-05,-0.000556,-0.001093,-0.001729,-0.001838,0.000204,0.000369,0.000331,-8.7e-05,-0.000427,0.150905,-0.534515,-0.111705,-0.911198,0,0,1,0,0,0,0,0,0,0,0
2733,0.000301,0.000376,0.001077,0.002606,0.003257,0.0001,0.000651,0.001503,0.006916,0.011276,0.000125,0.000601,0.009246,0.01987,0.035756,-0.002982,-0.017439,-0.044902,-0.065198,-0.111327,-5e-05,-0.00015,0.000702,0.002706,0.00436,-0.000301,-0.001879,-0.002355,0.002255,0.002806,0.002856,0.028114,0.079781,0.149964,0.231424,-0.002255,-0.015986,-0.044576,-0.089227,-0.132625,-0.00211,-0.023596,-0.060663,-0.122904,-0.163636,-0.00044,-0.002576,-0.003876,-0.004614,-0.008269,-0.00014,-0.000923,-0.001588,-0.001828,-0.001923,0.000181,0.000133,-4.6e-05,-0.00038,-0.001193,0.115618,-0.521707,-0.113044,-0.908868,0,0,1,0,0,0,0,0,0,0,0
2734,7.5e-05,0.0002,0.001503,0.002731,0.002931,0.000526,0.001002,0.003833,0.010521,0.009018,7.5e-05,0.003232,0.014354,0.027781,0.036599,-0.006488,-0.025652,-0.052631,-0.082567,-0.106716,-2.5e-05,-7.5e-05,0.002104,0.003232,0.005236,-0.000526,-0.002029,0.002054,0.003031,0.002856,0.01002,0.048072,0.107517,0.192264,0.272977,-0.004108,-0.030487,-0.058393,-0.114331,-0.152884,-0.007704,-0.041624,-0.082203,-0.152602,-0.199893,-0.001057,-0.003042,-0.001693,-0.007374,-0.005831,-0.000459,-0.000996,-0.001633,-0.001742,-0.001795,-1.6e-05,-5.3e-05,-0.000472,-0.000812,-0.001709,0.073304,-0.501139,-0.114191,-0.907684,0,0,1,0,0,0,0,0,0,0,0
2735,0.0,0.000701,0.002228,0.002879,0.002103,2.5e-05,0.000876,0.006284,0.01064,0.00696,0.000401,0.009038,0.019653,0.035525,0.050947,-0.007961,-0.0354,-0.055678,-0.101768,-0.104121,-7.5e-05,0.000776,0.002779,0.004431,0.005257,-0.001051,-0.001527,0.003079,0.00363,-5e-05,0.015221,0.066844,0.136967,0.218357,0.312464,-0.009613,-0.038179,-0.082791,-0.126152,-0.188415,-0.013768,-0.050804,-0.112991,-0.153688,-0.226324,-0.001078,-0.002377,-0.003114,-0.006767,-0.006563,-0.000321,-0.000981,-0.00122,-0.001315,-0.001332,-3.2e-05,-0.00021,-0.000543,-0.00135,-0.002234,0.024482,-0.463845,-0.114808,-0.904069,0,0,1,0,0,0,0,0,0,0,0
2736,0.000125,0.001428,0.002656,0.002857,0.00193,0.000451,0.003283,0.009974,0.00847,0.007117,0.002757,0.013883,0.027315,0.036136,0.061647,-0.011202,-0.038191,-0.068138,-0.092295,-0.097633,2.5e-05,0.002205,0.003333,0.005338,0.006165,-0.000451,0.003634,0.004611,0.004436,0.001278,0.02283,0.082297,0.167074,0.247817,0.33723,-0.016765,-0.044682,-0.10064,-0.139207,-0.19687,-0.020151,-0.060745,-0.13117,-0.178478,-0.20746,-0.000908,0.000442,-0.005241,-0.003698,-0.00526,-0.000215,-0.000853,-0.000962,-0.001016,-0.001019,-5e-06,-0.000425,-0.000766,-0.001665,-0.00276,-0.015114,-0.447219,-0.115862,-0.902122,0,0,1,0,0,0,0,0,0,0,0
2737,0.000577,0.002108,0.00276,0.001982,0.000652,0.000402,0.005822,0.010189,0.0065,0.004417,0.005897,0.016538,0.032448,0.047906,0.056187,-0.016287,-0.036613,-0.082813,-0.085172,-0.127356,0.000828,0.002836,0.004492,0.00532,0.006851,-2.5e-05,0.004592,0.005144,0.001456,0.001882,0.028884,0.099175,0.180758,0.27509,0.358079,-0.011845,-0.056564,-0.100028,-0.162439,-0.177195,-0.016944,-0.07928,-0.120074,-0.192883,-0.124405,-0.000393,-0.001133,-0.004794,-0.004589,-0.001724,-0.000454,-0.000697,-0.000793,-0.000811,-0.00081,-0.000176,-0.000514,-0.001335,-0.002234,-0.003644,-0.058087,-0.452169,-0.117159,-0.896888,0,0,1,0,0,0,0,0,0,0,0
2738,0.000729,0.001961,0.002163,0.001232,-0.00166,0.002439,0.009153,0.007644,0.006286,-0.000905,0.005255,0.018733,0.027585,0.053183,0.051976,-0.010762,-0.040811,-0.065052,-0.070408,-0.109886,0.001358,0.002489,0.004501,0.005331,0.00601,0.004124,0.005105,0.004929,0.00176,5e-05,0.030728,0.115795,0.196814,0.286534,0.388323,-0.016143,-0.072294,-0.110993,-0.168853,-0.173831,-0.023754,-0.09442,-0.14189,-0.170971,-0.063585,0.001749,-0.003954,-0.002405,-0.003974,0.001939,-0.000193,-0.000305,-0.00036,-0.000363,-0.000444,-0.000251,-0.0006,-0.001521,-0.002643,-0.004275,-0.115471,-0.447455,-0.116851,-0.889265,0,0,1,0,0,0,0,0,0,0,0
2739,0.000806,0.00146,0.00068,-0.000655,-0.003777,0.002996,0.007377,0.003676,0.001586,-0.010725,0.005413,0.021375,0.036885,0.045193,0.066594,-0.009618,-0.055969,-0.058336,-0.100658,-0.102673,0.000655,0.002316,0.003147,0.004683,0.004708,0.000504,0.001057,-0.002644,-0.002216,-0.006244,0.039755,0.121606,0.216247,0.299508,0.397069,-0.028702,-0.072309,-0.134924,-0.149729,-0.169014,-0.038756,-0.079683,-0.152732,-0.084029,-0.02474,-0.002492,-0.006165,-0.00596,-0.003086,0.005551,-5.4e-05,-0.000152,-0.00017,-0.000169,-0.000335,-9.2e-05,-0.000933,-0.001852,-0.003295,-0.004499,-0.152823,-0.437852,-0.116994,-0.884586,0,0,1,0,0,0,0,0,0,0,0
2740,0.000428,0.00063,-0.000302,-0.003199,-0.005768,0.003728,0.002216,0.000856,-0.006347,-0.022794,0.008085,0.01695,0.04259,0.041381,0.083871,-0.020477,-0.044756,-0.050121,-0.089664,-0.107269,0.000479,0.002493,0.003325,0.004005,0.003828,0.000479,0.000302,-0.002871,-0.004584,-0.012341,0.045436,0.126587,0.216453,0.318407,0.403487,-0.027529,-0.066291,-0.124245,-0.129232,-0.157088,-0.032011,-0.079557,-0.108686,-0.001125,0.035571,-0.003218,-0.001667,-0.003238,0.002684,0.011622,-5.9e-05,-0.000115,-0.000117,-0.0002,-0.000373,-0.000261,-0.001192,-0.002326,-0.003977,-0.004724,-0.197011,-0.427747,-0.117499,-0.877627,0,0,1,0,0,0,0,0,0,0,0
2741,0.000227,-0.000554,-0.001889,-0.005013,-0.008087,0.000655,-0.003048,-0.005139,-0.017459,-0.026175,0.007885,0.023404,0.031718,0.053132,0.105407,-0.025898,-0.028266,-0.070615,-0.072631,-0.080264,0.001184,0.002015,0.003552,0.003577,0.0033,7.6e-05,-0.003628,-0.003199,-0.00723,-0.009876,0.036454,0.131154,0.214466,0.312088,0.418074,-0.016098,-0.078753,-0.093566,-0.112864,-0.129214,-0.008934,-0.082028,-0.013283,0.046043,0.095508,-0.000456,-0.000251,0.002625,0.011267,0.017674,-4e-05,-5.8e-05,-5.7e-05,-0.000223,-0.000553,-0.000583,-0.001506,-0.002955,-0.004165,-0.005471,-0.254931,-0.434917,-0.11709,-0.877743,0,0,1,0,0,0,0,0,0,0,0
2742,-2.5e-05,-0.000959,-0.003862,-0.006436,-0.016405,-0.002171,-0.003533,-0.010752,-0.027232,-0.029883,0.000984,0.026677,0.025466,0.068043,0.118823,0.001615,-0.003761,-0.043385,-0.061027,-0.050755,0.000833,0.001666,0.002347,0.002171,0.001994,-0.000252,-0.003432,-0.005149,-0.012922,-0.009919,0.044799,0.13485,0.237016,0.322272,0.429839,-0.022715,-0.080789,-0.085786,-0.1137,-0.129626,-0.038695,-0.067883,0.0399,0.076672,0.12739,0.002011,0.000437,0.006371,0.015328,0.022388,-1.6e-05,-1.9e-05,-0.000103,-0.000278,-0.001279,-0.000355,-0.001505,-0.00318,-0.003938,-0.010308,-0.299483,-0.427498,-0.118773,-0.875847,0,0,1,0,0,0,0,0,0,0,0
2743,-0.000759,-0.002099,-0.005234,-0.008319,-0.0133,-0.001542,-0.003641,-0.016006,-0.024755,-0.037903,0.01459,0.022934,0.044427,0.096895,0.131056,-0.003995,-0.046501,-0.048523,-0.056185,-0.059725,0.0,0.001542,0.001568,0.00129,0.000936,-0.003464,-0.003034,-0.00708,-0.009735,-0.013123,0.050167,0.133787,0.23177,0.338147,0.41274,-0.040129,-0.054997,-0.074366,-0.090776,-0.116213,-0.034597,0.034402,0.093947,0.143594,0.180094,-0.001809,0.001078,0.009752,0.016182,0.026517,-2e-06,-1e-06,-0.000172,-0.000511,-0.001433,-0.000588,-0.002075,-0.003316,-0.004657,-0.00672,-0.323041,-0.426653,-0.124614,-0.872665,0,0,1,0,0,0,0,0,0,0,0
2744,-0.000177,-0.003092,-0.005677,-0.015688,-0.011962,0.000177,-0.007071,-0.023621,-0.026282,-0.03571,0.011177,0.00996,0.052715,0.103707,0.135108,-0.001394,-0.041184,-0.058899,-0.048584,-0.082013,0.000836,0.001521,0.001343,0.001166,0.000938,0.000279,-0.001445,-0.009251,-0.006235,-0.010974,0.040145,0.142737,0.228349,0.336365,0.404514,-0.018096,-0.023114,-0.051144,-0.067136,-0.09613,0.005366,0.113598,0.150524,0.201454,0.238469,0.000233,0.006192,0.015185,0.022275,0.026295,-1e-06,-8.7e-05,-0.000267,-0.001298,-0.001207,-0.000587,-0.002312,-0.003092,-0.00965,-0.005993,-0.360917,-0.412365,-0.127838,-0.870778,0,0,1,0,0,0,0,0,0,0,0
2745,-0.001166,-0.004311,-0.007405,-0.0124,-0.014327,-0.002282,-0.014682,-0.023456,-0.036643,-0.034716,-0.002815,0.01874,0.071358,0.105617,0.145379,-0.041233,-0.043261,-0.050945,-0.054495,-0.090149,0.00071,0.000735,0.000456,0.000101,-0.000304,0.000152,-0.003905,-0.006568,-0.009966,-0.013136,0.043692,0.141956,0.248638,0.323445,0.388109,0.003195,-0.016229,-0.032687,-0.058197,-0.100774,0.063828,0.123544,0.173333,0.209938,0.234151,0.002663,0.011361,0.01781,0.028174,0.02337,2e-06,-0.000173,-0.000518,-0.001459,-0.0023,-0.000927,-0.002194,-0.003562,-0.005667,-0.007449,-0.382437,-0.393428,-0.127894,-0.869685,0,0,1,0,0,0,0,0,0,0,0
2746,-0.001743,-0.004319,-0.014294,-0.010582,-0.018487,-0.00495,-0.021442,-0.024093,-0.033488,-0.029927,0.001591,0.044197,0.09501,0.126301,0.163527,0.001414,-0.016239,-0.00596,-0.039272,-0.055082,-2.5e-05,-0.000202,-0.000379,-0.000606,-0.001136,-0.001869,-0.009647,-0.006642,-0.011365,-0.013663,0.058718,0.14403,0.251668,0.319579,0.361427,-0.008183,-0.036115,-0.052051,-0.080943,-0.124559,0.044285,0.081082,0.131834,0.168719,0.171446,0.003287,0.012249,0.019314,0.023319,0.018705,-8.6e-05,-0.000262,-0.001267,-0.001179,-0.003437,-0.000781,-0.001543,-0.007942,-0.004373,-0.010551,-0.398073,-0.374611,-0.127455,-0.868922,0,0,1,0,0,0,0,0,0,0,0
2747,-0.00138,-0.004441,-0.009384,-0.011291,-0.024489,-0.007352,-0.016033,-0.029081,-0.027174,-0.024339,0.019747,0.071812,0.10571,0.145053,0.18244,-0.003412,-0.011015,-0.014528,-0.049806,-0.059391,5e-05,-0.000226,-0.000577,-0.000979,-0.001004,-0.002158,-0.004792,-0.008155,-0.011291,-0.011291,0.038892,0.144451,0.218471,0.282454,0.332235,-0.01109,-0.027375,-0.052617,-0.094745,-0.128844,0.015089,0.064355,0.100574,0.124532,0.136248,0.005342,0.011722,0.021978,0.017224,0.016672,-8e-05,-0.0004,-0.001274,-0.002055,-0.004067,-0.000429,-0.0017,-0.003654,-0.005309,-0.014952,-0.427265,-0.362095,-0.127347,-0.868298,0,0,1,0,0,0,0,0,0,0,0
2748,-0.001176,-0.011059,-0.007381,-0.015212,-0.028398,-0.009007,-0.011634,-0.020942,-0.017414,-0.016538,0.022518,0.072859,0.103858,0.140738,0.184623,-0.014086,-0.003903,-0.036905,-0.052567,-0.065077,-0.000225,-0.0004,-0.000626,-0.001151,-0.001026,-0.005554,-0.002577,-0.007256,-0.009533,-0.008807,0.045737,0.152372,0.219652,0.26111,0.310199,-0.016613,-0.032401,-0.061024,-0.104234,-0.129579,0.021408,0.071687,0.108229,0.110931,0.116169,0.003552,0.010551,0.014519,0.009948,0.012225,-8.7e-05,-0.001028,-0.000946,-0.003061,-0.004175,-0.000292,-0.006286,-0.002943,-0.00873,-0.018017,-0.441877,-0.349433,-0.127341,-0.868273,0,0,1,0,0,0,0,0,0,0,0
2749,-0.001869,-0.00678,-0.008674,-0.021785,-0.03026,0.000349,-0.012612,-0.010718,-0.007901,-0.007253,0.029287,0.062962,0.102045,0.139184,0.169917,0.006481,0.002991,-0.032054,-0.041576,-0.070365,-5e-05,-0.000399,-0.000798,-0.000823,-0.000748,0.002916,-0.000424,-0.003539,-0.003539,-0.00319,0.059298,0.132828,0.196388,0.24584,0.27443,0.000374,-0.024701,-0.066551,-0.100425,-0.119792,0.027613,0.063593,0.087393,0.099032,0.096902,0.0028,0.012987,0.008265,0.007717,0.009083,-0.000222,-0.001056,-0.001801,-0.003722,-0.002929,-0.000928,-0.002794,-0.004374,-0.013579,-0.019486,-0.449504,-0.343208,-0.128118,-0.868253,0,0,1,0,0,0,0,0,0,0,0
2750,-0.007933,-0.004289,-0.012049,-0.025114,-0.032031,-0.00295,-0.012173,-0.008677,-0.007809,-0.006421,0.02075,0.051467,0.08801,0.131494,0.153782,0.003644,-0.029056,-0.044575,-0.056971,-0.085283,-0.000124,-0.000347,-0.000868,-0.000744,-0.000496,5e-05,-0.004586,-0.006842,-0.006124,-0.005975,0.046682,0.113347,0.154426,0.203067,0.224115,-0.016015,-0.044377,-0.087192,-0.112306,-0.127651,0.022355,0.058564,0.061241,0.06643,0.065162,0.004151,0.008083,0.003553,0.00581,0.006061,-0.000669,-0.000592,-0.002576,-0.00362,-0.002542,-0.004727,-0.001592,-0.007019,-0.015728,-0.020678,-0.456579,-0.335641,-0.129477,-0.868204,0,0,1,0,0,0,0,0,0,0,0
2751,0.003032,0.001158,-0.011806,-0.020186,-0.024943,-0.009883,-0.00801,-0.005225,-0.004584,-0.003229,0.012668,0.051315,0.088038,0.118428,0.144331,-0.007074,-0.041727,-0.051142,-0.079609,-0.09314,-0.000222,-0.000616,-0.000641,-0.000567,9.9e-05,-0.003352,-0.006433,-0.006433,-0.006088,-0.007271,0.026298,0.089147,0.138046,0.166316,0.184801,-0.008873,-0.050255,-0.08375,-0.1029,-0.120128,0.013352,0.036886,0.048395,0.046289,0.038829,0.005947,0.001278,0.000736,0.002087,0.000743,-0.000129,-0.000818,-0.002593,-0.001859,-0.002121,0.002812,0.001352,-0.007156,-0.012616,-0.016448,-0.461502,-0.32792,-0.132007,-0.866053,0,0,1,0,0,0,0,0,0,0,0
2752,0.000588,-0.007082,-0.019997,-0.026834,-0.032618,0.000711,0.004166,0.005024,0.006396,0.008577,0.017767,0.053889,0.096873,0.118904,0.136352,-0.02529,-0.040631,-0.052884,-0.08087,-0.089252,0.0,-0.000515,-0.000392,-0.000147,0.000245,-0.00125,-0.00348,-0.002769,-0.002622,-0.005832,0.039749,0.080356,0.128437,0.149243,0.159682,-0.019213,-0.061535,-0.08636,-0.101529,-0.116625,0.022515,0.025161,0.030292,0.029038,0.021973,-0.002027,-0.006504,-0.004273,-0.004025,-0.007922,0.000195,-0.001634,-0.002597,-0.001603,-0.00207,0.000189,-0.004816,-0.012847,-0.017412,-0.021884,-0.461387,-0.323479,-0.133645,-0.863193,0,0,1,0,0,0,0,0,0,0,0
2753,-0.002443,-0.015293,-0.023599,-0.028313,-0.034763,0.001148,0.003909,0.004544,0.005887,0.008135,0.020594,0.056993,0.087114,0.11279,0.118824,-0.009137,-0.018468,-0.046684,-0.060096,-0.071089,-0.000391,-0.000415,-0.000342,0.000318,0.000318,-0.001808,-0.001808,-0.001466,-0.002638,-0.004544,0.02267,0.071138,0.099158,0.11748,0.11875,-0.021864,-0.055063,-0.074045,-0.091121,-0.103311,0.000882,0.012288,0.010201,0.002807,-0.00196,-0.002608,-0.003146,-0.001806,-0.003138,-0.005738,-0.000838,-0.002506,-0.001817,-0.002063,-0.002145,-0.001557,-0.009553,-0.014684,-0.018286,-0.022636,-0.458689,-0.321781,-0.135748,-0.861194,1,0,0,0,0,0,0,0,0,0,0
2754,-0.005203,-0.018075,-0.02489,-0.030655,-0.035833,0.002296,0.003151,0.004519,0.006693,0.006937,0.015413,0.058256,0.080215,0.097606,0.101294,-0.006155,-0.018368,-0.046263,-0.054616,-0.065681,-0.000122,0.0,0.000244,0.000635,0.000391,-0.000415,0.000293,0.00044,-0.00276,-0.002687,0.017806,0.06573,0.086468,0.096873,0.090083,-0.020322,-0.045066,-0.060185,-0.075232,-0.093356,0.001756,0.006869,0.005619,-0.001423,-0.011783,-0.001855,0.000368,0.000616,-0.003268,-0.00228,-0.00095,-0.001892,-0.00092,-0.001376,-0.001783,-0.003335,-0.011184,-0.015645,-0.020016,-0.022909,-0.448722,-0.312473,-0.137988,-0.860441,1,0,0,0,0,0,0,0,0,0,0
2755,-0.007634,-0.015926,-0.020633,-0.027071,-0.035778,0.000463,0.001097,0.002439,0.004683,0.003463,0.02095,0.051021,0.076654,0.082678,0.090531,-0.003171,-0.03134,-0.044729,-0.055704,-0.06363,9.8e-05,0.000171,0.000829,0.000829,-0.000951,0.000415,0.000756,-0.000415,-0.002317,-0.00261,0.030608,0.058582,0.076873,0.078141,0.071215,-0.012853,-0.031803,-0.048851,-0.061021,-0.076556,0.009635,0.007551,0.000169,-0.00459,-0.019264,0.001315,0.002653,0.001323,-0.001273,0.001287,-0.000709,-2.8e-05,-0.00027,-0.000351,-0.000805,-0.004604,-0.009676,-0.013236,-0.017536,-0.021426,-0.445738,-0.309273,-0.139314,-0.859961,1,0,0,0,0,0,0,0,0,0,0
2756,-0.005206,-0.011993,-0.017734,-0.022891,-0.032427,0.000389,0.001751,0.003917,0.00416,0.001435,0.021772,0.043641,0.060961,0.064635,0.073562,-0.009001,-0.036781,-0.045101,-0.05612,-0.062324,2.4e-05,0.000268,0.000657,0.000414,-0.003138,0.000292,0.000438,-0.002749,-0.002676,-0.003187,0.017199,0.037852,0.048214,0.041452,0.036562,-0.011823,-0.02688,-0.041865,-0.059915,-0.067675,-0.004518,-0.005762,-0.012775,-0.023094,-0.036851,0.000902,0.001149,-0.002719,-0.001736,0.001878,-0.000219,0.000726,0.000282,-0.000113,-0.000196,-0.003105,-0.00744,-0.011688,-0.014499,-0.017641,-0.440576,-0.306241,-0.138249,-0.860204,1,0,0,0,0,0,0,0,0,0,0
2757,-0.003062,-0.007752,-0.014168,-0.022844,-0.030013,0.000243,0.00158,0.003815,0.0026,0.000219,0.008214,0.033755,0.039757,0.047583,0.052662,-0.019077,-0.032418,-0.043354,-0.051252,-0.055651,4.9e-05,0.000705,0.000705,-0.001069,-0.005565,4.9e-05,-0.001118,-0.003013,-0.003305,-0.004933,0.010693,0.028919,0.030183,0.023281,0.01582,-0.007072,-0.024059,-0.036185,-0.051665,-0.056234,0.002436,-0.004919,-0.009661,-0.024282,-0.036811,0.000432,-0.000894,-0.00348,-0.00093,0.000467,0.000881,0.000645,0.000566,0.000124,9e-05,-0.001863,-0.005335,-0.009529,-0.013323,-0.014773,-0.436411,-0.306245,-0.136576,-0.859614,1,0,0,0,0,0,0,0,0,0,0
2758,-0.003714,-0.009443,-0.014589,-0.024104,-0.030027,0.001117,0.003277,0.00352,0.000801,2.4e-05,0.013618,0.030901,0.034566,0.043475,0.044421,-0.008666,-0.016967,-0.027964,-0.034153,-0.038401,0.000194,0.000583,0.00034,-0.003204,-0.007234,9.7e-05,-0.003083,-0.00301,-0.00352,-0.004976,0.009928,0.020269,0.013521,0.008642,0.002136,-0.007962,-0.022915,-0.040926,-0.048669,-0.051024,-0.003676,-0.010674,-0.02097,-0.034697,-0.04221,-0.000185,-0.004045,-0.003063,0.000543,0.000364,5.6e-05,-0.000381,-0.000771,-0.000852,-0.00079,-0.002422,-0.006606,-0.009375,-0.01247,-0.013677,-0.432568,-0.304918,-0.136194,-0.859618,1,0,0,0,0,0,0,0,0,0,0
2759,-0.00097,-0.007375,-0.016036,-0.023193,-0.027778,0.000218,0.00245,0.001237,-0.00114,-0.000461,0.011888,0.01788,0.025692,0.030762,0.030059,-0.004658,-0.015575,-0.02346,-0.027851,-0.030325,0.000461,0.000461,-0.00131,-0.005798,-0.012761,-0.001262,-0.003154,-0.003445,-0.00507,-0.004246,0.008273,0.009534,0.002644,-0.004804,-0.010311,-0.009001,-0.021106,-0.03656,-0.041121,-0.043232,-0.003669,-0.008403,-0.023,-0.035507,-0.04032,-0.001139,-0.003721,-0.001174,0.00022,-0.000233,-0.000289,-0.000367,-0.000804,-0.000838,-0.000831,-0.001019,-0.005162,-0.008911,-0.010344,-0.008946,-0.429358,-0.30501,-0.131829,-0.859709,1,0,0,0,0,0,0,0,0,0,0
2760,-0.00475,-0.009888,-0.019388,-0.025301,-0.028088,0.001939,0.002181,-0.000533,-0.001309,4.8e-05,0.00538,0.00904,0.017934,0.018879,0.018006,-0.003635,-0.014614,-0.020793,-0.025034,-0.024841,-7.3e-05,-0.000315,-0.003853,-0.007876,-0.017909,-0.001915,-0.001842,-0.002351,-0.003805,-0.002835,0.00206,-0.004677,-0.009548,-0.016043,-0.020115,-0.005938,-0.02392,-0.031651,-0.034001,-0.033395,-0.003322,-0.013601,-0.027307,-0.034807,-0.038017,-0.002717,-0.001736,0.001863,0.001686,-0.000485,-0.000145,-0.00053,-0.000611,-0.000549,-0.000539,-0.003126,-0.005864,-0.008924,-0.010117,-0.006019,-0.427598,-0.305857,-0.127991,-0.859363,1,0,0,0,0,0,0,0,0,0,0
2761,-0.001647,-0.010293,-0.017438,-0.022016,-0.02422,0.000291,-0.00092,-0.003294,-0.002616,-0.001841,0.000605,0.008404,0.013466,0.012764,0.012255,-0.007266,-0.015137,-0.019521,-0.021992,-0.020441,7.3e-05,-0.001695,-0.006176,-0.013127,-0.020345,2.4e-05,-0.000266,-0.001889,-0.001066,-0.00092,-0.000799,-0.007678,-0.015113,-0.020611,-0.023396,-0.006152,-0.02158,-0.026133,-0.02824,-0.026787,-0.001406,-0.015979,-0.028466,-0.03327,-0.035543,0.000137,0.002679,0.004071,0.003619,0.001796,6.7e-05,-0.000365,-0.000398,-0.000391,-0.000396,-0.000983,-0.004688,-0.006104,-0.004722,-0.001974,-0.426431,-0.306779,-0.126538,-0.859239,1,0,0,0,0,0,0,0,0,0,0
2762,-0.003481,-0.012958,-0.018857,-0.021637,-0.022508,-4.8e-05,-0.002756,-0.00353,-0.002176,-0.001064,0.003046,0.011919,0.012862,0.011991,0.011991,-0.003699,-0.009864,-0.014095,-0.013901,-0.010396,-0.000314,-0.003844,-0.007857,-0.017866,-0.021347,4.8e-05,-0.000459,-0.00191,-0.000943,0.002176,-0.005923,-0.010782,-0.017262,-0.021323,-0.021613,-0.011798,-0.01951,-0.021855,-0.021251,-0.019824,-0.008851,-0.022523,-0.030005,-0.033207,-0.033426,0.000841,0.004432,0.004255,0.002089,0.003421,-0.000445,-0.000524,-0.000464,-0.000454,-0.000517,-0.001721,-0.00473,-0.005903,-0.001873,-0.000143,-0.427666,-0.307795,-0.126278,-0.861352,1,0,0,0,0,0,0,0,0,0,0
2763,-0.005145,-0.01227,-0.016835,-0.019033,-0.018574,-0.001159,-0.003526,-0.00285,-0.002077,0.001667,0.004734,0.009782,0.009082,0.008574,0.007753,-0.004154,-0.008526,-0.01099,-0.009444,-0.001812,-0.001449,-0.005918,-0.01285,-0.020047,-0.020627,-0.000338,-0.001956,-0.001135,-0.00099,0.010917,-0.000942,-0.008357,-0.01384,-0.016618,-0.016762,-0.003599,-0.00814,-0.010241,-0.008792,-0.00756,-0.00569,-0.018143,-0.022934,-0.0252,-0.024246,0.001695,0.003083,0.002633,0.000814,0.008511,1.8e-05,-1.4e-05,-8e-06,-1.3e-05,-0.000206,-0.001925,-0.003314,-0.001958,0.000738,0.002446,-0.426964,-0.308528,-0.127059,-0.868843,1,0,0,0,0,0,0,0,0,0,0
2764,-0.004323,-0.010215,-0.012992,-0.013861,-0.01304,-0.001546,-0.002318,-0.000966,0.000145,0.006013,0.004129,0.005071,0.004202,0.004202,0.002246,-0.002004,-0.00623,-0.006037,-0.002536,0.01519,-0.002077,-0.006085,-0.016083,-0.01956,-0.01886,-0.000169,-0.001618,-0.000652,0.002463,0.018208,-0.003912,-0.010384,-0.014441,-0.014731,-0.016349,-0.004105,-0.006448,-0.005844,-0.004419,-0.000942,-0.007968,-0.015442,-0.018641,-0.018859,-0.017555,0.001892,0.001715,-0.000448,0.000882,0.010465,-9.7e-05,-3.7e-05,-2.7e-05,-9e-05,-0.000527,-0.001063,-0.002226,0.001771,0.003488,0.004955,-0.427465,-0.311579,-0.127474,-0.874098,1,0,0,0,0,0,0,0,0,0,0
2765,-0.002803,-0.007369,-0.009568,-0.009109,-0.008481,-0.000821,-0.000145,0.000628,0.004373,0.012056,0.000918,0.000217,-0.00029,-0.001111,-0.004953,-0.002368,-0.004832,-0.003286,0.004349,0.022131,-0.002392,-0.009326,-0.016526,-0.017106,-0.01655,-0.00145,-0.000628,-0.000483,0.011428,0.024137,-0.003503,-0.008988,-0.011766,-0.011911,-0.013168,-0.000435,-0.002537,-0.001087,0.000145,0.013699,-0.004485,-0.009277,-0.011545,-0.01059,-0.007735,-0.000505,-0.000955,-0.002774,0.004925,0.009801,6.5e-05,7.1e-05,6.6e-05,-0.000128,-0.000246,-0.000326,0.001033,0.003735,0.005447,0.006226,-0.428544,-0.322228,-0.127774,-0.878012,1,0,0,0,0,0,0,0,0,0,0
2766,-0.003096,-0.005878,-0.006749,-0.005927,-0.003895,4.8e-05,0.001403,0.002516,0.008394,0.016352,2.4e-05,-0.000847,-0.000847,-0.002806,-0.019787,-0.001863,-0.001669,0.001838,0.019594,0.027117,-0.001621,-0.011635,-0.015119,-0.014417,-0.01403,0.0,0.000968,0.004088,0.01986,0.030286,-0.002975,-0.007039,-0.00733,-0.00895,-0.012119,-0.001911,-0.001306,0.000121,0.003604,0.029439,-0.002997,-0.006201,-0.00642,-0.005113,0.007607,0.000328,-0.001839,-0.000507,0.009093,0.011125,-5e-06,5e-06,-5.8e-05,-0.0005,0.00017,-0.000849,0.003197,0.004934,0.006419,0.007854,-0.427659,-0.337037,-0.127502,-0.880551,1,0,0,0,0,0,0,0,0,0,0
2767,-0.001476,-0.003679,-0.003219,-0.00259,0.003752,0.000629,0.001404,0.005155,0.012852,0.023671,-0.000726,-0.001234,-0.002057,-0.005906,-0.031271,-0.000605,0.000944,0.008592,0.026406,0.03679,-0.005325,-0.012538,-0.013118,-0.012562,-0.01232,0.000823,0.000968,0.012901,0.025632,0.032893,-0.002517,-0.005301,-0.005446,-0.006704,-0.015103,-0.000194,0.001259,0.002493,0.016071,0.052401,-0.001803,-0.004074,-0.003118,-0.000258,0.016173,-0.000779,-0.002601,0.005111,0.009995,0.005174,1.2e-05,7e-06,-0.00019,-0.00031,0.000746,0.002228,0.004964,0.006697,0.007486,0.01088,-0.422787,-0.357711,-0.126347,-0.881227,1,0,0,0,0,0,0,0,0,0,0
2768,-0.001307,-0.002179,-0.001356,0.000678,0.0069,0.000726,0.00184,0.007723,0.015689,0.029295,-0.000145,-0.000145,-0.002106,-0.019102,-0.035445,0.000799,0.00431,0.02208,0.02961,0.053579,-0.004697,-0.008183,-0.007481,-0.007094,-0.007457,0.000145,0.003268,0.019054,0.029489,0.033823,-0.00155,-0.00184,-0.003462,-0.006634,-0.016076,0.000799,0.002227,0.005714,0.031571,0.079896,-0.001404,-0.001623,-0.000315,0.012416,0.019959,-0.001389,-5.5e-05,0.009552,0.011587,0.0011,-1e-06,-6.5e-05,-0.00051,0.000164,0.001248,0.001838,0.003585,0.00508,0.006524,0.009353,-0.421861,-0.385399,-0.125727,-0.882123,1,0,0,0,0,0,0,0,0,0,0
2769,-0.000896,-0.000436,0.000194,0.00654,0.013347,4.8e-05,0.003803,0.011506,0.022333,0.032797,-0.000363,-0.001187,-0.005038,-0.030423,-0.043964,0.000751,0.008405,0.026233,0.036624,0.067556,-0.002519,-0.0031,-0.002543,-0.002301,-0.002228,0.0,0.011942,0.024683,0.031949,0.033354,-0.001235,-0.001381,-0.00264,-0.011045,-0.017004,0.000654,0.001889,0.015478,0.051836,0.111593,-0.000869,8.8e-05,0.002951,0.019394,0.02937,-0.000434,0.007285,0.012173,0.007348,-0.002927,-4e-06,-0.000202,-0.000322,0.000739,0.002123,0.000907,0.002649,0.003443,0.006855,0.009596,-0.420732,-0.418185,-0.125671,-0.881907,1,0,0,0,0,0,0,0,0,0,0
2770,2.4e-05,0.000849,0.002885,0.009116,0.017821,0.001067,0.006958,0.014935,0.028561,0.034671,0.000364,-0.0016,-0.018621,-0.034986,-0.054989,0.002764,0.02056,0.028101,0.052104,0.083187,-0.00097,-0.000267,0.000121,-0.000242,-0.003152,0.003128,0.018936,0.029386,0.033726,0.034986,0.000946,-0.000679,-0.003855,-0.013311,-0.021821,0.000776,0.004267,0.030162,0.078556,0.148844,0.00065,0.001959,0.014709,0.022263,0.039205,0.00177,0.011391,0.013428,0.002926,-0.004167,-6.1e-05,-0.00051,0.000171,0.001266,0.003361,0.000852,0.002361,0.00382,0.006678,0.012559,-0.416374,-0.456534,-0.122084,-0.883185,1,0,0,0,0,0,0,0,0,0,0
2771,0.000437,0.001068,0.007427,0.014247,0.018858,0.002694,0.010412,0.021261,0.031745,0.037279,-0.001189,-0.005048,-0.030483,-0.044051,-0.080407,0.004903,0.022766,0.033177,0.064171,0.107202,0.000388,0.000947,0.001189,0.001262,-0.002864,0.008834,0.021601,0.028882,0.030289,0.031673,-0.001092,-0.002354,-0.010776,-0.016746,-0.048322,0.000461,0.014077,0.050506,0.110381,0.207147,0.000308,0.003176,0.019652,0.029647,0.046529,0.005962,0.01086,0.006025,-0.00427,-0.010057,-0.000139,-0.000262,0.000815,0.002218,0.005649,0.000908,0.001713,0.005172,0.007951,0.012314,-0.393143,-0.516069,-0.121732,-0.882629,1,0,0,0,0,0,0,0,0,0,0
2772,0.000389,0.002429,0.008671,0.017391,0.023342,0.003206,0.011198,0.024848,0.030969,0.040467,-0.000777,-0.017829,-0.034224,-0.054263,-0.102891,0.012922,0.020476,0.044523,0.075662,0.135415,0.000316,0.000704,0.00034,-0.002575,-0.003158,0.006995,0.017464,0.021812,0.023075,0.003449,-0.000534,-0.003716,-0.013189,-0.021715,-0.061939,0.003036,0.028978,0.07746,0.147876,0.254702,0.001003,0.013776,0.021344,0.038317,0.059612,0.003672,0.005713,-0.004808,-0.011914,-0.041747,-0.000315,0.000375,0.001484,0.003606,0.006758,0.000615,0.002093,0.004987,0.010943,0.011461,-0.380439,-0.562437,-0.121674,-0.864985,1,0,0,0,0,0,0,0,0,0,0
2773,0.000243,0.006608,0.013435,0.018051,0.022667,0.004519,0.015379,0.025874,0.031413,0.039892,-0.003085,-0.028546,-0.042127,-0.07852,-0.11953,0.004956,0.015379,0.046403,0.089477,0.15121,0.000243,0.000486,0.000559,-0.003571,-0.008114,0.005782,0.013071,0.01448,0.015864,-0.034766,-0.000729,-0.009159,-0.015136,-0.046743,-0.080051,0.010592,0.047059,0.106994,0.203857,0.286143,0.001867,0.01836,0.028365,0.045264,0.05952,0.00123,-0.003609,-0.013915,-0.019708,-0.07948,0.000192,0.001276,0.002689,0.006145,0.007639,0.000194,0.003678,0.006477,0.010871,0.010174,-0.364269,-0.595225,-0.117169,-0.835637,1,0,0,0,0,0,0,0,0,0,0
2774,0.001798,0.008044,0.016768,0.022721,0.026245,0.003475,0.017132,0.023256,0.032757,0.038322,-0.013973,-0.030376,-0.050424,-0.099074,-0.130009,0.0026,0.026658,0.057812,0.117591,0.168793,0.000146,-0.000219,-0.003135,-0.003718,-0.011057,0.00469,0.00904,0.010304,-0.009332,-0.064737,-0.002454,-0.011932,-0.020461,-0.060703,-0.097786,0.015358,0.063862,0.13431,0.241185,0.332022,0.01091,0.018482,0.035463,0.056767,0.067342,0.000812,-0.009714,-0.016824,-0.046671,-0.108595,0.0005,0.001612,0.003741,0.006903,0.010907,0.001288,0.004191,0.010166,0.010686,0.010244,-0.347797,-0.647297,-0.114161,-0.813544,1,0,0,0,0,0,0,0,0,0,0
2775,0.004561,0.011379,0.015989,0.020599,0.024724,0.007376,0.017858,0.023389,0.031857,0.034696,-0.011476,-0.025039,-0.061385,-0.102341,-0.130996,0.007813,0.038796,0.081815,0.143467,0.177314,9.7e-05,0.00017,-0.003955,-0.008492,-0.012423,0.002596,0.004003,0.005386,-0.045178,-0.086255,-0.005969,-0.011937,-0.043503,-0.076768,-0.123231,0.021084,0.080941,0.177678,0.259856,0.367802,0.005577,0.01557,0.032446,0.046684,0.066316,-0.005644,-0.015936,-0.021721,-0.081415,-0.126059,0.00058,0.00198,0.005404,0.006885,0.01529,0.002179,0.004952,0.009306,0.008615,0.008605,-0.325114,-0.703637,-0.113652,-0.806611,1,0,0,0,0,0,0,0,0,0,0
2776,0.001672,0.010373,0.016311,0.019826,0.030611,0.006253,0.012361,0.021837,0.027388,0.026951,-0.004896,-0.024891,-0.073413,-0.104267,-0.132745,0.01619,0.047262,0.106884,0.157951,0.172542,-0.00046,-0.003369,-0.003951,-0.01127,-0.001818,0.001745,0.003005,-0.016578,-0.071838,-0.077267,-0.00349,-0.011997,-0.052133,-0.089119,-0.151771,0.027315,0.097577,0.204171,0.294768,0.385778,0.00198,0.018916,0.040165,0.050711,0.066776,-0.004861,-0.011951,-0.04172,-0.103482,-0.108637,0.000517,0.002606,0.005711,0.009641,0.020291,0.000688,0.006554,0.007064,0.006631,0.006669,-0.295416,-0.743771,-0.122941,-0.82353,1,0,0,0,0,0,0,0,0,0,0
2777,0.00514,0.009746,0.014352,0.018474,0.034377,0.004218,0.009746,0.018207,0.021043,0.018377,-0.008655,-0.044972,-0.085895,-0.114526,-0.136879,0.014764,0.057748,0.119351,0.15317,0.164637,0.000533,-0.003588,-0.008122,-0.012049,0.006158,-0.000339,0.001042,-0.049481,-0.090525,-0.067979,-0.002473,-0.034014,-0.067251,-0.113678,-0.185802,0.032486,0.129145,0.211258,0.319117,0.388187,0.008003,0.024866,0.039092,0.05871,0.060126,-0.005422,-0.011203,-0.070848,-0.115457,-0.090269,0.000875,0.00428,0.005752,0.01411,0.024708,0.002068,0.006398,0.005711,0.005701,0.006073,-0.261863,-0.767177,-0.130232,-0.838511,1,0,0,0,0,0,0,0,0,0,0
2778,0.003566,0.00951,0.013028,0.023824,0.029089,0.001892,0.011378,0.016934,0.016497,0.008855,-0.011354,-0.059924,-0.090808,-0.119315,-0.142169,0.016328,0.076009,0.127127,0.141732,0.15214,-0.003445,-0.004027,-0.011354,-0.001892,0.014047,0.001601,-0.018002,-0.073316,-0.078751,-0.067275,-0.006041,-0.046217,-0.083239,-0.145953,-0.210463,0.037823,0.144522,0.235209,0.326309,0.370269,0.008943,0.030213,0.04077,0.056851,0.053096,-0.001672,-0.03147,-0.093293,-0.098453,-0.077596,0.001225,0.004351,0.008309,0.019033,0.026371,0.003828,0.004342,0.003905,0.003944,0.002569,-0.237231,-0.778566,-0.139537,-0.841407,1,0,0,0,0,0,0,0,0,0,0
2779,0.001045,0.005661,0.009791,0.025729,0.025559,0.003644,0.012123,0.014966,0.012293,0.01052,-0.025024,-0.066035,-0.094728,-0.117128,-0.149319,0.026725,0.088459,0.122351,0.133843,0.137949,-0.00068,-0.005224,-0.009159,0.009086,0.020967,-0.000219,-0.05085,-0.091982,-0.069388,-0.065014,-0.025559,-0.058868,-0.105393,-0.177672,-0.230272,0.058989,0.141278,0.249368,0.318585,0.353473,0.007943,0.022199,0.041858,0.043278,0.054812,-0.004119,-0.063892,-0.108596,-0.083354,-0.074895,0.002219,0.003714,0.012198,0.022955,0.027919,0.000528,-0.000169,-0.000179,0.000199,-0.001974,-0.212109,-0.798137,-0.143152,-0.846698,1,0,0,0,0,0,0,0,0,0,0
2780,0.004922,0.008455,0.019298,0.024585,0.024293,0.005872,0.011452,0.011013,0.003338,0.006993,-0.023684,-0.054701,-0.083331,-0.106284,-0.137862,0.033138,0.084476,0.099145,0.109598,0.119539,9.7e-05,-0.007261,0.002242,0.01825,0.021929,-0.019468,-0.075022,-0.08048,-0.068955,-0.061816,-0.014717,-0.051899,-0.114885,-0.179674,-0.235569,0.048001,0.13908,0.230574,0.274725,0.331303,0.013396,0.023999,0.040149,0.036378,0.061304,-0.025796,-0.087886,-0.093069,-0.072121,-0.067873,0.000957,0.005037,0.01609,0.023653,0.031603,-9e-06,-0.00046,-0.00042,-0.001837,-0.002517,-0.180223,-0.833505,-0.1426,-0.849954,1,0,0,0,0,0,0,0,0,0,0
2781,-0.000293,0.00386,0.019888,0.019717,0.020255,0.002639,0.005497,0.00281,0.001026,-0.000611,-0.017494,-0.046349,-0.068875,-0.101248,-0.118547,0.028855,0.062938,0.074495,0.078624,0.089496,-0.004667,-0.008625,0.009724,0.021672,0.021501,-0.031396,-0.07276,-0.050038,-0.04564,-0.040192,-0.01874,-0.065528,-0.138215,-0.191111,-0.253756,0.034621,0.143321,0.21293,0.248015,0.300325,0.000904,0.020675,0.022102,0.033701,0.046727,-0.034244,-0.079201,-0.053816,-0.045309,-0.038539,0.000579,0.009404,0.020594,0.025757,0.037594,-0.000715,-0.000726,-0.000333,-0.002594,-0.002066,-0.146366,-0.849725,-0.138794,-0.858115,1,0,0,0,0,0,0,0,0,0,0
2782,0.003846,0.014747,0.020063,0.019769,0.025697,0.002964,0.002523,-0.005193,-0.001519,-0.005561,-0.013645,-0.042429,-0.065505,-0.097253,-0.102617,0.022684,0.037431,0.04794,0.057935,0.062761,-0.002719,0.006835,0.022929,0.026628,0.029421,-0.024374,-0.029862,-0.018275,-0.011097,-0.007545,-0.018593,-0.081918,-0.147055,-0.203251,-0.256213,0.056857,0.148843,0.193231,0.250113,0.283796,0.009753,0.02599,0.022198,0.047259,0.052498,-0.02809,-0.0333,-0.01224,-0.007969,-0.001205,0.003646,0.015122,0.022975,0.031228,0.042812,0.000261,0.000303,-0.001169,-0.001874,-0.000711,-0.124325,-0.861464,-0.137797,-0.863692,1,0,0,0,0,0,0,0,0,0,0
2783,0.00032,0.01646,0.016288,0.016829,0.028196,-9.8e-05,-0.002805,-0.004601,-0.006249,-0.013901,-0.015353,-0.038037,-0.070637,-0.088056,-0.090271,0.011539,0.023177,0.027335,0.038283,0.036094,-0.001255,0.017223,0.029254,0.029081,0.037471,-0.017173,0.005708,0.010137,0.015623,0.017838,-0.028442,-0.101638,-0.154904,-0.217988,-0.262718,0.052357,0.122452,0.157783,0.210459,0.238557,0.010113,0.011551,0.023231,0.036348,0.049259,-0.017058,0.008504,0.01707,0.023887,0.032936,0.005509,0.017258,0.02268,0.03511,0.046819,-0.000281,0.000132,-0.002242,-0.001687,-0.000365,-0.098102,-0.871488,-0.13643,-0.866979,1,0,0,0,0,0,0,0,0,0,0
2784,0.010776,0.01619,0.01589,0.021927,0.0342,-0.000349,-0.008207,-0.004465,-0.008581,-0.018584,-0.013745,-0.037244,-0.069573,-0.075036,-0.073664,0.003318,0.014019,0.024197,0.029111,0.022925,0.011001,0.02739,0.031157,0.034001,0.045525,0.011824,0.023623,0.030932,0.034549,0.034949,-0.035647,-0.101977,-0.159202,-0.213134,-0.254519,0.040586,0.085787,0.143711,0.178011,0.209492,0.006281,0.00242,0.027939,0.033274,0.056488,0.01199,0.033436,0.037785,0.044673,0.054714,0.006963,0.01588,0.025251,0.038404,0.053014,0.000356,-0.001314,-0.002116,-0.000795,6.2e-05,-0.078833,-0.891394,-0.134846,-0.868779,1,0,0,0,0,0,0,0,0,0,0
2785,0.005647,0.00547,0.006025,0.017671,0.031107,-0.00242,-0.00426,-0.005949,-0.013789,-0.026494,-0.009352,-0.042753,-0.060601,-0.06287,-0.061534,0.008571,0.012831,0.024049,0.021805,0.020822,0.007815,0.020141,0.019965,0.028561,0.043812,0.011495,0.016032,0.021654,0.023923,0.022738,-0.038972,-0.093548,-0.158182,-0.204011,-0.242353,0.030805,0.067004,0.120975,0.149763,0.179685,-0.004874,0.007093,0.020532,0.033761,0.054404,0.014074,0.022852,0.029836,0.039107,0.050759,0.006433,0.01286,0.027592,0.04147,0.057517,0.000106,-0.002707,-0.00205,-0.000483,-0.000314,-0.053091,-0.89626,-0.135333,-0.868361,1,0,0,0,0,0,0,0,0,0,0
2786,-0.000178,-0.000483,0.005671,0.018183,0.031763,-0.005569,-0.001755,-0.005951,-0.016149,-0.028584,-0.014521,-0.04748,-0.053049,-0.05165,-0.05282,0.002263,0.012639,0.017649,0.011342,0.016912,0.008825,0.012665,0.015564,0.027313,0.043716,0.000432,0.007884,0.011571,0.011978,0.013529,-0.028305,-0.086643,-0.141625,-0.183815,-0.215935,0.015004,0.074055,0.109023,0.141117,0.168455,0.000981,0.026997,0.032436,0.056102,0.071595,0.007665,0.012099,0.019121,0.029358,0.043627,0.003363,0.014088,0.029141,0.045862,0.059801,-0.002025,-0.002942,-0.00143,-0.00045,-0.000456,-0.036504,-0.909974,-0.134537,-0.870103,1,0,0,0,0,0,0,0,0,0,0
2787,0.0,0.000561,0.012349,0.025948,0.039241,0.003725,0.002016,-0.005919,-0.018778,-0.022733,-0.019238,-0.037302,-0.039598,-0.038246,-0.035337,0.002041,0.013395,0.011124,0.010129,0.019978,0.003623,0.003444,0.012145,0.027581,0.040848,0.004159,0.009848,0.012145,0.010946,0.018115,-0.026841,-0.092259,-0.138644,-0.177451,-0.196383,0.021585,0.076211,0.105348,0.135633,0.159897,0.011128,0.02473,0.03812,0.059013,0.069991,0.001194,0.008263,0.017646,0.02944,0.040347,0.003552,0.019582,0.034682,0.052143,0.063023,-0.00099,-0.000275,0.001431,0.001614,0.002638,-0.023965,-0.911667,-0.131196,-0.874649,1,0,0,0,0,0,0,0,0,0,0
2788,-0.000307,0.005878,0.018453,0.032101,0.047615,0.000102,-0.004115,-0.014364,-0.026862,-0.026223,-0.013853,-0.01945,-0.018044,-0.01922,-0.013929,0.008383,0.013418,0.00708,0.012677,0.019194,0.00023,0.003144,0.014952,0.031437,0.043858,0.003323,0.007029,0.007437,0.008997,0.020574,-0.031744,-0.087001,-0.129402,-0.161682,-0.184915,0.037724,0.072867,0.105122,0.132597,0.149465,0.014998,0.020465,0.044249,0.05982,0.066887,0.00326,0.010318,0.020605,0.034946,0.045094,0.007512,0.023101,0.040417,0.054852,0.069211,5.2e-05,0.001618,0.002633,0.002627,0.005116,-0.000612,-0.918192,-0.126443,-0.881457,1,0,0,0,0,0,0,0,0,0,0
2789,0.000868,0.012669,0.026282,0.03959,0.057622,-0.001813,-0.009757,-0.02263,-0.026589,-0.026129,-0.00424,-0.006539,-0.005185,-0.002273,0.002631,0.002988,0.000715,-0.000281,0.009578,0.014022,-0.000409,0.008301,0.023754,0.037036,0.051594,0.002375,0.004674,0.003474,0.010651,0.018416,-0.033766,-0.080201,-0.11905,-0.138002,-0.15864,0.016985,0.046154,0.076472,0.100762,0.120327,-0.001372,0.012032,0.032948,0.043937,0.056724,0.003819,0.013212,0.025018,0.035937,0.042469,0.008674,0.02389,0.041483,0.052446,0.066023,0.000669,0.002387,0.002572,0.003603,0.006017,0.017212,-0.924079,-0.126031,-0.885999,1,0,0,0,0,0,0,0,0,0,0
2790,0.005321,0.017906,0.031565,0.047092,0.070011,-0.002404,-0.012662,-0.02517,-0.024531,-0.024198,-0.001356,5.1e-05,-0.001125,0.004169,0.015501,0.002046,-0.004297,0.001305,0.007827,0.010078,0.003325,0.015143,0.031642,0.044073,0.064537,0.00133,0.001739,0.0033,0.014887,0.025886,-0.021487,-0.063923,-0.09623,-0.119482,-0.128767,0.018161,0.050443,0.077941,0.094823,0.107511,0.006845,0.030649,0.046233,0.053305,0.06264,0.003239,0.013535,0.027888,0.038044,0.048096,0.006916,0.024332,0.038851,0.053292,0.065073,0.000899,0.001921,0.001914,0.004417,0.006743,0.035241,-0.927843,-0.126833,-0.898321,1,0,0,0,0,0,0,0,0,0,0
2791,0.006506,0.020157,0.033502,0.051584,0.076762,-0.005558,-0.018467,-0.022437,-0.021976,-0.025587,-0.000948,0.00041,0.00333,0.008247,0.027508,-0.004329,-0.005327,0.004559,0.009016,0.007709,0.005404,0.0209,0.034219,0.048818,0.07461,0.000973,-0.000231,0.006967,0.014753,0.031427,-0.025049,-0.064007,-0.083011,-0.103707,-0.107907,0.011065,0.041467,0.065825,0.085445,0.101453,0.006588,0.027562,0.038582,0.051404,0.06802,0.006176,0.018015,0.028965,0.035515,0.055589,0.008535,0.026474,0.037653,0.051497,0.065825,0.000845,0.001033,0.002085,0.004546,0.006233,0.04843,-0.942179,-0.128624,-0.909514,1,0,0,0,0,0,0,0,0,0,0
2792,0.006098,0.019779,0.035331,0.058287,0.086239,-0.004714,-0.017243,-0.016602,-0.016269,-0.019856,0.002357,0.001179,0.006482,0.017832,0.039277,-0.002024,0.003587,0.01012,0.012375,0.013348,0.006431,0.022956,0.035408,0.055904,0.084164,-0.000564,0.000999,0.012605,0.023622,0.038047,-0.017448,-0.049807,-0.073096,-0.082396,-0.079578,0.021265,0.048807,0.065717,0.078425,0.099921,0.017253,0.032862,0.039946,0.049296,0.069697,0.004135,0.01851,0.028683,0.038751,0.056548,0.00906,0.023744,0.038349,0.050263,0.062706,0.000186,0.00018,0.002711,0.005064,0.00698,0.0594,-0.951477,-0.128063,-0.918087,1,0,0,0,0,0,0,0,0,0,0
2793,0.007555,0.020899,0.038981,0.064158,0.095891,-0.008196,-0.012166,-0.011705,-0.015316,-0.014215,-0.000999,0.001921,0.006838,0.026098,0.050378,0.001024,0.010911,0.015367,0.014061,0.016417,0.009067,0.022385,0.036983,0.062775,0.09105,-0.00064,0.006557,0.014343,0.031016,0.045589,-0.021514,-0.040518,-0.061212,-0.065413,-0.059804,0.009143,0.0335,0.053119,0.069126,0.077194,0.003726,0.014746,0.027568,0.044184,0.050246,0.007705,0.018654,0.025204,0.045277,0.057981,0.008895,0.020071,0.03391,0.048235,0.061746,2e-06,0.001054,0.003514,0.0052,0.009306,0.072582,-0.948405,-0.124719,-0.92646,1,0,0,0,0,0,0,0,0,0,0
2794,0.006106,0.021614,0.044506,0.07238,0.106131,-0.004318,-0.003679,-0.003347,-0.006924,-0.003424,-0.000179,0.00511,0.016428,0.037813,0.070183,0.004573,0.011088,0.013337,0.014307,0.018855,0.007435,0.019852,0.040291,0.068471,0.096678,0.002197,0.013771,0.024757,0.039141,0.056617,-0.010807,-0.034031,-0.043306,-0.040495,-0.034287,0.018344,0.035207,0.047879,0.069315,0.065942,0.011848,0.018912,0.028236,0.048581,0.041824,0.006649,0.016793,0.026833,0.04458,0.057488,0.005655,0.019977,0.03166,0.04386,0.062595,-9e-06,0.002474,0.00478,0.006659,0.012544,0.08545,-0.944378,-0.122756,-0.937289,1,0,0,0,0,0,0,0,0,0,0
2795,0.007194,0.025203,0.050279,0.081885,0.119895,0.000357,0.000816,-0.002781,-0.001684,0.005383,0.003087,0.007984,0.027168,0.051351,0.089921,0.00528,0.009719,0.008418,0.010765,0.016122,0.005842,0.020382,0.04607,0.074233,0.1039,0.004974,0.012729,0.029336,0.043851,0.059539,-0.008138,-0.028749,-0.032933,-0.027346,-0.019081,0.005944,0.025484,0.041427,0.049463,0.045994,-0.000854,0.011917,0.028466,0.034504,0.027952,0.004267,0.01079,0.030783,0.043436,0.050704,0.005273,0.01873,0.032659,0.045796,0.066651,0.001031,0.003423,0.005063,0.009055,0.0167,0.098298,-0.941172,-0.11817,-0.9405,1,0,0,0,0,0,0,0,0,0,0
2796,0.008286,0.031129,0.058944,0.092622,0.131553,0.00028,0.000612,-0.002957,0.000535,0.009815,0.002193,0.013487,0.034826,0.067128,0.10305,0.001224,0.003467,0.004436,0.008974,0.012212,0.006552,0.026948,0.055069,0.083215,0.114395,0.006578,0.01754,0.031894,0.049332,0.062258,-0.015042,-0.024297,-0.021492,-0.015297,-0.007011,0.010886,0.023532,0.044922,0.041556,0.036636,0.007903,0.017207,0.037508,0.030766,0.025584,0.005859,0.015877,0.033586,0.046467,0.048968,0.008859,0.020369,0.032389,0.050847,0.069375,0.001419,0.003691,0.005542,0.01134,0.017985,0.11438,-0.935967,-0.114432,-0.945746,1,0,0,0,0,0,0,0,0,0,0
2797,0.009713,0.034772,0.066357,0.104341,0.142478,0.000178,-0.003416,-0.00232,0.004742,0.011089,0.002702,0.021873,0.04604,0.084584,0.116986,0.003212,0.001912,0.004257,0.009611,0.012721,0.007979,0.03365,0.061794,0.091442,0.123155,0.001173,0.017768,0.032274,0.047952,0.057409,-0.005557,-0.009738,-0.004155,0.004104,0.023045,0.008642,0.024575,0.032605,0.029138,0.023657,0.00486,0.021398,0.027432,0.020885,0.01405,0.000661,0.020641,0.033286,0.040548,0.042776,0.004542,0.018406,0.031482,0.052241,0.061496,0.000963,0.002595,0.006569,0.014179,0.019783,0.118536,-0.933154,-0.110738,-0.947252,1,0,0,0,0,0,0,0,0,0,0
2798,0.013171,0.041072,0.074856,0.113908,0.153318,0.000153,-0.003427,7.7e-05,0.009386,0.014424,0.008619,0.030024,0.062427,0.098461,0.130583,-0.000972,0.0,0.004552,0.0078,0.012199,0.012455,0.040663,0.068897,0.100175,0.130915,0.009821,0.024219,0.041712,0.054678,0.056596,-0.003708,-0.000895,0.005319,0.013631,0.048566,0.004015,0.025472,0.022096,0.01716,0.016163,0.004457,0.024822,0.018059,0.01286,0.007132,0.009386,0.027151,0.040072,0.042581,0.0384,0.00712,0.019405,0.03827,0.057207,0.056001,0.001338,0.00323,0.009155,0.015947,0.02282,0.117735,-0.932926,-0.105069,-0.945179,1,0,0,0,0,0,0,0,0,0,0
2799,0.012004,0.043782,0.081999,0.120369,0.158996,-0.00377,-0.002667,0.004437,0.010824,0.014312,0.010644,0.034959,0.07374,0.10634,0.141145,-0.000333,0.002026,0.007412,0.010542,0.013363,0.013337,0.041654,0.071483,0.10339,0.136785,0.006848,0.021442,0.037216,0.046732,0.04586,-0.000487,0.00513,0.01344,0.032497,0.073817,0.012004,0.020083,0.016595,0.01108,0.011337,0.012169,0.01824,0.011653,0.004776,0.001356,0.010689,0.023411,0.030718,0.03296,0.028,0.007204,0.020851,0.042516,0.052176,0.04842,0.000338,0.004486,0.012427,0.018277,0.022199,0.112107,-0.931848,-0.106123,-0.943247,1,0,0,0,0,0,0,0,0,0,0
2800,0.016049,0.050079,0.089416,0.129114,0.162577,0.00018,0.00371,0.013087,0.018161,0.018136,0.010871,0.04351,0.079807,0.112163,0.150881,0.001314,0.005899,0.009171,0.013602,0.013628,0.015019,0.043459,0.074964,0.105929,0.14354,0.007625,0.025246,0.038306,0.040239,0.038409,0.003323,0.009583,0.017955,0.053145,0.092069,0.009557,0.006157,0.001185,0.00018,-0.006131,0.008291,0.001479,-0.003758,-0.009528,-0.015836,0.007159,0.020174,0.022701,0.01849,0.017202,0.005499,0.025348,0.045273,0.044005,0.044328,0.001642,0.007877,0.015023,0.022254,0.018643,0.113339,-0.926726,-0.107097,-0.941222,1,0,0,0,0,0,0,0,0,0,0
2801,0.015895,0.054342,0.092944,0.131804,0.164213,0.000929,0.008076,0.014502,0.018011,0.019353,0.013573,0.052587,0.085384,0.120399,0.155079,0.001058,0.006477,0.009625,0.012463,0.012334,0.013444,0.043453,0.075553,0.109149,0.145557,0.007044,0.022913,0.032487,0.031609,0.030267,0.002322,0.010683,0.029855,0.071424,0.106336,-0.001445,-0.004954,-0.010502,-0.010244,-0.015947,-0.002197,-0.008824,-0.015742,-0.019183,-0.024741,0.005628,0.012979,0.015234,0.010245,0.008062,0.008671,0.031267,0.041343,0.037425,0.03778,0.002665,0.010948,0.017049,0.021139,0.017508,0.111916,-0.922032,-0.103785,-0.932472,1,0,0,0,0,0,0,0,0,0,0
2802,0.018223,0.057694,0.097526,0.131103,0.165249,0.002611,0.01202,0.017112,0.017086,0.01843,0.019154,0.055574,0.08804,0.12689,0.160054,0.003541,0.006824,0.01127,0.011296,0.011373,0.01507,0.046682,0.077752,0.115491,0.147026,0.010624,0.023729,0.025667,0.023832,0.023212,0.003955,0.012356,0.047665,0.086722,0.122005,-0.001964,-0.006953,-0.007961,-0.014294,-0.015199,-0.004634,-0.009889,-0.015678,-0.022007,-0.023262,0.007421,0.009957,0.005731,0.004439,0.002168,0.011549,0.031953,0.030654,0.030985,0.02981,0.003687,0.011005,0.01841,0.014712,0.016665,0.1099,-0.920482,-0.101701,-0.930091,1,0,0,0,0,0,0,0,0,0,0
2803,0.020308,0.059011,0.097972,0.130465,0.160061,0.004553,0.010995,0.014513,0.015859,0.015496,0.019946,0.052828,0.087934,0.122704,0.155844,0.001889,0.005045,0.007891,0.007761,0.007425,0.015005,0.047188,0.080871,0.117375,0.145677,0.005278,0.014876,0.013996,0.012651,0.013168,0.004424,0.023646,0.065323,0.100326,0.134423,-0.001552,-0.007114,-0.006856,-0.012573,-0.01485,-0.002006,-0.008942,-0.012392,-0.017964,-0.020011,-5.8e-05,0.002204,-0.002799,-0.004988,-0.004275,0.011392,0.021652,0.017663,0.018024,0.017619,0.004726,0.010939,0.015104,0.011406,0.012566,0.105185,-0.917351,-0.101581,-0.927624,1,0,0,0,0,0,0,0,0,0,0
2804,0.019174,0.058994,0.092562,0.126697,0.152641,0.004858,0.009949,0.009923,0.011267,0.011034,0.016486,0.048942,0.087781,0.120935,0.148662,0.001395,0.00584,0.005866,0.005943,0.003876,0.016616,0.047676,0.085404,0.116929,0.144915,0.00783,0.009768,0.007933,0.007313,0.009845,0.003979,0.039278,0.078323,0.113596,0.142848,-0.003437,-0.004445,-0.010776,-0.01168,-0.015117,-0.003249,-0.009037,-0.015364,-0.016619,-0.018173,0.002593,-0.001632,-0.002924,-0.005195,-0.0022,0.00906,0.007764,0.008095,0.006922,0.006145,0.002615,0.010005,0.006314,0.008263,0.006842,0.107065,-0.915815,-0.102676,-0.927859,1,0,0,0,0,0,0,0,0,0,0
2805,0.019455,0.058313,0.09072,0.120237,0.150503,0.001574,0.005083,0.006425,0.006063,0.006838,0.016333,0.051346,0.086024,0.119076,0.141472,0.001755,0.004593,0.004464,0.004128,0.001264,0.015507,0.049101,0.085508,0.113735,0.148181,0.001755,0.000877,-0.000464,5.2e-05,0.008179,0.015197,0.056764,0.091674,0.125682,0.15169,-0.002116,-0.001858,-0.00756,-0.009831,-0.012514,-0.003673,-0.007114,-0.012671,-0.014713,-0.014979,-0.000334,-0.005323,-0.007506,-0.006795,0.001025,0.001106,-0.00281,-0.002456,-0.002854,-0.004911,0.003511,0.0076,0.00397,0.005109,0.002327,0.104661,-0.917302,-0.108718,-0.931999,1,0,0,0,0,0,0,0,0,0,0
2806,0.02032,0.053859,0.087966,0.113888,0.142057,0.003511,0.003486,0.004828,0.004596,0.00679,0.016085,0.054891,0.088017,0.115721,0.136712,0.002685,0.002711,0.002788,0.000723,-0.002169,0.015517,0.053213,0.084713,0.112675,0.147556,0.000181,-0.001652,-0.002272,0.000258,0.012806,0.020061,0.059074,0.094317,0.123544,0.149828,0.00111,-0.005215,-0.006119,-0.009553,-0.010663,-0.002107,-0.008429,-0.009683,-0.011236,-0.010108,-0.003887,-0.005178,-0.007447,-0.004455,0.006683,-0.002399,-0.002071,-0.003236,-0.004009,-0.007146,0.003819,0.00015,0.002088,0.000675,-0.004172,0.104839,-0.918601,-0.111904,-0.936176,1,0,0,0,0,0,0,0,0,0,0
2807,0.018548,0.050948,0.080459,0.110718,0.129085,0.0,0.001341,0.00098,0.001754,0.004824,0.018935,0.053605,0.08665,0.109041,0.130607,0.000155,2.6e-05,-0.00031,-0.003173,-0.00534,0.018083,0.054482,0.082703,0.117141,0.146162,-0.001058,-0.002399,-0.001883,0.006243,0.014317,0.021514,0.056417,0.090416,0.116419,0.139558,-0.000851,-0.006552,-0.008822,-0.011505,-0.012099,-0.001335,-0.00689,-0.008931,-0.009197,-0.007819,-0.001104,-0.003287,-0.002576,0.005242,0.011681,-0.001526,-0.001172,-0.001569,-0.003623,-0.004624,0.000287,-0.003337,-0.0022,-0.004977,-0.014367,0.102767,-0.917971,-0.117342,-0.935349,1,0,0,0,0,0,0,0,0,0,0
2808,0.014958,0.049026,0.074918,0.103054,0.115743,-2.6e-05,0.001315,0.001083,0.003275,0.005003,0.019832,0.05292,0.080592,0.101559,0.118657,-0.000129,-5.2e-05,-0.002115,-0.005003,-0.005545,0.019574,0.051037,0.078967,0.113809,0.136116,-0.000774,-0.001393,0.001135,0.013668,0.015138,0.017459,0.052662,0.081856,0.108109,0.126162,-0.005467,-0.00637,-0.0098,-0.010909,-0.008459,-0.00498,-0.006232,-0.007784,-0.006657,-0.003792,-0.000185,-0.002451,0.000537,0.011662,0.012807,0.001849,0.000692,-7.4e-05,-0.003186,-0.003943,-0.003926,-0.002004,-0.003405,-0.008213,-0.017391,0.100318,-0.921985,-0.119137,-0.934608,1,0,0,0,0,0,0,0,0,0,0
2809,0.017437,0.046945,0.077201,0.095567,0.106478,0.001367,0.001006,0.00178,0.004849,0.006242,0.014832,0.047874,0.070263,0.091827,0.104233,0.0,-0.000335,-0.003198,-0.005365,-0.005778,0.016818,0.045036,0.079471,0.108489,0.122444,-0.000567,-5.2e-05,0.008074,0.016147,0.015812,0.017437,0.051433,0.077434,0.100571,0.116047,-0.000232,-0.002502,-0.005185,-0.005778,-0.004127,-0.000574,-0.002615,-0.002881,-0.001502,0.000207,-0.001997,-0.001286,0.006531,0.01297,0.011727,-0.001497,-0.001894,-0.003947,-0.004948,-0.00689,0.000309,0.001445,-0.00133,-0.010714,-0.013874,0.099643,-0.923829,-0.120655,-0.934872,1,0,0,0,0,0,0,0,0,0,0
2810,0.016545,0.042299,0.070284,0.082905,0.093781,-2.6e-05,-0.000257,0.001924,0.003642,0.008311,0.018161,0.045685,0.066539,0.083546,0.092601,7.7e-05,-0.001975,-0.004848,-0.005387,-0.005746,0.01457,0.04235,0.077005,0.099193,0.112019,-5.1e-05,0.002463,0.014929,0.016391,0.015981,0.017674,0.046711,0.072824,0.09078,0.104144,-0.000667,-0.004079,-0.005182,-0.002745,-0.006387,-0.000674,-0.002218,-0.001097,0.001752,-0.001974,-0.000268,0.002704,0.01377,0.014908,0.010202,0.000327,-0.000411,-0.003409,-0.004138,-0.006372,0.001554,0.000204,-0.004426,-0.013265,-0.015742,0.099706,-0.922671,-0.123333,-0.931759,1,0,0,0,0,0,0,0,0,0,0
2811,0.012786,0.042843,0.061087,0.071926,0.081048,-0.000333,0.000436,0.003485,0.004869,0.011813,0.014682,0.036924,0.058345,0.07067,0.078537,-0.00041,-0.003254,-0.005407,-0.005817,-0.00533,0.013478,0.047686,0.076513,0.090375,0.101752,0.000564,0.008635,0.016655,0.016322,0.016169,0.016117,0.041946,0.064931,0.080305,0.091323,-0.001589,-0.004254,-0.004843,-0.003203,-0.005919,-0.001354,-0.001618,-0.000249,0.001449,-0.002064,0.000974,0.00874,0.015135,0.013901,0.007255,-0.000703,-0.002663,-0.003618,-0.005473,-0.007028,-0.000458,-0.003107,-0.012066,-0.015083,-0.018074,0.100329,-0.923336,-0.12593,-0.930127,1,0,0,0,0,0,0,0,0,0,0
2812,0.012905,0.040786,0.053359,0.064194,0.073905,0.000102,0.002274,0.003987,0.008638,0.01886,0.012778,0.033554,0.050497,0.059518,0.065498,-0.001636,-0.004498,-0.005034,-0.005392,-0.005009,0.014234,0.048759,0.070864,0.083642,0.094554,0.001942,0.014362,0.015819,0.01541,0.018246,0.012854,0.038869,0.056758,0.070072,0.077764,-0.001814,-0.002913,-0.000486,-0.004114,-0.004804,-0.000187,0.000929,0.003768,5.6e-05,-0.001184,0.00199,0.013014,0.014148,0.009459,0.00237,-2.9e-05,-0.002948,-0.003659,-0.005835,-0.006689,-0.000865,-0.005376,-0.013985,-0.016398,-0.018398,0.101722,-0.928157,-0.128455,-0.931044,1,0,0,0,0,0,0,0,0,0,0
2813,0.017045,0.035212,0.046005,0.055089,0.06305,0.000663,0.0037,0.005078,0.011992,0.018576,0.00939,0.030721,0.042994,0.050828,0.053634,-0.001199,-0.003343,-0.003751,-0.003266,-0.003445,0.019851,0.048557,0.062361,0.07369,0.079839,0.006098,0.014085,0.013753,0.0136,0.016075,0.012886,0.035773,0.051083,0.062055,0.064632,-0.000842,-0.001429,0.000204,-0.002501,-0.006226,-7.6e-05,0.001287,0.002978,-0.000521,-0.004026,0.005746,0.012115,0.010886,0.004268,-7.9e-05,-0.001875,-0.002802,-0.004602,-0.006112,-0.005819,-0.001716,-0.010414,-0.013343,-0.016248,-0.015391,0.104753,-0.929016,-0.127741,-0.932722,1,0,0,0,0,0,0,0,0,0,0
2814,0.010793,0.023346,0.034164,0.04386,0.046819,0.001505,0.003215,0.007859,0.018064,0.020437,0.011354,0.02827,0.037277,0.043247,0.044115,-0.001658,-0.002194,-0.002551,-0.002169,-0.003138,0.01462,0.03669,0.049447,0.060342,0.057612,0.006302,0.007756,0.007348,0.01018,0.012426,0.013089,0.030949,0.044242,0.051922,0.050672,-0.000255,0.002169,-0.001454,-0.002143,-0.00768,0.001191,0.004025,0.000319,-0.000919,-0.005247,0.005261,0.006393,0.001712,-0.005366,-0.006404,-0.001013,-0.001716,-0.003868,-0.004713,-0.003396,-0.002745,-0.011259,-0.013645,-0.015624,-0.011192,0.107183,-0.930769,-0.124969,-0.935977,1,0,0,0,0,0,0,0,0,0,0
2815,0.007372,0.018162,0.027243,0.035201,0.035967,0.00153,0.002908,0.009821,0.016402,0.023008,0.009974,0.022243,0.030074,0.03288,0.032013,-0.000485,-0.000893,-0.000408,-0.000587,-0.008494,0.014081,0.02788,0.039206,0.045354,0.03867,0.001684,0.001352,0.001199,0.003673,0.006326,0.009795,0.0251,0.036069,0.038645,0.035788,-0.000332,0.001301,-0.001403,-0.005127,-0.008265,0.000173,0.001863,-0.001635,-0.005139,-0.000188,0.001108,-0.000121,-0.006737,-0.011083,-0.016135,8.6e-05,-0.00171,-0.003217,-0.002925,-0.002176,-0.00594,-0.008862,-0.011761,-0.010906,-0.005648,0.110678,-0.93637,-0.120432,-0.93949,1,0,0,0,0,0,0,0,0,0,0
2816,0.005173,0.015977,0.02566,0.028616,0.027367,0.000178,0.004816,0.015009,0.017378,0.025736,0.006931,0.015926,0.021889,0.022755,0.020232,-5.1e-05,-0.000408,-2.5e-05,-0.000994,-0.010753,0.007976,0.020716,0.031597,0.028871,0.021404,-0.000229,-0.000637,0.002191,0.004434,0.006141,0.008052,0.021328,0.028998,0.027749,0.024131,0.002752,-0.000866,-0.001554,-0.007084,-0.007976,0.002658,-0.001043,-0.00228,-0.006602,0.002331,2.5e-05,-0.00465,-0.011719,-0.012756,-0.020257,-0.000782,-0.002914,-0.003752,-0.002447,-0.002373,-0.002541,-0.004906,-0.006866,-0.002474,0.001416,0.113551,-0.94078,-0.117927,-0.943311,1,0,0,0,0,0,0,0,0,0,0
2817,0.00561,0.014688,0.022644,0.023409,0.020477,0.001199,0.008109,0.014688,0.021293,0.025322,0.00533,0.013158,0.015963,0.015096,0.012342,-0.000357,0.000128,-5.1e-05,-0.007956,-0.014943,0.005814,0.017136,0.023282,0.016601,0.011756,-0.000102,-0.000255,0.002219,0.004871,0.004845,0.007242,0.018207,0.020783,0.017927,0.01553,-0.001122,-0.003825,-0.007548,-0.010685,-0.012878,-0.00097,-0.004467,-0.00797,-0.00302,0.00171,-0.001253,-0.007867,-0.012212,-0.017262,-0.021551,-0.001007,-0.00251,-0.002219,-0.001471,-0.00195,-0.000362,-0.003254,-0.002401,0.002846,0.00381,0.115573,-0.947553,-0.118717,-0.948272,1,0,0,0,0,0,0,0,0,0,0
2818,0.005215,0.014929,0.017894,0.016641,0.01342,0.003451,0.013676,0.016053,0.024438,0.02886,0.003681,0.009663,0.010532,0.008001,0.006927,0.0,0.000383,-0.000588,-0.010378,-0.016948,0.006953,0.017868,0.015133,0.007643,0.001048,-0.000307,0.002531,0.00478,0.006493,0.005419,0.006058,0.013753,0.0125,0.00887,0.007694,-0.002505,-0.003195,-0.008742,-0.009637,-0.011784,-0.002741,-0.003981,-0.008317,0.000645,0.005053,-0.003434,-0.010525,-0.011565,-0.01909,-0.025004,-0.001156,-0.002012,-0.000678,-0.000603,-0.000803,-0.002049,-0.004054,0.000437,0.004414,0.006216,0.116274,-0.951097,-0.114317,-0.949489,1,0,0,0,0,0,0,0,0,0,0
2819,0.003891,0.011878,0.012646,0.009702,0.007321,0.003481,0.010086,0.016716,0.02076,0.028773,0.004173,0.006988,0.006118,0.003353,0.002867,0.000486,0.000307,-0.007628,-0.014642,-0.017765,0.004403,0.010572,0.003865,-0.000998,-0.01477,0.000154,0.002637,0.005299,0.005273,0.004736,0.004941,0.007526,0.004659,0.002253,0.000896,-0.000205,-0.003942,-0.007091,-0.009292,-0.008883,-0.000766,-0.004282,0.000687,0.005435,0.009039,-0.003201,-0.007562,-0.012632,-0.016937,-0.026918,-0.000377,-7.7e-05,0.00069,0.000199,0.000495,-0.000901,-2.5e-05,0.005365,0.006356,0.013272,0.11701,-0.95631,-0.106584,-0.951556,1,0,0,0,0,0,0,0,0,0,0
2820,0.005843,0.008816,0.00756,0.004331,0.00287,0.006765,0.009149,0.017554,0.021988,0.025473,0.00182,0.002691,0.000154,-0.000923,-0.001589,-0.000103,-0.001076,-0.010891,-0.017478,-0.018169,0.006535,0.003793,-0.003716,-0.010328,-0.027293,0.002691,0.004946,0.006663,0.005587,0.004254,0.002768,0.001512,-0.002127,-0.003306,-0.004587,-0.000487,-0.006048,-0.006945,-0.009098,-0.008739,-0.000477,-0.004824,0.004161,0.00858,0.00969,-0.003905,-0.004947,-0.012491,-0.018421,-0.025074,-0.000492,0.000867,0.000943,0.000739,0.001044,-0.001131,0.003439,0.007487,0.00932,0.019121,0.117284,-0.956581,-0.099407,-0.955684,1,0,0,0,0,0,0,0,0,0,0
2821,0.002165,0.002939,-2.6e-05,-0.002423,-0.005903,-0.000155,0.006522,0.010595,0.018664,0.019592,0.001005,0.000129,-0.002655,-0.003145,-0.003635,-7.7e-05,-0.008069,-0.015132,-0.018277,-0.014771,-0.000361,-0.007115,-0.012013,-0.025882,-0.042509,-0.000206,0.002475,0.002449,0.001908,-5.2e-05,-0.00018,-0.003068,-0.005491,-0.006857,-0.007708,-0.003274,-0.006445,-0.008662,-0.008249,-0.008765,-0.003061,0.001942,0.006724,0.010354,0.006393,-0.000464,-0.00557,-0.009905,-0.019957,-0.024226,0.000827,0.001633,0.001117,0.001428,0.001917,0.002099,0.00776,0.008801,0.016066,0.024599,0.117947,-0.954324,-0.092207,-0.955992,1,0,0,0,0,0,0,0,0,0,0
2822,0.000829,-0.000441,-0.003706,-0.005183,-0.012803,0.002566,0.011066,0.01555,0.019074,0.01993,-0.00013,-0.002695,-0.003784,-0.004458,-0.004769,-0.000907,-0.010833,-0.017493,-0.018193,-0.009719,-0.00241,-0.010004,-0.01669,-0.033846,-0.048722,0.002488,0.004224,0.003136,0.001788,0.000285,-0.001088,-0.004769,-0.005961,-0.007257,-0.007671,-0.002332,-0.00324,-0.005416,-0.005054,-0.00552,-0.001318,0.007768,0.012237,0.013359,0.00448,-0.000588,-0.008216,-0.014213,-0.020942,-0.023986,0.000611,0.000693,0.000472,0.000803,0.00146,0.002765,0.007144,0.009127,0.019729,0.02446,0.116466,-0.952852,-0.093718,-0.958745,1,0,0,0,0,0,0,0,0,0,0
2823,-5.2e-05,-0.003047,-0.005469,-0.008984,-0.019609,0.004166,0.008281,0.016432,0.017369,0.020051,-0.000755,-0.003568,-0.004062,-0.004557,-0.006276,-0.007161,-0.014296,-0.017473,-0.013932,-0.000703,-0.004401,-0.009349,-0.023358,-0.040155,-0.053253,0.000208,0.000182,-0.000365,-0.002344,0.000495,-0.001823,-0.004271,-0.005651,-0.00651,-0.006718,-0.000859,-0.003099,-0.002682,-0.003203,-0.001641,0.006379,0.01121,0.014876,0.010875,-0.000886,-0.004567,-0.008947,-0.0191,-0.023413,-0.023478,0.000234,-0.00032,1.4e-05,0.000539,0.000414,0.003217,0.004335,0.012132,0.021291,0.022994,0.112295,-0.949714,-0.0956,-0.965052,1,0,0,0,0,0,0,0,0,0,0
2824,-0.001232,-0.004536,-0.006031,-0.01374,-0.028371,0.004405,0.008941,0.012507,0.013373,0.017227,-0.001835,-0.002937,-0.003618,-0.003933,-0.008627,-0.002832,-0.009571,-0.010279,-0.001704,0.018223,-0.003251,-0.010016,-0.027374,-0.042425,-0.054015,0.001547,0.000446,-0.000918,-0.002439,0.002124,-0.001888,-0.003094,-0.004405,-0.004825,-0.005637,-5.2e-05,-0.002255,-0.001888,-0.00236,0.003461,0.002769,0.007292,0.008427,-0.000557,-0.014993,-0.00312,-0.009187,-0.015995,-0.019075,-0.018092,-0.000156,-0.000396,-3.7e-05,0.000677,-0.000686,0.001376,0.003528,0.015034,0.020168,0.01803,0.106874,-0.948773,-0.099451,-0.969263,1,0,0,0,0,0,0,0,0,0,0
2825,-0.001793,-0.004245,-0.007804,-0.01856,-0.035275,-0.000264,0.007988,0.008937,0.011653,0.014026,-0.001002,-0.001503,-0.002004,-0.003744,-0.010678,-0.004376,-0.007593,-0.004007,0.009386,0.024809,-0.00174,-0.015924,-0.032929,-0.04619,-0.059609,-0.001582,-0.002136,-0.004139,-0.001265,0.0,-0.00058,-0.001977,-0.002847,-0.003058,-0.006459,-0.002215,-0.001793,-0.00232,-0.000738,0.005695,0.002106,0.005818,0.001767,-0.01014,-0.019446,-0.001297,-0.011576,-0.015943,-0.016009,-0.016815,-0.000443,-7.9e-05,0.000494,0.000358,-0.001099,-0.000211,0.00829,0.018277,0.020133,0.01761,0.103957,-0.948705,-0.097916,-0.971136,1,0,0,0,0,0,0,0,0,0,0
2826,-0.001545,-0.003064,-0.010897,-0.025763,-0.041322,0.004876,0.008499,0.009378,0.013294,0.01436,-0.000107,-0.000799,-0.001119,-0.005888,-0.014493,-0.002424,-0.003144,0.005568,0.025816,0.034874,-0.005115,-0.022752,-0.038045,-0.049821,-0.064634,0.00048,-0.000906,-0.002451,0.002185,-0.005142,-0.000639,-0.001972,-0.002398,-0.003224,-0.0069,0.0,0.000373,-0.000107,0.005808,0.010683,0.002467,0.00362,-0.005508,-0.020176,-0.024818,-0.004854,-0.011771,-0.014901,-0.013902,-0.022183,0.000208,0.000609,0.001407,-0.000116,-0.002676,0.002633,0.015497,0.021238,0.018847,0.017698,0.097826,-0.949849,-0.099968,-0.967492,1,0,0,0,0,0,0,0,0,0,0
2827,-0.000938,-0.004557,-0.015492,-0.032486,-0.048943,0.003484,0.004449,0.00721,0.009622,0.008711,-0.000402,-0.000911,-0.00268,-0.00973,-0.01887,-0.000831,0.002814,0.016431,0.032111,0.054465,-0.009274,-0.026562,-0.040045,-0.053688,-0.066178,-0.001045,-0.003082,-0.000161,0.001126,-0.01241,-0.000777,-0.001662,-0.001876,-0.005334,-0.007425,0.000429,-0.000107,0.001501,0.008041,0.016886,0.001292,-0.002826,-0.014931,-0.024393,-0.0385,-0.005568,-0.010007,-0.010074,-0.010893,-0.02306,0.000192,0.000834,0.000682,-0.000954,-0.004246,0.006797,0.018008,0.020092,0.01726,0.013368,0.093212,-0.95193,-0.102777,-0.966264,1,0,0,0,0,0,0,0,0,0,0
2828,-0.000594,-0.008535,-0.023607,-0.039381,-0.054426,0.000162,0.001053,0.005024,0.006104,0.004268,-0.000297,-0.000621,-0.005456,-0.014181,-0.02223,0.000108,0.008941,0.029469,0.038652,0.062232,-0.008535,-0.024039,-0.035978,-0.050996,-0.062421,-0.000351,-0.001918,0.002782,-0.004646,-0.016639,-0.000567,-0.000999,-0.001837,-0.005564,-0.011209,-5.4e-05,-0.00054,0.005456,0.010399,0.021473,-0.000133,-0.009387,-0.024258,-0.028964,-0.041636,-0.001402,-0.004576,-0.003563,-0.011958,-0.021686,0.000239,0.001118,-0.000559,-0.003377,-0.004144,0.006989,0.013309,0.010677,0.009412,0.00591,0.091906,-0.953714,-0.106913,-0.965514,1,0,0,0,0,0,0,0,0,0,0
2829,-0.00307,-0.014154,-0.031379,-0.04806,-0.062405,0.000815,0.003613,0.006058,0.005135,0.002038,-0.000217,-0.00201,-0.009156,-0.01842,-0.024261,0.003586,0.017387,0.033281,0.055939,0.066398,-0.008938,-0.022604,-0.036432,-0.049092,-0.060041,-0.001712,0.00125,0.002554,-0.011166,-0.026516,-0.000326,-0.000543,-0.004048,-0.006167,-0.012959,-0.000489,0.001141,0.00777,0.016735,0.026027,-0.004041,-0.01631,-0.025901,-0.0402,-0.04128,-0.003089,-0.003157,-0.003987,-0.016319,-0.028121,0.000458,0.00029,-0.001508,-0.005127,-0.004558,0.005043,0.007334,0.004221,-5.7e-05,-0.003442,0.088233,-0.954269,-0.11206,-0.958948,1,0,0,0,0,0,0,0,0,0,0
2830,-0.004951,-0.020214,-0.036188,-0.051424,-0.065921,8.2e-05,0.004103,0.005197,0.003337,0.000492,-0.000109,-0.005006,-0.013841,-0.021992,-0.026341,0.005334,0.026122,0.035422,0.059302,0.067808,-0.006702,-0.018792,-0.034,-0.04557,-0.05643,0.000137,0.004896,-0.002626,-0.014771,-0.024618,-0.000109,-0.000957,-0.004732,-0.010449,-0.016357,0.0,0.006072,0.011078,0.022293,0.034164,-0.005303,-0.020363,-0.025129,-0.037962,-0.03447,-0.000103,0.000923,-0.00758,-0.01743,-0.023974,0.00048,-0.001352,-0.004429,-0.005267,-0.004551,0.001614,-0.001261,-0.002643,-0.006467,-0.009649,0.08729,-0.958793,-0.115679,-0.963505,1,0,0,0,0,0,0,0,0,0,0
2831,-0.006252,-0.023712,-0.040621,-0.055162,-0.066013,0.002754,0.005233,0.004296,0.001157,0.000358,-0.001707,-0.00895,-0.018342,-0.024263,-0.02944,0.00862,0.024731,0.047699,0.058302,0.06582,-0.007105,-0.021123,-0.033957,-0.045055,-0.054804,0.002864,0.004186,-0.009722,-0.025282,-0.024593,-0.00011,-0.003663,-0.005811,-0.012696,-0.020958,0.001652,0.008372,0.01746,0.026879,0.036683,-0.007099,-0.01682,-0.031315,-0.03241,-0.02985,3.5e-05,-0.000807,-0.013307,-0.02527,-0.023664,-0.000687,-0.002665,-0.006645,-0.006019,-0.004293,0.000827,-0.002597,-0.007302,-0.011025,-0.011698,0.086699,-0.958425,-0.118102,-0.966108,1,0,0,0,0,0,0,0,0,0,0
2832,-0.009164,-0.025333,-0.040754,-0.055427,-0.065727,0.001301,0.002409,0.000526,-0.002353,-0.002436,-0.003239,-0.012182,-0.020432,-0.024834,-0.031285,0.012376,0.021789,0.045959,0.054569,0.060079,-0.005094,-0.020488,-0.032199,-0.04319,-0.051385,0.001938,-0.005676,-0.017968,-0.027935,-0.028046,-0.000748,-0.004568,-0.010355,-0.016335,-0.022924,0.004485,0.009552,0.020903,0.032919,0.037293,-0.008107,-0.012931,-0.02592,-0.022386,-0.023503,0.001003,-0.007603,-0.017573,-0.024197,-0.02397,-0.001281,-0.00463,-0.005542,-0.004762,-0.004604,-0.003987,-0.005491,-0.009653,-0.013116,-0.014717,0.083649,-0.956806,-0.122486,-0.967525,1,0,0,0,0,0,0,0,0,0,0
2833,-0.008424,-0.025495,-0.040175,-0.051129,-0.060777,0.001196,0.00025,-0.002919,-0.003726,-0.004115,-0.004059,-0.01354,-0.019518,-0.024745,-0.031,0.003837,0.027024,0.037728,0.045319,0.053437,-0.009036,-0.021992,-0.033197,-0.043039,-0.049795,-0.000612,-0.014652,-0.030361,-0.029666,-0.030722,-0.002836,-0.005005,-0.011955,-0.020296,-0.025134,0.00228,0.011455,0.020963,0.030861,0.034837,-0.001673,-0.016306,-0.017412,-0.014827,-0.019085,-0.001857,-0.014477,-0.026554,-0.024933,-0.025244,-0.000796,-0.005049,-0.00438,-0.002535,-0.003195,0.000447,-0.004582,-0.008561,-0.00928,-0.011594,0.082771,-0.953555,-0.123615,-0.966915,1,0,0,0,0,0,0,0,0,0,0
2834,-0.007859,-0.023437,-0.03826,-0.048664,-0.055265,-8.4e-05,-0.001986,-0.004894,-0.004978,-0.006125,-0.00495,-0.013285,-0.017732,-0.024248,-0.029115,0.00565,0.030066,0.038764,0.044329,0.050762,-0.006461,-0.018291,-0.029394,-0.037673,-0.042987,-0.007076,-0.019494,-0.029562,-0.029674,-0.032779,-0.001007,-0.006852,-0.012893,-0.01955,-0.02657,0.002825,0.014292,0.02643,0.030849,0.031352,-0.00319,-0.016311,-0.012741,-0.01387,-0.019567,-0.006825,-0.016897,-0.023589,-0.02336,-0.025142,-0.002767,-0.003745,-0.002909,-0.002739,-0.001047,-0.002081,-0.006549,-0.010267,-0.011985,-0.013213,0.083771,-0.948884,-0.124294,-0.963407,1,0,0,0,0,0,0,0,0,0,0
2835,-0.009385,-0.024266,-0.035371,-0.04515,-0.050477,-0.000874,-0.004087,-0.004904,-0.005299,-0.00978,-0.004622,-0.010682,-0.01598,-0.022322,-0.025422,0.017812,0.028663,0.036357,0.044587,0.049406,-0.006623,-0.017981,-0.027958,-0.034807,-0.037738,-0.007102,-0.023026,-0.022322,-0.023393,-0.028015,-0.001184,-0.00823,-0.016685,-0.021589,-0.031735,0.006454,0.016093,0.026126,0.030157,0.028409,-0.011619,-0.01274,-0.01012,-0.014436,-0.020249,-0.005915,-0.018158,-0.016514,-0.01683,-0.016665,-0.001759,-0.001024,0.001006,0.00028,0.005175,-0.003336,-0.007712,-0.008503,-0.011048,-0.013059,0.086979,-0.94666,-0.129296,-0.962163,1,0,0,0,0,0,0,0,0,0,0
2836,-0.006358,-0.021401,-0.03196,-0.038659,-0.043597,-0.00105,-0.004002,-0.004087,-0.005251,-0.009849,-0.003803,-0.008316,-0.01493,-0.019869,-0.021941,0.00684,0.015668,0.021316,0.027844,0.030711,-0.005336,-0.016604,-0.025006,-0.030399,-0.030427,-0.00545,-0.015668,-0.015781,-0.018932,-0.022366,-0.00474,-0.010871,-0.017626,-0.024751,-0.038431,0.005137,0.017456,0.021941,0.022451,0.020039,-0.001614,0.002009,0.000863,-0.004918,-0.008857,-0.004265,-0.011055,-0.010823,-0.012631,-0.010831,0.000763,0.001691,0.00188,0.003755,0.011621,-0.001449,-0.005571,-0.007476,-0.008837,-0.013011,0.093087,-0.944428,-0.135048,-0.960123,1,0,0,0,0,0,0,0,0,0,0
2837,-0.008707,-0.019991,-0.029929,-0.035342,-0.039151,-0.002205,-0.003036,-0.003437,-0.007991,-0.008592,-0.00232,-0.007704,-0.014148,-0.017299,-0.020392,0.004124,0.011943,0.020306,0.025203,0.023256,-0.006158,-0.016296,-0.023256,-0.026234,-0.02486,-0.010683,-0.009967,-0.011055,-0.015752,-0.020907,-0.002377,-0.010969,-0.015953,-0.026263,-0.043504,0.004611,0.014807,0.018902,0.017127,0.000573,0.00049,0.003153,-0.001233,-0.00714,-0.019793,-0.008137,-0.006467,-0.006788,-0.00662,-0.010426,1e-05,0.002281,0.001469,0.006946,0.01738,-0.003354,-0.004239,-0.007086,-0.009337,-0.014687,0.100797,-0.929903,-0.13838,-0.9553,1,0,0,0,0,0,0,0,0,0,0
2838,-0.006527,-0.017271,-0.024087,-0.029112,-0.032751,-0.00078,-0.000866,-0.002051,-0.006729,-0.006758,-0.002253,-0.008982,-0.014007,-0.016116,-0.021112,0.004823,0.010571,0.017213,0.02013,0.018686,-0.005256,-0.013805,-0.019293,-0.019322,-0.018195,0.000375,0.00026,-0.002946,-0.006441,-0.015683,-0.003841,-0.010715,-0.017964,-0.031885,-0.054528,0.007885,0.012448,0.012968,0.010513,-0.016289,0.003192,0.002027,-0.003856,-0.007863,-0.030264,0.001296,0.001533,-0.000307,0.001524,-0.006912,0.001037,0.00125,0.003368,0.012252,0.025347,-0.001099,-0.00325,-0.004788,-0.009501,-0.015173,0.11321,-0.919842,-0.140353,-0.951919,1,0,0,0,0,0,0,0,0,0,0
2839,-0.004887,-0.01498,-0.020477,-0.024346,-0.028622,-5.8e-05,-0.000465,-0.00509,-0.005701,-0.006254,-0.0032,-0.009744,-0.012944,-0.016085,-0.022252,0.003083,0.011577,0.01655,0.014573,0.015154,-0.005003,-0.012071,-0.015096,-0.0137,-0.012478,0.000349,-0.000756,-0.005527,-0.010762,-0.018034,-0.004858,-0.009919,-0.02039,-0.0379,-0.071001,0.002414,0.006574,0.00477,-0.012042,-0.031268,-0.000511,-0.004965,-0.010965,-0.023815,-0.038355,0.000391,6.5e-05,0.000235,-0.00363,-0.009454,0.001441,0.000536,0.006641,0.018268,0.035543,0.000168,-0.003005,-0.005513,-0.011476,-0.017566,0.132453,-0.914018,-0.14378,-0.951118,1,0,0,0,0,0,0,0,0,0,0
2840,-0.005959,-0.012853,-0.017936,-0.021616,-0.024538,-2.9e-05,-0.001227,-0.005959,-0.005988,-0.00482,-0.003593,-0.008676,-0.010808,-0.015862,-0.022376,0.002717,0.009435,0.012386,0.010925,0.014664,-0.003622,-0.009172,-0.009202,-0.008062,-0.007128,-0.000467,-0.00371,-0.007244,-0.016592,-0.018199,-0.002074,-0.009406,-0.023486,-0.046388,-0.084917,0.002191,0.002717,0.000234,-0.026874,-0.041305,-0.000666,-0.006616,-0.010669,-0.033325,-0.044092,-0.000153,-0.002014,-0.000162,-0.008694,-0.010841,-0.001254,0.001039,0.010658,0.024838,0.044334,-0.002503,-0.004168,-0.009271,-0.015413,-0.01945,0.150107,-0.905292,-0.145308,-0.950539,1,0,0,0,0,0,0,0,0,0,0
2841,-0.004188,-0.009724,-0.013619,-0.017925,-0.018979,-0.000381,-0.005038,-0.005653,-0.006209,-0.004481,-0.002987,-0.006209,-0.009372,-0.015582,-0.021791,0.005828,0.010837,0.008845,0.009431,0.016753,-0.003485,-0.006531,-0.005126,-0.003895,-0.002929,-0.000644,-0.005448,-0.01072,-0.018042,-0.017603,-0.003017,-0.013561,-0.031193,-0.064523,-0.098381,0.001992,0.000176,-0.016753,-0.036113,-0.05682,-0.003818,-0.009859,-0.022798,-0.037439,-0.057356,-0.000174,-3e-06,-0.003895,-0.009759,-0.010711,0.000327,0.006735,0.018939,0.037071,0.054561,-0.000781,-0.003413,-0.009672,-0.016064,-0.018169,0.163307,-0.889721,-0.147106,-0.949557,1,0,0,0,0,0,0,0,0,0,0
2842,-0.002725,-0.007823,-0.011515,-0.014445,-0.014064,-0.00082,-0.005567,-0.005596,-0.004424,-0.002403,-0.00211,-0.004248,-0.009317,-0.015851,-0.021096,0.000908,0.003868,0.002403,0.006153,0.016554,-0.00208,-0.00211,-0.000967,-2.9e-05,0.003604,-0.002608,-0.006153,-0.015529,-0.01714,-0.014767,-0.004336,-0.018459,-0.04143,-0.080076,-0.1167,-0.001465,-0.003955,-0.031145,-0.045619,-0.059566,-0.002149,-0.006214,-0.028939,-0.039738,-0.053418,-0.001692,0.000166,-0.008392,-0.010546,-0.009672,0.002014,0.011838,0.026321,0.046232,0.063239,-0.000917,-0.00613,-0.012402,-0.016525,-0.01955,0.184028,-0.886194,-0.149466,-0.950297,1,0,0,0,0,0,0,0,0,0,0
2843,-0.002811,-0.006705,-0.011009,-0.012063,-0.010775,-0.003836,-0.004451,-0.005007,-0.003279,-0.00202,-0.001113,-0.004275,-0.010482,-0.01669,-0.022546,0.004099,0.002108,0.002694,0.010014,0.021492,-0.000966,0.000439,0.001669,0.002635,0.009487,-0.002196,-0.007466,-0.014787,-0.014347,-0.013264,-0.006207,-0.023834,-0.057155,-0.091003,-0.132171,-0.000351,-0.017275,-0.03663,-0.057331,-0.058824,-0.003892,-0.016827,-0.031464,-0.051376,-0.05138,0.001863,-0.002028,-0.007891,-0.008843,-0.008088,0.00439,0.016569,0.034664,0.052118,0.068694,-0.001714,-0.00796,-0.014339,-0.016439,-0.021736,0.204064,-0.884298,-0.153584,-0.949256,1,0,0,0,0,0,0,0,0,0,0
2844,-0.002286,-0.005978,-0.008909,-0.008528,-0.007561,-0.000908,-0.000938,0.000234,0.002257,0.001583,-0.001026,-0.006096,-0.012631,-0.017876,-0.023913,-0.001143,-0.002608,0.001143,0.011546,0.017495,0.000938,0.002081,0.003018,0.006652,0.014682,-0.001348,-0.010726,-0.012338,-0.009964,-0.011927,-0.007913,-0.030888,-0.069542,-0.106174,-0.144242,-0.002139,-0.029335,-0.043812,-0.057761,-0.069894,-0.000171,-0.0229,-0.033702,-0.047385,-0.051516,-6e-06,-0.008566,-0.01072,-0.009845,-0.009892,0.005422,0.019925,0.039866,0.056898,0.072903,-0.003496,-0.009777,-0.013906,-0.016936,-0.023873,0.222673,-0.873065,-0.15734,-0.94865,1,0,0,0,0,0,0,0,0,0,0
2845,-0.001611,-0.005915,-0.006969,-0.005681,-0.005212,0.000293,-0.000264,0.001464,0.002723,0.002489,-0.002138,-0.008345,-0.014553,-0.020409,-0.025739,-0.000849,-0.000264,0.007057,0.018535,0.018418,0.000469,0.001698,0.002665,0.009517,0.017218,-0.003924,-0.011244,-0.010805,-0.009722,-0.011508,-0.009722,-0.043044,-0.076894,-0.118064,-0.153115,-0.014787,-0.034143,-0.054845,-0.056338,-0.086499,-0.012765,-0.027403,-0.047315,-0.047319,-0.061426,-0.003885,-0.009748,-0.0107,-0.009946,-0.010167,0.006793,0.024895,0.042356,0.058938,0.075323,-0.002772,-0.009154,-0.011256,-0.016554,-0.023661,0.239845,-0.854072,-0.160328,-0.947661,1,0,0,0,0,0,0,0,0,0,0
2846,-0.00208,-0.005009,-0.004628,-0.003662,-0.002461,-0.000322,0.000849,0.002871,0.002197,0.001025,-0.002929,-0.009462,-0.014705,-0.020739,-0.026393,-0.000615,0.003134,0.013533,0.01948,0.018982,0.000674,0.001611,0.005243,0.01327,0.019802,-0.005448,-0.00706,-0.004687,-0.006649,-0.009608,-0.01324,-0.051878,-0.088494,-0.126545,-0.162283,-0.012391,-0.026862,-0.040805,-0.052932,-0.082958,-0.00995,-0.020746,-0.034424,-0.038553,-0.050035,-0.004669,-0.006823,-0.005948,-0.005995,-0.006755,0.007648,0.027528,0.044509,0.060465,0.075773,-0.003482,-0.007599,-0.010619,-0.017535,-0.022891,0.258668,-0.842352,-0.162875,-0.945073,1,0,0,0,0,0,0,0,0,0,0
2847,-0.002232,-0.00329,-0.001997,-0.001527,0.003143,-0.000235,0.001498,0.002761,0.002526,-0.000881,-0.00329,-0.009517,-0.015392,-0.020739,-0.028699,0.001204,0.008548,0.020063,0.019945,0.021238,0.000558,0.001527,0.008401,0.016127,0.022149,-0.00188,-0.001439,-0.000352,-0.002144,-0.004171,-0.020151,-0.054108,-0.095409,-0.130571,-0.176631,-0.006991,-0.027759,-0.029257,-0.059513,-0.073466,-0.004707,-0.024683,-0.024687,-0.038838,-0.03172,-0.001199,-0.002154,-0.001397,-0.001619,-8e-06,0.010708,0.028561,0.045515,0.062267,0.077528,-0.002973,-0.005122,-0.01054,-0.017806,-0.018832,0.286102,-0.836578,-0.163286,-0.942761,1,0,0,0,0,0,0,0,0,0,0
2848,-0.000706,-0.000324,0.000647,0.001854,0.010091,0.001412,0.003442,0.002766,0.001589,-0.000706,-0.003266,-0.008532,-0.014593,-0.020271,-0.031539,0.00256,0.013004,0.018976,0.018476,0.022389,0.000382,0.004031,0.012092,0.018653,0.022448,0.000265,0.002648,0.000677,-0.002295,-0.001971,-0.018623,-0.055399,-0.093617,-0.129511,-0.174319,-0.007532,-0.021536,-0.033716,-0.063873,-0.077377,-0.00613,-0.019867,-0.024014,-0.035546,-0.030898,-0.000962,-8.4e-05,-0.000131,-0.000894,0.000845,0.009669,0.027176,0.043627,0.059409,0.074433,-0.001238,-0.004352,-0.011482,-0.017003,-0.012139,0.303562,-0.820529,-0.160018,-0.938647,1,0,0,0,0,0,0,0,0,0,0
2849,-0.000353,0.000942,0.001413,0.006094,0.01413,0.000324,0.00159,0.001354,-0.002061,-0.002178,-0.002973,-0.008861,-0.014219,-0.022197,-0.032147,0.004798,0.016338,0.016221,0.017516,0.019989,0.000589,0.007477,0.01522,0.021255,0.023021,0.000177,0.001266,-0.00053,-0.002561,-0.002208,-0.015396,-0.056787,-0.092025,-0.138184,-0.162383,-0.013277,-0.014778,-0.0451,-0.059083,-0.092761,-0.013886,-0.01389,-0.028071,-0.020939,-0.041085,5e-06,0.000763,0.000541,0.002156,0.001465,0.008416,0.025629,0.042637,0.058131,0.070897,-0.000939,-0.006439,-0.013816,-0.014858,-0.008582,0.313318,-0.795609,-0.156674,-0.937974,1,0,0,0,0,0,0,0,0,0,0
2850,0.000735,0.001705,0.002911,0.011144,0.017377,0.001705,0.001029,-0.000147,-0.00244,-0.003087,-0.002293,-0.008351,-0.014025,-0.025287,-0.030991,0.005645,0.011614,0.011115,0.015025,0.014437,0.003058,0.011115,0.017672,0.021465,0.023346,0.002205,0.000235,-0.002735,-0.002411,-0.002382,-0.021376,-0.059572,-0.095444,-0.140225,-0.152457,-0.000735,-0.012908,-0.043047,-0.056543,-0.104235,0.00014,-0.004005,-0.01553,-0.010885,-0.042787,0.000872,0.000825,6.2e-05,0.0018,0.001692,0.009088,0.025472,0.041189,0.056151,0.067299,-0.00217,-0.009271,-0.01477,-0.009926,-0.005549,0.323151,-0.767582,-0.151607,-0.9354,1,0,0,0,0,0,0,0,0,0,0
2851,0.000558,0.001028,0.005697,0.013713,0.019821,-0.00044,-0.000675,-0.004082,-0.004199,-0.004287,-0.003582,-0.008927,-0.016885,-0.02681,-0.030011,0.005873,0.005755,0.007048,0.009514,0.007576,0.003817,0.01154,0.01756,0.019322,0.02079,-0.001116,-0.002907,-0.004933,-0.004581,-0.004904,-0.019939,-0.055088,-0.101132,-0.125269,-0.135547,-0.000763,-0.031009,-0.044957,-0.07855,-0.124946,-0.000144,-0.01429,-0.007176,-0.027271,-0.05521,-0.000115,-0.000336,0.001275,0.000586,-0.000447,0.007909,0.02462,0.039844,0.052387,0.061508,-0.003254,-0.010503,-0.011526,-0.005359,-0.000903,0.332522,-0.745573,-0.146755,-0.933642,1,0,0,0,0,0,0,0,0,0,0
2852,0.000411,0.001615,0.009838,0.016063,0.023405,-0.000235,-0.00141,-0.0037,-0.004346,-0.00326,-0.002467,-0.008134,-0.019382,-0.025079,-0.028984,8.8e-05,-0.000411,0.003495,0.002907,-0.001087,0.004229,0.010777,0.014566,0.016445,0.018442,-0.000852,-0.003818,-0.003495,-0.003465,-0.003759,-0.018207,-0.054033,-0.098758,-0.110974,-0.120635,-0.011394,-0.041494,-0.054973,-0.102605,-0.145655,-0.003996,-0.015506,-0.010867,-0.042729,-0.066055,6.8e-05,-0.000694,0.001041,0.000934,-0.001323,0.008326,0.023903,0.038732,0.049781,0.056607,-0.003782,-0.009232,-0.004431,-9.3e-05,0.004817,0.341888,-0.724941,-0.143739,-0.932979,1,0,0,0,0,0,0,0,0,0,0
2853,5.9e-05,0.00473,0.012749,0.01886,0.025822,0.0,-0.003408,-0.003525,-0.003613,-0.003995,-0.002879,-0.01084,-0.020769,-0.023971,-0.028877,-0.000206,0.001087,0.003555,0.001616,-0.004406,0.003496,0.009518,0.011281,0.012749,0.016157,-0.00094,-0.002967,-0.002614,-0.002938,-0.005053,-0.01695,-0.063012,-0.08716,-0.097441,-0.105549,-0.01886,-0.032813,-0.06642,-0.112835,-0.156077,-0.010155,-0.003037,-0.023141,-0.05109,-0.07359,-0.00029,0.001322,0.000633,-0.0004,-0.002693,0.008412,0.023678,0.036256,0.045403,0.050803,-0.003477,-0.004504,0.00168,0.00615,0.009273,0.349204,-0.704046,-0.142877,-0.931843,1,0,0,0,0,0,0,0,0,0,0
2854,0.001146,0.009371,0.015598,0.022942,0.026525,-0.001175,-0.003466,-0.004112,-0.003026,-0.004083,-0.002791,-0.014041,-0.01974,-0.023647,-0.028758,-0.000294,0.003613,0.003026,-0.000969,-0.009782,0.003055,0.006844,0.008724,0.010722,0.014394,-0.002027,-0.001704,-0.001674,-0.001968,-0.007637,-0.018888,-0.063626,-0.075846,-0.08551,-0.092736,-0.011251,-0.024734,-0.07238,-0.115443,-0.163265,-0.00136,0.003281,-0.02859,-0.051924,-0.074881,-0.000473,0.001264,0.001156,-0.001102,-0.005637,0.007201,0.022062,0.033134,0.039974,0.044724,-0.001985,0.002826,0.007173,0.012094,0.011328,0.357163,-0.679002,-0.142175,-0.928964,1,0,0,0,0,0,0,0,0,0,0
2855,0.003523,0.011537,0.017644,0.024602,0.027537,-0.002231,-0.002349,-0.002437,-0.002818,-0.002936,-0.005167,-0.01509,-0.01829,-0.023192,-0.029622,0.001585,0.004051,0.002114,-0.003905,-0.016646,0.002965,0.004727,0.006194,0.0096,0.014092,0.0,0.000352,2.9e-05,-0.002084,-0.010627,-0.027156,-0.051287,-0.061562,-0.069665,-0.074891,-0.002701,-0.036286,-0.08267,-0.125885,-0.178229,0.008472,-0.011619,-0.03955,-0.062035,-0.086536,0.002083,0.001394,0.000362,-0.00193,-0.009986,0.008026,0.020547,0.029653,0.035029,0.038968,0.000955,0.007112,0.011561,0.01467,0.012004,0.362482,-0.6532,-0.140605,-0.923321,1,0,0,0,0,0,0,0,0,0,0
2856,0.004685,0.010894,0.018214,0.021787,0.02618,-5.9e-05,-0.000703,0.000381,-0.000674,-0.001259,-0.006062,-0.011743,-0.015638,-0.020733,-0.028259,0.002313,0.001728,-0.002255,-0.01104,-0.026033,0.00082,0.002694,0.004685,0.008346,0.014203,0.000322,0.000351,5.9e-05,-0.005593,-0.015315,-0.017512,-0.029694,-0.039328,-0.046532,-0.048406,-0.010747,-0.058245,-0.101175,-0.148849,-0.193712,-0.003824,-0.035597,-0.058858,-0.081744,-0.103186,-0.000347,-0.000454,-0.002705,-0.007227,-0.015989,0.006655,0.017489,0.024182,0.02883,0.031087,0.003769,0.008022,0.012838,0.012089,0.009544,0.366482,-0.635139,-0.139802,-0.917904,1,0,0,0,0,0,0,0,0,0,0
2857,0.003295,0.00936,0.01627,0.019186,0.023909,-5.8e-05,-0.000146,-0.000525,-0.000641,-0.001604,-0.00382,-0.006998,-0.011867,-0.018253,-0.028837,0.000146,-0.001779,-0.007756,-0.02041,-0.035952,0.000933,0.002391,0.005773,0.010234,0.017086,2.9e-05,-0.000292,-0.002391,-0.010876,-0.018953,-0.006531,-0.016737,-0.024784,-0.029974,-0.037526,-0.022656,-0.068725,-0.111645,-0.163633,-0.195474,-0.016146,-0.043888,-0.06622,-0.090554,-0.101822,-0.000339,-0.001364,-0.00364,-0.011642,-0.018288,0.005481,0.014162,0.019287,0.023042,0.024094,0.002212,0.006454,0.009418,0.006877,0.004229,0.376733,-0.622683,-0.139572,-0.913546,1,0,0,0,0,0,0,0,0,0,0
2858,0.002885,0.010171,0.013726,0.018098,0.023169,-0.000583,0.000495,-0.000554,-0.001137,-0.001457,-0.001836,-0.005712,-0.010783,-0.018273,-0.025996,-0.000729,-0.004692,-0.013435,-0.028356,-0.046221,0.000933,0.002914,0.006557,0.012386,0.019439,0.0,-0.000291,-0.005916,-0.015592,-0.019876,-0.005595,-0.015184,-0.022353,-0.024218,-0.033019,-0.024626,-0.06735,-0.114795,-0.159442,-0.182436,-0.015482,-0.038632,-0.061408,-0.082747,-0.084509,0.000232,-0.002008,-0.006508,-0.015229,-0.018788,0.005014,0.011486,0.015979,0.018161,0.018561,0.001908,0.006564,0.00584,0.003379,0.001326,0.383186,-0.614246,-0.137974,-0.911613,1,0,0,0,0,0,0,0,0,0,0
2859,0.003172,0.01007,0.012981,0.017696,0.024826,0.000495,0.000116,0.0,-0.00096,0.000873,-0.001339,-0.006199,-0.012573,-0.023138,-0.025409,-0.001193,-0.00716,-0.019791,-0.035304,-0.05236,0.000524,0.0039,0.008353,0.015193,0.022964,-0.00032,-0.002416,-0.010885,-0.018947,-0.019791,-0.004599,-0.012631,-0.017812,-0.02535,-0.026689,-0.021392,-0.064234,-0.116128,-0.147911,-0.169186,-0.01223,-0.034521,-0.058812,-0.070059,-0.073016,-0.001254,-0.003527,-0.011514,-0.018148,-0.020672,0.003604,0.008664,0.012372,0.01341,0.013655,0.002298,0.005224,0.002715,0.000101,-0.000737,0.386443,-0.603717,-0.13713,-0.91069,1,0,0,0,0,0,0,0,0,0,0
2860,0.004108,0.007663,0.012033,0.017102,0.025756,0.000583,-0.000466,-0.001049,-0.001369,0.001224,-0.002535,-0.007604,-0.015092,-0.022813,-0.024386,-0.002768,-0.011508,-0.026426,-0.044286,-0.058242,0.001457,0.005099,0.010926,0.017977,0.026484,2.9e-05,-0.005594,-0.015267,-0.01955,-0.019375,-0.004982,-0.012149,-0.014014,-0.022813,-0.021939,-0.021298,-0.06873,-0.113366,-0.136353,-0.159866,-0.010901,-0.033671,-0.055004,-0.056766,-0.0637,-0.000984,-0.005482,-0.0142,-0.017759,-0.020165,0.002829,0.007315,0.009492,0.009892,0.010418,0.002333,0.00161,-0.000846,-0.002896,-0.00311,0.391163,-0.592922,-0.136727,-0.910571,1,0,0,0,0,0,0,0,0,0,0
2861,0.002801,0.005718,0.010444,0.017592,0.025148,-0.000963,-0.001079,-0.002042,-0.000204,0.001605,-0.002334,-0.008723,-0.019313,-0.021589,-0.023981,-0.003209,-0.015871,-0.03142,-0.048516,-0.057852,0.001925,0.006389,0.013245,0.021034,0.029174,-0.00213,-0.010619,-0.0187,-0.019546,-0.019313,-0.003063,-0.008256,-0.015812,-0.017154,-0.021676,-0.021618,-0.073635,-0.105493,-0.126819,-0.14902,-0.011429,-0.035777,-0.047051,-0.050015,-0.054417,-0.001293,-0.009299,-0.015949,-0.018478,-0.019925,0.002289,0.006059,0.007115,0.007363,0.008242,0.000621,-0.00193,-0.004588,-0.005439,-0.006076,0.399171,-0.583562,-0.137044,-0.910317,1,0,0,0,0,0,0,0,0,0,0
2862,0.00076,0.005141,0.010224,0.0189,0.025619,-8.8e-05,-0.000672,-0.000993,0.001607,0.003243,-0.002746,-0.010254,-0.017995,-0.019572,-0.022932,-0.00555,-0.020507,-0.038414,-0.052407,-0.055883,0.001724,0.007566,0.014635,0.023165,0.030293,-0.003505,-0.013204,-0.017498,-0.017323,-0.017148,-0.004119,-0.005989,-0.014811,-0.013934,-0.020712,-0.025911,-0.070665,-0.093713,-0.117287,-0.133383,-0.011386,-0.032776,-0.034542,-0.041494,-0.044455,-0.003216,-0.011957,-0.015525,-0.017937,-0.019302,0.002259,0.004477,0.004884,0.00542,0.00632,-0.001363,-0.003865,-0.005953,-0.006171,-0.00667,0.404547,-0.578959,-0.13692,-0.91079,1,0,0,0,0,0,0,0,0,0,0
2863,0.002164,0.006901,0.014065,0.021639,0.029037,-2.9e-05,-0.000994,0.000848,0.002661,0.004679,-0.003655,-0.01427,-0.016551,-0.018949,-0.020206,-0.007135,-0.022721,-0.039857,-0.049215,-0.052343,0.002749,0.009621,0.017428,0.025587,0.031728,-0.005,-0.0131,-0.013948,-0.013715,-0.01351,-0.001082,-0.008656,-0.010001,-0.014533,-0.019271,-0.026201,-0.058133,-0.079509,-0.101763,-0.111529,-0.013008,-0.024308,-0.027279,-0.031692,-0.031613,-0.004806,-0.011471,-0.014006,-0.015456,-0.017464,0.001558,0.00263,0.002883,0.003776,0.004299,-0.00122,-0.003922,-0.004787,-0.005435,-0.004755,0.410225,-0.575613,-0.136761,-0.910397,1,0,0,0,0,0,0,0,0,0,0
2864,0.002223,0.007314,0.016003,0.022732,0.031187,-0.000556,-0.000878,0.001726,0.003364,0.006963,-0.003862,-0.011615,-0.013194,-0.016559,-0.016851,-0.007841,-0.025775,-0.039788,-0.04327,-0.046225,0.003101,0.010181,0.018724,0.025862,0.031801,-0.00471,-0.009011,-0.008835,-0.00866,-0.005412,-0.00079,-0.009625,-0.008748,-0.015535,-0.019923,-0.018607,-0.04169,-0.0653,-0.08142,-0.088763,-0.008408,-0.010177,-0.01714,-0.020105,-0.018378,-0.003946,-0.00752,-0.009935,-0.011302,-0.01209,0.000679,0.00109,0.001631,0.002542,0.002949,-0.001304,-0.003414,-0.003634,-0.004138,-0.00235,0.414357,-0.572778,-0.137332,-0.912776,1,0,0,0,0,0,0,0,0,0,0
2865,0.002517,0.009689,0.01727,0.024676,0.032375,-0.00041,0.001434,0.003249,0.005269,0.009016,-0.006762,-0.009045,-0.011445,-0.012704,-0.013319,-0.007757,-0.02491,-0.034277,-0.037409,-0.038287,0.003776,0.011592,0.019758,0.025906,0.031496,-0.003396,-0.004244,-0.00401,-0.003805,0.001551,-0.006791,-0.008138,-0.012675,-0.017417,-0.020871,-0.013348,-0.034746,-0.057021,-0.066798,-0.071511,-0.002899,-0.005873,-0.01029,-0.010212,-0.009324,-0.002724,-0.005262,-0.006713,-0.008723,-0.007504,0.000399,0.000654,0.001553,0.002079,0.002415,-0.001412,-0.002284,-0.002936,-0.002252,-0.000499,0.417606,-0.571863,-0.138002,-0.914126,1,0,0,0,0,0,0,0,0,0,0
2866,0.002578,0.011279,0.018018,0.026485,0.031875,8.8e-05,0.002695,0.004336,0.00794,0.010576,-0.000996,-0.002578,-0.005947,-0.00624,-0.006357,-0.010195,-0.024229,-0.027715,-0.030674,-0.030733,0.003311,0.011865,0.019014,0.024961,0.030762,-0.000908,-0.000732,-0.000557,0.002695,0.005391,-0.002051,-0.001172,-0.007969,-0.012363,-0.013477,-0.009756,-0.033399,-0.049542,-0.056895,-0.058507,0.00113,-0.005842,-0.008811,-0.007082,-0.006852,-0.000852,-0.003271,-0.00464,-0.005429,-0.0053,1.4e-05,0.000561,0.00148,0.001891,0.002023,-0.00071,-0.000933,-0.001442,0.000364,6.7e-05,0.418459,-0.571379,-0.138857,-0.912951,1,0,0,0,0,0,0,0,0,0,0
2867,0.0046,0.012189,0.019602,0.027308,0.030706,0.001758,0.003575,0.005596,0.009347,0.010665,-0.001289,-0.003692,-0.004952,-0.005567,-0.004835,-0.006973,-0.016349,-0.019485,-0.020364,-0.020334,0.004512,0.012687,0.01884,0.024436,0.030999,5.9e-05,0.000293,0.000498,0.00586,0.007472,0.000703,-0.003838,-0.008585,-0.012042,-0.010695,-0.011661,-0.033959,-0.043745,-0.048462,-0.051539,-0.004107,-0.008529,-0.00845,-0.007562,-0.009434,-0.001688,-0.003141,-0.005153,-0.003933,-0.003091,0.000243,0.001148,0.001678,0.002016,0.002198,-0.000167,-0.000824,-0.000135,0.00163,-0.000682,0.420334,-0.568503,-0.141153,-0.913809,1,0,0,0,0,0,0,0,0,0,0
2868,0.004104,0.010846,0.019318,0.024711,0.027086,0.00085,0.002492,0.006097,0.008735,0.008999,-0.000293,-0.003664,-0.003957,-0.004075,-0.001319,-0.007065,-0.010553,-0.013514,-0.013572,-0.013426,0.004045,0.011198,0.017149,0.022953,0.029636,0.000117,0.000293,0.003547,0.006244,0.008325,0.000176,-0.006625,-0.011022,-0.012136,-0.011227,-0.011989,-0.028141,-0.035499,-0.037111,-0.042505,-0.002868,-0.005838,-0.004108,-0.003877,-0.004516,-0.000732,-0.002101,-0.002891,-0.002762,-0.000204,0.000306,0.001229,0.001641,0.001774,0.002188,-5.6e-05,-0.000567,0.001246,0.000948,-0.002044,0.424416,-0.566134,-0.143694,-0.914351,1,0,0,0,0,0,0,0,0,0,0
2869,0.003492,0.010917,0.018635,0.022039,0.024211,0.000968,0.002993,0.00675,0.00807,0.008158,-0.002113,-0.003375,-0.003991,-0.003257,0.004989,-0.002318,-0.005458,-0.006339,-0.00631,-0.007073,0.004138,0.010301,0.015906,0.02248,0.029963,0.000117,0.000323,0.005693,0.007307,0.010037,-0.004725,-0.009479,-0.012942,-0.011592,-0.003786,-0.01033,-0.020132,-0.024857,-0.027938,-0.034453,-0.001558,-0.001479,-0.000589,-0.002464,-0.004421,-0.000723,-0.002737,-0.001516,-0.000673,0.002899,0.000607,0.001143,0.001485,0.001669,0.002057,-0.000608,8.9e-05,0.001873,-0.000464,-0.004176,0.420743,-0.562822,-0.147572,-0.916646,1,0,0,0,0,0,0,0,0,0,0
2870,0.003262,0.011756,0.017164,0.019544,0.022895,0.000676,0.004291,0.006936,0.0072,0.007142,-0.001264,-0.001558,-0.001675,0.001087,0.021308,-0.001176,-0.004144,-0.004203,-0.004056,-0.012579,0.003027,0.008993,0.014812,0.021513,0.029419,5.9e-05,0.003321,0.006025,0.008112,0.013284,-0.002087,-0.006495,-0.007612,-0.006701,0.024335,-0.005849,-0.013225,-0.014842,-0.02025,-0.031711,-0.001418,0.000317,0.000548,-9.3e-05,-0.01116,-0.000649,-0.001441,-0.001312,0.001252,0.007242,0.000326,0.000746,0.000882,0.001303,0.001208,9.4e-05,0.00194,0.001636,-0.001411,-0.004214,0.40427,-0.557753,-0.151231,-0.922466,1,0,0,0,0,0,0,0,0,0,0
2871,0.004182,0.011928,0.015344,0.017524,0.021352,0.001355,0.005125,0.00645,0.006538,0.00645,0.0,-0.000618,0.000118,0.008394,0.038758,-0.001973,-0.002857,-0.002827,-0.003593,-0.016257,0.003151,0.008777,0.015374,0.022884,0.028126,0.000147,0.005537,0.007157,0.009896,0.013459,-0.00268,-0.006155,-0.004801,0.003034,0.059669,-0.003976,-0.008718,-0.01181,-0.018348,-0.033428,0.0015,0.002393,0.000512,-0.001452,-0.026348,-0.001371,-0.000146,0.000701,0.004285,0.008139,0.000218,0.000569,0.000758,0.001155,0.00065,0.000619,0.002448,5.2e-05,-0.003753,-0.004333,0.375379,-0.552662,-0.153321,-0.924235,1,0,0,0,0,0,0,0,0,0,0
2872,0.004334,0.009758,0.012146,0.015507,0.018573,0.00227,0.004923,0.005189,0.00513,0.005189,-0.000295,-0.000413,0.002358,0.022641,0.066066,-0.001002,-0.001061,-0.000914,-0.009463,-0.020489,0.00283,0.008667,0.015389,0.023319,0.026503,0.003125,0.005837,0.00793,0.013119,0.013325,-0.001739,-0.00286,-0.001946,0.029186,0.112116,-0.00342,-0.005041,-0.010466,-0.021963,-0.050913,0.000239,0.000471,-0.000172,-0.011273,-0.054654,0.000579,0.000708,0.00328,0.009289,0.009456,0.000209,0.000348,0.000778,0.000682,0.000578,0.001263,0.000953,-0.00216,-0.005025,-0.0051,0.328655,-0.532952,-0.155173,-0.924575,0,0,1,0,0,0,0,0,0,0,0
2873,0.003422,0.006843,0.009026,0.01286,0.014246,0.001504,0.002832,0.00292,0.002832,0.002242,-0.000324,0.000413,0.008701,0.039111,0.084505,0.000118,0.000147,-0.000619,-0.013303,-0.03215,0.002802,0.009409,0.016931,0.022181,0.02457,0.002271,0.003893,0.006637,0.010206,0.009852,-0.00174,-0.000383,0.007462,0.064183,0.16674,-0.001327,-0.004424,-0.010972,-0.026074,-0.077013,0.000656,-0.001229,-0.003196,-0.028129,-0.093493,0.000649,0.001496,0.005086,0.008946,0.00937,0.000144,0.000335,0.000737,0.000226,0.000386,0.000581,-0.00184,-0.005686,-0.006272,-0.007082,0.278194,-0.506223,-0.15643,-0.925139,0,0,1,0,0,0,0,0,0,0,0
2874,0.002006,0.004396,0.007759,0.010827,0.011122,0.001151,0.001416,0.001357,0.001416,0.003481,0.000207,0.00298,0.023276,0.06673,0.10331,-0.000177,-3e-05,-0.008585,-0.019618,-0.04484,0.003039,0.009765,0.0177,0.020886,0.023069,0.000443,0.002537,0.007729,0.007936,0.007611,0.00062,0.001534,0.032686,0.115671,0.220456,-0.000295,-0.005723,-0.017228,-0.046197,-0.110213,-0.000424,-0.001067,-0.012175,-0.055584,-0.133565,-0.000519,0.002055,0.008067,0.008234,0.006255,-5e-06,0.000427,0.00033,0.000226,0.000281,-0.000893,-0.004021,-0.006899,-0.006975,-0.008964,0.227556,-0.475745,-0.158194,-0.924259,0,0,1,0,0,0,0,0,0,0,0
2875,0.001415,0.003597,0.007429,0.008815,0.009552,0.000177,0.000265,0.000177,-0.000413,0.007193,0.000531,0.008815,0.03921,0.084582,0.13016,0.000206,-0.00056,-0.013237,-0.032076,-0.059906,0.003567,0.011085,0.016333,0.018721,0.021168,0.001179,0.003921,0.007488,0.007134,0.007695,0.000737,0.008579,0.065272,0.167779,0.290657,-0.002801,-0.009346,-0.02444,-0.075354,-0.146935,-0.00146,-0.003426,-0.028347,-0.093679,-0.181769,0.001366,0.004954,0.008812,0.009235,0.00266,0.000195,0.000595,8.7e-05,0.000246,0.00029,-0.001524,-0.005356,-0.00594,-0.006748,-0.009306,0.155929,-0.444893,-0.159845,-0.924697,0,0,1,0,0,0,0,0,0,0,0
2876,0.000973,0.004334,0.0074,0.007694,0.007989,8.8e-05,2.9e-05,8.8e-05,0.002152,0.005189,0.002241,0.022523,0.065948,0.102504,0.140504,-5.9e-05,-0.008608,-0.019634,-0.04484,-0.083961,0.003154,0.011085,0.014269,0.01645,0.017895,0.000914,0.006102,0.006309,0.005985,0.006456,0.000177,0.031308,0.114237,0.218952,0.372575,-0.002624,-0.014121,-0.043071,-0.107044,-0.204153,0.000817,-0.010283,-0.053664,-0.131592,-0.256813,0.001206,0.007214,0.007381,0.005403,0.003116,0.000235,0.000138,3.5e-05,8.9e-05,9.6e-05,-0.00159,-0.004454,-0.004529,-0.006509,-0.007847,0.076578,-0.396141,-0.16242,-0.927568,0,0,1,0,0,0,0,0,0,0,0
2877,0.001209,0.005044,0.006431,0.007168,0.006313,0.0,-8.8e-05,-0.000678,0.006932,0.003894,0.006047,0.036462,0.081862,0.127469,0.175171,-0.000708,-0.013393,-0.032243,-0.060091,-0.115817,0.004366,0.009617,0.012006,0.014455,0.014838,0.001829,0.005398,0.005044,0.005605,0.005398,0.00767,0.064398,0.16697,0.289926,0.431407,-0.003923,-0.019027,-0.069974,-0.1416,-0.260986,-0.002785,-0.027722,-0.093095,-0.181241,-0.244052,0.002384,0.006244,0.006668,8.9e-05,0.003111,0.000166,-0.000345,-0.000185,-0.000141,-0.00014,-0.002252,-0.002839,-0.00365,-0.00622,-0.006756,0.021533,-0.347173,-0.162522,-0.921138,0,0,1,0,0,0,0,0,0,0,0
2878,0.002156,0.005227,0.005522,0.005818,0.002156,-5.9e-05,0.0,0.002067,0.005109,0.004105,0.014264,0.057765,0.094385,0.132451,0.204244,-0.007856,-0.018901,-0.04415,-0.08334,-0.13948,0.003573,0.006763,0.008948,0.010395,0.010277,0.003367,0.003573,0.003249,0.003721,0.003514,0.023508,0.106581,0.211479,0.365371,0.471657,-0.00759,-0.03659,-0.100675,-0.197954,-0.269451,-0.008332,-0.051788,-0.129853,-0.255293,-0.248066,0.003632,0.0038,0.001818,-0.000473,0.001027,-0.000265,-0.00037,-0.000315,-0.000308,-0.000308,-0.00063,-0.000706,-0.00271,-0.004064,-0.006843,-0.026886,-0.341655,-0.164136,-0.917301,0,0,1,0,0,0,0,0,0,0,0
2879,0.001689,0.003082,0.003822,0.002963,-0.00723,-3e-05,-0.000622,0.007022,0.00397,-0.000711,0.016237,0.061838,0.107645,0.155557,0.184801,-0.004859,-0.023793,-0.051763,-0.107734,-0.146638,0.001689,0.004089,0.006548,0.006933,0.006667,0.000207,-0.000148,0.000415,0.000207,0.000326,0.033393,0.136416,0.259913,0.402018,0.527145,-0.007556,-0.058726,-0.130668,-0.25058,-0.302402,-0.016687,-0.082348,-0.170882,-0.23397,-0.157001,0.000233,0.000658,-0.00595,-0.002914,0.003863,-0.000256,-9.1e-05,-4.5e-05,-4.4e-05,-4.2e-05,4e-05,-0.000797,-0.003447,-0.004,-0.011632,-0.104873,-0.307471,-0.168669,-0.92016,0,0,1,0,0,0,0,0,0,0,0
2880,0.001397,0.001695,0.001992,-0.001695,-0.013141,8.9e-05,0.00217,0.005233,0.004222,-0.005857,0.027501,0.064367,0.102689,0.174965,0.179989,-0.006243,-0.031663,-0.071116,-0.127633,-0.155075,0.001516,0.003716,0.005173,0.005054,0.004579,0.0,-0.000327,0.000149,-5.9e-05,-5.9e-05,0.050126,0.155729,0.310655,0.417655,0.557538,-0.021614,-0.08613,-0.184062,-0.25604,-0.328404,-0.027005,-0.105594,-0.231877,-0.224602,-0.085928,-6.5e-05,-0.00206,-0.004367,-0.002857,0.009351,0.000152,0.00021,0.000217,0.000217,0.000225,-0.000121,-0.002221,-0.00364,-0.006552,-0.014449,-0.165841,-0.279568,-0.170043,-0.921624,0,0,1,0,0,0,0,0,0,0,0
2881,0.0,0.000744,-0.000119,-0.010361,-0.016047,-0.000685,0.006996,0.00393,-0.000774,-0.005686,0.01828,0.064308,0.11245,0.141835,0.194412,-0.012772,-0.040877,-0.097117,-0.136208,-0.170684,0.000893,0.003364,0.003751,0.003483,-8.9e-05,-0.000357,0.000208,0.0,0.000119,-0.000506,0.053322,0.177412,0.3202,0.445928,0.611729,-0.029772,-0.102059,-0.222547,-0.274619,-0.369235,-0.038934,-0.127893,-0.191284,-0.113946,0.014144,0.000493,-0.006147,-0.003097,0.003713,0.008361,1.7e-05,6.5e-05,6.6e-05,6.8e-05,-9.1e-05,-0.000743,-0.003484,-0.004056,-0.011948,-0.012998,-0.266903,-0.224379,-0.16989,-0.917967,0,0,1,0,0,0,0,0,0,0,0
2882,0.000298,0.000596,-0.0031,-0.014576,-0.023757,0.002772,0.005842,0.004829,-0.005276,-0.001937,0.01866,0.057082,0.129544,0.134581,0.208534,-0.012698,-0.052253,-0.108917,-0.136429,-0.191007,0.001312,0.002772,0.002653,0.002176,-0.003666,3e-05,0.000507,0.000298,0.000298,-0.000894,0.052491,0.207819,0.315096,0.455341,0.621519,-0.034875,-0.133061,-0.205225,-0.277777,-0.38425,-0.039812,-0.166423,-0.159128,-0.020096,0.085365,-0.002493,-0.004806,-0.003292,0.008948,0.005303,4.2e-05,4.9e-05,4.9e-05,5.7e-05,3.7e-05,-0.001389,-0.002834,-0.005799,-0.01384,-0.018051,-0.325779,-0.182311,-0.168474,-0.910322,0,0,1,0,0,0,0,0,0,0,0
2883,0.000448,-0.000418,-0.01069,-0.016393,-0.030725,0.004927,0.001851,-0.002866,-0.007793,-0.004688,0.02747,0.075753,0.105224,0.157955,0.220032,-0.015467,-0.071871,-0.111076,-0.145653,-0.208357,0.001165,0.001553,0.001284,-0.002299,-0.007405,0.000537,0.000328,0.000448,-0.000179,-0.005703,0.071871,0.215075,0.34117,0.507456,0.628086,-0.037563,-0.158403,-0.210626,-0.305518,-0.390288,-0.049338,-0.112914,-0.03535,0.093114,0.155444,-0.004161,-0.001102,0.005728,0.010389,0.004149,6e-06,7e-06,9e-06,-0.000153,0.000226,-0.001391,-0.001974,-0.010029,-0.011101,-0.021936,-0.378838,-0.145666,-0.174456,-0.899092,0,0,1,0,0,0,0,0,0,0,0
2884,-0.000149,-0.003856,-0.015363,-0.024569,-0.037002,-0.001853,-0.002869,-0.013002,-0.009654,-0.010282,0.011029,0.083688,0.08874,0.162893,0.224135,-0.02418,-0.080998,-0.108586,-0.163312,-0.205186,0.000299,0.000179,-0.000299,-0.006157,-0.011507,-6e-05,-0.000269,-0.000269,-0.001465,-0.012972,0.083808,0.191377,0.332004,0.498633,0.592484,-0.060853,-0.133214,-0.205963,-0.312726,-0.388733,-0.077568,-0.070254,0.069157,0.174905,0.219518,0.001847,0.003365,0.015638,0.011983,0.003159,1e-06,1e-06,1e-05,-1.1e-05,-0.002274,-7.2e-05,-0.003094,-0.011289,-0.015581,-0.024671,-0.410638,-0.111682,-0.175264,-0.887463,0,0,1,0,0,0,0,0,0,0,0
2885,-0.00072,-0.011034,-0.016761,-0.031153,-0.037599,-0.001229,-0.005967,-0.010914,-0.007796,-0.008425,0.037419,0.067013,0.119964,0.182299,0.243556,-0.032382,-0.07175,-0.106471,-0.169436,-0.19864,9e-05,-0.00018,-0.003778,-0.008905,-0.014152,-0.00015,-3e-05,-0.00066,-0.006207,-0.019459,0.059727,0.186347,0.353325,0.474458,0.547048,-0.060297,-0.112738,-0.208025,-0.293148,-0.361151,0.013973,0.09186,0.220859,0.283449,0.311589,0.001219,0.008078,0.012758,0.006493,-0.005432,0.0,2e-06,-0.000165,0.000225,-0.003953,-0.000527,-0.008819,-0.009923,-0.021077,-0.025182,-0.443988,-0.081408,-0.175354,-0.876883,0,0,1,0,0,0,0,0,0,0,0
2886,-0.002978,-0.014444,-0.023617,-0.036007,-0.043214,0.000208,-0.009888,-0.006552,-0.007178,-0.006195,0.035233,0.040266,0.114156,0.17518,0.244692,-0.024451,-0.05194,-0.106472,-0.148197,-0.188403,-0.000208,-0.000685,-0.006522,-0.011853,-0.016589,-6e-05,-6e-05,-0.001251,-0.012717,-0.018882,0.04786,0.187986,0.354023,0.447539,0.535308,-0.012211,-0.084701,-0.191084,-0.26682,-0.33383,-0.006591,0.132323,0.237695,0.282149,0.311347,0.000301,0.012531,0.008889,9.6e-05,-0.00617,0.0,8e-06,-1.2e-05,-0.002219,-0.00463,-0.002445,-0.010438,-0.014624,-0.02349,-0.026946,-0.490468,-0.046642,-0.175256,-0.867542,0,0,1,0,0,0,0,0,0,0,0
2887,-0.007241,-0.012909,-0.027153,-0.033533,-0.044395,-0.004896,-0.009793,-0.006707,-0.00733,-0.006291,-0.005816,0.046591,0.108286,0.168913,0.230401,-0.0146,-0.048965,-0.111283,-0.140187,-0.182534,-5.9e-05,-0.00362,-0.008695,-0.013888,-0.017123,0.000178,-0.000445,-0.005935,-0.019052,-0.018547,0.077631,0.242894,0.362784,0.434628,0.512378,-0.039736,-0.134045,-0.218293,-0.285598,-0.337203,0.083655,0.211329,0.273276,0.301127,0.319839,0.006488,0.01112,0.004919,-0.006884,-0.0054,2e-06,-0.000154,0.000209,-0.003678,-0.003472,-0.00533,-0.006357,-0.016734,-0.020552,-0.026604,-0.513187,-0.029863,-0.17689,-0.863778,0,0,1,0,0,0,0,0,0,0,0
2888,-0.004182,-0.013317,-0.025655,-0.032832,-0.040603,-0.005161,-0.001839,-0.002462,-0.001483,0.000771,0.010825,0.084409,0.145179,0.214403,0.247887,-0.012783,-0.067088,-0.10864,-0.148679,-0.183824,-0.000415,-0.006228,-0.011537,-0.016253,-0.017973,-0.000178,-0.001364,-0.012783,-0.018922,-0.018566,0.061957,0.227304,0.320432,0.407836,0.459116,-0.032476,-0.138417,-0.213839,-0.280571,-0.314708,0.054731,0.159665,0.203934,0.233011,0.247862,0.005695,0.002068,-0.006688,-0.012928,-0.013123,6e-06,-1.3e-05,-0.002158,-0.004499,-0.002175,-0.002455,-0.00652,-0.015132,-0.018488,-0.023615,-0.535788,-0.012854,-0.177074,-0.857773,0,0,1,0,0,0,0,0,0,0,0
2889,-0.00148,-0.015684,-0.022047,-0.032878,-0.038057,0.000266,0.003344,0.002723,0.003758,0.007073,0.04146,0.102985,0.163444,0.224761,0.239676,-0.021514,-0.08366,-0.112484,-0.154714,-0.182768,-0.003137,-0.008197,-0.013376,-0.016602,-0.017874,-0.000444,-0.005919,-0.018999,-0.018496,-0.017904,0.102985,0.222542,0.294187,0.371721,0.405902,-0.061643,-0.145658,-0.212776,-0.264238,-0.29105,0.07271,0.134485,0.162259,0.180919,0.197074,-0.001062,-0.007246,-0.019016,-0.017537,-0.01908,-0.000158,0.000197,-0.003615,-0.003413,-0.000638,0.00141,-0.008767,-0.012512,-0.018447,-0.022024,-0.543023,-0.006746,-0.177654,-0.854804,0,0,1,0,0,0,0,0,0,0,0
2890,-0.007603,-0.019862,-0.026994,-0.034715,-0.038664,0.003035,0.002416,0.003389,0.005629,0.011287,0.031827,0.092209,0.160991,0.194261,0.196442,-0.032534,-0.07382,-0.113604,-0.148525,-0.176226,-0.002652,-0.007927,-0.012613,-0.014322,-0.015177,-0.000737,-0.012082,-0.018183,-0.017829,-0.015,0.061738,0.154272,0.241117,0.29207,0.303357,-0.04388,-0.11882,-0.185126,-0.219045,-0.232925,0.031858,0.075846,0.104736,0.119493,0.120987,-0.002546,-0.011246,-0.017446,-0.01764,-0.019486,0.000135,-0.001915,-0.004153,-0.001931,0.002552,-0.005256,-0.013491,-0.0167,-0.021601,-0.024483,-0.538916,-0.012198,-0.176394,-0.850764,0,0,1,0,0,0,0,0,0,0,0
2891,-0.006508,-0.012811,-0.02354,-0.02867,-0.034181,2.9e-05,-0.000586,0.00044,0.003723,0.011022,0.029286,0.089177,0.149917,0.164692,0.16393,-0.029198,-0.057751,-0.099583,-0.127374,-0.152233,-0.002375,-0.007505,-0.0107,-0.011961,-0.013397,-0.00469,-0.017648,-0.017149,-0.016563,-0.010231,0.057018,0.12799,0.204795,0.238654,0.237042,-0.039575,-0.106062,-0.157041,-0.1836,-0.188643,0.029503,0.057015,0.0755,0.091503,0.08167,-0.003594,-0.015253,-0.013787,-0.015316,-0.015083,0.000202,-0.003366,-0.003177,-0.00058,0.003863,-0.004459,-0.007964,-0.01352,-0.016868,-0.019952,-0.531016,-0.024113,-0.175284,-0.849164,0,0,1,0,0,0,0,0,0,0,0
2892,-0.005647,-0.012692,-0.020319,-0.02422,-0.03205,-0.00064,0.00032,0.002533,0.008122,0.010945,0.030566,0.098508,0.131373,0.133528,0.13507,-0.01179,-0.051088,-0.085583,-0.112947,-0.126396,-0.002853,-0.007481,-0.00917,-0.010014,-0.011469,-0.00655,-0.012576,-0.012226,-0.009432,0.001892,0.034786,0.120574,0.170905,0.182054,0.172651,-0.034728,-0.100226,-0.133731,-0.147442,-0.140601,0.014155,0.042693,0.05727,0.058746,0.04007,-0.005026,-0.011151,-0.011342,-0.013165,-0.003186,-0.002074,-0.004129,-0.002089,0.002025,0.004993,-0.003312,-0.006257,-0.010755,-0.0134,-0.016047,-0.521751,-0.037408,-0.175301,-0.856866,0,0,1,0,0,0,0,0,0,0,0
2893,-0.000608,-0.0112,-0.016265,-0.021705,-0.031053,2.9e-05,0.001042,0.004283,0.011489,0.011026,0.028738,0.088703,0.103289,0.102537,0.106472,-0.016467,-0.057765,-0.085201,-0.109743,-0.120422,-0.002228,-0.005383,-0.006627,-0.008045,-0.009782,-0.00628,-0.005788,-0.005209,0.001042,0.012068,0.035481,0.111306,0.144732,0.14314,0.126962,-0.031111,-0.081439,-0.107659,-0.112637,-0.101697,0.013089,0.031337,0.047136,0.037429,0.010081,-0.006514,-0.005067,-0.006576,-0.006346,0.006871,-0.00127,-0.001097,0.001277,0.005337,0.007421,-2.5e-05,-0.005102,-0.008162,-0.010981,-0.013943,-0.506269,-0.053775,-0.176141,-0.858983,1,0,0,0,0,0,0,0,0,0,0
2894,-0.006384,-0.013953,-0.017824,-0.025595,-0.034493,0.000924,0.00312,0.008667,0.011469,0.011527,0.03874,0.071355,0.073493,0.075024,0.074041,-0.022562,-0.056795,-0.08395,-0.097297,-0.112983,-0.002369,-0.004044,-0.004882,-0.006327,-0.010342,0.000289,0.000636,0.003409,0.014647,0.02106,0.049717,0.099666,0.11073,0.101399,0.079126,-0.033944,-0.067195,-0.080801,-0.074012,-0.064075,0.015256,0.029722,0.031186,0.012653,-0.017031,0.000424,0.000234,-0.001576,0.008328,0.015844,-0.000693,0.00124,0.00514,0.007954,0.009971,-0.002767,-0.007031,-0.009539,-0.012048,-0.014216,-0.491533,-0.06701,-0.177448,-0.861499,1,0,0,0,0,0,0,0,0,0,0
2895,-0.004195,-0.009259,-0.014699,-0.024045,-0.029195,8.7e-05,0.003327,0.010532,0.010069,0.014728,0.021151,0.035734,0.034982,0.038917,0.034432,-0.018692,-0.046122,-0.070658,-0.081335,-0.097046,-0.000781,-0.002025,-0.003443,-0.005179,-0.008073,0.000203,0.000781,0.007031,0.018055,0.02335,0.026012,0.059431,0.05784,0.041666,0.021325,-0.016319,-0.042534,-0.04751,-0.036573,-0.025665,0.002964,0.01876,0.009054,-0.018288,-0.043024,0.001022,-0.000487,-0.000257,0.012957,0.014241,0.000873,0.003244,0.007298,0.009379,0.011578,-0.002271,-0.005327,-0.008142,-0.011099,-0.012708,-0.47962,-0.077491,-0.178267,-0.862741,1,0,0,0,0,0,0,0,0,0,0
2896,-0.003392,-0.007277,-0.015077,-0.024007,-0.024181,0.002117,0.007683,0.010496,0.010554,0.017947,0.011539,0.013685,0.015222,0.014236,0.007509,-0.015628,-0.042882,-0.056277,-0.07202,-0.098462,-0.000899,-0.00174,-0.003189,-0.007219,-0.007277,0.000145,0.002928,0.014207,0.020643,0.025253,0.024065,0.035169,0.025804,0.00345,-0.012293,-0.017019,-0.030675,-0.023862,-0.013888,-0.005683,0.011548,0.013018,-0.005583,-0.035375,-0.055181,-0.001214,-0.003031,0.006909,0.014452,0.011831,0.001097,0.005097,0.007984,0.010053,0.012801,-0.00207,-0.004642,-0.007216,-0.00944,-0.010232,-0.470291,-0.086679,-0.178723,-0.862683,1,0,0,0,0,0,0,0,0,0,0
2897,-0.001687,-0.007154,-0.016547,-0.021723,-0.02056,0.001134,0.008375,0.00791,0.012592,0.020996,0.003083,0.002326,0.006281,0.001774,-0.007241,-0.011894,-0.036555,-0.047286,-0.063077,-0.089918,-0.000349,-0.001774,-0.003519,-0.006427,-0.006369,0.000436,0.006718,0.017798,0.023119,0.02815,0.009451,0.007852,-0.008404,-0.028848,-0.044843,-0.009277,-0.014279,-0.003286,0.007677,0.012418,0.004293,-0.005462,-0.032942,-0.057803,-0.074013,-0.000298,-6.8e-05,0.013213,0.014504,0.010954,0.001335,0.005535,0.007691,0.00997,0.012441,-0.001052,-0.003968,-0.007032,-0.008699,-0.008661,-0.458783,-0.092743,-0.179091,-0.863251,1,0,0,0,0,0,0,0,0,0,0
2898,-0.00221,-0.010031,-0.018987,-0.019161,-0.019394,0.004449,0.007269,0.007327,0.014742,0.027157,-0.00093,0.000611,-0.000378,-0.007124,-0.012445,-0.015439,-0.028872,-0.044661,-0.071178,-0.081384,-0.000494,-0.001948,-0.00599,-0.006048,-0.006019,0.002355,0.013666,0.020121,0.024744,0.031082,0.001686,-0.007705,-0.030123,-0.045911,-0.06923,-0.00442,0.002413,0.012415,0.020644,0.02393,-0.002818,-0.021472,-0.051348,-0.07121,-0.092112,-0.001524,0.008444,0.016009,0.013381,0.007669,0.002747,0.005691,0.007802,0.010605,0.011236,-0.001573,-0.004199,-0.006467,-0.007275,-0.008935,-0.44111,-0.098795,-0.179567,-0.864169,1,0,0,0,0,0,0,0,0,0,0
2899,-0.003245,-0.012604,-0.017761,-0.016602,-0.01724,0.002782,0.002318,0.006983,0.015356,0.026772,0.000174,0.004114,-0.000377,-0.009359,-0.012807,-0.009185,-0.019876,-0.035609,-0.062352,-0.066611,-0.000927,-0.002666,-0.005563,-0.005505,-0.005418,0.003911,0.014951,0.020253,0.025265,0.030278,-0.003274,-0.019471,-0.039839,-0.055775,-0.079592,-0.000579,0.010373,0.021296,0.026019,0.029264,-0.006911,-0.03429,-0.05906,-0.075209,-0.096809,0.001748,0.01498,0.016266,0.012729,0.006851,0.001413,0.003514,0.005735,0.008143,0.008282,-0.001307,-0.004293,-0.005917,-0.005881,-0.007899,-0.430991,-0.102614,-0.18014,-0.864931,1,0,0,0,0,0,0,0,0,0,0
2900,-0.004528,-0.013412,-0.013585,-0.013816,-0.014624,2.9e-05,8.7e-05,0.007442,0.019758,0.029017,0.001356,0.000375,-0.006317,-0.011595,-0.013239,-0.004182,-0.019845,-0.04615,-0.056274,-0.057918,-0.000519,-0.004528,-0.004586,-0.004557,-0.005019,0.007326,0.01373,0.018316,0.024604,0.02645,-0.006057,-0.028296,-0.043958,-0.067091,-0.080994,0.007355,0.017277,0.02544,0.0287,0.030805,-0.011625,-0.041263,-0.060966,-0.081701,-0.094505,0.008148,0.015652,0.013045,0.007379,0.000434,0.001414,0.00341,0.00606,0.006657,0.006684,-0.001216,-0.003361,-0.004124,-0.005694,-0.00755,-0.425373,-0.105141,-0.179824,-0.864285,1,0,0,0,0,0,0,0,0,0,0
2901,-0.004788,-0.009922,-0.008768,-0.009402,-0.010816,-0.00049,0.004153,0.012489,0.023852,0.033832,0.002567,-0.001904,-0.010845,-0.014277,-0.016238,-0.006461,-0.022122,-0.048743,-0.052983,-0.055059,-0.001211,-0.004096,-0.004038,-0.003951,-0.005595,0.003663,0.008941,0.013931,0.01892,0.019468,-0.010066,-0.030342,-0.046205,-0.069913,-0.077585,0.003548,0.014421,0.019122,0.022353,0.025208,-0.01563,-0.040287,-0.056363,-0.077864,-0.084593,0.005024,0.006304,0.002783,-0.003068,-0.012106,0.000621,0.002772,0.005104,0.005239,0.005381,-0.001677,-0.00325,-0.003214,-0.005169,-0.007027,-0.422945,-0.107534,-0.179061,-0.864595,1,0,0,0,0,0,0,0,0,0,0
2902,-0.004086,-0.004258,-0.004488,-0.005294,-0.006704,0.000547,0.007883,0.020169,0.029405,0.036828,-0.003539,-0.010214,-0.015479,-0.017119,-0.019766,-0.009178,-0.035418,-0.045517,-0.047157,-0.046898,-0.002791,-0.002848,-0.00282,-0.00328,-0.006359,0.002733,0.007308,0.01358,0.015422,0.018443,-0.012142,-0.027765,-0.05084,-0.064708,-0.068592,0.006359,0.014501,0.017752,0.019853,0.021809,-0.013972,-0.033626,-0.054309,-0.067081,-0.068692,0.002473,-0.000127,-0.005779,-0.012707,-0.01741,0.00135,0.003955,0.00454,0.004567,0.004623,-0.000459,-0.00121,-0.002752,-0.004576,-0.00446,-0.422172,-0.10788,-0.177248,-0.868232,1,0,0,0,0,0,0,0,0,0,0
2903,-0.001035,0.000115,-0.000518,-0.001927,-0.00256,0.004084,0.012395,0.023727,0.033678,0.036812,-0.00092,-0.009836,-0.013258,-0.015214,-0.015502,-0.006442,-0.032987,-0.037215,-0.039286,-0.035547,-8.6e-05,-2.9e-05,5.8e-05,-0.001582,-0.003566,0.002531,0.007506,0.012482,0.013028,0.02203,-0.008081,-0.023899,-0.04754,-0.05519,-0.055564,0.004487,0.009174,0.012395,0.015243,0.015933,-0.010621,-0.026651,-0.048091,-0.0548,-0.054154,-0.001196,-0.004707,-0.010542,-0.019553,-0.014394,0.000762,0.003048,0.00318,0.003319,0.0032,-0.001084,-0.001049,-0.002965,-0.004787,-0.002787,-0.422682,-0.108231,-0.177296,-0.875062,1,0,0,0,0,0,0,0,0,0,0
2904,0.000861,0.000632,-0.000172,-0.001579,-0.001436,0.003244,0.015504,0.02472,0.032128,0.032271,-0.005742,-0.010996,-0.012633,-0.015274,-0.011283,-0.019753,-0.029831,-0.031467,-0.031209,-0.028424,2.9e-05,5.7e-05,-0.000402,-0.003474,-0.003417,0.002038,0.008298,0.010135,0.01315,0.021074,-0.007522,-0.030549,-0.044387,-0.048263,-0.042464,0.003646,0.006891,0.008987,0.010939,0.012719,-0.00901,-0.02965,-0.042395,-0.044002,-0.042005,-0.001401,-0.007041,-0.013954,-0.018647,-0.011271,0.001813,0.002391,0.002417,0.002472,0.002451,0.000332,-0.001188,-0.002985,-0.002871,-0.001248,-0.42846,-0.109395,-0.17777,-0.878954,1,0,0,0,0,0,0,0,0,0,0
2905,0.000287,-0.000344,-0.00175,-0.002381,-0.00132,0.00505,0.016354,0.026282,0.029409,0.028061,-0.003156,-0.00657,-0.008522,-0.008808,-0.004447,-0.006743,-0.01096,-0.013026,-0.009296,-0.005853,2.9e-05,0.000115,-0.001521,-0.0035,-0.003414,0.002927,0.00789,0.008435,0.017416,0.021117,-0.008263,-0.031848,-0.03948,-0.039853,-0.031906,0.001033,0.004246,0.007087,0.007776,0.010559,-0.006988,-0.028378,-0.035071,-0.034427,-0.030788,-0.002102,-0.007924,-0.016914,-0.011767,-0.007252,0.000444,0.000573,0.00071,0.000593,0.000601,-0.000296,-0.002181,-0.003973,-0.002005,-0.000312,-0.432295,-0.110696,-0.177136,-0.882627,1,0,0,0,0,0,0,0,0,0,0
2906,-0.000516,-0.001319,-0.002724,-0.002581,-0.001032,0.007198,0.016404,0.023802,0.023946,0.022713,-0.002093,-0.003728,-0.006366,-0.00238,0.004732,-0.003327,-0.004961,-0.004703,-0.001921,0.016748,0.0,-0.000459,-0.003527,-0.00347,-0.002753,0.003327,0.005162,0.008173,0.016088,0.022655,-0.01474,-0.028563,-0.032434,-0.026641,-0.013249,0.002208,0.004302,0.006252,0.00803,0.010295,-0.013631,-0.026361,-0.027966,-0.025972,-0.015517,-0.003532,-0.010437,-0.015125,-0.007757,-0.000571,0.00013,0.000156,0.000211,0.000191,-0.000464,-0.001212,-0.002995,-0.002882,-0.001272,0.000929,-0.443948,-0.111586,-0.178024,-0.889572,1,0,0,0,0,0,0,0,0,0,0
2907,-0.000115,-0.001519,-0.002149,-0.001089,0.000487,0.004097,0.014011,0.017134,0.015788,0.015415,-0.001318,-0.003266,-0.003553,0.000802,0.006819,-0.000888,-0.002951,0.000774,0.004212,0.038194,8.6e-05,-0.001547,-0.003524,-0.003438,-0.002378,0.001633,0.002178,0.011146,0.014842,0.020745,-0.008825,-0.016447,-0.016819,-0.008882,0.006246,0.001003,0.003839,0.004527,0.007306,0.018682,-0.007742,-0.014426,-0.013782,-0.010148,0.004948,-0.002284,-0.011262,-0.006122,-0.001613,0.004221,-1e-06,0.000135,1.8e-05,2.6e-05,-0.000897,-0.000662,-0.002437,-0.000488,0.001189,0.002906,-0.449545,-0.122274,-0.178464,-0.892493,1,0,0,0,0,0,0,0,0,0,0
2908,-0.000687,-0.002091,-0.001947,-0.000401,0.003895,0.005098,0.012487,0.01263,0.011398,0.008649,-0.000315,-0.00295,0.001031,0.008134,0.009623,-0.000745,-0.000487,0.002291,0.020935,0.064553,-0.000544,-0.003609,-0.003551,-0.002835,-0.001489,0.0002,0.003208,0.011112,0.01767,0.019131,-0.004983,-0.008849,-0.003064,0.01031,0.022539,0.001088,0.003036,0.004811,0.007074,0.027007,-0.004975,-0.006579,-0.004587,0.005854,0.023796,-0.004613,-0.009294,-0.001936,0.00524,0.008398,2.7e-05,8.1e-05,6.1e-05,-0.000588,-0.001727,-0.001107,-0.000994,0.0006,0.002781,0.00581,-0.457979,-0.129282,-0.179361,-0.893992,1,0,0,0,0,0,0,0,0,0,0
2909,-0.000716,-0.001345,-0.000286,0.001288,0.006469,0.004809,0.007929,0.006584,0.006212,-0.003177,-0.001632,-0.001918,0.002433,0.008444,0.009647,-0.001317,0.002405,0.00584,0.039789,0.083901,-0.001088,-0.003063,-0.002977,-0.001918,0.000258,0.000344,0.009303,0.012996,0.018893,0.018893,-0.002634,-0.003006,0.004924,0.020038,0.032862,0.001746,0.002433,0.00521,0.016574,0.040906,-0.001705,-0.001062,0.002569,0.01765,0.035333,-0.004359,0.000777,0.005281,0.01111,0.019225,0.000108,-8e-06,0.0,-0.000917,-0.001847,-0.00066,0.001276,0.002941,0.004647,0.00891,-0.463586,-0.142865,-0.178813,-0.894208,1,0,0,0,0,0,0,0,0,0,0
2910,-0.000687,-0.000544,0.001003,0.005299,0.008393,0.002578,0.002721,0.00149,-0.00126,-0.013836,-0.001003,0.002979,0.010083,0.011573,0.011888,0.001575,0.004354,0.023002,0.066629,0.102951,-0.001977,-0.001919,-0.001203,0.000143,0.001661,0.002664,0.01057,0.01713,0.018591,0.018476,-0.001232,0.004555,0.017932,0.030163,0.037783,0.000201,0.001977,0.004239,0.024176,0.058579,0.000102,0.002095,0.012538,0.030483,0.037988,-0.000321,0.007039,0.014217,0.017375,0.028875,-5.4e-05,-7.4e-05,-0.000724,-0.001865,-0.001789,0.000776,0.002372,0.004557,0.00759,0.011687,-0.465243,-0.159435,-0.176977,-0.897657,1,0,0,0,0,0,0,0,0,0,0
2911,5.7e-05,0.001118,0.002696,0.007886,0.009721,0.000545,-0.000803,-0.001176,-0.010582,-0.028476,0.000717,0.005076,0.011098,0.012302,0.012646,0.002151,0.005592,0.039602,0.083792,0.135467,0.0,8.6e-05,0.001147,0.003326,0.003699,0.006309,0.010008,0.015915,0.015915,0.015801,0.00086,0.008804,0.023945,0.036792,0.038713,0.000487,0.003269,0.014654,0.039028,0.090445,0.000542,0.004179,0.019287,0.037002,0.038564,0.005465,0.009977,0.015817,0.023946,0.040624,-6.2e-05,-5.4e-05,-0.000983,-0.001925,-0.0019,0.001178,0.002865,0.004592,0.008909,0.014553,-0.463675,-0.189637,-0.17547,-0.904562,1,0,0,0,0,0,0,0,0,0,0
2912,8.6e-05,0.001636,0.00594,0.009038,0.011449,-0.000402,-0.001636,-0.00439,-0.016986,-0.031792,0.003271,0.010387,0.011879,0.012195,0.008522,0.000631,0.019311,0.063011,0.099394,0.156551,5.7e-05,0.000775,0.002123,0.003644,0.004333,0.001607,0.008178,0.009641,0.009526,0.007977,0.004935,0.018335,0.030587,0.03822,0.038076,0.001291,0.003558,0.023529,0.057989,0.120541,0.001454,0.011914,0.02989,0.037407,0.038833,0.001904,0.009094,0.012257,0.023777,0.036059,4.2e-05,-0.000615,-0.001769,-0.001692,-0.00117,0.000432,0.002642,0.005711,0.009858,0.014855,-0.465536,-0.219273,-0.173803,-0.905057,1,0,0,0,0,0,0,0,0,0,0
2913,0.000978,0.00256,0.007767,0.009608,0.015994,-0.000949,-0.001323,-0.010758,-0.028708,-0.034144,0.001093,0.007134,0.008342,0.008687,-0.015763,0.002819,0.036935,0.081262,0.133097,0.172017,2.9e-05,0.001093,0.003279,0.003653,0.005811,0.0021,0.008026,0.008026,0.00791,0.006328,0.00302,0.018208,0.031095,0.033023,0.027154,0.001496,0.012916,0.037366,0.088942,0.152974,0.002191,0.017346,0.035116,0.036683,0.046356,0.002618,0.008476,0.01663,0.033359,0.035954,-3.5e-05,-0.000984,-0.001946,-0.001921,0.000722,0.001283,0.003049,0.00746,0.013229,0.01841,-0.459551,-0.24958,-0.173159,-0.90412,1,0,0,0,0,0,0,0,0,0,0
2914,0.000576,0.004898,0.00801,0.01043,0.022185,-0.000288,-0.003054,-0.015703,-0.03057,-0.032875,0.006051,0.007549,0.007866,0.004178,-0.034085,0.015933,0.059814,0.096347,0.153741,0.181026,0.000691,0.002046,0.003573,0.004264,0.009249,0.004495,0.005964,0.005849,0.004293,0.004379,0.01043,0.022733,0.030397,0.030253,0.009623,0.000778,0.020831,0.055434,0.118245,0.184022,0.008309,0.026359,0.033908,0.03534,0.041967,0.004598,0.007774,0.019341,0.031674,0.032221,-0.000641,-0.00183,-0.00175,-0.001212,0.002794,0.000977,0.004136,0.008404,0.013548,0.020943,-0.4478,-0.278215,-0.174038,-0.904678,1,0,0,0,0,0,0,0,0,0,0
2915,0.001011,0.006239,0.008088,0.014501,0.027759,-8.7e-05,-0.009561,-0.027586,-0.033046,-0.031977,0.0,0.001213,0.00156,-0.022993,-0.055259,0.018285,0.062798,0.114851,0.153933,0.182155,0.000376,0.002571,0.002946,0.005113,0.009937,0.001444,0.001444,0.001329,-0.00026,5.8e-05,0.004795,0.017736,0.019671,0.013779,-0.012479,0.010688,0.035241,0.087033,0.151334,0.213207,0.006888,0.024732,0.026306,0.03602,0.034769,0.001273,0.009462,0.026261,0.028866,0.026015,-0.000325,-0.001315,-0.001289,0.001432,0.004795,0.000823,0.005366,0.011305,0.016641,0.024935,-0.440474,-0.302321,-0.17307,-0.906964,1,0,0,0,0,0,0,0,0,0,0
2916,0.003327,0.006452,0.008883,0.020688,0.038656,-0.002691,-0.015393,-0.030323,-0.032637,-0.031249,0.001505,0.001823,-0.001881,-0.040305,-0.071669,0.025751,0.062439,0.120075,0.147476,0.184598,0.000984,0.002517,0.003212,0.008217,0.012008,2.9e-05,-8.7e-05,-0.001649,-0.001562,-0.000868,0.007552,0.015248,0.015103,-0.005613,-0.025346,0.009432,0.044182,0.107258,0.173314,0.248484,0.011227,0.018808,0.020245,0.026901,0.033356,0.001915,0.013531,0.025916,0.026466,0.022405,-0.000895,-0.000814,-0.00026,0.003866,0.007892,0.002421,0.006817,0.012115,0.019732,0.033715,-0.437498,-0.339583,-0.170151,-0.910496,1,0,0,0,0,0,0,0,0,0,0
2917,0.001913,0.003767,0.010201,0.023503,0.044195,-0.00681,-0.024894,-0.030372,-0.029299,-0.030574,-0.00029,5.8e-05,-0.024575,-0.056947,-0.078711,0.018866,0.071089,0.1103,0.138614,0.186142,0.001217,0.001594,0.003767,0.008607,0.011273,-2.9e-05,-0.000145,-0.001739,-0.00142,-0.001507,0.005419,0.007361,0.001449,-0.024894,-0.037704,0.015186,0.067148,0.131659,0.193735,0.297659,0.006658,0.008236,0.017982,0.016728,0.022337,0.006298,0.023152,0.025766,0.022905,0.020003,-0.000108,-8.1e-05,0.002703,0.006144,0.012339,0.002199,0.008277,0.013736,0.022221,0.040451,-0.438001,-0.395147,-0.166203,-0.913324,1,0,0,0,0,0,0,0,0,0,0
2918,0.001217,0.00365,0.015468,0.033457,0.05046,-0.005909,-0.020856,-0.023174,-0.021783,-0.021522,0.000608,-0.003099,-0.041568,-0.072968,-0.091506,0.017873,0.075575,0.103006,0.140171,0.205173,0.000319,0.001014,0.006025,0.00982,0.010023,-8.7e-05,-0.001651,-0.001564,-0.000869,-0.001014,0.002288,0.002144,-0.018597,-0.038352,-0.05469,0.019611,0.082758,0.14889,0.224146,0.345199,0.000935,0.002374,0.009037,0.0155,0.019119,0.005335,0.017734,0.018284,0.014219,0.010334,0.00019,0.000748,0.004907,0.008965,0.015213,0.002239,0.007579,0.015258,0.029353,0.045772,-0.43132,-0.45573,-0.159612,-0.920313,1,0,0,0,0,0,0,0,0,0,0
2919,0.000636,0.007051,0.020316,0.04095,0.055081,-0.012138,-0.017599,-0.01653,-0.017802,-0.015085,-0.00026,-0.024824,-0.057104,-0.078807,-0.109902,0.034245,0.073345,0.10158,0.148974,0.224602,5.8e-05,0.002225,0.007051,0.00971,0.009508,-2.9e-05,-0.001618,-0.0013,-0.001387,0.001647,-0.000347,-0.006242,-0.032511,-0.045285,-0.074617,0.032251,0.09658,0.158481,0.262113,0.384875,0.000642,0.01036,0.009109,0.014703,0.021794,0.011485,0.014091,0.011238,0.008345,0.005908,-0.000161,0.002569,0.005942,0.012016,0.017394,0.003756,0.009108,0.017428,0.035301,0.049002,-0.415448,-0.511408,-0.154224,-0.926187,1,0,0,0,0,0,0,0,0,0,0
2920,0.001782,0.013507,0.031352,0.048221,0.067015,-0.002759,-0.005058,-0.003678,-0.00342,0.019714,-0.00342,-0.041583,-0.072734,-0.091126,-0.121702,0.023191,0.050405,0.087275,0.151761,0.231593,0.000632,0.005604,0.009368,0.00957,0.010489,-0.001523,-0.001437,-0.000747,-0.000891,0.009455,0.000201,-0.020375,-0.039974,-0.056181,-0.092103,0.030576,0.096184,0.170843,0.290936,0.400741,0.00079,0.0074,0.013812,0.017402,0.017157,0.000881,0.001426,-0.002607,-0.006461,-0.022161,0.000683,0.004616,0.008454,0.014364,0.017883,0.00144,0.008702,0.022033,0.037562,0.051327,-0.397351,-0.552895,-0.147902,-0.933734,1,0,0,0,0,0,0,0,0,0,0
2921,0.004584,0.017736,0.038193,0.052204,0.066759,-0.002665,-0.001605,-0.002865,-0.000172,0.034669,-0.020945,-0.052949,-0.074466,-0.105296,-0.12902,0.015644,0.043637,0.090626,0.165608,0.248842,0.001519,0.006303,0.008939,0.008739,0.009799,-5.7e-05,0.000258,0.000172,0.00318,0.008653,-0.006046,-0.03209,-0.044754,-0.073836,-0.104723,0.033294,0.094666,0.197412,0.319125,0.454018,0.008848,0.007608,0.013153,0.020184,0.027301,0.001706,-0.001122,-0.003991,-0.006407,-0.037623,0.001902,0.005079,0.010798,0.015863,0.021931,0.00363,0.011465,0.028296,0.041198,0.048459,-0.38195,-0.626115,-0.139963,-0.926173,1,0,0,0,0,0,0,0,0,0,0
2922,0.007077,0.024798,0.041549,0.060212,0.067603,0.000371,0.001741,0.001998,0.024969,0.054134,-0.017036,-0.04797,-0.066233,-0.096596,-0.120053,0.011443,0.048055,0.112091,0.191365,0.246098,0.003424,0.007163,0.007362,0.008276,0.012499,0.000143,0.000828,0.000685,0.010958,0.019005,-0.014411,-0.033873,-0.049967,-0.085638,-0.139087,0.031989,0.106127,0.225381,0.334419,0.484178,-0.002248,0.004119,0.007684,0.007441,0.015313,-0.001157,-0.005162,-0.00899,-0.02458,-0.045933,0.001896,0.00555,0.011176,0.014528,0.026761,0.003385,0.016078,0.030864,0.043968,0.043801,-0.341371,-0.692837,-0.139841,-0.942409,1,0,0,0,0,0,0,0,0,0,0
2923,0.006024,0.026408,0.040369,0.054872,0.063951,0.000685,-0.000571,0.002113,0.036829,0.050704,-0.014846,-0.036286,-0.067006,-0.090645,-0.115454,0.016445,0.063266,0.13798,0.220916,0.24113,0.001342,0.003968,0.003769,0.004825,0.010107,0.000171,8.6e-05,0.003083,0.008536,0.017244,-0.011534,-0.024153,-0.053131,-0.083907,-0.161905,0.029149,0.131528,0.252806,0.387218,0.517175,0.001014,0.006539,0.013545,0.020637,0.033047,-0.00166,-0.004519,-0.006926,-0.03803,-0.043723,0.001196,0.006774,0.011713,0.017631,0.033435,0.004245,0.020659,0.033242,0.040324,0.042058,-0.30338,-0.759308,-0.139044,-0.946365,1,0,0,0,0,0,0,0,0,0,0
2924,0.011735,0.028535,0.047253,0.054666,0.059417,0.000687,0.000944,0.023984,0.053235,0.048083,-0.016142,-0.034459,-0.064912,-0.088438,-0.11351,0.020235,0.08446,0.163968,0.218863,0.229109,0.002404,0.002604,0.00352,0.007756,0.011477,0.000515,0.000372,0.010676,0.018747,0.013709,-0.007957,-0.024099,-0.059875,-0.113481,-0.193019,0.045135,0.164741,0.274101,0.424303,0.532575,0.00537,0.008945,0.008701,0.016597,0.040718,-0.002352,-0.006191,-0.021828,-0.043243,-0.043291,0.002513,0.008257,0.011678,0.024167,0.041008,0.008639,0.023733,0.037111,0.03694,0.03756,-0.259486,-0.800718,-0.138662,-0.945702,1,0,0,0,0,0,0,0,0,0,0
2925,0.008732,0.022777,0.037368,0.046501,0.051643,-0.001953,0.000747,0.035673,0.049632,0.048598,-0.005371,-0.036276,-0.060058,-0.085018,-0.113568,0.026798,0.101964,0.185402,0.205738,0.211597,0.00023,2.9e-05,0.001091,0.006405,0.011001,-0.000603,0.002413,0.007899,0.016659,0.015309,-0.00471,-0.033864,-0.064826,-0.143295,-0.236614,0.057703,0.179715,0.31494,0.445683,0.533918,0.000171,0.007219,0.014354,0.026838,0.051033,-0.000516,-0.002937,-0.034229,-0.039957,-0.040351,0.003242,0.008394,0.014567,0.031053,0.050422,0.008267,0.021392,0.02878,0.030589,0.030886,-0.205235,-0.844099,-0.135515,-0.948515,1,0,0,0,0,0,0,0,0,0,0
2926,0.008156,0.027004,0.034468,0.039252,0.04444,0.002219,0.025419,0.054873,0.049685,0.051558,-0.013055,-0.043719,-0.067409,-0.092655,-0.120293,0.037783,0.117844,0.17312,0.183437,0.190123,-2.9e-05,0.000893,0.005159,0.008905,0.010548,0.000461,0.010836,0.018963,0.013891,0.020318,-0.011528,-0.047552,-0.101532,-0.181622,-0.267043,0.062539,0.172659,0.323904,0.432929,0.520743,0.00343,0.003184,0.011135,0.035423,0.074885,-0.003348,-0.019094,-0.040658,-0.040706,-0.036736,0.002709,0.0063,0.019409,0.037087,0.058765,0.007378,0.021421,0.021242,0.021893,0.024526,-0.167692,-0.884056,-0.129472,-0.948615,1,0,0,0,0,0,0,0,0,0,0
2927,0.005979,0.020724,0.029954,0.03515,0.0402,0.000493,0.035789,0.049895,0.04885,0.049634,-0.018083,-0.042116,-0.067339,-0.096191,-0.118598,0.037907,0.122227,0.142777,0.148698,0.151484,-0.000174,0.0009,0.00627,0.010914,0.00865,0.002583,0.008127,0.01698,0.015616,0.021566,-0.017851,-0.04914,-0.128438,-0.222742,-0.306887,0.060315,0.196967,0.329092,0.418258,0.50043,0.003669,0.010879,0.023495,0.047946,0.096921,0.000925,-0.030698,-0.036486,-0.036884,-0.032801,0.002698,0.009342,0.027085,0.047932,0.079352,0.006371,0.014322,0.016269,0.016589,0.021991,-0.115129,-0.922368,-0.123654,-0.951595,1,0,0,0,0,0,0,0,0,0,0
2928,0.013051,0.020596,0.025432,0.030676,0.037871,0.022956,0.052729,0.047485,0.049378,0.047718,-0.012847,-0.036793,-0.062313,-0.09025,-0.10872,0.042882,0.098757,0.109186,0.115944,0.123286,0.001107,0.005419,0.009206,0.010866,0.007137,0.007895,0.01611,0.010983,0.017479,0.01879,-0.018499,-0.073062,-0.15402,-0.240366,-0.339123,0.050777,0.20366,0.313866,0.40263,0.448833,-0.003931,0.004107,0.028658,0.068547,0.081741,-0.016844,-0.038642,-0.03869,-0.034677,-0.033178,0.001105,0.015241,0.034302,0.057678,0.096338,0.008606,0.008413,0.009115,0.011954,0.019791,-0.063186,-0.924815,-0.116178,-0.951713,1,0,0,0,0,0,0,0,0,0,0
2929,0.00175,0.011027,0.016249,0.021325,0.028209,0.012486,0.026663,0.025613,0.026401,0.020479,-0.01129,-0.03664,-0.065637,-0.088158,-0.102277,0.041803,0.062457,0.068408,0.071209,0.084132,-2.9e-05,0.005368,0.010035,0.00776,0.003588,-0.002334,0.006564,0.005193,0.011173,0.012952,-0.012923,-0.092621,-0.1874,-0.27197,-0.356422,0.086495,0.219285,0.308901,0.391487,0.422701,0.011182,0.023862,0.048436,0.097659,0.101754,-0.014915,-0.020732,-0.021132,-0.017028,-0.010689,0.005767,0.024146,0.04574,0.078285,0.110884,-0.000454,0.001563,0.001894,0.007489,0.016048,-0.025104,-0.944096,-0.107672,-0.954507,1,0,0,0,0,0,0,0,0,0,0
2930,0.005781,0.010603,0.015832,0.023008,0.029428,0.017256,0.012027,0.013915,0.012259,-0.003777,-0.012637,-0.038085,-0.065944,-0.084361,-0.098625,0.014089,0.024489,0.031229,0.038549,0.045376,0.004328,0.008105,0.009761,0.006042,0.002411,0.010516,0.005403,0.011881,0.013189,0.016094,-0.041542,-0.122272,-0.208376,-0.306855,-0.380643,0.066321,0.176217,0.264733,0.310806,0.368122,-0.003121,0.021361,0.061139,0.074296,0.118106,-0.006884,-0.006933,-0.002931,-0.001436,0.016333,0.00826,0.026951,0.049871,0.087778,0.121329,0.000251,0.00094,0.003723,0.011408,0.020372,0.016478,-0.97021,-0.099521,-0.957547,1,0,0,0,0,0,0,0,0,0,0
2931,0.003492,0.008746,0.013852,0.020778,0.027792,-0.00317,-0.004226,-0.003434,-0.009391,-0.022803,-0.012737,-0.041908,-0.064565,-0.078769,-0.091124,0.006545,0.012531,0.015349,0.02835,0.035129,0.001057,0.005752,0.003463,-0.000734,-0.00361,-0.001673,-0.003052,0.002964,0.004754,0.009949,-0.038211,-0.133561,-0.218639,-0.303601,-0.372567,0.06659,0.156745,0.239828,0.27123,0.321092,0.01591,0.040631,0.09015,0.09427,0.135101,0.001103,0.0007,0.004829,0.011206,0.028823,0.010297,0.032818,0.06676,0.100758,0.141893,0.001834,0.002179,0.008015,0.016941,0.027225,0.048303,-0.981479,-0.092899,-0.964949,1,0,0,0,0,0,0,0,0,0,0
2932,0.001389,0.006707,0.014005,0.020535,0.027212,-0.002127,-0.000207,-0.001891,-0.0182,-0.022573,-0.013059,-0.041394,-0.060127,-0.074634,-0.08852,0.003989,0.010843,0.018289,0.025232,0.025439,0.002777,0.004461,0.00068,-0.003014,-0.005377,-0.003516,0.003073,0.004402,0.007357,0.012439,-0.04364,-0.131215,-0.231376,-0.306424,-0.376182,0.044733,0.13476,0.18162,0.239915,0.247449,0.008883,0.04934,0.062722,0.10728,0.116381,-0.00116,0.00291,0.004431,0.022503,0.031185,0.010248,0.036054,0.078731,0.116505,0.164265,-0.001147,0.001987,0.010638,0.020731,0.030346,0.091372,-0.972972,-0.088471,-0.967887,1,0,0,0,0,0,0,0,0,0,0
2933,0.003918,0.009082,0.016086,0.02318,0.028017,0.001068,0.00187,-0.004155,-0.017719,-0.020954,-0.016383,-0.039295,-0.05366,-0.066155,-0.080431,0.002048,0.004897,0.018045,0.024901,0.021399,0.001959,-0.000356,-0.0046,-0.007509,-0.008815,0.002137,0.008221,0.010032,0.015285,0.017659,-0.052592,-0.138632,-0.224554,-0.2943,-0.361613,0.04624,0.130262,0.162019,0.212445,0.194993,0.016078,0.066157,0.070324,0.111616,0.10231,0.000757,0.004933,0.011382,0.029199,0.034348,0.013789,0.05051,0.087291,0.131793,0.179142,0.001557,0.007871,0.017527,0.028654,0.035527,0.120788,-0.963609,-0.083505,-0.969619,1,0,0,0,0,0,0,0,0,0,0
2934,0.001427,0.008771,0.015341,0.022061,0.025777,0.000862,-0.000832,-0.017244,-0.021644,-0.022774,-0.012101,-0.03095,-0.045548,-0.059522,-0.068857,0.004846,0.012338,0.019325,0.019533,0.017036,-0.000268,-0.004073,-0.00779,-0.010168,-0.01109,0.004489,0.005827,0.0088,0.013914,0.015668,-0.03544,-0.136228,-0.211746,-0.281941,-0.331027,0.04427,0.091423,0.150083,0.157665,0.131085,0.024604,0.03807,0.082907,0.092065,0.073836,0.003337,0.004867,0.023053,0.031789,0.034358,0.012999,0.057583,0.097044,0.146937,0.182214,0.001697,0.010736,0.021279,0.031323,0.036555,0.144219,-0.944883,-0.080554,-0.969721,1,0,0,0,0,0,0,0,0,0,0
2935,0.003733,0.010725,0.017806,0.022635,0.026191,-5.9e-05,-0.006074,-0.019613,-0.022843,-0.023554,-0.010814,-0.025154,-0.037627,-0.051878,-0.058366,-0.001985,0.01114,0.017984,0.014488,0.010518,-0.002044,-0.006281,-0.009185,-0.010488,-0.01114,0.0016,0.003407,0.008651,0.011021,0.011999,-0.050574,-0.136346,-0.205971,-0.273166,-0.308452,0.03976,0.071462,0.121799,0.104378,0.079846,0.025473,0.029633,0.070853,0.061563,0.046592,0.000843,0.007281,0.025067,0.030207,0.031637,0.023589,0.059924,0.103885,0.150659,0.174078,0.00458,0.014119,0.025111,0.0319,0.036528,0.16036,-0.936,-0.076809,-0.968603,1,0,0,0,0,0,0,0,0,0,0
2936,0.003594,0.010158,0.016871,0.020584,0.027089,-0.001634,-0.01803,-0.022426,-0.023554,-0.023465,-0.00799,-0.022574,-0.036535,-0.045861,-0.049069,0.009475,0.016455,0.016663,0.014168,0.011376,-0.001752,-0.005465,-0.007842,-0.008762,-0.009119,-0.000267,0.002703,0.007812,0.009564,0.011673,-0.04999,-0.125436,-0.195565,-0.244604,-0.268693,0.007248,0.065852,0.073426,0.046871,0.03704,-0.012085,0.03271,0.041859,0.023647,0.021238,0.000683,0.018852,0.02758,0.030147,0.031794,0.020275,0.059476,0.109038,0.144082,0.159454,0.004316,0.014789,0.024767,0.029964,0.037639,0.172207,-0.929982,-0.073114,-0.967566,1,0,0,0,0,0,0,0,0,0,0
2937,0.003418,0.010521,0.015366,0.018932,0.025916,-0.004399,-0.017981,-0.02122,-0.021934,-0.022053,-0.00639,-0.018902,-0.033198,-0.039707,-0.042233,0.003685,0.010551,0.007044,0.003061,0.001129,-0.002497,-0.005409,-0.006717,-0.007371,-0.007371,0.00208,0.007341,0.009719,0.010699,0.012096,-0.036021,-0.105865,-0.173271,-0.208668,-0.22763,0.024549,0.075044,0.057569,0.03296,0.03299,0.016265,0.057615,0.048296,0.033278,0.039059,0.005775,0.023616,0.028773,0.030207,0.031379,0.016782,0.061719,0.10953,0.133469,0.144427,0.005417,0.016652,0.023593,0.028323,0.036163,0.182134,-0.929504,-0.07041,-0.964502,1,0,0,0,0,0,0,0,0,0,0
2938,0.003153,0.009875,0.013593,0.020107,0.024658,-0.012016,-0.016419,-0.017549,-0.01746,-0.017757,-0.008209,-0.022189,-0.031528,-0.034741,-0.036377,0.003302,0.00351,0.001011,-0.001785,-0.002707,-0.001219,-0.003599,-0.004521,-0.004878,-0.004878,0.000892,0.006008,0.007763,0.009875,0.009518,-0.0395,-0.109725,-0.158832,-0.182954,-0.194465,0.034116,0.041701,0.01511,0.005265,0.006306,0.028579,0.037741,0.019504,0.017091,0.021449,0.012414,0.021154,0.023725,0.025374,0.025124,0.022705,0.072745,0.108126,0.123647,0.130308,0.005128,0.015202,0.020449,0.028197,0.033293,0.186126,-0.925541,-0.067873,-0.962216,1,0,0,0,0,0,0,0,0,0,0
2939,0.003963,0.00882,0.012395,0.019398,0.024582,-0.001579,-0.004827,-0.005542,-0.005661,-0.005572,-0.004321,-0.018653,-0.025178,-0.027711,-0.028843,0.003576,6e-05,-0.003933,-0.00587,-0.006645,-0.001698,-0.003009,-0.003665,-0.003665,-0.003546,0.00438,0.006764,0.007747,0.009148,0.008313,-0.030452,-0.098031,-0.133519,-0.152529,-0.159621,0.016448,-0.001073,-0.025744,-0.025715,-0.026459,0.012826,0.003483,-0.011573,-0.005777,-0.004203,0.005451,0.010621,0.012058,0.013233,0.012127,0.022759,0.071435,0.095806,0.106962,0.1113,0.006246,0.013312,0.018128,0.02611,0.031784,0.191102,-0.92297,-0.065048,-0.958606,1,0,0,0,0,0,0,0,0,0,0
2940,0.00278,0.006516,0.013062,0.017635,0.022866,-0.00284,-0.003975,-0.003886,-0.004185,-0.004185,-0.009714,-0.0191,-0.022328,-0.023972,-0.023733,-0.003378,-0.005888,-0.008698,-0.009625,-0.010731,-0.000687,-0.001614,-0.001973,-0.001973,-0.001764,0.000747,0.002511,0.004633,0.004274,0.003168,-0.040023,-0.089372,-0.113613,-0.125181,-0.130142,-0.008877,-0.035599,-0.045493,-0.044447,-0.043192,-0.00366,-0.021986,-0.024411,-0.020032,-0.016383,0.003315,0.005898,0.007555,0.007304,0.006039,0.028528,0.065147,0.081211,0.088106,0.091529,0.004042,0.009473,0.017492,0.022767,0.028468,0.192946,-0.919688,-0.062824,-0.95584,1,0,0,0,0,0,0,0,0,0,0
2941,0.002094,0.005683,0.012711,0.017916,0.021176,-0.000419,-0.001137,-0.001256,-0.001166,-0.001795,-0.004666,-0.011216,-0.013758,-0.014895,-0.012741,-0.00015,-0.004157,-0.006101,-0.006879,-0.00667,-0.000628,-0.001286,-0.001286,-0.001166,-0.001077,0.001645,0.002632,0.004038,0.0032,0.001765,-0.027786,-0.063407,-0.082489,-0.089608,-0.087514,-0.008704,-0.033468,-0.033438,-0.034186,-0.035083,-0.005716,-0.02083,-0.015012,-0.013432,-0.014483,0.001872,0.003315,0.004495,0.003384,0.002489,0.021322,0.046343,0.057798,0.062251,0.062536,0.003195,0.00814,0.016335,0.02216,0.025753,0.191613,-0.918442,-0.061438,-0.955152,1,0,0,0,0,0,0,0,0,0,0
2942,0.001644,0.008192,0.012766,0.017999,0.019822,-0.000718,-0.000628,-0.000927,-0.000927,-0.000628,-0.004724,-0.007953,-0.009597,-0.009358,-0.007415,-0.002362,-0.005172,-0.006099,-0.007205,-0.006607,-0.000299,-0.000658,-0.000658,-0.000448,-0.000448,0.00012,0.002242,0.001884,0.000777,9e-05,-0.021586,-0.045833,-0.057404,-0.062367,-0.05564,-0.018028,-0.027925,-0.026878,-0.025623,-0.027685,-0.012617,-0.015043,-0.010662,-0.007012,-0.010842,0.000712,0.00237,0.002119,0.000853,-0.000178,0.015419,0.031511,0.038418,0.041847,0.038824,0.002254,0.010288,0.015572,0.021283,0.023322,0.188463,-0.917195,-0.060072,-0.954828,1,0,0,0,0,0,0,0,0,0,0
2943,0.001943,0.008967,0.014168,0.017426,0.019159,0.0,-0.00012,-3e-05,-0.000658,0.001465,-0.001823,-0.004364,-0.0055,-0.003348,-0.001255,-0.001644,-0.003587,-0.004364,-0.004155,-0.004394,-0.000359,-0.000359,-0.000239,-0.000149,-0.000149,0.000867,0.002272,0.001435,0.0,-0.00012,-0.014018,-0.033088,-0.040202,-0.03811,-0.029472,-0.006725,-0.006695,-0.007443,-0.008339,-0.010402,-0.00249,0.003324,0.004904,0.003853,0.000391,0.00073,0.001909,0.000799,-9.6e-05,-0.002376,0.00952,0.020923,0.025357,0.025641,0.021192,0.002673,0.010831,0.016631,0.020208,0.022093,0.184717,-0.916746,-0.059371,-0.955394,1,0,0,0,0,0,0,0,0,0,0
2944,0.004594,0.009157,0.014378,0.016197,0.017629,8.9e-05,-0.000209,-0.000209,8.9e-05,0.004922,-0.001402,-0.003043,-0.002804,-0.000865,0.003788,-0.001163,-0.002088,-0.003192,-0.002595,-0.002744,0.0,0.0,0.000209,0.000209,0.000149,0.001253,0.000895,-0.000209,-0.000895,0.000597,-0.010201,-0.021745,-0.026697,-0.019985,-0.010112,-0.003162,-0.002118,-0.000865,-0.002923,-0.005011,6.5e-05,0.004435,0.008077,0.004255,0.00105,0.000925,0.000675,-0.000588,-0.001617,-0.004989,0.006449,0.013245,0.01662,0.013645,0.010276,0.00527,0.010469,0.016089,0.018095,0.019651,0.180513,-0.916418,-0.059216,-0.957146,1,0,0,0,0,0,0,0,0,0,0
2945,0.00241,0.007588,0.010832,0.012558,0.012885,-0.000208,-0.000119,-0.000744,0.001369,0.007767,-0.001131,-0.002262,-0.000119,0.001964,0.007796,-0.000774,-0.001547,-0.001339,-0.001577,-0.001547,0.0,0.000119,0.000208,0.000208,-0.000179,0.000149,-0.000684,-0.002113,-0.002232,0.006755,-0.008808,-0.015891,-0.013807,-0.005208,0.00366,0.003184,0.00244,0.001547,-0.000506,-0.002262,0.005724,0.007296,0.00625,0.002803,0.000314,0.000251,-0.000855,-0.001745,-0.004015,-0.001441,0.004712,0.00901,0.009285,0.004972,0.003187,0.002726,0.008348,0.011815,0.013643,0.01446,0.177423,-0.917623,-0.059033,-0.963961,1,0,0,0,0,0,0,0,0,0,0
2946,0.002135,0.007326,0.009135,0.010559,0.010232,-8.9e-05,-8.9e-05,0.000208,0.005012,0.008898,-0.000504,-0.000267,0.001661,0.006288,0.011092,-0.000148,-0.001246,-0.000652,-0.000801,-0.000623,0.0,0.000208,0.000208,0.000148,-0.000445,-0.000504,-0.001602,-0.002284,-0.000801,0.013791,-0.002699,-0.007622,-0.000949,0.008868,0.014296,-0.002135,-0.00089,-0.002936,-0.005012,-0.003974,-0.001359,0.002261,-0.001538,-0.004725,-0.004047,-0.000499,-0.001754,-0.002777,-0.00613,0.00457,0.001925,0.005168,0.002309,-0.000927,-0.001495,0.002331,0.007731,0.009659,0.011153,0.011664,0.175712,-0.91915,-0.059064,-0.971553,1,0,0,0,0,0,0,0,0,0,0
2947,0.003019,0.006246,0.007962,0.008288,0.007489,0.000178,-0.000444,0.001658,0.008022,0.01258,-0.000622,0.00151,0.003582,0.009383,0.015007,-0.000622,-0.000414,-0.000651,-0.000622,-0.000622,0.000118,0.000207,0.000207,-0.000178,-0.001894,-0.000326,-0.001746,-0.001865,0.007074,0.021164,-0.004351,-0.002279,0.006275,0.015096,0.019359,0.001391,0.000503,-0.001539,-0.003286,-0.001865,0.00292,0.00188,-0.001548,-0.004025,-0.00231,-0.000602,-0.001487,-0.003745,-0.001185,0.008328,0.002242,0.002507,-0.001648,-0.003369,-0.002695,0.003118,0.006459,0.00822,0.009008,0.010272,0.173779,-0.920641,-0.058005,-0.980011,1,0,0,0,0,0,0,0,0,0,0
2948,0.002154,0.003953,0.005369,0.005045,0.004278,-0.000177,0.000118,0.004897,0.008762,0.016638,0.000856,0.002773,0.007375,0.012154,0.017022,-0.000472,0.000118,-3e-05,0.000148,0.000266,8.9e-05,8.9e-05,3e-05,-0.000561,-0.003275,-0.000767,-0.001446,3e-05,0.014544,0.028822,-0.000561,0.006077,0.015842,0.02124,0.0295,-0.000148,-0.002183,-0.004248,-0.003216,-0.003157,0.000691,-0.003088,-0.006258,-0.005584,-0.00647,-0.000649,-0.001667,-0.005001,0.005641,0.012009,0.000933,-0.00182,-0.004937,-0.005484,-0.007708,0.002156,0.004013,0.005452,0.005944,0.008332,0.168048,-0.920863,-0.056906,-0.987773,1,0,0,0,0,0,0,0,0,0,0
2949,0.00106,0.002767,0.003091,0.002296,-0.000118,-0.000442,0.001649,0.007978,0.012512,0.015544,0.001266,0.003327,0.009097,0.01469,0.017605,0.000677,0.000442,0.000471,0.000471,0.001325,0.0,0.0,-0.000383,-0.00209,-0.007478,-0.000648,-0.000765,0.008125,0.022138,0.028497,0.00262,0.011128,0.019901,0.02414,0.037359,-0.000736,-0.002767,-0.004504,-0.003091,-0.002031,-0.001724,-0.005134,-0.007597,-0.005891,-0.008151,-0.000233,-0.002479,6.8e-05,0.009529,0.012815,-0.000665,-0.004665,-0.006321,-0.005672,-0.012371,0.001091,0.002786,0.003545,0.004762,0.008324,0.160569,-0.924076,-0.056687,-0.990911,1,0,0,0,0,0,0,0,0,0,0
2950,0.000736,0.002149,0.001825,0.00106,-0.005623,0.000736,0.005505,0.009361,0.017221,0.010539,0.000648,0.00524,0.010009,0.014866,0.016868,-8.8e-05,-0.000236,-5.9e-05,5.9e-05,0.003827,0.0,-5.9e-05,-0.000648,-0.003356,-0.01466,-2.9e-05,0.001442,0.015926,0.030174,0.023551,0.004004,0.013748,0.019135,0.027378,0.037475,-0.001295,-0.003356,-0.002326,-0.002267,0.002649,-0.002048,-0.005211,-0.004538,-0.005422,-0.006178,-0.000783,-0.00411,0.00651,0.012865,0.012879,-0.002048,-0.00512,-0.005659,-0.007851,-0.013236,0.000739,0.002157,0.002642,0.004995,0.010473,0.155422,-0.928424,-0.054478,-0.986834,1,0,0,0,0,0,0,0,0,0,0
2951,0.000972,0.001296,0.000501,-0.001914,-0.011249,0.001355,0.007686,0.012221,0.015254,0.009777,0.001413,0.007185,0.01278,0.015695,0.016108,-0.000147,-0.000118,-0.000118,0.000736,0.004476,0.0,-0.000383,-0.002091,-0.00748,-0.025796,-8.8e-05,0.008805,0.022822,0.029182,0.023499,0.004505,0.013281,0.017521,0.030743,0.035219,-0.000736,-0.002474,-0.00106,0.0,0.005301,-0.001363,-0.003827,-0.00212,-0.004381,-0.003764,-0.001464,0.001084,0.010548,0.013834,0.013617,-0.001955,-0.003614,-0.002964,-0.009676,-0.012528,0.000958,0.001718,0.002937,0.006505,0.017158,0.151263,-0.929427,-0.048255,-0.987608,1,0,0,0,0,0,0,0,0,0,0
2952,0.000442,0.000118,-0.000649,-0.00734,-0.019456,0.00342,0.007281,0.015152,0.008461,0.005807,0.003184,0.007959,0.012823,0.014828,0.013796,0.0,0.000177,0.000295,0.004068,0.005395,-5.9e-05,-0.000649,-0.003361,-0.014681,-0.033253,0.001562,0.016066,0.030334,0.023701,0.021549,0.005247,0.010642,0.018896,0.029008,0.031602,-0.001327,-0.000295,-0.000236,0.004687,0.006102,-0.001803,-0.001129,-0.002015,-0.002772,-0.003476,-0.001867,0.008768,0.015132,0.015146,0.015659,-0.001132,-0.001677,-0.00389,-0.009328,-0.011701,0.000467,0.000957,0.003333,0.008864,0.016565,0.145906,-0.928454,-0.048595,-0.989871,1,0,0,0,0,0,0,0,0,0,0
2953,-0.000118,-0.000916,-0.003337,-0.0127,-0.025754,0.002924,0.007472,0.010514,0.005021,-0.005641,0.002599,0.008211,0.011134,0.011548,0.006143,3e-05,3e-05,0.000886,0.004637,0.008447,-0.000325,-0.002038,-0.007443,-0.025813,-0.039221,0.007354,0.021412,0.027792,0.022092,0.012109,0.003544,0.007797,0.021058,0.025547,0.024041,-0.000413,0.001004,0.002067,0.007384,0.015181,-0.000664,0.001047,-0.001221,-0.000601,0.002467,0.004425,0.013917,0.017213,0.016995,0.017678,-0.000546,0.000117,-0.006735,-0.009647,-0.012807,0.000303,0.001547,0.00519,0.016065,0.016487,0.140206,-0.934609,-0.05365,-0.986615,1,0,0,0,0,0,0,0,0,0,0
2954,-0.000207,-0.000976,-0.007693,-0.019855,-0.033674,0.000947,0.008847,0.00213,-0.000533,-0.014766,0.00219,0.007072,0.009084,0.008049,-0.003492,0.000148,0.000266,0.004054,0.005385,0.010652,-0.000266,-0.002989,-0.014351,-0.032993,-0.050126,0.00719,0.021512,0.014854,0.012694,8.9e-05,0.001864,0.010149,0.020299,0.022903,0.015594,0.00145,0.001509,0.006451,0.007871,0.026394,0.001342,0.000453,-0.000306,-0.001013,0.011086,0.006241,0.012629,0.012643,0.013158,0.014825,-5e-06,-0.002277,-0.00786,-0.010296,-0.015238,0.000196,0.002636,0.008315,0.01622,0.020301,0.137796,-0.944591,-0.053611,-0.986175,1,0,0,0,0,0,0,0,0,0,0
2955,-0.000592,-0.00302,-0.012405,-0.025491,-0.043018,0.003612,0.006661,0.001155,-0.009533,-0.018208,0.003434,0.006365,0.00678,0.001362,-0.010184,-0.000148,0.000711,0.004471,0.00829,0.01128,-0.001451,-0.006869,-0.025284,-0.038725,-0.056755,0.006898,0.013293,0.007579,-0.002428,-0.012257,0.002398,0.015691,0.020191,0.018681,0.007609,-3e-05,0.001036,0.006365,0.014181,0.025491,0.000373,-0.0019,-0.00128,0.001797,0.009843,0.00327,0.006575,0.006356,0.00704,0.00589,0.00068,-0.006289,-0.009251,-0.012465,-0.014009,0.001069,0.004774,0.015835,0.016265,0.016929,0.132726,-0.943687,-0.058537,-0.98358,1,0,0,0,0,0,0,0,0,0,0
2956,-0.000178,-0.00691,-0.019098,-0.032947,-0.053854,0.0043,-0.002432,-0.005101,-0.019365,-0.024258,0.001453,0.00347,0.002432,-0.009134,-0.022004,0.000267,0.004063,0.005397,0.010676,0.012159,-0.001275,-0.012663,-0.031345,-0.048516,-0.06536,0.007443,0.000771,-0.001394,-0.014027,-0.021619,0.005901,0.016073,0.018683,0.011358,-0.002432,8.9e-05,0.005041,0.006465,0.025029,0.028024,-0.001264,-0.002025,-0.002734,0.009391,0.011057,0.003126,0.00314,0.003656,0.005326,0.002583,-0.002995,-0.008664,-0.011138,-0.016156,-0.015694,0.001395,0.007162,0.01519,0.019333,0.01433,0.128222,-0.94486,-0.0585,-0.982414,1,0,0,0,0,0,0,0,0,0,0
2957,-0.002256,-0.011666,-0.024787,-0.042361,-0.063912,-0.001247,-0.006768,-0.017485,-0.026182,-0.033811,0.001484,0.0019,-0.003533,-0.01511,-0.035592,0.000594,0.004364,0.008193,0.011191,0.011904,-0.004156,-0.02262,-0.036097,-0.054175,-0.073144,-0.001039,-0.006768,-0.016802,-0.026657,-0.033752,0.007421,0.011933,0.010419,-0.000683,-0.016208,0.00098,0.006323,0.01416,0.0255,0.027577,-0.001014,-0.000392,0.002693,0.010761,0.011125,0.000184,-3.5e-05,0.000651,-0.000502,1.3e-05,-0.004084,-0.007102,-0.010377,-0.01195,-0.016064,0.00237,0.013639,0.014077,0.014754,0.011549,0.124169,-0.94449,-0.060841,-0.980018,1,0,0,0,0,0,0,0,0,0,0
2958,-0.004493,-0.016723,-0.03062,-0.051599,-0.074006,-0.005505,-0.008183,-0.022496,-0.027406,-0.034994,0.000536,-0.000506,-0.012111,-0.025026,-0.051986,0.003214,0.004553,0.00985,0.011337,0.011427,-0.007261,-0.026008,-0.043237,-0.060139,-0.078023,-0.005654,-0.007826,-0.020503,-0.02812,-0.039577,0.002767,0.005386,-0.001964,-0.015801,-0.037018,0.003987,0.005416,0.024044,0.027049,0.026514,0.000252,-0.000459,0.011709,0.01338,0.011653,-0.00017,0.000347,0.002024,-0.00073,-0.004609,-0.001653,-0.004187,-0.009327,-0.008854,-0.013324,0.003497,0.01172,0.015964,0.010839,0.005228,0.124591,-0.941677,-0.06282,-0.975577,1,0,0,0,0,0,0,0,0,0,0
2959,-0.004944,-0.01811,-0.035743,-0.057368,-0.081941,-3e-05,-0.010782,-0.01951,-0.027165,-0.03062,-0.000119,-0.00557,-0.017186,-0.037739,-0.068805,0.000566,0.004408,0.007417,0.008132,0.009472,-0.011259,-0.024782,-0.042921,-0.061955,-0.079677,-8.9e-05,-0.010157,-0.020046,-0.027165,-0.03479,0.001757,0.000238,-0.010902,-0.02648,-0.052572,0.00137,0.009234,0.020612,0.022697,0.022786,0.000372,0.003467,0.011562,0.011928,0.009775,-5e-05,0.000639,-0.000518,-1e-06,-0.004153,-0.001426,-0.004779,-0.00639,-0.010603,-0.014342,0.008019,0.008468,0.009161,0.005879,-0.002525,0.124348,-0.938517,-0.068048,-0.97598,1,0,0,0,0,0,0,0,0,0,0
2960,-0.007302,-0.021222,-0.042235,-0.064678,-0.09356,-0.002653,-0.016989,-0.021907,-0.029508,-0.030521,-0.000924,-0.012548,-0.025484,-0.052488,-0.085274,0.000775,0.00608,0.007571,0.00766,0.013263,-0.007511,-0.024768,-0.041698,-0.059611,-0.079939,-0.002086,-0.014784,-0.022414,-0.033889,-0.035141,0.000864,-0.006498,-0.020357,-0.041609,-0.066556,6e-05,0.018718,0.021728,0.021192,0.025812,-0.001084,0.011103,0.012776,0.011047,0.008674,0.000568,0.002247,-0.000511,-0.004396,-0.004538,-0.001131,-0.006329,-0.005851,-0.010373,-0.016375,0.000261,0.004553,-0.00063,-0.006305,-0.016743,0.123186,-0.938299,-0.070065,-0.977034,1,0,0,0,0,0,0,0,0,0,0
2961,-0.005888,-0.02358,-0.045278,-0.069934,-0.103706,-0.008129,-0.016886,-0.024567,-0.028034,-0.027824,-0.004543,-0.016198,-0.03682,-0.067992,-0.099642,0.003078,0.006097,0.006814,0.008159,0.016198,-0.006037,-0.024238,-0.043335,-0.061118,-0.084101,-0.00801,-0.017932,-0.025075,-0.032726,-0.03694,-0.002391,-0.013568,-0.029199,-0.05538,-0.080425,0.00783,0.019247,0.021339,0.021429,0.027227,0.004193,0.012315,0.012682,0.010522,0.007167,0.000121,-0.00104,-0.000521,-0.004687,-0.008884,-0.002281,-0.003931,-0.008244,-0.012072,-0.016979,0.000194,0.000903,-0.002457,-0.011063,-0.024409,0.121683,-0.93837,-0.075313,-0.973886,1,0,0,0,0,0,0,0,0,0,0
2962,-0.00807,-0.029141,-0.051647,-0.080609,-0.115907,-0.006247,-0.011178,-0.0188,-0.019816,-0.019577,-0.007113,-0.020085,-0.047164,-0.080041,-0.110706,0.002242,0.003736,0.003826,0.009445,0.015721,-0.011268,-0.028245,-0.046207,-0.066591,-0.088828,-0.004722,-0.012374,-0.023881,-0.025136,-0.032728,-0.004991,-0.018889,-0.0402,-0.065216,-0.094925,0.010879,0.013898,0.01336,0.017993,0.021012,0.008028,0.009706,0.007973,0.005592,0.002219,0.001563,-0.001203,-0.005099,-0.005242,-0.012625,-0.003019,-0.002531,-0.007141,-0.013261,-0.013592,0.004183,-0.001102,-0.006888,-0.017531,-0.033336,0.121755,-0.939878,-0.081604,-0.970143,1,0,0,0,0,0,0,0,0,0,0
2963,-0.009633,-0.031353,-0.056034,-0.08984,-0.130048,-0.002513,-0.010202,-0.013672,-0.013463,-0.013433,-0.004547,-0.02519,-0.056393,-0.088075,-0.120056,0.000778,0.001496,0.002842,0.01089,0.01454,-0.006941,-0.026057,-0.043858,-0.066864,-0.0899,-0.005206,-0.012356,-0.020014,-0.024233,-0.031054,-0.006193,-0.021839,-0.048046,-0.073116,-0.10776,0.000539,0.002633,0.002722,0.008526,0.011668,9.5e-05,0.000463,-0.0017,-0.005058,-0.005107,-0.002726,-0.002206,-0.006377,-0.010578,-0.016554,0.001377,-0.002967,-0.006822,-0.011763,-0.009651,-0.003497,-0.006881,-0.015547,-0.028988,-0.049142,0.123728,-0.940339,-0.085532,-0.965732,1,0,0,0,0,0,0,0,0,0,0
2964,-0.011462,-0.033997,-0.062996,-0.09834,-0.142961,-0.002424,-0.010055,-0.011073,-0.010834,-0.010834,-0.008439,-0.035553,-0.068473,-0.099178,-0.13123,0.000718,0.000808,0.006434,0.012719,0.013826,-0.010055,-0.028042,-0.048452,-0.070717,-0.100704,-0.002454,-0.013976,-0.015233,-0.022834,-0.030526,-0.007721,-0.029059,-0.054108,-0.083855,-0.117523,0.002484,0.001945,0.006584,0.009607,0.010983,0.001585,-0.000151,-0.002534,-0.005912,-0.005368,-4.2e-05,-0.003943,-0.004086,-0.011479,-0.018223,-0.000888,-0.005541,-0.011716,-0.012051,-0.010842,-0.001828,-0.007667,-0.018406,-0.034354,-0.051397,0.123646,-0.939397,-0.084571,-0.959328,1,0,0,0,0,0,0,0,0,0,0
2965,-0.010264,-0.03495,-0.068764,-0.108981,-0.149437,-0.005267,-0.008738,-0.008528,-0.008498,-0.008169,-0.012209,-0.043419,-0.075108,-0.107096,-0.14064,0.0,0.001347,0.009396,0.013047,0.013705,-0.009067,-0.026871,-0.049882,-0.072923,-0.107634,-0.004698,-0.012358,-0.016578,-0.0234,-0.031599,-0.00793,-0.034143,-0.059218,-0.09387,-0.127055,-0.000389,-0.000299,0.005506,0.008648,0.008379,-0.001217,-0.00338,-0.006739,-0.006788,-0.007764,0.000562,-0.00361,-0.007812,-0.013789,-0.021859,-0.003463,-0.007324,-0.012273,-0.010158,-0.010307,-0.001563,-0.010243,-0.023705,-0.04389,-0.050854,0.124878,-0.936979,-0.083101,-0.953763,1,0,0,0,0,0,0,0,0,0,0
2966,-0.012282,-0.04131,-0.076688,-0.121353,-0.156431,-0.002367,-0.003385,-0.003145,-0.003145,-0.002846,-0.014918,-0.04787,-0.078605,-0.110688,-0.145378,9e-05,0.005722,0.012012,0.013121,0.016146,-0.008927,-0.029357,-0.051645,-0.081661,-0.114912,-0.00683,-0.008088,-0.015697,-0.023396,-0.029357,-0.01342,-0.038494,-0.06827,-0.101971,-0.134324,-0.00015,0.004493,0.007519,0.008897,0.010065,-0.000519,-0.002904,-0.006285,-0.005742,-0.007972,-0.004467,-0.00461,-0.012011,-0.018761,-0.024851,-0.001194,-0.007412,-0.007749,-0.006531,-0.008072,-0.004304,-0.015117,-0.031175,-0.048334,-0.050773,0.122907,-0.934097,-0.083583,-0.949082,1,0,0,0,0,0,0,0,0,0,0
2967,-0.01245,-0.04635,-0.086671,-0.127231,-0.161581,-0.00111,-0.0009,-0.00087,-0.00054,-0.0006,-0.01635,-0.04812,-0.080191,-0.113821,-0.147361,0.00126,0.00933,0.01299,0.01365,0.01908,-0.00891,-0.03198,-0.05508,-0.089881,-0.121921,-0.00084,-0.00507,-0.01191,-0.02013,-0.02316,-0.01284,-0.03798,-0.072721,-0.105991,-0.142831,0.00024,0.00606,0.00921,0.00894,0.01092,-0.001649,-0.005017,-0.005065,-0.006044,-0.008856,0.000291,-0.003922,-0.009914,-0.018005,-0.020768,-0.002724,-0.007763,-0.005609,-0.005761,-0.002823,-0.004489,-0.018195,-0.038745,-0.045835,-0.048454,0.129831,-0.933204,-0.084049,-0.94899,1,0,0,0,0,0,0,0,0,0,0
2968,-0.016644,-0.052125,-0.096919,-0.1321,-0.162053,9e-05,0.00033,0.00033,0.000631,0.001322,-0.016674,-0.047498,-0.079674,-0.114464,-0.146911,0.004386,0.010695,0.011807,0.014841,0.026228,-0.011567,-0.033919,-0.064022,-0.09737,-0.128104,-0.000421,-0.008052,-0.015773,-0.021751,-0.022472,-0.012288,-0.04215,-0.075949,-0.108396,-0.14625,0.004416,0.007451,0.008833,0.010004,0.013039,-0.000741,-0.004132,-0.003587,-0.005824,-0.013088,-0.000435,-0.007857,-0.014627,-0.020734,-0.022207,-0.003593,-0.003937,-0.002695,-0.004266,0.000986,-0.006501,-0.022887,-0.040398,-0.042886,-0.042227,0.129785,-0.930861,-0.084571,-0.950069,1,0,0,0,0,0,0,0,0,0,0
2969,-0.017336,-0.057786,-0.098477,-0.132938,-0.15858,0.00012,0.00015,0.000482,0.000421,0.001234,-0.015169,-0.047342,-0.081081,-0.114729,-0.144766,0.003702,0.007374,0.008036,0.013483,0.025402,-0.011557,-0.034732,-0.069644,-0.101788,-0.133359,-0.003822,-0.010684,-0.018931,-0.021971,-0.022482,-0.012912,-0.047764,-0.081141,-0.1181,-0.148919,0.001415,0.004575,0.004304,0.00629,0.009872,-0.002636,-0.002685,-0.003666,-0.006487,-0.014538,-0.00379,-0.009802,-0.017919,-0.020691,-0.022494,-0.001515,0.000688,0.000532,0.003538,0.005238,-0.007435,-0.028454,-0.035705,-0.038383,-0.032437,0.128582,-0.928155,-0.083718,-0.949798,1,0,0,0,0,0,0,0,0,0,0
2970,-0.01824,-0.063193,-0.098498,-0.128557,-0.154184,0.000121,0.000121,0.000422,0.001116,0.000844,-0.015738,-0.048028,-0.082941,-0.115502,-0.144657,0.002623,0.003739,0.006784,0.01821,0.02629,-0.010854,-0.041063,-0.074529,-0.105372,-0.136185,-0.003829,-0.011577,-0.017577,-0.018301,-0.018542,-0.017034,-0.050952,-0.083514,-0.121502,-0.150626,0.001628,0.003015,0.004191,0.007236,0.012301,-0.000762,-0.000215,-0.00246,-0.00975,-0.012718,-0.003651,-0.010445,-0.016574,-0.018052,-0.018424,0.001181,0.002455,0.000844,0.006227,0.006615,-0.00927,-0.027219,-0.029769,-0.029094,-0.023759,0.128181,-0.928704,-0.087699,-0.949946,1,0,0,0,0,0,0,0,0,0,0
2971,-0.022343,-0.063221,-0.09784,-0.1236,-0.147757,-9.1e-05,0.000242,0.000181,0.000998,0.000726,-0.016538,-0.050432,-0.084234,-0.114408,-0.141166,0.001058,0.001723,0.007196,0.019169,0.024037,-0.012396,-0.047469,-0.079759,-0.111476,-0.143978,-0.003054,-0.011338,-0.014392,-0.014906,-0.014664,-0.017929,-0.05146,-0.088588,-0.119548,-0.149027,0.001542,0.00127,0.003265,0.006863,0.007831,0.000715,-0.000271,-0.003105,-0.011193,-0.014504,-0.002378,-0.010532,-0.013316,-0.015128,-0.015169,0.00107,0.000909,0.004012,0.005768,0.00819,-0.012247,-0.019734,-0.022499,-0.01636,-0.007596,0.131466,-0.923873,-0.080075,-0.950342,1,0,0,0,0,0,0,0,0,0,0
2972,-0.02276,-0.058202,-0.088377,-0.114103,-0.134805,9.1e-05,0.000393,0.00109,0.000817,0.003511,-0.015859,-0.050908,-0.083595,-0.112862,-0.134805,6.1e-05,0.003117,0.014588,0.0227,0.023002,-0.017918,-0.051513,-0.082475,-0.113407,-0.147457,-0.004722,-0.010744,-0.011471,-0.011713,-0.008929,-0.016102,-0.048789,-0.086924,-0.116161,-0.147336,-0.000151,0.001029,0.004086,0.009171,0.003995,-0.000167,-0.00242,-0.009738,-0.012718,-0.016269,-0.00444,-0.010592,-0.012076,-0.01245,-0.013132,0.000231,-0.001424,0.004107,0.004506,0.011657,-0.006105,-0.008725,-0.008031,-0.00255,0.01148,0.136611,-0.916475,-0.073655,-0.948935,1,0,0,0,0,0,0,0,0,0,0
2973,-0.018174,-0.052857,-0.078664,-0.102866,-0.117678,0.000242,0.000182,0.001,0.000727,0.003514,-0.018083,-0.051948,-0.082178,-0.108985,-0.133036,0.000606,0.006088,0.018083,0.02296,0.022809,-0.017205,-0.049555,-0.08133,-0.113892,-0.140184,-0.003574,-0.006634,-0.007149,-0.006906,-0.00421,-0.017478,-0.054674,-0.085692,-0.115225,-0.147121,-0.000121,0.001878,0.005483,0.006452,3e-05,-0.000821,-0.00366,-0.011763,-0.01508,-0.019616,-0.003726,-0.006515,-0.00833,-0.008372,-0.008981,-0.000395,0.002749,0.004527,0.00698,0.013266,-0.001445,-0.004246,0.001973,0.010851,0.022935,0.141123,-0.906288,-0.072439,-0.943334,1,0,0,0,0,0,0,0,0,0,0
2974,-0.017299,-0.047503,-0.073255,-0.093977,-0.106337,6.1e-05,0.000757,0.000485,0.003181,0.002939,-0.016996,-0.049715,-0.079011,-0.100975,-0.125302,0.002454,0.013936,0.022055,0.022358,0.022449,-0.01642,-0.047412,-0.078374,-0.112457,-0.130392,-0.002454,-0.003181,-0.003423,-0.000636,-0.009058,-0.015239,-0.053411,-0.082676,-0.113881,-0.143267,0.001303,0.004363,0.009452,0.004272,-0.000394,-0.001435,-0.00876,-0.011743,-0.015297,-0.018852,-0.002432,-0.003917,-0.004292,-0.004974,-0.01336,-0.001271,0.004298,0.004699,0.011899,0.015941,-0.001192,-0.000493,0.005026,0.019152,0.024722,0.146552,-0.900706,-0.07425,-0.932438,1,0,0,0,0,0,0,0,0,0,0
2975,-0.017377,-0.043169,-0.067357,-0.08216,-0.097297,-0.000121,0.000696,0.000424,0.003209,0.00218,-0.016862,-0.047074,-0.073866,-0.097902,-0.116157,0.003027,0.015015,0.019889,0.019738,0.019829,-0.015923,-0.04768,-0.080223,-0.1065,-0.118911,-0.000605,-0.00112,-0.000878,0.001816,-0.015136,-0.021948,-0.052947,-0.082463,-0.11434,-0.139013,0.000696,0.004299,0.005267,-0.00115,-0.002301,-0.001404,-0.009502,-0.012818,-0.01735,-0.017136,-0.000357,-0.002171,-0.002213,-0.002822,-0.018635,0.004395,0.006167,0.00861,0.014869,0.019249,-0.001604,0.00459,0.013431,0.025466,0.022485,0.152153,-0.899766,-0.077619,-0.924241,1,0,0,0,0,0,0,0,0,0,0
2976,-0.012816,-0.03857,-0.059295,-0.071657,-0.087109,0.000818,0.000545,0.003242,0.003,0.001,-0.015846,-0.045145,-0.067112,-0.091442,-0.106288,0.008453,0.016573,0.016876,0.016967,0.016725,-0.015059,-0.046024,-0.08011,-0.098047,-0.108561,-0.000121,-0.000364,0.002424,-0.005999,-0.02336,-0.01621,-0.045479,-0.076686,-0.106076,-0.128679,0.002363,0.007454,0.002272,-0.002394,-0.005302,-0.005921,-0.008904,-0.012459,-0.016014,-0.016812,-0.001127,-0.001502,-0.002185,-0.010571,-0.025732,0.001151,0.001553,0.008758,0.012804,0.018297,0.002313,0.007836,0.021973,0.027548,0.022575,0.157864,-0.897378,-0.077659,-0.915318,1,0,0,0,0,0,0,0,0,0,0
2977,-0.013018,-0.037264,-0.052102,-0.067275,-0.078715,0.0,-0.000273,0.002519,0.001487,-0.001123,-0.014414,-0.041269,-0.065363,-0.083661,-0.098409,0.00355,0.008436,0.008284,0.008375,0.008193,-0.01675,-0.049371,-0.075711,-0.088152,-0.097225,-0.000394,-0.000152,0.002549,-0.014444,-0.031225,-0.014839,-0.044425,-0.076378,-0.101109,-0.123504,0.001244,0.002215,-0.004218,-0.005371,-0.009134,-0.002187,-0.005511,-0.010054,-0.009839,-0.01149,-0.000689,-0.000731,-0.001341,-0.017193,-0.031247,0.000637,0.003122,0.009486,0.01394,0.019528,0.00396,0.01295,0.025188,0.022156,0.019662,0.163531,-0.895274,-0.079267,-0.906734,1,0,0,0,0,0,0,0,0,0,0
2978,-0.012779,-0.033542,-0.045927,-0.061408,-0.068419,-0.000273,0.002428,0.002186,0.000182,-0.004341,-0.014935,-0.036942,-0.061316,-0.07619,-0.088454,0.004584,0.004887,0.004978,0.004735,0.004401,-0.014267,-0.048416,-0.066386,-0.076919,-0.081836,0.000152,0.002944,-0.005494,-0.022887,-0.034999,-0.014479,-0.045744,-0.075189,-0.097833,-0.119719,0.003855,-0.001336,-0.00601,-0.008924,-0.014631,-0.0008,-0.004362,-0.007924,-0.008723,-0.011487,0.000314,-0.00037,-0.008772,-0.023961,-0.031442,-0.000232,0.007067,0.011165,0.01673,0.023824,0.001626,0.015946,0.021593,0.016556,0.014665,0.171194,-0.89007,-0.08204,-0.901935,1,0,0,0,0,0,0,0,0,0,0
2979,-0.011471,-0.02631,-0.041483,-0.052923,-0.06054,0.0,0.002792,0.00176,-0.00085,-0.009529,-0.011926,-0.03602,-0.054319,-0.069067,-0.077655,0.000303,0.000152,0.000243,6.1e-05,-0.000243,-0.018359,-0.044699,-0.057141,-0.066215,-0.067004,9.1e-05,0.002792,-0.014202,-0.030983,-0.041179,-0.015112,-0.047066,-0.071798,-0.094193,-0.113979,-0.002883,-0.009316,-0.010469,-0.014232,-0.023154,-0.002523,-0.007067,-0.006852,-0.008502,-0.01387,-0.000355,-0.000966,-0.016818,-0.030873,-0.032015,0.002716,0.009082,0.013536,0.019125,0.027647,0.007369,0.01961,0.016578,0.014083,0.008873,0.176431,-0.882426,-0.086965,-0.893356,1,0,0,0,0,0,0,0,0,0,0
2980,-0.009289,-0.021673,-0.037154,-0.044166,-0.050176,0.002702,0.002459,0.000455,-0.004068,-0.012658,-0.010078,-0.034452,-0.049326,-0.061589,-0.069664,0.0,9.1e-05,-0.000152,-0.000486,0.001882,-0.015784,-0.033754,-0.044287,-0.049205,-0.046018,0.002702,-0.005737,-0.02313,-0.035242,-0.045714,-0.016149,-0.045593,-0.068237,-0.090123,-0.116319,-0.002307,-0.006982,-0.009896,-0.015602,-0.030476,-0.001037,-0.004599,-0.005398,-0.008162,-0.019395,-0.000328,-0.00873,-0.023919,-0.0314,-0.032721,0.004577,0.008675,0.01424,0.021334,0.034961,0.006936,0.012583,0.007546,0.005654,-0.001354,0.188168,-0.867654,-0.091315,-0.883914,1,0,0,0,0,0,0,0,0,0,0
2981,-0.005531,-0.020643,-0.032037,-0.039623,-0.040953,9.1e-05,-0.000937,-0.003536,-0.01218,-0.018436,-0.013963,-0.032188,-0.046877,-0.05543,-0.061505,-0.000151,-6e-05,-0.000242,-0.000544,0.00538,-0.010518,-0.02291,-0.031947,-0.032732,-0.028259,0.0,-0.016925,-0.033639,-0.043794,-0.05132,-0.015747,-0.040379,-0.062684,-0.08239,-0.123071,-0.00411,-0.005259,-0.009007,-0.017892,-0.038052,-0.003492,-0.003278,-0.004922,-0.010268,-0.023677,-0.000282,-0.016069,-0.030068,-0.031205,-0.032069,0.001748,0.006079,0.011512,0.019797,0.04268,0.005171,0.002223,-0.000202,-0.005268,-0.009554,0.20838,-0.855799,-0.094662,-0.878755,1,0,0,0,0,0,0,0,0,0,0
2982,-0.00676,-0.022083,-0.029024,-0.034973,-0.035964,-0.00033,-0.002313,-0.00679,-0.015293,-0.022143,-0.010245,-0.024968,-0.037106,-0.045098,-0.050656,0.00024,0.0,-0.00033,0.002013,0.005859,-0.007331,-0.017757,-0.022624,-0.019469,-0.015323,-0.008353,-0.025569,-0.037557,-0.047922,-0.052609,-0.01349,-0.035904,-0.057567,-0.083496,-0.129075,-0.000541,-0.003425,-0.009074,-0.023796,-0.055554,-5.4e-05,-0.000845,-0.003581,-0.014699,-0.032713,-0.008036,-0.02307,-0.030475,-0.031782,-0.02923,0.002137,0.007317,0.01392,0.026605,0.051494,0.000296,-0.004393,-0.006153,-0.012677,-0.016183,0.229435,-0.834864,-0.099409,-0.877793,1,0,0,0,0,0,0,0,0,0,0
2983,-0.00824,-0.019536,-0.027057,-0.028376,-0.029544,-0.000689,-0.003266,-0.011836,-0.018038,-0.026218,-0.00785,-0.022413,-0.030892,-0.036915,-0.043567,-0.00015,-0.00033,-0.000629,0.005244,0.005993,-0.004974,-0.013933,-0.014712,-0.010278,-0.006442,-0.00845,-0.02502,-0.035087,-0.042548,-0.045724,-0.010967,-0.03308,-0.052616,-0.092947,-0.140619,-0.000599,-0.004315,-0.013124,-0.03311,-0.072242,0.000266,-0.001364,-0.006664,-0.019957,-0.038031,-0.007637,-0.021515,-0.022642,-0.023499,-0.018104,0.001979,0.007094,0.014892,0.036431,0.059752,-0.003065,-0.005348,-0.010116,-0.014151,-0.017395,0.254411,-0.818427,-0.102828,-0.877342,1,0,0,0,0,0,0,0,0,0,0
2984,-0.00704,-0.01396,-0.019892,-0.02088,-0.02115,-0.001288,-0.005752,-0.01423,-0.02106,-0.025913,-0.00683,-0.018933,-0.026902,-0.032444,-0.043049,-9e-05,-0.000419,0.001917,0.005752,0.009766,-0.005422,-0.010275,-0.00713,-0.002996,-0.001288,-0.008718,-0.020671,-0.031006,-0.035679,-0.036548,-0.011384,-0.032983,-0.058836,-0.104281,-0.160092,-0.002277,-0.007909,-0.022588,-0.054253,-0.088464,-0.001055,-0.003783,-0.014868,-0.03283,-0.043353,-0.007354,-0.014737,-0.016041,-0.013495,-0.009358,0.003098,0.009567,0.021994,0.046377,0.069257,-0.001533,-0.003258,-0.009649,-0.013083,-0.01426,0.284747,-0.802086,-0.103072,-0.878858,1,0,0,0,0,0,0,0,0,0,0
2985,-0.004253,-0.01177,-0.013088,-0.014256,-0.013387,-0.001288,-0.009853,-0.016053,-0.024229,-0.024439,-0.007727,-0.016203,-0.022223,-0.028871,-0.043457,-9e-05,-0.000389,0.005481,0.00623,0.012759,-0.003534,-0.004313,0.00012,0.003953,0.005151,-0.007847,-0.01791,-0.025367,-0.028542,-0.027643,-0.010722,-0.030249,-0.070561,-0.118211,-0.158313,-0.001438,-0.010243,-0.030219,-0.069333,-0.115935,-0.000574,-0.005872,-0.019159,-0.037224,-0.067322,-0.006519,-0.007646,-0.008502,-0.00311,-0.001977,0.002005,0.009778,0.031246,0.05449,0.072598,-0.000745,-0.005498,-0.009519,-0.012753,-0.012926,0.293782,-0.771299,-0.103111,-0.877863,1,0,0,0,0,0,0,0,0,0,0
2986,-0.002663,-0.008588,-0.009575,-0.009845,-0.008289,-0.003172,-0.01164,-0.018463,-0.02331,-0.022981,-0.004369,-0.012328,-0.017864,-0.028457,-0.041743,-0.000239,0.002095,0.005925,0.009935,0.014184,-0.001317,0.001825,0.005955,0.00766,0.015799,-0.004099,-0.014423,-0.019091,-0.019959,-0.01933,-0.010862,-0.036686,-0.082079,-0.137826,-0.160598,-0.004189,-0.018852,-0.050481,-0.084653,-0.142076,-0.002151,-0.013224,-0.031165,-0.041677,-0.084523,-0.000861,-0.002163,0.000379,0.004512,0.005428,0.004425,0.016753,0.040943,0.063642,0.075634,-0.000971,-0.007311,-0.010718,-0.011885,-0.016734,0.305926,-0.740766,-0.108467,-0.875328,1,0,0,0,0,0,0,0,0,0,0
2987,-0.004842,-0.006157,-0.007322,-0.006456,-0.00523,-0.00538,-0.011566,-0.019726,-0.019935,-0.017514,-0.004095,-0.010102,-0.016737,-0.031292,-0.043127,-6e-05,0.005798,0.006545,0.013061,0.015302,0.000538,0.004961,0.008787,0.009982,0.025016,-0.005948,-0.013389,-0.016557,-0.015661,-0.013001,-0.008637,-0.048866,-0.096416,-0.136435,-0.162586,-0.004603,-0.024537,-0.06357,-0.110074,-0.159239,-0.003139,-0.016398,-0.034425,-0.064461,-0.093582,-0.000264,-0.001118,0.004263,0.005393,0.00705,0.003273,0.02443,0.047337,0.065183,0.074384,-0.003721,-0.007684,-0.010871,-0.011041,-0.021212,0.318459,-0.716019,-0.114795,-0.874075,1,0,0,0,0,0,0,0,0,0,0
2988,-0.001072,-0.002055,-0.002323,-0.000774,0.002234,-0.003068,-0.009858,-0.014683,-0.014355,-0.012062,-0.003842,-0.009352,-0.019895,-0.033118,-0.040534,0.002383,0.006195,0.010186,0.014415,0.015278,0.002591,0.006701,0.008399,0.0165,0.036335,-0.004348,-0.008994,-0.009858,-0.009233,-0.008994,-0.017095,-0.062275,-0.11776,-0.140424,-0.151652,-0.010007,-0.041487,-0.075499,-0.132651,-0.194003,-0.007893,-0.02575,-0.036212,-0.078857,-0.119476,-0.001032,0.001498,0.005611,0.006523,0.006514,0.008735,0.032139,0.054102,0.065704,0.072927,-0.002504,-0.0058,-0.006929,-0.011621,-0.023996,0.31719,-0.67456,-0.125732,-0.870799,1,0,0,0,0,0,0,0,0,0,0
2989,-0.000237,-0.001392,-0.000533,0.000681,0.007908,-0.00308,-0.011166,-0.011374,-0.008975,-0.006427,-0.002133,-0.008708,-0.023132,-0.034861,-0.03966,0.003436,0.004176,0.010633,0.012855,0.012766,0.001807,0.005598,0.006783,0.021681,0.041318,-0.003051,-0.00619,-0.005302,-0.002666,-0.004295,-0.022866,-0.069989,-0.109649,-0.135565,-0.145962,-0.009804,-0.048486,-0.094573,-0.143296,-0.205643,-0.00529,-0.023156,-0.052922,-0.081782,-0.117565,0.00018,0.005513,0.006633,0.008275,0.005788,0.011458,0.032964,0.049718,0.058355,0.063943,-0.001312,-0.004303,-0.004463,-0.014012,-0.023059,0.330541,-0.649495,-0.130773,-0.86971,1,0,0,0,0,0,0,0,0,0,0
2990,-0.000739,-0.001005,0.000532,0.003516,0.015245,-0.003664,-0.00845,-0.008125,-0.00585,0.007564,-0.003339,-0.013797,-0.026915,-0.034272,-0.038556,0.000355,0.004314,0.008509,0.009366,0.008982,0.002275,0.003959,0.011995,0.031672,0.045529,-0.001566,-0.002423,-0.001802,-0.001566,0.001418,-0.022011,-0.077053,-0.099537,-0.110675,-0.122789,-0.02145,-0.05519,-0.111887,-0.172749,-0.22596,-0.012437,-0.022816,-0.065121,-0.105416,-0.12922,0.00233,0.006411,0.007315,0.007307,-0.002707,0.010869,0.031634,0.042604,0.049433,0.053428,-0.001828,-0.002895,-0.007331,-0.019032,-0.021518,0.335106,-0.619988,-0.1335,-0.866773,1,0,0,0,0,0,0,0,0,0,0
2991,-0.000413,0.000443,0.001653,0.008857,0.022202,-0.004399,-0.004606,-0.002214,0.000325,0.015235,-0.003218,-0.017597,-0.029288,-0.034071,-0.035931,0.000384,0.00682,0.009034,0.008946,0.006997,0.001506,0.002687,0.017538,0.037112,0.049778,-0.001565,-0.000679,0.001949,0.000325,0.006643,-0.024978,-0.064511,-0.090345,-0.100708,-0.10431,-0.017124,-0.063064,-0.111632,-0.173781,-0.230055,-0.00538,-0.035051,-0.063819,-0.099489,-0.125248,0.002987,0.004103,0.00574,0.003262,-0.005336,0.010215,0.026599,0.035046,0.040509,0.043675,-0.001107,-0.001263,-0.0106,-0.019448,-0.019824,0.344988,-0.594986,-0.135348,-0.865386,1,0,0,0,0,0,0,0,0,0,0
2992,0.000148,0.001683,0.004666,0.01639,0.027818,-0.000384,-5.9e-05,0.002215,0.015622,0.020642,-0.007235,-0.020347,-0.0277,-0.031982,-0.033134,0.003573,0.007767,0.008623,0.008239,0.002038,0.000177,0.00821,0.027877,0.041728,0.05608,0.000709,0.001329,0.001565,0.004548,0.008269,-0.030033,-0.052506,-0.06364,-0.075747,-0.081447,-0.016597,-0.073267,-0.134101,-0.187287,-0.240089,-0.004993,-0.047278,-0.087554,-0.111348,-0.126985,0.001091,0.001995,0.001987,-0.008022,-0.008862,0.010467,0.021401,0.028208,0.03219,0.03459,4.4e-05,-0.004377,-0.01604,-0.018518,-0.0204,0.355534,-0.56841,-0.13782,-0.858092,1,0,0,0,0,0,0,0,0,0,0
2993,0.000709,0.001921,0.009131,0.022488,0.036642,0.000177,0.002571,0.005112,0.020035,0.034249,-0.007151,-0.018853,-0.02364,-0.025502,-0.0263,0.002866,0.005083,0.004994,0.003044,-0.005467,0.001005,0.015869,0.03546,0.048138,0.063651,0.000177,0.002807,0.001182,0.007506,0.013475,-0.009515,-0.035372,-0.045744,-0.049349,-0.055141,-0.029373,-0.077983,-0.140187,-0.19651,-0.239713,-0.024701,-0.053494,-0.089195,-0.114977,-0.122832,2.6e-05,0.001664,-0.000817,-0.009421,-0.017363,0.00597,0.014469,0.019967,0.023152,0.024819,-0.000202,-0.009597,-0.018499,-0.018877,-0.020484,0.366319,-0.552884,-0.13921,-0.860247,1,0,0,0,0,0,0,0,0,0,0
2994,0.000826,0.003807,0.015523,0.026944,0.042201,0.000148,0.00242,0.015818,0.020835,0.038246,-0.005961,-0.013309,-0.017589,-0.018739,-0.019005,0.001328,0.002184,0.0018,-0.004397,-0.012985,0.007024,0.026678,0.040519,0.054861,0.072331,0.000443,0.000679,0.003659,0.007378,0.01989,-0.012955,-0.024081,-0.03618,-0.041876,-0.048664,-0.027298,-0.08809,-0.14124,-0.194005,-0.219355,-0.017588,-0.057837,-0.081614,-0.097241,-0.096247,0.000878,0.000869,-0.009133,-0.009972,-0.014456,0.004967,0.011742,0.015705,0.018094,0.018924,-0.0042,-0.015807,-0.018273,-0.020147,-0.021801,0.375124,-0.544083,-0.145009,-0.86544,1,0,0,0,0,0,0,0,0,0,0
2995,0.000382,0.007561,0.020858,0.03495,0.04554,0.002236,0.004766,0.019622,0.033773,0.04098,-0.005707,-0.010473,-0.012326,-0.013121,-0.012268,0.000883,0.000794,-0.001147,-0.00962,-0.020299,0.007796,0.027301,0.039921,0.055366,0.071988,0.002177,0.000559,0.006855,0.012797,0.021593,-0.012827,-0.023153,-0.026742,-0.032508,-0.03595,-0.021182,-0.083108,-0.13918,-0.182191,-0.19896,-0.011132,-0.046674,-0.072341,-0.08016,-0.077768,0.000756,-0.001714,-0.01028,-0.018186,-0.01564,0.003378,0.008706,0.011794,0.01341,0.013735,-0.004997,-0.013626,-0.013991,-0.01555,-0.018728,0.382461,-0.537319,-0.147637,-0.866818,1,0,0,0,0,0,0,0,0,0,0
2996,0.002581,0.014225,0.025575,0.040739,0.048687,2.9e-05,0.013345,0.018331,0.035635,0.043906,-0.001613,-0.005866,-0.00701,-0.007274,-0.006013,-2.9e-05,-0.000411,-0.00657,-0.015105,-0.025165,0.011761,0.025517,0.039771,0.057134,0.072062,-0.001936,0.001027,0.004722,0.017158,0.018976,0.00173,-0.010295,-0.015955,-0.022701,-0.022642,-0.039301,-0.092124,-0.144565,-0.169759,-0.182986,-0.028903,-0.052534,-0.068064,-0.067076,-0.066774,-0.000762,-0.010703,-0.011537,-0.015994,-0.021148,0.003181,0.006977,0.009265,0.01006,0.010216,-0.006225,-0.008587,-0.010381,-0.011965,-0.016287,0.387952,-0.532142,-0.150644,-0.864958,1,0,0,0,0,0,0,0,0,0,0
2997,0.004575,0.017832,0.03188,0.042439,0.048774,0.002493,0.017304,0.031411,0.038597,0.046545,-0.003138,-0.004986,-0.005778,-0.004927,-0.004135,-5.9e-05,-0.001994,-0.010441,-0.021087,-0.028038,0.007684,0.020266,0.035664,0.052234,0.066869,0.000323,0.006599,0.012523,0.021293,0.020823,-0.012025,-0.015603,-0.021351,-0.024783,-0.021175,-0.022436,-0.078337,-0.121216,-0.137933,-0.149078,-0.006531,-0.03212,-0.039915,-0.03753,-0.041351,-0.0017,-0.01024,-0.018122,-0.015584,-0.022363,0.002035,0.005056,0.006638,0.006956,0.007107,-0.002222,-0.00258,-0.004105,-0.007215,-0.01229,0.390239,-0.526366,-0.15391,-0.864513,1,0,0,0,0,0,0,0,0,0,0
2998,0.00707,0.018422,0.033588,0.041538,0.049018,0.010824,0.015811,0.033119,0.041391,0.048285,-0.001115,-0.002259,-0.002523,-0.001261,0.003843,-0.000323,-0.006483,-0.015019,-0.025081,-0.030185,0.006072,0.020329,0.037695,0.052626,0.064448,0.00264,0.006336,0.018774,0.020593,0.020916,0.0,-0.005662,-0.012408,-0.01235,0.00132,-0.030391,-0.082841,-0.108039,-0.121269,-0.130187,-0.017102,-0.032636,-0.031648,-0.031345,-0.040609,-0.008242,-0.009076,-0.013533,-0.018688,-0.024323,0.001763,0.004053,0.00485,0.005006,0.005072,-0.00014,-0.001936,-0.003523,-0.00785,-0.010662,0.385681,-0.522056,-0.154752,-0.865346,1,0,0,0,0,0,0,0,0,0,0
2999,0.006226,0.020361,0.030985,0.037359,0.046182,0.004013,0.018207,0.025437,0.033434,0.042641,-0.000738,-0.001534,-0.000679,0.000118,0.015758,-0.001623,-0.010122,-0.020833,-0.027827,-0.031486,0.006551,0.022043,0.038716,0.053441,0.062087,0.003659,0.00962,0.018443,0.017971,0.018561,-0.0036,-0.009384,-0.012836,-0.009207,0.023165,-0.025673,-0.068815,-0.085636,-0.096849,-0.105259,-0.008542,-0.016385,-0.013985,-0.01783,-0.035221,-0.000302,-0.008232,-0.005678,-0.012499,-0.020987,0.001317,0.002968,0.0033,0.003457,0.003466,-0.000228,-0.00182,-0.005067,-0.010364,-0.011128,0.369758,-0.517614,-0.154855,-0.865503,1,0,0,0,0,0,0,0,0,0,0
3000,0.005211,0.02052,0.028544,0.036095,0.043941,0.001007,0.018477,0.026827,0.033785,0.043616,-0.000415,-0.000681,0.000592,0.005744,0.034585,-0.00459,-0.013206,-0.023362,-0.028515,-0.03266,0.007817,0.025346,0.040418,0.052351,0.05922,5.9e-05,0.012614,0.01445,0.014775,0.016641,-0.002102,-0.008913,-0.008853,0.004945,0.057266,-0.027182,-0.052617,-0.065971,-0.074973,-0.086254,-0.007108,-0.006111,-0.005806,-0.015157,-0.039682,-0.000539,-0.005038,-0.010242,-0.01593,-0.023932,0.001097,0.001947,0.002114,0.002185,0.002213,-0.001684,-0.003378,-0.007998,-0.011001,-0.011293,0.345246,-0.512017,-0.155727,-0.866622,1,0,0,0,0,0,0,0,0,0,0
3001,0.008996,0.019684,0.026097,0.034974,0.041091,0.013271,0.020545,0.028591,0.037854,0.046316,-0.000386,0.000475,0.001277,0.017012,0.05163,-0.003949,-0.014726,-0.021763,-0.025444,-0.029898,0.007749,0.024524,0.039339,0.048038,0.05451,0.005938,0.014815,0.01434,0.014934,0.018734,-0.003711,-0.007185,-0.003533,0.029037,0.111782,-0.016151,-0.033074,-0.044356,-0.052818,-0.064367,-0.000764,0.001651,-0.002218,-0.019715,-0.067974,-0.007438,-0.004869,-0.011732,-0.020271,-0.02477,0.000605,0.000952,0.001116,0.001125,0.001035,5.5e-05,-0.003333,-0.008861,-0.009659,-0.010255,0.297783,-0.509027,-0.155565,-0.869465,1,0,0,0,0,0,0,0,0,0,0
3002,0.006366,0.014427,0.022012,0.029894,0.033256,0.004254,0.012642,0.019632,0.029508,0.0351,0.000119,0.001398,0.006574,0.035546,0.070319,-0.0047,-0.014903,-0.020078,-0.024243,-0.031887,0.009846,0.024986,0.036974,0.043875,0.048962,0.006663,0.008507,0.008834,0.010708,0.014754,-0.003123,-0.003064,0.010798,0.063358,0.188588,-0.00937,-0.022785,-0.031828,-0.043161,-0.06437,0.001767,0.002074,-0.00732,-0.031958,-0.122516,0.002932,-0.002295,-0.008009,-0.016048,-0.01722,0.000265,0.000437,0.00051,0.000539,0.000404,-0.001804,-0.006574,-0.009674,-0.009977,-0.010918,0.230796,-0.499623,-0.155678,-0.873542,0,0,1,0,0,0,0,0,0,0,0
3003,0.004349,0.010783,0.01969,0.025826,0.026631,0.003038,0.011111,0.020405,0.028895,0.032916,0.000745,0.001549,0.017337,0.05207,0.092403,-0.006107,-0.013166,-0.01686,-0.021328,-0.038963,0.00697,0.021835,0.030563,0.037057,0.039172,0.002234,0.001758,0.002353,0.006166,0.00846,-0.000357,0.003307,0.035984,0.119004,0.255762,-0.007596,-0.018916,-0.027405,-0.038993,-0.064283,0.000653,-0.003228,-0.020784,-0.069203,-0.161636,-0.000358,-0.007244,-0.015812,-0.020326,-0.021755,8.8e-05,0.000255,0.000265,0.000173,0.000125,-0.001646,-0.007303,-0.00812,-0.00873,-0.009501,0.169738,-0.497337,-0.155302,-0.874763,0,0,1,0,0,0,0,0,0,0,0
3004,0.00373,0.011338,0.019245,0.022617,0.02202,0.005371,0.012383,0.022289,0.027898,0.02942,0.000537,0.005729,0.034791,0.069671,0.109863,-0.004118,-0.009309,-0.013487,-0.021155,-0.054931,0.008205,0.02023,0.027152,0.032255,0.032284,-0.000388,-6e-05,0.00182,0.005878,0.006236,0.000418,0.014322,0.067046,0.192663,0.309269,-0.005848,-0.014919,-0.026287,-0.047561,-0.070268,-0.000347,-0.009769,-0.034483,-0.125321,-0.184541,-0.004884,-0.010616,-0.01868,-0.019856,-0.020868,8.7e-05,0.000162,0.000191,5.3e-05,3.2e-05,-0.003209,-0.006378,-0.006686,-0.007648,-0.00805,0.123735,-0.492797,-0.156401,-0.875831,0,0,1,0,0,0,0,0,0,0,0
3005,0.002719,0.011655,0.017811,0.018618,0.017751,0.002719,0.012043,0.02056,0.024594,0.021905,0.000269,0.016107,0.050952,0.091415,0.125691,-0.002959,-0.006664,-0.011147,-0.028838,-0.047515,0.006694,0.01545,0.021965,0.024086,0.024266,-9e-05,0.000508,0.004333,0.006634,0.006724,0.003257,0.03604,0.119326,0.256523,0.3884,-0.005499,-0.014016,-0.02564,-0.051012,-0.139169,-0.003547,-0.021158,-0.069733,-0.162463,-0.227496,-0.002016,-0.010611,-0.01514,-0.016573,-0.013639,8.3e-05,9.3e-05,-1e-06,-5e-05,-5.3e-05,-0.002542,-0.003377,-0.004,-0.004789,-0.005009,0.050069,-0.42796,-0.159053,-0.886341,0,0,1,0,0,0,0,0,0,0,0
3006,0.00491,0.012843,0.016226,0.015628,0.014849,0.004311,0.01425,0.019879,0.021406,0.018831,0.00494,0.034099,0.069096,0.109423,0.148072,-0.002245,-0.006437,-0.014131,-0.04802,-0.041973,0.005359,0.012304,0.017424,0.017454,0.016825,0.000419,0.002305,0.006377,0.006736,0.006826,0.010688,0.063588,0.189626,0.306623,0.464784,-0.003593,-0.014999,-0.036344,-0.059127,-0.123164,-0.005901,-0.030698,-0.12184,-0.181258,-0.17922,-0.003731,-0.011822,-0.013002,-0.014018,-0.011379,-8e-06,2.2e-05,-0.000119,-0.000141,-0.000138,-0.000669,-0.000985,-0.00197,-0.002381,-0.002182,-0.030281,-0.441694,-0.158914,-0.889587,0,0,1,0,0,0,0,0,0,0,0
3007,0.004047,0.010223,0.011032,0.010163,0.005726,0.005036,0.013581,0.017628,0.01493,0.006895,0.010942,0.045898,0.08649,0.120876,0.153133,-0.001469,-0.005966,-0.023713,-0.04245,-0.080074,0.003418,0.009953,0.012082,0.012261,0.010822,0.00018,0.004017,0.006326,0.006416,0.006236,0.022185,0.105736,0.24337,0.375668,0.511084,-0.004947,-0.016608,-0.042061,-0.130499,-0.108644,-0.011758,-0.060488,-0.153513,-0.218754,-0.123643,-0.004886,-0.009429,-0.010867,-0.007924,0.00038,1.8e-05,-7.8e-05,-0.000128,-0.000131,-0.000108,-0.000178,-0.000816,-0.001622,-0.001847,-0.002564,-0.086319,-0.454275,-0.158527,-0.889485,0,0,1,0,0,0,0,0,0,0,0
3008,0.003905,0.0073,0.006699,0.005918,-0.002163,0.004927,0.010574,0.012106,0.009523,-0.008051,0.018294,0.053411,0.093874,0.132655,0.173659,-0.002734,-0.010454,-0.044459,-0.038391,-0.099822,0.003545,0.008681,0.008712,0.008081,0.005978,0.001712,0.005798,0.006158,0.006248,0.004776,0.030851,0.157318,0.274713,0.433413,0.561141,-0.006489,-0.027907,-0.050767,-0.115022,-0.106521,-0.013099,-0.104552,-0.164172,-0.162127,-0.068328,-0.003222,-0.004406,-0.005426,-0.002778,0.014209,1.3e-05,-0.000132,-0.000154,-0.000151,-0.000111,-0.000143,-0.001152,-0.001573,-0.001369,-0.00275,-0.1526,-0.459073,-0.156324,-0.885535,0,0,1,0,0,0,0,0,0,0,0
3009,0.002287,0.003099,0.002227,-0.002227,-0.01312,0.003641,0.007704,0.004995,-0.003069,-0.013391,0.016761,0.057506,0.092022,0.124401,0.202369,-0.001775,-0.01959,-0.038397,-0.076163,-0.095482,0.003009,0.005146,0.005326,0.003882,0.001475,0.002137,0.004454,0.004544,0.004363,0.002799,0.052962,0.191115,0.323911,0.459837,0.628654,-0.005206,-0.030754,-0.119526,-0.097589,-0.100748,-0.035791,-0.129167,-0.194654,-0.099185,-0.007247,-0.001332,-0.002776,0.000179,0.008513,0.018889,-0.000112,-0.000163,-0.000167,-0.000143,-0.000328,-0.00051,-0.001338,-0.001569,-0.002304,-0.006403,-0.247726,-0.467351,-0.15457,-0.880937,0,0,1,0,0,0,0,0,0,0,0
3010,0.001117,0.000513,-0.000272,-0.008394,-0.0372,0.002023,0.003563,0.000966,-0.016698,-0.013588,0.018479,0.059152,0.098134,0.13935,0.224651,-0.005979,-0.040159,-0.03406,-0.095809,-0.092578,0.002144,0.002174,0.00154,-0.000574,-0.005767,0.001963,0.002325,0.002416,0.000936,0.000785,0.073978,0.19198,0.3515,0.479889,0.650008,-0.016305,-0.039284,-0.103871,-0.095326,-0.129627,-0.056012,-0.11594,-0.113885,-0.019601,0.056879,0.000146,-0.000878,0.001784,0.018858,0.021259,-3.6e-05,-5.9e-05,-5.6e-05,-1.4e-05,-0.00147,-0.000523,-0.00096,-0.000748,-0.00218,-0.017779,-0.320472,-0.442362,-0.157032,-0.877304,0,0,1,0,0,0,0,0,0,0,0
3011,-0.000304,-0.001186,-0.005685,-0.01669,-0.036845,0.002067,-0.000669,-0.008816,-0.019243,-0.01523,0.022557,0.057425,0.090136,0.168902,0.243564,-0.011978,-0.030978,-0.069129,-0.088646,-0.101049,0.0,0.000182,-0.001277,-0.003709,-0.011795,0.000365,0.000456,0.000274,-0.001307,-0.003982,0.065086,0.199241,0.336558,0.507101,0.644813,-0.009394,-0.099073,-0.076912,-0.080104,-0.138502,-0.037939,-0.104096,-0.00765,0.085228,0.142042,-0.001606,0.001379,0.009799,0.02028,0.016649,-1.8e-05,-2.2e-05,4e-06,-0.000195,-0.002186,-0.000341,-0.000588,-0.001378,-0.005779,-0.015048,-0.383701,-0.422748,-0.15625,-0.872249,0,0,1,0,0,0,0,0,0,0,0
3012,-0.000305,-0.001096,-0.009289,-0.038346,-0.036731,-0.000518,-0.003137,-0.020955,-0.017818,-0.0173,0.018427,0.057747,0.099321,0.185363,0.258704,-0.022477,-0.016325,-0.07861,-0.075351,-0.1232,3e-05,-0.000609,-0.002741,-0.00798,-0.017117,0.0,9.1e-05,-0.001401,-0.001553,-0.010721,0.053818,0.214724,0.344228,0.515824,0.627785,-0.013767,-0.078915,-0.070295,-0.104895,-0.148205,-0.022438,-0.020365,0.074738,0.151882,0.190727,0.000575,0.00326,0.020483,0.022904,0.010807,-6e-06,-3e-06,4.1e-05,-0.001505,-0.000976,-0.000119,0.000106,-0.001415,-0.017988,-0.012735,-0.424139,-0.406706,-0.151085,-0.863702,0,0,1,0,0,0,0,0,0,0,0
3013,-0.000582,-0.005117,-0.01621,-0.036526,-0.037047,-0.002237,-0.010449,-0.02096,-0.016915,-0.016976,0.016608,0.04958,0.128975,0.204234,0.277746,0.003463,-0.034994,-0.054667,-0.067169,-0.112275,0.000153,-0.001318,-0.003769,-0.01192,-0.018018,9.2e-05,-9.2e-05,-0.001685,-0.004382,-0.008948,0.081081,0.219494,0.3914,0.530211,0.625265,-0.076546,-0.054207,-0.057425,-0.116289,-0.158392,-0.04411,0.053106,0.146726,0.203994,0.225608,0.00243,0.010917,0.021482,0.017822,0.012077,3e-06,2.9e-05,-0.000181,-0.002286,-0.002349,-0.000138,-0.000973,-0.005627,-0.015426,-0.012639,-0.464625,-0.38449,-0.150249,-0.863386,0,0,1,0,0,0,0,0,0,0,0
3014,-0.000217,-0.008567,-0.03818,-0.036535,-0.037653,-0.000404,-0.018562,-0.015365,-0.014838,-0.014962,0.02325,0.06562,0.153311,0.228057,0.287128,0.002763,-0.060716,-0.057395,-0.10616,-0.133693,-0.000807,-0.00298,-0.008319,-0.017631,-0.019432,0.0,-0.001521,-0.001676,-0.01102,0.004128,0.081855,0.213841,0.388725,0.502831,0.578043,0.011144,0.019928,-0.015334,-0.059474,-0.097499,0.046796,0.143722,0.222344,0.261933,0.277473,0.000275,0.017828,0.020296,0.007966,0.022629,1e-06,5.1e-05,-0.001715,-0.001111,-0.002353,0.000408,-0.00133,-0.020257,-0.014258,-0.011082,-0.484488,-0.371651,-0.149066,-0.874283,0,0,1,0,0,0,0,0,0,0,0
3015,-0.004393,-0.01567,-0.036325,-0.036855,-0.039814,-0.007944,-0.01863,-0.014518,-0.01458,-0.014268,0.010187,0.090906,0.167419,0.242156,0.293559,-0.04187,-0.061871,-0.074581,-0.120439,-0.151873,-0.000685,-0.003178,-0.011464,-0.017664,-0.018972,-0.000187,-0.001807,-0.004548,-0.00919,0.017882,0.058568,0.233339,0.374465,0.471103,0.521135,0.011527,0.008256,-0.05159,-0.094395,-0.123243,0.051871,0.147051,0.205273,0.227247,0.225968,0.008352,0.019094,0.015373,0.009531,0.035918,2.9e-05,-0.000207,-0.00257,-0.002641,-0.002294,-0.001356,-0.00658,-0.017582,-0.014453,-0.010701,-0.498605,-0.360655,-0.151159,-0.885526,0,0,1,0,0,0,0,0,0,0,0
3016,-0.003987,-0.033705,-0.032054,-0.033176,-0.038253,-0.01028,-0.007071,-0.006542,-0.006666,-0.002804,0.032335,0.120336,0.195348,0.254628,0.305903,-0.021837,-0.018504,-0.067442,-0.095073,-0.115851,-0.001495,-0.006853,-0.016199,-0.018005,-0.018784,-0.001339,-0.001495,-0.010872,0.00433,0.027475,0.07389,0.249395,0.363906,0.439385,0.478666,-0.00271,-0.038098,-0.082394,-0.120554,-0.1456,0.045403,0.124304,0.164033,0.179628,0.167513,0.009263,0.01174,-0.000633,0.014081,0.033834,2.2e-05,-0.001788,-0.001169,-0.002442,-0.002883,-0.000426,-0.019829,-0.013679,-0.010423,-0.010227,-0.509329,-0.353276,-0.153037,-0.892916,0,0,1,0,0,0,0,0,0,0,0
3017,-0.007261,-0.027833,-0.02836,-0.031308,-0.036211,-0.000403,0.003692,0.00363,0.003941,0.011326,0.048188,0.124395,0.198834,0.250031,0.281929,0.001831,-0.010829,-0.056504,-0.087812,-0.107857,-0.000993,-0.009247,-0.015421,-0.016725,-0.018028,-0.000279,-0.00301,-0.007633,0.019331,0.034349,0.100472,0.241033,0.337285,0.387117,0.402259,-0.000559,-0.060165,-0.102799,-0.131532,-0.146457,0.049575,0.107565,0.129451,0.128176,0.111693,0.001472,-0.002234,-0.008053,0.018229,0.026493,-0.000251,-0.002549,-0.002617,-0.00228,-0.001779,-0.004665,-0.015363,-0.01232,-0.008673,-0.010363,-0.500386,-0.355437,-0.155397,-0.894283,0,0,1,0,0,0,0,0,0,0,0
3018,-0.022209,-0.020574,-0.021685,-0.026713,-0.031247,0.003578,0.004103,0.003979,0.007804,0.018446,0.039236,0.113514,0.172214,0.222987,0.235696,0.001481,-0.046979,-0.074339,-0.094914,-0.123662,-0.004318,-0.013572,-0.015361,-0.016133,-0.018569,0.000123,-0.009161,0.005892,0.02881,0.037787,0.073908,0.187298,0.262039,0.300936,0.293779,-0.034486,-0.078349,-0.116136,-0.140936,-0.14254,0.028846,0.068187,0.08363,0.071633,0.053793,0.00099,-0.011263,0.003308,0.022867,0.021746,-0.001448,-0.00087,-0.002059,-0.00247,8e-06,-0.013636,-0.007895,-0.004856,-0.004673,-0.007038,-0.485516,-0.367074,-0.157973,-0.89075,0,0,1,0,0,0,0,0,0,0,0
3019,0.001748,0.001227,-0.001687,-0.006531,-0.015516,0.000491,0.000429,0.000736,0.008034,0.023029,0.036306,0.10987,0.160466,0.191989,0.187113,-0.013983,-0.059121,-0.090061,-0.10987,-0.144797,-0.003864,-0.009966,-0.011254,-0.012542,-0.018153,-0.002821,-0.00739,0.019257,0.034099,0.050719,0.065437,0.160558,0.209805,0.224769,0.204224,-0.024623,-0.066756,-0.095151,-0.109901,-0.110514,0.028632,0.050261,0.049002,0.032712,0.021411,-0.004646,-0.010396,0.015577,0.023743,0.026128,-0.000725,-0.000788,-0.000478,-1.7e-05,0.00269,0.003235,0.006036,0.009394,0.007837,0.005139,-0.463711,-0.374269,-0.158768,-0.896137,1,0,0,0,0,0,0,0,0,0,0
3020,-0.000122,-0.00122,-0.006193,-0.010677,-0.026174,3.1e-05,-9.2e-05,0.003691,0.014216,0.039901,0.037339,0.095391,0.145604,0.158172,0.151613,-0.034014,-0.061072,-0.08142,-0.109851,-0.139319,-0.005308,-0.007077,-0.00784,-0.01025,-0.021629,-0.006376,0.008511,0.031177,0.040054,0.063513,0.04704,0.120955,0.159423,0.152345,0.129741,-0.018883,-0.056252,-0.080779,-0.082365,-0.084714,0.010422,0.025694,0.01383,-0.003813,-0.01479,-0.007495,0.006915,0.026259,0.02515,0.023997,0.001234,0.000135,-0.000246,0.002047,0.004032,0.002192,0.005004,0.005174,0.002985,-0.001184,-0.449803,-0.380932,-0.157449,-0.9025,1,0,0,0,0,0,0,0,0,0,0
3021,-0.000396,-0.003286,-0.008093,-0.017007,-0.033953,-9.1e-05,0.000213,0.007454,0.022331,0.048496,0.035748,0.085947,0.117223,0.112386,0.113238,-0.010861,-0.041559,-0.061213,-0.095866,-0.115976,-0.000761,-0.002038,-0.003316,-0.008884,-0.02802,0.001825,0.028264,0.042989,0.059479,0.067693,0.047461,0.096322,0.111169,0.090785,0.061669,-0.02297,-0.051142,-0.065776,-0.066385,-0.072835,0.011065,0.009816,-0.006346,-0.017559,-0.043655,0.00177,0.027539,0.035642,0.038007,0.020067,-0.001271,-0.000977,-0.00054,0.002021,0.00316,0.000499,0.003677,0.002204,-0.000349,-0.002511,-0.425362,-0.37614,-0.150415,-0.897908,1,0,0,0,0,0,0,0,0,0,0
3022,-0.000698,-0.005648,-0.010112,-0.025538,-0.037957,-3e-05,0.003735,0.014211,0.039779,0.052563,0.022106,0.072088,0.084599,0.07807,0.072756,-0.016094,-0.036348,-0.064648,-0.093982,-0.123892,-0.001002,-0.001761,-0.00416,-0.015486,-0.035771,0.012996,0.035558,0.044395,0.067746,0.064618,0.026206,0.064497,0.057452,0.034951,-0.006923,-0.014272,-0.038686,-0.040265,-0.042603,-0.065408,0.004158,-0.007652,-0.025214,-0.03614,-0.069527,0.012577,0.031832,0.030728,0.02958,0.012226,0.000189,-0.000179,0.002041,0.003963,0.004635,0.00223,0.002394,0.000275,-0.003762,-0.001003,-0.40041,-0.364479,-0.143402,-0.894897,1,0,0,0,0,0,0,0,0,0,0
3023,-0.002181,-0.006967,-0.015843,-0.032715,-0.038804,0.000333,0.007543,0.022355,0.048406,0.052102,0.027929,0.059069,0.054253,0.055101,0.003635,-0.01451,-0.034078,-0.068581,-0.088604,-0.119501,-0.000273,-0.001545,-0.007088,-0.026142,-0.041076,0.013359,0.02802,0.044438,0.052617,0.050315,0.022507,0.037289,0.016994,-0.011996,-0.089785,-0.013813,-0.028383,-0.028989,-0.035411,-0.06328,-0.005392,-0.021484,-0.032648,-0.058631,-0.082978,0.013111,0.021178,0.023534,0.005671,-0.002267,9.9e-05,0.000522,0.003007,0.004112,0.004439,0.00089,-0.000538,-0.003016,-0.005113,-0.000151,-0.34261,-0.353749,-0.137916,-0.893774,1,0,0,0,0,0,0,0,0,0,0
3024,-0.002751,-0.007194,-0.022548,-0.034911,-0.04014,0.003416,0.013843,0.039294,0.052019,0.049873,0.021883,0.034337,0.027838,0.022548,-0.012604,-0.005682,-0.033853,-0.063051,-0.092823,-0.114344,-0.000484,-0.002871,-0.014146,-0.034337,-0.039535,0.009128,0.017924,0.041168,0.038054,0.036513,0.015657,0.008645,-0.013753,-0.055434,-0.134747,-0.010519,-0.01209,-0.014418,-0.037117,-0.056976,-0.006375,-0.023856,-0.034732,-0.067965,-0.109039,0.006084,0.004985,0.003843,-0.013432,-0.012838,-0.000454,0.001696,0.003556,0.004207,0.004483,-0.000718,-0.002769,-0.006679,-0.004007,-0.003941,-0.317328,-0.347996,-0.140711,-0.893328,1,0,0,0,0,0,0,0,0,0,0
3025,-0.002021,-0.010858,-0.027658,-0.03372,-0.040838,0.00377,0.018519,0.044457,0.048137,0.044578,0.009169,0.004373,0.005218,-0.046026,-0.047262,-0.013814,-0.048167,-0.068104,-0.098868,-0.123358,-0.000784,-0.006304,-0.025275,-0.040144,-0.038998,0.005489,0.021837,0.02998,0.027688,0.026813,-0.000905,-0.021113,-0.049977,-0.12743,-0.162176,-0.004011,-0.004615,-0.011009,-0.038757,-0.054833,-0.009661,-0.020776,-0.046647,-0.07089,-0.09925,0.001962,0.004307,-0.013478,-0.021383,-0.016798,0.000859,0.003269,0.004341,0.004658,0.004923,-0.000679,-0.003082,-0.005116,-0.000303,-0.005292,-0.30236,-0.340413,-0.143322,-0.893602,1,0,0,0,0,0,0,0,0,0,0
3026,-0.002402,-0.017653,-0.029933,-0.035126,-0.041611,0.006605,0.031884,0.044523,0.042392,0.038819,0.003242,-0.003212,-0.008466,-0.043383,-0.034526,-0.014231,-0.043233,-0.072805,-0.094181,-0.103068,-0.001591,-0.01279,-0.032845,-0.038009,-0.037949,0.003272,0.02636,0.023268,0.021736,0.019455,-0.006065,-0.028311,-0.069712,-0.148492,-0.169207,0.002432,0.00012,-0.022427,-0.042152,-0.056382,-0.007747,-0.01855,-0.05156,-0.092357,-0.12167,-0.003044,-0.004179,-0.021337,-0.020747,-0.017876,0.001219,0.002994,0.003615,0.003878,0.003946,-0.0013,-0.005029,-0.00248,-0.002417,-0.006475,-0.292344,-0.334519,-0.145892,-0.891924,1,0,0,0,0,0,0,0,0,0,0
3027,-0.00635,-0.022955,-0.028947,-0.035983,-0.039441,0.008019,0.033658,0.037295,0.033777,0.030915,-0.00796,-0.007125,-0.057775,-0.058998,-0.031839,-0.019825,-0.039531,-0.069939,-0.094146,-0.087915,-0.003876,-0.022627,-0.037324,-0.036192,-0.035238,0.012909,0.020958,0.018692,0.017828,0.015592,-0.013952,-0.042482,-0.119039,-0.153382,-0.168288,-0.003011,-0.009331,-0.036758,-0.052648,-0.060071,-0.003294,-0.028866,-0.052827,-0.08086,-0.124802,0.005341,-0.012239,-0.020051,-0.01552,-0.0138,0.001061,0.002049,0.002342,0.002585,0.002606,-0.000978,-0.002853,0.001584,-0.003015,-0.005698,-0.285467,-0.332957,-0.148122,-0.891202,1,0,0,0,0,0,0,0,0,0,0
3028,-0.00874,-0.020857,-0.025982,-0.032382,-0.034633,0.016976,0.029449,0.027345,0.02382,0.022427,0.001541,-0.003644,-0.038099,-0.02936,-0.023286,-0.008918,-0.038099,-0.059193,-0.067963,-0.070925,-0.007199,-0.02699,-0.032085,-0.032026,-0.030545,0.009954,0.006903,0.005392,0.00314,0.002844,-0.008088,-0.048943,-0.126682,-0.147124,-0.154798,0.000711,-0.021538,-0.041003,-0.055046,-0.057031,-0.007387,-0.039961,-0.08022,-0.109145,-0.121137,-0.006428,-0.023359,-0.022777,-0.019944,-0.017921,0.000601,0.001167,0.001407,0.001469,0.001487,-0.002461,-0.000139,-8.2e-05,-0.00378,-0.005902,-0.283403,-0.332944,-0.15039,-0.890736,1,0,0,0,0,0,0,0,0,0,0
3029,-0.007741,-0.01368,-0.020652,-0.02408,-0.027743,0.00848,0.012084,0.008598,0.005761,0.00523,-0.000709,-0.050907,-0.052118,-0.025202,-0.045678,-0.010636,-0.040773,-0.064764,-0.058589,-0.063878,-0.011405,-0.025971,-0.024848,-0.023902,-0.022809,-0.00195,-0.004195,-0.005052,-0.007268,-0.007268,-0.020209,-0.096082,-0.130119,-0.144892,-0.140755,-0.006973,-0.034155,-0.049903,-0.057259,-0.057112,-0.017977,-0.041724,-0.069506,-0.113056,-0.088396,-0.011013,-0.018756,-0.014264,-0.01256,-0.0108,0.000338,0.000613,0.000842,0.000861,0.000835,0.000654,0.004821,0.000502,-0.002018,-0.004841,-0.288393,-0.333047,-0.152547,-0.889686,1,0,0,0,0,0,0,0,0,0,0
3030,-0.004343,-0.009454,-0.015836,-0.018082,-0.020091,0.003959,0.001861,-0.001655,-0.003043,-0.00257,-0.004461,-0.038822,-0.030107,-0.02405,-0.055959,-0.018466,-0.039502,-0.048247,-0.051202,-0.051379,-0.008332,-0.013414,-0.013354,-0.011877,-0.011168,-0.001093,-0.0026,-0.004845,-0.005141,-0.005082,-0.020534,-0.09806,-0.118447,-0.126099,-0.116969,-0.015216,-0.034627,-0.048631,-0.050611,-0.048602,-0.014508,-0.054657,-0.083503,-0.095463,-0.05708,-0.005873,-0.005292,-0.002467,-0.000449,-0.000128,0.000218,0.000453,0.000513,0.000532,0.000457,0.001624,0.00168,-0.001947,-0.004029,-0.00577,-0.29222,-0.334408,-0.153608,-0.889653,1,0,0,0,0,0,0,0,0,0,0
3031,-0.001593,-0.008555,-0.011977,-0.015635,-0.015842,-0.000354,-0.003835,-0.006667,-0.007198,-0.006372,-0.045667,-0.046876,-0.020001,-0.040445,-0.030533,-0.011653,-0.035607,-0.029441,-0.034722,-0.030238,-0.006225,-0.005104,-0.00416,-0.003068,-0.002567,-0.001151,-0.002006,-0.004219,-0.004219,-0.003806,-0.055254,-0.089239,-0.103989,-0.099859,-0.094107,-0.011948,-0.027671,-0.035017,-0.03487,-0.032244,-0.009225,-0.036965,-0.080448,-0.055825,-0.060381,-0.001867,0.002617,0.004319,0.006076,0.005868,5.7e-05,0.000283,0.000302,0.000277,0.000274,0.002515,-0.001757,-0.00425,-0.007043,-0.007545,-0.294931,-0.335435,-0.15429,-0.889334,1,0,0,0,0,0,0,0,0,0,0
3032,-0.003507,-0.009872,-0.012112,-0.014116,-0.013909,-0.001739,-0.005246,-0.006631,-0.006159,-0.007073,0.011346,0.020039,0.02608,-0.005747,0.023575,-0.009342,-0.018065,-0.021012,-0.021188,-0.017652,0.001149,0.001208,0.002682,0.003389,0.002446,-0.000354,-0.002593,-0.002888,-0.002829,-0.002358,-0.022131,-0.042465,-0.050098,-0.040992,-0.038782,-0.007426,-0.021395,-0.023369,-0.021365,-0.019921,-0.03083,-0.059603,-0.071531,-0.033247,-0.059032,0.002444,0.005263,0.007275,0.007596,0.008624,0.000174,0.000234,0.000252,0.000179,0.000227,-0.002442,-0.006004,-0.008049,-0.009759,-0.008824,-0.295402,-0.335782,-0.153202,-0.889156,1,0,0,0,0,0,0,0,0,0,0
3033,-0.003443,-0.006857,-0.010507,-0.010713,-0.010478,-0.001736,-0.004562,-0.005092,-0.004268,-0.005298,-0.012538,0.014274,-0.006122,0.003767,0.019336,-0.014568,-0.008417,-0.013686,-0.009212,0.005239,-2.9e-05,0.000912,0.002001,0.002502,-0.00103,-0.0005,-0.002708,-0.002708,-0.002296,-0.001913,-0.011802,-0.026518,-0.022397,-0.016658,-0.002325,-0.00827,-0.015599,-0.015451,-0.012832,-0.007446,0.003116,-0.040265,-0.0157,-0.020245,-0.024785,0.002033,0.00373,0.005483,0.005276,0.005642,5e-05,6.9e-05,4.4e-05,4e-05,1.1e-05,-0.001783,-0.004236,-0.006983,-0.007476,-0.00496,-0.31233,-0.339897,-0.150764,-0.888791,1,0,0,0,0,0,0,0,0,0,0
3034,-0.002914,-0.00515,-0.007151,-0.006945,-0.008947,-0.001766,-0.003149,-0.002678,-0.00359,-0.00309,0.021219,0.027252,-0.004532,0.02475,0.033638,0.005857,0.002914,0.002737,0.006269,0.039465,8.8e-05,0.00156,0.002266,0.001324,-0.008829,-0.001736,-0.002031,-0.001972,-0.001501,-0.001648,-0.008505,-0.016127,-0.007034,-0.004826,0.031696,-0.00568,-0.007652,-0.00565,-0.004208,0.015392,-0.03185,-0.043762,-0.005529,-0.031279,-0.010118,0.000782,0.002792,0.003112,0.004139,0.001426,9e-06,2.7e-05,-4.5e-05,3e-06,-0.000101,-0.001746,-0.003772,-0.005466,-0.00454,0.00025,-0.338094,-0.352778,-0.141879,-0.889125,1,0,0,0,0,0,0,0,0,0,0
3035,-0.0005,-0.00415,-0.004356,-0.00412,-0.001442,-0.00106,-0.001589,-0.000765,-0.001795,-0.002207,0.005592,-0.014804,-0.004915,0.010654,0.011567,0.000294,-0.004974,-0.0005,0.013951,0.052212,0.000854,0.001942,0.002443,-0.001089,-0.008123,-0.000471,-0.000471,-5.9e-05,0.000324,0.008064,-0.00621,-0.00209,0.00365,0.017983,0.053359,-0.001648,-0.001501,0.001118,0.006504,0.03885,-0.01153,0.013035,0.00849,0.00395,0.034986,0.000915,0.002669,0.002461,0.002827,0.00833,1e-05,-1.5e-05,-1.9e-05,-4.8e-05,-0.000149,-0.000705,-0.003453,-0.003946,-0.001429,0.005712,-0.358515,-0.367649,-0.134699,-0.897073,1,0,0,0,0,0,0,0,0,0,0
3036,-0.001737,-0.003739,-0.003533,-0.005535,0.012307,-0.000324,0.000147,-0.000765,-0.000265,-0.002296,0.000442,-0.031355,-0.002061,0.00683,-0.007478,-0.003239,-0.003415,0.000118,0.033328,0.080405,0.000618,0.001325,0.000383,-0.009775,-0.005888,0.000177,0.000236,0.000707,0.000559,0.012895,-0.001413,0.007684,0.009892,0.04643,0.07278,-0.000324,0.001678,0.003121,0.022729,0.053172,-0.000383,0.037866,0.012105,0.033274,0.069322,0.001095,0.001415,0.002443,-0.000271,0.010539,8e-06,-6.4e-05,-1.6e-05,-0.00012,-0.000451,-0.001324,-0.003023,-0.002095,0.00271,0.014016,-0.378501,-0.375564,-0.131378,-0.90152,1,0,0,0,0,0,0,0,0,0,0
3037,-0.001914,-0.002121,-0.001885,0.000795,0.023799,-0.000206,0.000619,-0.000412,-0.000825,-0.0124,-0.020853,-0.010957,0.004624,0.005537,-0.016818,-0.002032,0.002445,0.016906,0.055196,0.113661,0.000471,0.000972,-0.002562,-0.009602,-0.005832,-0.000177,0.000236,0.000619,0.008365,0.015669,0.005537,0.011281,0.025625,0.061028,0.080055,0.000471,0.003093,0.008483,0.040852,0.086653,0.024967,0.020418,0.015875,0.046935,0.084773,0.00066,0.000452,0.000818,0.006325,0.020785,-3.3e-05,-3.7e-05,-6.6e-05,-0.000168,-0.000444,-0.001434,-0.00193,0.0006,0.007779,0.023935,-0.389633,-0.395125,-0.124979,-0.905017,1,0,0,0,0,0,0,0,0,0,0
3038,-8.8e-05,0.000118,-0.001885,0.015965,0.039116,0.000677,-0.000236,0.000265,-0.001767,-0.014197,-0.010957,0.01835,0.027246,0.012931,-0.015552,0.001856,0.00539,0.038615,0.085714,0.146744,0.000236,-0.000707,-0.010869,-0.006981,-0.001502,0.000236,0.000707,0.00056,0.012901,0.021296,0.003564,0.005773,0.042327,0.068689,0.070427,0.001532,0.002975,0.022592,0.053048,0.124477,0.013298,-0.012474,0.008704,0.044768,0.076307,-0.000339,0.000689,-0.002026,0.008789,0.025987,-3.9e-05,9e-06,-9.5e-05,-0.000428,-0.00027,-0.00027,0.000662,0.005481,0.016823,0.033363,-0.39218,-0.424744,-0.123046,-0.909572,1,0,0,0,0,0,0,0,0,0,0
3039,-0.000118,0.000118,0.002799,0.025808,0.041923,0.000147,-0.000884,-0.001296,-0.012874,-0.01532,0.020858,0.036443,0.037356,0.014995,-0.021889,0.002622,0.017087,0.055386,0.113865,0.173759,0.000265,-0.00327,-0.010311,-0.00654,-0.000501,0.000177,0.00056,0.008308,0.015614,0.026868,0.00218,0.016527,0.051939,0.070971,0.068467,0.00109,0.006481,0.038859,0.08467,0.162358,-0.01785,-0.022395,0.008673,0.04652,0.083584,0.000131,0.000498,0.006006,0.02047,0.032264,3.6e-05,7e-06,-9.6e-05,-0.000372,7.8e-05,-0.000226,0.002308,0.009499,0.025681,0.035819,-0.401908,-0.458514,-0.121671,-0.916256,1,0,0,0,0,0,0,0,0,0,0
3040,0.000324,-0.00168,0.016184,0.039354,0.04295,-0.001061,-0.00056,-0.002594,-0.015034,-0.01524,0.00846,0.017363,0.003036,-0.025469,-0.060047,0.000914,0.034165,0.081301,0.142381,0.203902,-0.001209,-0.011379,-0.007488,-0.002005,-0.000324,0.000295,0.000147,0.012499,0.0209,0.038646,2.9e-05,0.036612,0.062995,0.064735,0.063614,0.000354,0.019986,0.050467,0.121952,0.215576,-0.007932,0.013263,0.049356,0.08092,0.120757,0.000898,-0.00182,0.009004,0.026215,0.043648,1.2e-05,-9.2e-05,-0.000427,-0.000268,0.001221,0.001164,0.00601,0.017416,0.034048,0.038357,-0.405737,-0.509077,-0.119709,-0.929964,1,0,0,0,0,0,0,0,0,0,0
3041,-8.8e-05,0.002596,0.025632,0.041766,0.044657,2.9e-05,-0.000383,-0.011975,-0.014424,-0.008937,0.007138,0.008052,-0.014335,-0.051264,-0.09421,0.013568,0.051913,0.110462,0.170428,0.245407,-0.00233,-0.00938,-0.005604,0.000442,2.9e-05,8.8e-05,0.007846,0.015161,0.026428,0.049465,0.014335,0.049789,0.068844,0.066336,0.061735,0.005044,0.03746,0.083326,0.161107,0.273192,0.003387,0.034491,0.072384,0.109492,0.155957,-0.000531,0.004984,0.019464,0.031273,0.04813,-4.2e-05,-0.000145,-0.000424,2.9e-05,0.002053,0.001387,0.008638,0.024957,0.03518,0.041266,-0.410424,-0.563438,-0.115521,-0.941261,1,0,0,0,0,0,0,0,0,0,0
3042,-0.001918,0.015968,0.039167,0.042768,0.04386,0.000472,-0.001564,-0.01402,-0.014226,-0.003365,0.001771,-0.012573,-0.041115,-0.075736,-0.127948,0.019716,0.066911,0.128066,0.189665,0.265814,-0.007851,-0.003955,0.001535,0.003217,-0.007084,-0.000236,0.012131,0.020543,0.038311,0.041587,0.022284,0.0487,0.050441,0.04932,0.029338,0.01461,0.045129,0.116703,0.210443,0.36038,0.017833,0.053971,0.085574,0.125461,0.182118,-0.002189,0.008647,0.025881,0.043335,0.034225,-6.3e-05,-0.000401,-0.00024,0.001261,0.010381,0.003496,0.015001,0.031779,0.036126,0.046776,-0.398146,-0.649563,-0.104148,-0.933979,1,0,0,0,0,0,0,0,0,0,0
3043,0.004609,0.027685,0.043846,0.046742,0.04491,-0.000886,-0.012498,-0.01495,-0.009455,-0.005348,-0.000857,-0.023282,-0.060274,-0.103292,-0.147434,0.018673,0.077322,0.137388,0.212494,0.274363,0.000798,0.00458,0.010637,0.010223,-0.010016,0.008007,0.015334,0.026621,0.049696,-0.071058,0.013207,0.032294,0.029782,0.025173,-0.033712,0.017846,0.06379,0.141702,0.253976,0.399874,0.013305,0.051262,0.088433,0.134977,0.156697,0.007716,0.022221,0.034049,0.050935,-0.075275,-4.1e-05,-0.000322,0.000136,0.002183,0.017021,0.003816,0.02033,0.030674,0.036832,0.040937,-0.361068,-0.702758,-0.094298,-0.819749,1,0,0,0,0,0,0,0,0,0,0
3044,0.013345,0.036655,0.040273,0.041371,0.042497,-0.001157,-0.013672,-0.013879,-0.002966,-0.000386,-0.013553,-0.042231,-0.077017,-0.129479,-0.171918,0.028678,0.090125,0.152018,0.228531,0.268034,0.003114,0.00863,0.01032,-3e-05,-0.009401,0.004389,0.012841,0.030694,0.033986,-0.059728,0.013286,0.015036,0.013909,-0.006169,-0.107385,0.012752,0.084669,0.178857,0.329511,0.430224,0.022955,0.05471,0.094787,0.151715,0.136269,0.003144,0.02046,0.037997,0.028843,-0.067993,-0.000307,-0.000141,0.001411,0.01084,0.026197,0.007978,0.025326,0.029821,0.040832,0.038836,-0.307232,-0.749718,-0.097037,-0.842793,1,0,0,0,0,0,0,0,0,0,0
3045,0.009818,0.026044,0.028951,0.027112,0.035299,-0.010501,-0.012963,-0.007445,-0.003322,0.002403,-0.008958,-0.046096,-0.089286,-0.133602,-0.181182,0.030197,0.090502,0.165905,0.22802,0.251305,0.000682,0.006763,0.006348,-0.013971,-0.000653,0.002966,0.014298,0.037464,-0.083768,-0.062025,0.005873,0.003352,-0.001276,-0.060394,-0.179195,0.033371,0.111592,0.224312,0.370788,0.473363,0.015147,0.052465,0.099193,0.120999,0.119739,0.011418,0.023293,0.040246,-0.086464,-0.069867,1.8e-05,0.000489,0.002594,0.017848,0.036327,0.008986,0.019621,0.025952,0.030172,0.029226,-0.253431,-0.802836,-0.108513,-0.846235,1,0,0,0,0,0,0,0,0,0,0
3046,0.013507,0.017129,0.018227,0.019355,0.029122,-0.002019,-0.002226,0.008698,0.011281,0.015348,-0.019741,-0.054563,-0.107079,-0.14956,-0.199225,0.031289,0.093245,0.169835,0.209378,0.222766,0.004839,0.006531,-0.00383,-0.01321,0.0076,0.005492,0.023363,0.026658,-0.06715,-0.050526,-0.004126,-0.005254,-0.025352,-0.126672,-0.235502,0.038592,0.132876,0.283682,0.384497,0.506627,0.016628,0.056746,0.113731,0.09827,0.144581,0.005906,0.023461,0.014298,-0.082637,-0.06859,0.000149,0.001713,0.011208,0.026674,0.050344,0.008436,0.012962,0.024052,0.022041,0.01923,-0.206851,-0.868816,-0.116954,-0.863245,1,0,0,0,0,0,0,0,0,0,0
3047,0.002728,0.005635,0.003796,0.011981,0.015244,-0.000445,0.005071,0.009194,0.014917,0.01732,-0.017408,-0.060589,-0.104896,-0.152465,-0.202822,0.029034,0.104421,0.166522,0.189803,0.185117,0.001246,0.00083,-0.019484,-0.006169,0.002699,0.005842,0.029004,-0.092203,-0.070464,-0.054687,0.001601,-0.003025,-0.062131,-0.180906,-0.297279,0.039651,0.152347,0.298791,0.401344,0.499271,0.020699,0.067417,0.089218,0.087958,0.143129,0.005972,0.022921,-0.103762,-0.087168,-0.073086,0.000323,0.002425,0.017656,0.036107,0.069458,0.002242,0.008564,0.012777,0.011833,0.010689,-0.142932,-0.898385,-0.117282,-0.865685,1,0,0,0,0,0,0,0,0,0,0
3048,0.00089,0.001989,0.003117,0.012882,0.013476,0.000237,0.011161,0.013743,0.01781,0.013803,-0.017394,-0.069904,-0.11238,-0.16204,-0.203121,0.032889,0.109471,0.149009,0.162396,0.160971,0.000445,-0.009914,-0.019294,0.001514,0.001573,0.012022,0.015316,-0.078482,-0.061859,-0.054795,-0.002731,-0.022826,-0.124134,-0.232952,-0.360382,0.054587,0.205377,0.30618,0.428296,0.495588,0.019396,0.076375,0.060916,0.107222,0.13819,0.011576,0.002414,-0.094511,-0.080465,-0.069613,0.001238,0.010726,0.02618,0.049832,0.091992,0.002267,0.013348,0.011339,0.00853,0.009417,-0.086665,-0.931468,-0.118076,-0.875261,1,0,0,0,0,0,0,0,0,0,0
3049,0.002024,0.000179,0.008393,0.011667,0.014644,0.005298,0.009435,0.015179,0.01759,0.012917,-0.025894,-0.070361,-0.118102,-0.168641,-0.210518,0.042681,0.105006,0.12837,0.123668,0.13477,-0.000863,-0.021251,-0.007887,0.001012,0.004286,0.011191,-0.110453,-0.088636,-0.072802,-0.063158,-0.001905,-0.061224,-0.180427,-0.297219,-0.409607,0.058366,0.205339,0.308262,0.406541,0.472646,0.027438,0.049318,0.048053,0.103422,0.136993,0.005403,-0.121737,-0.105083,-0.090951,-0.076765,0.000894,0.016514,0.035436,0.069637,0.109626,0.004173,0.008494,0.007525,0.006352,0.007104,-0.042475,-0.953691,-0.122019,-0.883755,1,0,0,0,0,0,0,0,0,0,0
3050,-0.000925,0.000209,0.010022,0.010619,0.012945,0.005667,0.008262,0.012349,0.008322,0.004564,-0.026815,-0.069498,-0.119399,-0.16068,-0.207986,0.034182,0.073912,0.087364,0.085933,0.092107,-0.009545,-0.01897,0.001939,0.001998,0.008352,-0.007904,-0.102159,-0.085455,-0.078356,-0.072301,-0.018284,-0.120085,-0.229432,-0.357481,-0.469691,0.093031,0.194325,0.317035,0.384653,0.440162,0.029759,0.014225,0.060756,0.091875,0.129861,-0.014621,-0.112017,-0.097903,-0.086998,-0.076676,0.008909,0.024896,0.049365,0.092981,0.138971,0.007229,0.00515,0.002244,0.003162,0.002021,0.014585,-0.973093,-0.12556,-0.886477,1,0,0,0,0,0,0,0,0,0,0
3051,-0.000928,0.007336,0.01063,0.013625,0.013745,-0.001527,0.004252,0.006678,0.001976,-0.004552,-0.017817,-0.065849,-0.116695,-0.158827,-0.195659,0.028388,0.051894,0.047163,0.058332,0.055608,-0.01093,0.002515,0.011469,0.014763,0.019284,-0.114449,-0.0925,-0.076569,-0.066867,-0.065399,-0.041324,-0.161253,-0.278756,-0.391828,-0.507385,0.05447,0.158019,0.256897,0.323404,0.371795,-0.007863,-0.009136,0.046571,0.080346,0.124884,-0.113235,-0.09648,-0.082262,-0.06799,-0.059398,0.00714,0.026884,0.062569,0.104294,0.171553,-0.002922,-0.003932,-0.005157,-0.004372,-0.005883,0.064997,-0.99634,-0.12808,-0.89042,1,0,0,0,0,0,0,0,0,0,0
3052,0.002079,0.011994,0.012597,0.014948,0.014435,0.004159,0.008288,0.004219,0.000422,-0.005214,-0.025194,-0.075613,-0.117322,-0.165119,-0.195045,0.011573,0.025164,0.023718,0.029956,0.026671,0.001477,0.022603,0.022663,0.029082,0.030257,0.019951,0.036827,0.044,0.050117,0.049575,-0.061268,-0.171749,-0.301126,-0.4145,-0.511752,0.047526,0.171508,0.239828,0.295912,0.320655,-0.007782,0.039232,0.070673,0.109054,0.136612,0.015555,0.029815,0.040833,0.051262,0.05656,0.009718,0.03602,0.082902,0.132338,0.201227,0.000821,-0.002303,-0.001316,-0.002542,-0.002984,0.101177,-0.994637,-0.1309,-0.892349,1,0,0,0,0,0,0,0,0,0,0
3053,0.006309,0.009661,0.012709,0.012831,0.012069,0.001676,0.004145,-0.00064,-0.007284,-0.010179,-0.023406,-0.075155,-0.118035,-0.155521,-0.184351,0.012221,0.007406,0.018773,0.016,0.015025,0.012191,0.021303,0.024655,0.029257,0.028953,0.002164,0.018377,0.028252,0.029745,0.027215,-0.060099,-0.179688,-0.294767,-0.412375,-0.490608,0.057326,0.157959,0.225647,0.274897,0.263346,0.006574,0.06327,0.097644,0.142973,0.135477,0.001322,0.015793,0.030318,0.039062,0.039497,0.01182,0.052182,0.099376,0.17545,0.233808,-0.002031,-0.003416,-0.002528,-0.004238,-0.004468,0.127559,-0.974386,-0.132755,-0.887656,1,0,0,0,0,0,0,0,0,0,0
3054,0.003726,0.004337,0.006719,0.0062,0.004428,0.002504,-0.001619,-0.005467,-0.011178,-0.013194,-0.02764,-0.069909,-0.118347,-0.148675,-0.172161,0.001527,6.1e-05,0.006383,0.003054,0.006658,0.009193,0.009254,0.015759,0.01695,0.016431,0.014935,0.022203,0.028403,0.027854,0.02428,-0.051737,-0.18285,-0.297746,-0.396302,-0.461477,0.068198,0.137435,0.194272,0.219347,0.205054,0.041056,0.07292,0.111815,0.139743,0.126576,0.013127,0.024293,0.034862,0.040231,0.038899,0.016877,0.068346,0.122617,0.198244,0.246443,-0.001368,-0.000285,-0.001631,-0.002116,-0.002993,0.151552,-0.968559,-0.135563,-0.888248,1,0,0,0,0,0,0,0,0,0,0
3055,-0.000367,0.002694,0.002816,0.002051,-0.002265,-3.1e-05,-0.004836,-0.011509,-0.014416,-0.017661,-0.024272,-0.067338,-0.104986,-0.133942,-0.155153,-0.006367,0.00505,0.002265,0.001286,0.004163,-6.1e-05,0.003306,0.007928,0.007621,0.005601,0.001316,0.011233,0.012733,0.010193,0.007346,-0.068256,-0.183833,-0.301951,-0.380522,-0.438372,0.03272,0.100701,0.150164,0.138564,0.128157,0.015794,0.050317,0.095843,0.088314,0.080882,0.001378,0.015967,0.024748,0.025185,0.025958,0.024464,0.073106,0.151516,0.211665,0.252484,-3.8e-05,0.000877,-0.000886,-0.001123,-0.002436,0.17473,-0.959139,-0.137121,-0.887458,1,0,0,0,0,0,0,0,0,0,0
3056,0.000981,0.003371,0.00285,0.001073,-0.006589,-0.004107,-0.007968,-0.013699,-0.015721,-0.020962,-0.018112,-0.066716,-0.097148,-0.120714,-0.142902,0.004903,0.011247,0.007907,0.011523,0.009929,0.000123,0.00665,0.007845,0.007324,0.001931,0.005976,0.012197,0.011645,0.00806,0.004382,-0.063222,-0.178512,-0.277407,-0.342805,-0.388621,0.036714,0.093746,0.118906,0.104564,0.094114,0.016159,0.055188,0.083212,0.069999,0.065611,0.009824,0.02043,0.025817,0.024481,0.026401,0.028042,0.083629,0.16109,0.210458,0.236385,0.001148,-0.00023,-0.000728,-0.001626,-0.002818,0.185698,-0.956768,-0.13782,-0.887228,1,0,0,0,0,0,0,0,0,0,0
3057,0.002092,0.002215,0.001446,-0.002892,-0.010829,-0.000708,-0.007414,-0.010337,-0.013598,-0.021043,-0.025104,-0.062945,-0.092049,-0.113369,-0.134535,0.006553,0.003753,0.002769,0.005661,0.004492,0.003261,0.007907,0.007599,0.005568,-0.001261,0.003969,0.005476,0.002923,6.2e-05,-0.003999,-0.0527,-0.171422,-0.250395,-0.308541,-0.338291,0.031472,0.081189,0.069529,0.059069,0.053777,0.018478,0.064237,0.05667,0.049199,0.04693,0.0048,0.013627,0.014066,0.014843,0.018365,0.021599,0.10286,0.165197,0.2075,0.2172,-0.000231,-0.002058,-0.002303,-0.003664,-0.003986,0.190615,-0.953262,-0.138324,-0.887813,1,0,0,0,0,0,0,0,0,0,0
3058,0.000309,-0.000216,-0.002008,-0.009731,-0.016465,-0.003182,-0.008958,-0.010997,-0.016279,-0.023971,-0.023786,-0.05446,-0.078215,-0.10058,-0.115933,-0.000185,-0.003552,9.3e-05,-0.001514,-0.002626,0.003305,0.00451,0.003985,-0.001452,-0.011152,0.002286,0.00173,-0.001884,-0.005591,-0.008588,-0.063295,-0.16298,-0.228901,-0.275083,-0.295378,0.025886,0.051248,0.036791,0.026257,0.018936,0.020787,0.049035,0.035717,0.031293,0.026295,0.00587,0.011301,0.009953,0.011889,0.016029,0.036547,0.118446,0.170643,0.198055,0.204522,-0.00122,-0.001745,-0.002695,-0.003956,-0.001477,0.195901,-0.950939,-0.133894,-0.8906,1,0,0,0,0,0,0,0,0,0,0
3059,-0.000185,-0.000956,-0.005304,-0.013259,-0.018933,-0.003546,-0.006475,-0.009744,-0.017206,-0.020752,-0.014184,-0.043354,-0.064723,-0.085937,-0.096575,-0.002621,-0.003608,-0.000709,-0.001881,-0.002652,0.001357,0.001048,-0.000987,-0.007832,-0.020598,-0.000771,-0.00333,-0.006198,-0.010268,-0.009775,-0.055811,-0.134965,-0.193243,-0.223061,-0.235395,0.02399,0.012303,0.001819,-0.003484,-0.008264,0.025113,0.017529,0.010042,0.007767,0.004225,0.002987,0.003427,0.004205,0.007736,0.010585,0.04648,0.109819,0.152802,0.162657,0.165266,-0.000652,-0.000901,-0.002284,-0.002611,0.002504,0.196469,-0.951003,-0.12902,-0.893888,1,0,0,0,0,0,0,0,0,0,0
3060,-0.000339,-0.00213,-0.009845,-0.016573,-0.021511,-0.002222,-0.004259,-0.009537,-0.017221,-0.016789,-0.01645,-0.040183,-0.062528,-0.077867,-0.082774,-0.000741,0.002901,0.001296,0.000185,0.002253,-0.000154,-0.000679,-0.006111,-0.015802,-0.027375,0.000216,-0.003395,-0.007098,-0.010092,-0.007685,-0.043732,-0.109593,-0.155733,-0.17601,-0.181473,0.001327,-0.013117,-0.023641,-0.030955,-0.03364,0.003086,-0.01022,-0.014639,-0.019633,-0.024141,0.002436,0.00109,0.003024,0.00716,0.008096,0.034607,0.086472,0.11371,0.120136,0.121699,0.000133,-0.00081,-0.002063,0.0004,0.005051,0.195019,-0.951378,-0.125166,-0.897771,1,0,0,0,0,0,0,0,0,0,0
3061,-0.000432,-0.004784,-0.012747,-0.018427,-0.024569,-0.00071,-0.003982,-0.011451,-0.015001,-0.014198,-0.012747,-0.034137,-0.055373,-0.066021,-0.065219,-0.000247,0.002654,0.001482,0.00071,0.006574,-0.000154,-0.002191,-0.009044,-0.021822,-0.032038,-0.002778,-0.005648,-0.009723,-0.009229,-0.005864,-0.035495,-0.093831,-0.123678,-0.136024,-0.13374,-0.013025,-0.023519,-0.028828,-0.033612,-0.036606,-0.010678,-0.018173,-0.02045,-0.023996,-0.032962,-0.001996,-0.001216,0.002318,0.005169,0.007106,0.029149,0.072429,0.082352,0.084978,0.085584,-0.000385,-0.001777,-0.002106,0.003044,0.006053,0.188495,-0.94876,-0.122071,-0.899058,1,0,0,0,0,0,0,0,0,0,0
3062,-0.001353,-0.009039,-0.015741,-0.02066,-0.028469,-0.001322,-0.006579,-0.014235,-0.013804,-0.013251,-0.010945,-0.033204,-0.048484,-0.053372,-0.050821,0.003874,0.002275,0.001168,0.003228,0.007932,-0.000369,-0.00578,-0.015434,-0.026963,-0.03634,-0.00083,-0.004519,-0.007502,-0.005104,-0.002275,-0.030253,-0.076216,-0.096415,-0.101857,-0.094355,-0.001414,-0.011898,-0.019185,-0.021859,-0.024104,-0.002619,-0.007021,-0.011995,-0.016486,-0.02436,0.000647,0.002573,0.006694,0.007626,0.009653,0.022132,0.048649,0.054904,0.056425,0.053481,-0.000544,-0.001764,0.000634,0.005162,0.006426,0.183535,-0.947727,-0.119004,-0.90028,1,0,0,0,0,0,0,0,0,0,0
3063,-0.002982,-0.010915,-0.016573,-0.022691,-0.030685,-0.001937,-0.009378,-0.012914,-0.012114,-0.011868,-0.010362,-0.031516,-0.042123,-0.041324,-0.037481,-0.000984,-0.002152,-0.002921,0.002921,0.003874,-0.00166,-0.008486,-0.021215,-0.031393,-0.038741,-0.002029,-0.006088,-0.005596,-0.002245,0.000646,-0.027857,-0.057589,-0.069888,-0.067612,-0.06011,-0.00904,-0.014328,-0.019094,-0.022076,-0.023767,-0.004847,-0.007115,-0.010648,-0.01958,-0.02296,0.000129,0.00365,0.00649,0.00842,0.011129,0.019986,0.029646,0.032203,0.032793,0.030187,-0.000811,-0.001131,0.003882,0.006811,0.006625,0.178595,-0.949581,-0.11867,-0.905591,1,0,0,0,0,0,0,0,0,0,0
3064,-0.004705,-0.011409,-0.016329,-0.02414,-0.029122,-0.003321,-0.010978,-0.010548,-0.009994,-0.009902,-0.011901,-0.027184,-0.032074,-0.029521,-0.025093,-0.000615,-0.001722,0.000338,0.005043,0.004889,-0.003752,-0.013408,-0.024939,-0.034319,-0.04093,-0.001661,-0.004643,-0.002245,0.000584,0.004951,-0.018113,-0.038316,-0.043759,-0.036256,-0.026846,-0.001445,-0.008733,-0.011409,-0.013654,-0.015068,0.000444,-0.004531,-0.009023,-0.016898,-0.019192,0.001798,0.005919,0.006851,0.008879,0.012887,0.006552,0.012817,0.01434,0.011391,0.007461,-0.00041,0.001991,0.006527,0.007793,0.009369,0.171593,-0.951389,-0.116059,-0.910645,1,0,0,0,0,0,0,0,0,0,0
3065,-0.003231,-0.008893,-0.015016,-0.023016,-0.025632,-0.004123,-0.007662,-0.006862,-0.006616,-0.007385,-0.009262,-0.019878,-0.019078,-0.015231,-0.011323,-0.000554,-0.001323,0.004523,0.005477,0.007908,-0.003077,-0.015816,-0.026001,-0.033355,-0.039417,-0.0024,-0.001908,0.001446,0.004339,0.009293,-0.011631,-0.023939,-0.021662,-0.014154,-0.003908,-0.003846,-0.008616,-0.0116,-0.013293,-0.012985,-0.002715,-0.00625,-0.015189,-0.018571,-0.021972,0.001724,0.004567,0.006498,0.009209,0.014406,0.003132,0.005702,0.006295,0.003675,-0.00121,9e-05,0.005129,0.008074,0.007887,0.0109,0.1652,-0.951884,-0.114427,-0.917209,1,0,0,0,0,0,0,0,0,0,0
3066,-0.003482,-0.008412,-0.016239,-0.021231,-0.022895,-0.003544,-0.003112,-0.002558,-0.002465,-0.004992,-0.00604,-0.010939,-0.008381,-0.003944,-0.00074,-0.000555,0.00151,0.006224,0.00607,0.00946,-0.006594,-0.018149,-0.027548,-0.034173,-0.036391,-0.000585,0.001818,0.004653,0.009029,0.014359,-0.008597,-0.014051,-0.006533,0.002897,0.011648,-0.003451,-0.006132,-0.008381,-0.009799,-0.008782,-0.002267,-0.006768,-0.014659,-0.016958,-0.020406,0.002403,0.003337,0.005369,0.009385,0.017098,0.003192,0.004737,0.001746,-0.002241,-0.006388,0.002345,0.006946,0.00823,0.009829,0.011012,0.160097,-0.950254,-0.113875,-0.923088,1,0,0,0,0,0,0,0,0,0,0
3067,-0.002192,-0.008338,-0.016366,-0.018991,-0.019145,0.0,0.000803,0.00105,0.000278,-0.00105,-0.004601,-0.003798,6.2e-05,0.003983,0.006299,-0.000216,0.005651,0.006608,0.009048,0.011086,-0.006176,-0.016397,-0.023777,-0.029861,-0.029614,0.001081,0.004447,0.007349,0.012321,0.020134,-0.003736,-0.001451,0.006083,0.016366,0.023005,-0.001328,-0.004323,-0.006022,-0.005713,-0.004014,-0.001275,-0.010246,-0.013641,-0.017054,-0.018243,0.000445,0.002383,0.005103,0.010318,0.019432,-0.000605,2e-06,-0.002683,-0.007691,-0.011185,0.002786,0.005805,0.005613,0.008702,0.009362,0.156761,-0.951468,-0.113899,-0.92939,1,0,0,0,0,0,0,0,0,0,0
3068,-0.002754,-0.010612,-0.015625,-0.017295,-0.016769,0.000433,0.00099,0.001083,-0.001454,-0.001269,-0.000309,0.002259,0.006714,0.009932,0.011417,0.00229,0.007023,0.006869,0.010272,0.011912,-0.005415,-0.014851,-0.021503,-0.023731,-0.022896,0.00133,0.004177,0.00857,0.013923,0.02141,-0.001733,0.005817,0.015284,0.024071,0.027598,-0.001361,-0.00362,-0.005043,-0.004022,-0.000774,-0.003242,-0.011165,-0.013473,-0.016935,-0.015755,0.000492,0.002533,0.006565,0.014309,0.021588,0.002204,-0.000875,-0.004977,-0.009244,-0.011202,0.001909,0.003231,0.004876,0.006094,0.006635,0.156051,-0.953214,-0.112682,-0.932866,1,0,0,0,0,0,0,0,0,0,0
3069,-0.003411,-0.011472,-0.014107,-0.014262,-0.010666,0.000372,0.00062,-0.000155,-0.001488,0.000682,0.001116,0.004992,0.008929,0.011255,0.01234,0.003597,0.004558,0.007007,0.009053,0.009673,-0.004837,-0.012247,-0.018355,-0.018107,-0.016029,0.002046,0.004961,0.009952,0.017797,0.031346,0.004031,0.011596,0.02192,0.028586,0.030602,-0.001643,-0.003349,-0.003038,-0.001333,0.005426,-0.005759,-0.009167,-0.012594,-0.013788,-0.00794,0.001453,0.004184,0.00942,0.018571,0.029663,-0.001611,-0.004374,-0.009525,-0.013119,-0.014959,0.001168,0.000971,0.004149,0.004828,0.007603,0.155056,-0.959559,-0.110943,-0.945162,1,0,0,0,0,0,0,0,0,0,0
3070,-0.004459,-0.009476,-0.011148,-0.010622,-0.003468,0.000186,0.000279,-0.002261,-0.002075,0.001982,0.001455,0.005915,0.009135,0.010622,0.013068,0.001146,0.000991,0.004397,0.006039,0.006317,-0.004614,-0.011272,-0.013502,-0.012665,-0.005017,0.000805,0.005202,0.01056,0.018054,0.036293,0.00353,0.013006,0.021801,0.025331,0.032391,-0.000619,-0.002044,-0.001022,0.00223,0.010745,-0.002178,-0.004489,-0.007954,-0.006772,0.000465,0.000591,0.004627,0.012378,0.019663,0.033791,-0.0015,-0.005627,-0.00992,-0.01189,-0.017426,0.000171,0.001827,0.003052,0.003596,0.004684,0.149183,-0.963477,-0.113489,-0.953113,1,0,0,0,0,0,0,0,0,0,0
3071,-0.00359,-0.006221,-0.006376,-0.002786,0.008078,6.2e-05,-0.000712,-0.002043,0.000124,0.001795,0.002414,0.006345,0.008666,0.009749,0.016001,-0.000186,0.002259,0.004302,0.004921,0.005138,-0.002786,-0.008883,-0.008635,-0.006561,0.006654,0.002105,0.007088,0.014918,0.028443,0.035995,0.004024,0.01433,0.020984,0.022996,0.034479,-0.001083,-0.000774,0.000929,0.007676,0.013185,-0.001225,-0.004646,-0.005838,-0.0,0.00425,0.002136,0.007363,0.016497,0.02757,0.0337,-0.001235,-0.006323,-0.009874,-0.011691,-0.017319,-0.000365,0.002774,0.003444,0.006186,0.004597,0.144804,-0.964828,-0.116534,-0.954426,1,0,0,0,0,0,0,0,0,0,0
3072,-0.001426,-0.0031,-0.002573,0.004588,0.018662,3.1e-05,-0.002511,-0.002325,0.001736,-0.000806,0.002046,0.00527,0.006758,0.009207,0.019747,3.1e-05,0.003441,0.005084,0.005363,0.004557,-0.003875,-0.006107,-0.00527,0.002387,0.017329,0.002294,0.007657,0.015159,0.033419,0.033605,0.005456,0.01426,0.017794,0.024863,0.036178,-0.000341,0.000682,0.003937,0.012462,0.015097,-0.001086,-0.004555,-0.003372,0.003874,0.007123,0.001901,0.00966,0.016954,0.031097,0.033914,-0.00291,-0.007236,-0.009221,-0.014799,-0.016095,0.002038,0.003272,0.003821,0.004917,0.004374,0.142702,-0.966172,-0.120489,-0.953876,1,0,0,0,0,0,0,0,0,0,0
3073,-0.001209,-0.001364,0.002233,0.013116,0.028092,-0.000806,-0.002139,3.1e-05,0.001705,-0.000868,0.001891,0.004217,0.005302,0.011566,0.022418,0.002419,0.004465,0.005085,0.005302,0.004496,-0.002233,-0.001984,9.3e-05,0.013333,0.027875,0.002698,0.010542,0.024092,0.031658,0.032464,0.004868,0.011535,0.01355,0.025054,0.034325,0.000651,0.002357,0.009116,0.014635,0.016186,-0.002341,-0.003535,0.002313,0.006571,0.00917,0.003335,0.012486,0.02358,0.029721,0.033018,-0.00224,-0.005836,-0.007677,-0.013377,-0.012262,0.001139,0.001818,0.004595,0.002986,0.003929,0.144463,-0.968818,-0.120279,-0.955125,1,0,0,0,0,0,0,0,0,0,0
3074,-0.000464,6.2e-05,0.007214,0.021269,0.039597,-0.001734,-0.001548,0.002508,-3.1e-05,3.1e-05,0.001331,0.002817,0.005263,0.015789,0.02678,0.000991,0.002632,0.00291,0.002105,0.001207,0.0,0.000836,0.008483,0.023405,0.04,0.002663,0.010155,0.02839,0.028576,0.036223,0.003932,0.007461,0.01452,0.02582,0.032198,0.000372,0.003622,0.012136,0.014768,0.015542,-0.001127,5.4e-05,0.00729,0.010535,0.013012,0.004419,0.011703,0.025827,0.028641,0.035947,-0.00207,-0.004036,-0.009563,-0.010847,-0.006692,9.6e-05,0.00064,0.001726,0.001187,0.004092,0.148202,-0.968943,-0.122285,-0.960456,1,0,0,0,0,0,0,0,0,0,0
3075,0.000308,0.003885,0.014708,0.029602,0.050015,0.000401,0.002559,0.004224,0.001665,0.00222,0.000987,0.002066,0.008295,0.019087,0.031329,0.001048,0.001665,0.001881,0.001079,-0.001018,0.000247,0.002313,0.015479,0.029941,0.048257,0.00515,0.018625,0.026148,0.02695,0.037496,0.002714,0.004718,0.016158,0.025378,0.032192,0.001326,0.008048,0.013537,0.015079,0.015017,-6.5e-05,0.005751,0.009986,0.01257,0.015566,0.004699,0.015731,0.021839,0.025118,0.034777,-0.001447,-0.003217,-0.0087,-0.007628,-0.002839,0.00056,0.003231,0.001683,0.00259,0.006309,0.150545,-0.967322,-0.122077,-0.962779,1,0,0,0,0,0,0,0,0,0,0
3076,0.000216,0.007328,0.021308,0.039537,0.059952,-0.000216,0.003818,0.001293,0.001355,0.000339,0.000493,0.002925,0.013394,0.024326,0.039198,0.000585,0.000862,6.2e-05,-0.000831,-0.004588,0.000585,0.008191,0.023032,0.039537,0.058628,0.002309,0.020446,0.020631,0.028236,0.033317,0.000801,0.007821,0.01906,0.025403,0.033933,0.001909,0.010377,0.012994,0.013764,0.009022,0.00124,0.008437,0.011664,0.014128,0.014379,0.002552,0.0166,0.019398,0.026664,0.032556,-0.000461,-0.005782,-0.007017,-0.003017,0.003207,-3.1e-05,0.001015,0.000496,0.003293,0.00561,0.154564,-0.964347,-0.120679,-0.965072,1,0,0,0,0,0,0,0,0,0,0
3077,0.00335,0.014139,0.028985,0.049333,0.069373,0.002367,0.004027,0.001475,0.002029,-0.000369,0.000584,0.006793,0.017551,0.029753,0.047704,3.1e-05,0.000246,-0.000553,-0.002643,-0.013309,0.001475,0.0146,0.029016,0.047273,0.068513,0.011127,0.018627,0.019426,0.029938,0.032612,0.001199,0.012602,0.021792,0.028585,0.037561,0.004795,0.010266,0.011803,0.011742,0.000215,0.00456,0.008781,0.011357,0.014344,0.015281,0.00845,0.014537,0.017806,0.027435,0.032613,-0.001276,-0.006638,-0.005589,-0.000907,0.007696,0.002642,0.001129,0.002016,0.005652,0.004958,0.159658,-0.964956,-0.119774,-0.970762,1,0,0,0,0,0,0,0,0,0,0
3078,0.003745,0.017682,0.035855,0.056208,0.078004,0.001658,-0.00086,-0.000798,-0.001811,-0.01013,0.001842,0.012279,0.023177,0.038004,0.054612,0.000246,-0.000553,-0.001443,-0.005188,-0.020997,0.006109,0.020905,0.03736,0.056392,0.077881,0.006968,0.007153,0.014735,0.0198,0.021151,0.005802,0.017007,0.023331,0.031834,0.040429,0.003653,0.006262,0.00703,0.002302,-0.011328,0.002621,0.005838,0.008295,0.008545,0.012334,0.005566,0.008356,0.0156,0.021474,0.031041,-0.003943,-0.005153,-0.001237,0.004855,0.011985,-0.001596,-0.002103,0.000634,0.002903,0.004731,0.162698,-0.96404,-0.118912,-0.974128,1,0,0,0,0,0,0,0,0,0,0
3079,0.007022,0.021833,0.042133,0.062126,0.084542,0.0,-0.002545,-0.001993,-0.004385,-0.019564,0.004354,0.015087,0.027261,0.045169,0.060164,-3.1e-05,-0.000828,-0.002913,-0.013554,-0.025819,0.006991,0.021373,0.039588,0.060777,0.084419,0.000521,0.001319,0.011806,0.014474,0.011469,0.005581,0.01475,0.021526,0.03048,0.039189,0.001809,0.003342,0.003281,-0.008218,-0.021557,0.001593,0.004164,0.007143,0.008078,0.008379,0.000513,0.003774,0.01338,0.018546,0.030779,-0.001361,-0.000329,0.004277,0.012739,0.018933,9.5e-05,0.000968,0.004544,0.003861,0.003988,0.166401,-0.965256,-0.119125,-0.976978,1,0,0,0,0,0,0,0,0,0,0
3080,0.006884,0.024996,0.04528,0.067002,0.090498,-0.002509,-0.002448,-0.003457,-0.011748,-0.02781,0.006058,0.016919,0.031696,0.048248,0.064432,-0.000765,-0.001652,-0.005385,-0.021141,-0.033379,0.007771,0.02417,0.043138,0.064554,0.088051,-0.000337,0.00722,0.012268,0.013615,0.006394,0.005599,0.011901,0.020376,0.028942,0.039497,0.000795,0.00156,-0.003151,-0.016735,-0.033654,0.001617,0.004065,0.004314,0.008091,0.004774,0.002268,0.009488,0.015342,0.024877,0.03366,0.000158,0.003982,0.009932,0.016895,0.023095,-0.000589,0.002085,0.0043,0.006086,0.007594,0.169182,-0.958269,-0.11427,-0.973197,1,0,0,0,0,0,0,0,0,0,0
3081,0.007872,0.02807,0.047964,0.070268,0.095073,-3.1e-05,0.000519,-0.001861,-0.016964,-0.029688,0.004638,0.016751,0.034569,0.049489,0.067216,-3.1e-05,-0.002105,-0.012693,-0.024897,-0.038963,0.00656,0.024684,0.045767,0.069291,0.08714,0.001129,0.011564,0.014218,0.011228,0.00296,0.003539,0.010282,0.019192,0.027857,0.040428,0.000732,0.000671,-0.010771,-0.024043,-0.046987,0.000945,0.00391,0.00484,0.00514,-0.002322,0.000983,0.010541,0.015681,0.027853,0.031501,0.000841,0.005288,0.013459,0.01944,0.025842,0.00142,0.004874,0.004214,0.004337,0.014348,0.172026,-0.948201,-0.108082,-0.970402,1,0,0,0,0,0,0,0,0,0,0
3082,0.010186,0.030405,0.052058,0.075479,0.099694,9.1e-05,-0.000915,-0.009179,-0.02519,-0.033607,0.006191,0.020921,0.037419,0.053552,0.072369,-0.000854,-0.004574,-0.02028,-0.032479,-0.048124,0.009789,0.028697,0.050045,0.073466,0.090545,0.006404,0.011436,0.012778,0.005581,-0.001281,0.002745,0.011192,0.019731,0.030253,0.043092,3e-05,-0.004666,-0.018206,-0.035071,-0.063128,0.001496,0.001744,0.005509,0.002202,-0.00843,0.006214,0.01205,0.021554,0.030309,0.031095,0.002901,0.008719,0.015528,0.021591,0.02909,0.001198,0.003365,0.005111,0.006586,0.016424,0.175252,-0.938565,-0.104314,-0.968249,1,0,0,0,0,0,0,0,0,0,0
3083,0.009978,0.029811,0.052047,0.076778,0.101205,0.000456,-0.001916,-0.016974,-0.029659,-0.039119,0.005901,0.023666,0.038541,0.056215,0.07471,-0.001217,-0.011772,-0.02394,-0.037963,-0.052047,0.008304,0.029324,0.052777,0.070573,0.090436,0.004015,0.006662,0.003681,-0.004563,-0.012746,0.003985,0.012867,0.021506,0.034039,0.046906,-9.1e-05,-0.011498,-0.024731,-0.047606,-0.0689,0.001464,0.002391,0.00269,-0.004749,-0.010363,0.003331,0.008455,0.020591,0.024228,0.025044,0.001504,0.009504,0.01536,0.021627,0.027499,0.002204,0.001558,0.001678,0.01148,0.017738,0.177385,-0.938058,-0.102237,-0.967235,1,0,0,0,0,0,0,0,0,0,0
3084,0.010145,0.031647,0.054906,0.078952,0.10321,-0.001454,-0.009661,-0.02556,-0.033919,-0.04261,0.008752,0.025136,0.041157,0.059842,0.078165,-0.002483,-0.01808,-0.030194,-0.04573,-0.054694,0.010509,0.031708,0.054967,0.071926,0.092368,0.000999,0.002332,-0.004815,-0.011629,-0.018231,0.004422,0.012901,0.023349,0.036099,0.050091,-0.004573,-0.018019,-0.034767,-0.062629,-0.07017,-0.001211,0.002528,-0.000756,-0.011314,-0.008846,0.002479,0.011917,0.020611,0.021392,0.02311,0.004082,0.010566,0.01634,0.023482,0.026466,-7.3e-05,0.00159,0.002994,0.012363,0.017613,0.177962,-0.939178,-0.100187,-0.96851,1,0,0,0,0,0,0,0,0,0,0
3085,0.009573,0.03165,0.056202,0.080453,0.105519,-0.000906,-0.015855,-0.028448,-0.037841,-0.048229,0.008909,0.023677,0.041223,0.059585,0.080453,-0.008003,-0.020083,-0.034005,-0.047988,-0.06046,0.010389,0.033673,0.05134,0.071061,0.091657,0.001631,-0.001329,-0.009513,-0.017637,-0.02416,0.004409,0.012986,0.025428,0.038203,0.05732,-0.006765,-0.019902,-0.042612,-0.063752,-0.073809,0.002128,0.002425,-0.00496,-0.010534,-0.007753,0.002616,0.014664,0.018275,0.019085,0.022532,0.003602,0.009168,0.015126,0.020708,0.021537,-0.000542,-0.000428,0.00889,0.01484,0.021137,0.1767,-0.939591,-0.099055,-0.968303,1,0,0,0,0,0,0,0,0,0,0
3086,0.011821,0.034921,0.058804,0.082897,0.103561,-0.007249,-0.02304,-0.031342,-0.039975,-0.052307,0.007399,0.023311,0.04187,0.060067,0.08016,-0.00752,-0.019551,-0.034982,-0.043885,-0.056428,0.010708,0.033809,0.050653,0.070956,0.090326,-0.000301,-0.007399,-0.014167,-0.020724,-0.03038,0.004031,0.014408,0.027071,0.040967,0.062534,-0.006617,-0.023251,-0.050923,-0.058413,-0.072039,0.001594,-0.001667,-0.012154,-0.009702,-0.011125,0.006768,0.015404,0.016179,0.017885,0.020436,0.00268,0.008185,0.014994,0.017839,0.016961,0.002112,0.003451,0.012384,0.017388,0.01933,0.174152,-0.936584,-0.098711,-0.962222,1,0,0,0,0,0,0,0,0,0,0
3087,0.010088,0.034354,0.058322,0.083095,0.100227,-0.007581,-0.020028,-0.02931,-0.039578,-0.045905,0.007253,0.024594,0.042741,0.063366,0.08023,-0.004477,-0.018237,-0.032056,-0.044383,-0.051696,0.012387,0.029847,0.049338,0.069694,0.086707,-0.002627,-0.010715,-0.018744,-0.025191,-0.035697,0.004477,0.016774,0.0294,0.048293,0.065873,-0.006417,-0.028862,-0.049756,-0.059695,-0.065246,-0.001288,-0.008587,-0.014095,-0.011347,-0.009825,0.005191,0.008759,0.00956,0.012967,0.008794,0.002588,0.008076,0.013217,0.01398,0.013151,-0.001896,0.006686,0.012166,0.017966,0.017633,0.172026,-0.938163,-0.096781,-0.953229,1,0,0,0,0,0,0,0,0,0,0
3088,0.012761,0.036325,0.060097,0.080485,0.096214,-0.008043,-0.016234,-0.024751,-0.036919,-0.039055,0.008488,0.026799,0.044753,0.064578,0.080455,-0.007419,-0.022644,-0.031428,-0.043804,-0.054013,0.010476,0.027095,0.047128,0.06624,0.078497,-0.004392,-0.01107,-0.017539,-0.027066,-0.03309,0.005787,0.018281,0.031992,0.053271,0.0736,-0.010031,-0.037334,-0.044724,-0.058168,-0.067783,-0.001937,-0.012283,-0.009865,-0.011268,-0.0118,0.003359,0.004124,0.005807,0.008324,0.004156,0.002524,0.008722,0.011311,0.010512,0.007352,0.003041,0.011171,0.015727,0.017494,0.021123,0.165941,-0.929895,-0.093415,-0.947898,1,0,0,0,0,0,0,0,0,0,0
3089,0.011277,0.03492,0.059358,0.076259,0.086093,-0.004299,-0.013456,-0.023584,-0.029826,-0.033978,0.008686,0.026588,0.046933,0.063569,0.077849,-0.006213,-0.019845,-0.032005,-0.039219,-0.051821,0.006831,0.026058,0.046138,0.062921,0.070429,-0.003622,-0.011542,-0.017902,-0.028266,-0.028295,0.006389,0.018844,0.037482,0.054824,0.077024,-0.01219,-0.0328,-0.042605,-0.048081,-0.06295,-0.005279,-0.010713,-0.008001,-0.0065,-0.010633,0.000188,0.000978,0.004339,0.000222,0.004137,0.002601,0.007274,0.007968,0.007214,0.002473,0.004925,0.009907,0.015179,0.014877,0.017811,0.161191,-0.925908,-0.089658,-0.94304,1,0,0,0,0,0,0,0,0,0,0
3090,0.012006,0.035404,0.055472,0.070954,0.078228,-0.003797,-0.012181,-0.024158,-0.026261,-0.03222,0.009406,0.027079,0.046592,0.06222,0.075336,-0.008822,-0.017468,-0.02965,-0.039698,-0.054187,0.009581,0.029299,0.048111,0.060175,0.064878,-0.00298,-0.009348,-0.018724,-0.024654,-0.022873,0.005959,0.019455,0.040399,0.060409,0.081733,-0.014781,-0.022055,-0.035287,-0.044752,-0.056086,-0.004947,-0.002567,-0.003948,-0.004471,-0.00332,0.000567,0.002223,0.0047,0.000598,0.008115,0.003087,0.005406,0.00469,0.001861,-0.003619,0.002619,0.006696,0.008278,0.011527,0.015038,0.154427,-0.921293,-0.084299,-0.941015,1,0,0,0,0,0,0,0,0,0,0
3091,0.011397,0.035527,0.052215,0.061926,0.073031,-0.005262,-0.015263,-0.021427,-0.025526,-0.02666,0.008315,0.028404,0.044831,0.058931,0.070211,-0.004681,-0.016688,-0.023811,-0.036254,-0.05489,0.009449,0.029277,0.045848,0.053262,0.056751,-0.004855,-0.011135,-0.021369,-0.021398,-0.004797,0.006367,0.02477,0.041894,0.063815,0.084486,-0.00564,-0.015321,-0.020729,-0.035411,-0.043988,-0.000442,0.002236,0.003718,-0.000364,0.007347,0.000216,0.003535,-0.00053,0.003336,0.020486,0.001291,0.001926,0.001236,-0.003103,-0.010247,0.002026,0.006852,0.006575,0.00926,0.01949,0.149025,-0.921179,-0.077821,-0.950107,1,0,0,0,0,0,0,0,0,0,0
3092,0.011862,0.031788,0.04716,0.054381,0.065258,-0.003074,-0.014966,-0.017054,-0.022971,-0.020331,0.009252,0.028626,0.044143,0.057166,0.064417,-0.003915,-0.01601,-0.025987,-0.040373,-0.055803,0.010151,0.028829,0.040808,0.045477,0.049857,-0.001479,-0.010789,-0.016677,-0.014908,0.003045,0.007048,0.027843,0.047711,0.068883,0.082573,-0.001595,-0.014734,-0.024131,-0.035384,-0.037849,0.002804,0.001433,0.000914,0.002056,0.01335,0.001429,0.003889,-0.000184,0.007279,0.022124,0.000936,0.000255,-0.002436,-0.007648,-0.013504,0.001886,0.003391,0.006481,0.009821,0.018711,0.14782,-0.920492,-0.073605,-0.95076,1,0,0,0,0,0,0,0,0,0,0
3093,0.01219,0.028811,0.038482,0.049543,0.058085,-0.006891,-0.01303,-0.017113,-0.018242,-0.016939,0.010772,0.027131,0.041175,0.05241,0.057274,-0.00805,-0.015144,-0.027537,-0.046097,-0.055074,0.009613,0.026118,0.033502,0.036976,0.041696,-0.004778,-0.01497,-0.014999,0.001535,0.008716,0.011293,0.028348,0.05018,0.070768,0.081887,-0.00805,-0.013435,-0.028058,-0.0366,-0.035007,-0.000133,0.001343,-0.002722,0.004957,0.014055,0.001879,-0.00217,0.00168,0.018762,0.02441,-0.000308,-0.000978,-0.005196,-0.012141,-0.017857,0.002826,0.002557,0.005168,0.015111,0.020408,0.145106,-0.922091,-0.068714,-0.952085,1,0,0,0,0,0,0,0,0,0,0
3094,0.007707,0.023062,0.030276,0.04114,0.048586,-0.004983,-0.007069,-0.012979,-0.010343,-0.009706,0.008576,0.024076,0.037084,0.044327,0.048992,-0.004027,-0.013993,-0.028364,-0.043777,-0.051715,0.009039,0.021005,0.025669,0.030044,0.03326,-0.00452,-0.010401,-0.008634,0.0093,0.019527,0.009474,0.02932,0.050469,0.064144,0.075443,-0.00507,-0.014457,-0.025698,-0.028161,-0.026654,-0.001237,-0.001756,-0.000614,0.010668,0.01865,0.000577,-0.003492,0.003964,0.018792,0.028138,-0.000367,-0.003037,-0.00821,-0.014022,-0.020019,-0.001344,0.001723,0.005038,0.01386,0.020081,0.144569,-0.923158,-0.064707,-0.953716,1,0,0,0,0,0,0,0,0,0,0
3095,0.008892,0.018535,0.029564,0.038081,0.042932,-0.001155,-0.005226,-0.006352,-0.005052,-0.003407,0.007766,0.021769,0.032971,0.037821,0.042325,-0.00306,-0.015417,-0.033924,-0.042874,-0.04989,0.007449,0.014811,0.018276,0.022982,0.025003,-0.005659,-0.005688,0.010798,0.017958,0.032769,0.007564,0.029333,0.049861,0.060947,0.069811,-0.000318,-0.014898,-0.023415,-0.021827,-0.020701,0.002705,-0.001348,0.006308,0.01538,0.022575,-0.004612,-0.000773,0.016259,0.021891,0.034899,-0.000299,-0.004432,-0.011236,-0.016836,-0.021116,0.001047,0.003605,0.013348,0.018537,0.023293,0.142532,-0.923891,-0.06098,-0.960779,1,0,0,0,0,0,0,0,0,0,0
3096,0.006383,0.013542,0.024325,0.031714,0.035279,-0.00092,-0.006786,-0.004169,-0.003537,0.00069,0.007648,0.020558,0.027746,0.032375,0.035854,-0.006843,-0.021104,-0.036401,-0.044279,-0.046579,0.004457,0.009086,0.013427,0.016619,0.019264,-0.000201,0.001553,0.01935,0.0295,0.048678,0.012162,0.033152,0.046723,0.057936,0.064118,-0.009,-0.020155,-0.022599,-0.021104,-0.011185,-0.003208,-0.002075,0.009121,0.017043,0.028583,0.000555,0.007954,0.02267,0.031945,0.046835,-0.002241,-0.007146,-0.012656,-0.018342,-0.022012,0.00189,0.005033,0.013398,0.019296,0.021529,0.141121,-0.93206,-0.05903,-0.970151,1,0,0,0,0,0,0,0,0,0,0
3097,0.003201,0.014117,0.022547,0.027347,0.032548,-0.003115,-0.004229,-0.002943,-0.001315,0.004115,0.006258,0.017346,0.022146,0.026604,0.029033,-0.005429,-0.023747,-0.032605,-0.039549,-0.038949,0.002858,0.006287,0.010945,0.012945,0.017574,0.000171,0.016488,0.023575,0.038235,0.057724,0.009459,0.029776,0.04075,0.049522,0.052637,-0.005487,-0.013917,-0.012345,-0.01123,0.013202,-0.000823,0.006755,0.015734,0.022856,0.046209,0.003248,0.020105,0.02568,0.038556,0.052575,-0.001699,-0.008031,-0.013242,-0.017225,-0.021125,0.00057,0.009637,0.014466,0.018891,0.020759,0.140677,-0.947034,-0.058855,-0.978633,1,0,0,0,0,0,0,0,0,0,0
3098,0.003886,0.014522,0.021812,0.025329,0.033157,-0.002695,-0.000113,0.000511,0.00468,0.007885,0.006524,0.013615,0.018181,0.021613,0.022663,-0.008679,-0.023769,-0.031541,-0.03381,-0.033725,0.00173,0.006013,0.009162,0.011771,0.017557,0.00156,0.019117,0.02913,0.048048,0.063308,0.011317,0.024705,0.035767,0.041865,0.042943,-0.005559,-0.00797,-0.006495,0.00329,0.027229,0.001935,0.01298,0.020795,0.032178,0.055684,0.004075,0.018592,0.027742,0.042431,0.054384,-0.002846,-0.007856,-0.013025,-0.016362,-0.019891,0.002316,0.009921,0.015283,0.017313,0.021201,0.140127,-0.95599,-0.060089,-0.986793,1,0,0,0,0,0,0,0,0,0,0
3099,0.006903,0.015214,0.019948,0.025076,0.034289,0.001578,0.002846,0.004452,0.009805,0.01065,0.004452,0.009185,0.01358,0.015975,0.015581,-0.009439,-0.018173,-0.025019,-0.024428,-0.02795,0.001662,0.006255,0.008227,0.012791,0.021469,0.014538,0.021526,0.035979,0.055195,0.066775,0.008791,0.01961,0.028259,0.031331,0.031274,-0.002789,-0.00124,-0.000141,0.023949,0.034289,0.00555,0.014403,0.021425,0.044451,0.058066,0.012573,0.01807,0.030764,0.044587,0.055289,-0.003019,-0.007739,-0.011346,-0.014879,-0.017323,0.006002,0.010376,0.014385,0.016077,0.017527,0.13975,-0.958135,-0.063471,-0.992216,1,0,0,0,0,0,0,0,0,0,0
3100,0.00363,0.010806,0.014269,0.021975,0.029933,0.000977,0.001592,0.005696,0.008852,0.007818,0.002569,0.007065,0.010443,0.011476,0.011002,-0.005501,-0.013152,-0.015386,-0.015302,-0.018792,0.002569,0.005668,0.008237,0.013934,0.023036,0.002876,0.012733,0.031357,0.04638,0.052663,0.004468,0.015358,0.021361,0.022422,0.022673,0.000391,0.001843,0.011476,0.035043,0.040712,0.005373,0.013066,0.024273,0.047414,0.056333,0.001831,0.010838,0.025299,0.037067,0.044424,-0.001654,-0.006287,-0.009277,-0.012439,-0.014518,0.001179,0.005984,0.007804,0.011287,0.010008,0.138932,-0.962319,-0.065077,-0.996351,1,0,0,0,0,0,0,0,0,0,0
3101,0.004578,0.009239,0.014288,0.02336,0.029714,0.000277,0.001859,0.00713,0.007963,0.006881,0.002109,0.006437,0.008795,0.008406,0.007935,-0.003135,-0.009877,-0.009294,-0.012762,-0.014288,0.00197,0.003912,0.008406,0.016952,0.025497,0.004023,0.018256,0.037177,0.04858,0.05424,0.006215,0.014732,0.017756,0.017701,0.018727,0.001138,0.00222,0.025941,0.036123,0.044668,0.003379,0.010293,0.032967,0.046375,0.056079,0.003593,0.016093,0.029705,0.040243,0.047074,-0.002656,-0.005894,-0.009066,-0.01126,-0.014223,0.002799,0.006398,0.007917,0.009219,0.006328,0.137329,-0.96477,-0.07025,-1.0032,1,0,0,0,0,0,0,0,0,0,0
3102,0.002541,0.005966,0.013588,0.021459,0.028557,0.000331,0.004391,0.007512,0.00649,0.007705,0.002348,0.005689,0.006711,0.006242,0.005386,-0.004447,-0.006656,-0.006573,-0.010025,-0.012594,0.001105,0.003646,0.00928,0.018283,0.027149,0.005745,0.024166,0.039025,0.045239,0.05543,0.004585,0.010523,0.011572,0.011821,0.012318,0.000304,0.009832,0.033142,0.038748,0.043057,0.004246,0.01533,0.038218,0.04704,0.053619,0.005332,0.019635,0.031274,0.038551,0.047597,-0.001717,-0.004486,-0.007415,-0.00934,-0.01166,0.001738,0.003423,0.006649,0.005464,0.003423,0.13616,-0.961051,-0.073902,-1.006562,1,0,0,0,0,0,0,0,0,0,0
3103,0.002083,0.007071,0.016033,0.022309,0.028941,0.001233,0.006441,0.007263,0.006194,0.008222,0.001946,0.004275,0.003892,0.003426,0.002932,-0.002247,-0.001672,-0.005098,-0.006605,-0.007811,0.000822,0.005262,0.013703,0.022144,0.029434,0.008359,0.02705,0.038314,0.043905,0.049277,0.003864,0.006852,0.006797,0.007811,0.00729,0.000767,0.0242,0.034258,0.042699,0.044261,0.002617,0.025015,0.038259,0.047846,0.050584,0.007057,0.020503,0.030913,0.037661,0.041031,-0.001345,-0.004256,-0.00627,-0.008989,-0.009368,0.001656,0.003051,0.004245,0.001592,0.000824,0.134727,-0.95625,-0.077331,-1.003136,1,0,0,0,0,0,0,0,0,0,0
3104,0.00131,0.00884,0.016616,0.023628,0.024938,0.002783,0.005866,0.004857,0.006057,0.006275,0.001364,0.002374,0.00191,0.001064,0.000191,5.5e-05,0.000136,-0.003274,-0.005811,-0.005402,0.001692,0.007258,0.016152,0.02491,0.029167,0.009877,0.024556,0.030695,0.040762,0.039589,0.002019,0.003056,0.003301,0.003792,0.003056,0.008649,0.031677,0.037215,0.041472,0.043791,0.008345,0.030956,0.039672,0.04617,0.048036,0.007104,0.018602,0.025792,0.034728,0.033481,-0.001239,-0.003928,-0.005696,-0.007827,-0.008232,-5.8e-05,0.002905,0.001817,-5.8e-05,-0.004486,0.13066,-0.950479,-0.077939,-1.002517,1,0,0,0,0,0,0,0,0,0,0
3105,0.003649,0.012552,0.018787,0.025376,0.022436,0.002396,0.003213,0.002151,0.004166,-0.009285,0.000953,0.000572,0.000109,-0.000381,-0.003104,0.000517,-0.002886,-0.004384,-0.005582,-0.005418,0.002723,0.011109,0.019495,0.026738,0.029188,0.008713,0.019903,0.025458,0.030795,0.012879,0.000953,0.000899,0.001906,0.001389,0.000926,0.014649,0.024641,0.033027,0.034579,0.037248,0.013924,0.027082,0.036606,0.039327,0.041458,0.006269,0.016611,0.023315,0.026663,0.022485,-0.001559,-0.003483,-0.006081,-0.006442,-0.008892,0.001389,0.00253,-5e-06,-0.000738,-0.008814,0.125487,-0.947769,-0.080181,-0.992008,1,0,0,0,0,0,0,0,0,0,0
3106,0.003855,0.011592,0.018569,0.019872,0.017809,0.000679,-0.000326,0.000869,0.001086,-0.024894,5.4e-05,-0.000407,-0.001249,-0.002117,-0.007058,-0.000434,-0.003828,-0.006352,-0.005945,-0.009121,0.002823,0.011673,0.020388,0.024623,0.027392,0.005918,0.012026,0.022044,0.020876,-0.021528,8.1e-05,0.000326,0.000814,8.1e-05,-0.001466,0.008307,0.013818,0.018053,0.02036,0.022288,0.008615,0.017287,0.023753,0.025609,0.030148,0.005191,0.012344,0.021235,0.019994,0.003874,-0.001069,-0.002776,-0.004833,-0.005224,-0.009066,0.0015,0.000449,-0.00136,-0.005636,-0.013443,0.120828,-0.945535,-0.081891,-0.971468,1,0,0,0,0,0,0,0,0,0,0
3107,0.005007,0.011206,0.017756,0.014833,0.01329,0.000135,-0.00092,0.001083,-0.012289,-0.042306,-0.000433,-0.000893,-0.00138,-0.004087,-0.011855,-0.00295,-0.004439,-0.00563,-0.005468,-0.010502,0.005522,0.013858,0.021058,0.023494,0.027717,0.005224,0.010746,0.016051,-0.001759,-0.049208,-0.000135,0.000866,0.000352,-0.000108,-0.005035,0.001651,0.009988,0.011531,0.014183,0.01375,0.004491,0.013959,0.016663,0.018783,0.022921,0.005106,0.01177,0.015099,0.010945,-0.006078,-0.000799,-0.003291,-0.003638,-0.005988,-0.009254,-0.000374,-0.002806,-0.00351,-0.011259,-0.019487,0.117029,-0.9427,-0.088187,-0.957198,1,0,0,0,0,0,0,0,0,0,0
3108,0.002696,0.009626,0.01092,0.008871,0.007792,-0.001132,5.4e-05,0.00027,-0.025534,-0.055436,-2.7e-05,-0.000863,-0.001726,-0.006633,-0.01607,-0.000431,-0.002939,-0.002535,-0.005689,-0.00941,0.00329,0.011945,0.016151,0.018901,0.025507,0.000863,0.010812,0.009653,-0.032464,-0.067785,0.000377,0.000863,0.000135,-0.001402,-0.008763,0.003829,0.008035,0.010327,0.012241,0.012026,0.004139,0.010561,0.012405,0.016913,0.020087,0.002019,0.010849,0.009617,-0.006394,-0.011252,-0.00085,-0.002811,-0.003184,-0.006848,-0.009233,-0.000637,-0.002363,-0.006439,-0.013883,-0.022895,0.114512,-0.941186,-0.094911,-0.950453,1,0,0,0,0,0,0,0,0,0,0
3109,0.003473,0.009989,0.007081,0.005547,0.004658,8.1e-05,0.002073,-0.011228,-0.041087,-0.064081,-0.000431,-0.000915,-0.003608,-0.011335,-0.020247,-0.00105,-0.002235,-0.002073,-0.007081,-0.011605,0.005008,0.01217,0.014593,0.018793,0.022967,0.004631,0.009908,-0.007808,-0.055007,-0.083305,0.000619,0.000108,-0.00035,-0.00525,-0.013139,0.00447,0.006004,0.008643,0.008212,0.008158,0.005285,0.007975,0.010083,0.014199,0.018481,0.004614,0.007925,0.003793,-0.01314,-0.018038,-0.00156,-0.001894,-0.00416,-0.007307,-0.008852,-0.001713,-0.002391,-0.009859,-0.017788,-0.023756,0.112931,-0.942293,-0.09978,-0.939844,1,0,0,0,0,0,0,0,0,0,0
3110,0.00344,0.00473,0.002687,0.001612,0.001102,0.001102,0.001317,-0.024402,-0.054206,-0.066165,-0.000403,-0.001263,-0.006154,-0.01556,-0.023435,-0.001451,-0.001048,-0.004192,-0.007901,-0.012309,0.003628,0.00782,0.010562,0.017146,0.01935,0.005294,0.004139,-0.037839,-0.073045,-0.094168,-0.000134,-0.00086,-0.002392,-0.009729,-0.016205,-0.000269,0.002016,0.003924,0.003709,0.003709,0.001126,0.002964,0.007457,0.01062,0.014793,0.004197,0.002969,-0.01299,-0.017832,-0.026739,-0.000376,-0.000741,-0.004321,-0.006652,-0.00857,4e-06,-0.003979,-0.011254,-0.02006,-0.023637,0.109479,-0.943059,-0.104957,-0.93605,1,0,0,0,0,0,0,0,0,0,0
3111,0.003045,0.00016,-0.001362,-0.002244,-0.002778,0.000881,-0.012313,-0.041932,-0.064741,-0.079324,-8e-05,-0.002751,-0.010416,-0.019257,-0.026815,0.000267,0.000427,-0.00454,-0.009027,-0.013167,0.003499,0.005903,0.010069,0.014209,0.017174,-2.7e-05,-0.017601,-0.064421,-0.092491,-0.114072,-0.000374,-0.000828,-0.005689,-0.013514,-0.017921,0.001789,0.004407,0.00398,0.003926,0.003632,0.00155,0.003641,0.007724,0.011971,0.015358,-0.000886,-0.004985,-0.021782,-0.02664,-0.033306,4.5e-05,-0.002096,-0.005071,-0.006531,-0.009966,-0.000645,-0.007703,-0.015197,-0.020837,-0.024742,0.105324,-0.94389,-0.111725,-0.928611,1,0,0,0,0,0,0,0,0,0,0
3112,-0.001747,-0.003759,-0.004818,-0.005321,-0.008207,-0.000662,-0.025998,-0.055358,-0.067139,-0.098564,-0.000768,-0.005586,-0.014852,-0.022609,-0.031875,0.000132,-0.002965,-0.006619,-0.01096,-0.014773,0.000662,0.003362,0.009848,0.012019,0.013078,-0.001112,-0.042465,-0.077146,-0.097955,-0.132001,-0.000344,-0.001853,-0.009081,-0.015461,-0.019591,0.000477,0.002356,0.002144,0.002144,0.001483,0.000275,0.004701,0.007817,0.011928,0.014385,-0.000331,-0.016053,-0.020823,-0.029597,-0.031847,-0.00037,-0.003593,-0.005692,-0.007418,-0.012416,-0.00298,-0.009529,-0.017457,-0.020678,-0.024364,0.102431,-0.940296,-0.116596,-0.916465,1,0,0,0,0,0,0,0,0,0,0
3113,-0.001103,-0.002601,-0.003467,-0.003993,-0.009404,-0.01232,-0.041452,-0.063885,-0.078228,-0.112745,-0.001865,-0.009404,-0.018099,-0.025533,-0.034753,2.6e-05,-0.00486,-0.009273,-0.013344,-0.015604,0.001707,0.005805,0.009877,0.012793,0.011611,-0.016181,-0.06223,-0.089839,-0.111064,-0.153251,-0.000105,-0.004886,-0.012583,-0.016917,-0.020779,0.002101,0.001681,0.001629,0.00134,0.001156,0.001784,0.0058,0.009978,0.013308,0.014698,-0.003702,-0.020223,-0.025001,-0.031557,-0.038781,-0.001556,-0.004204,-0.005504,-0.008561,-0.013432,-0.003462,-0.010134,-0.015154,-0.018631,-0.022707,0.099887,-0.938853,-0.119686,-0.901207,1,0,0,0,0,0,0,0,0,0,0
3114,-0.000884,-0.001925,-0.002419,-0.005254,-0.011053,-0.012692,-0.041534,-0.053108,-0.083979,-0.106111,-0.002887,-0.01199,-0.01961,-0.028712,-0.03563,-0.003069,-0.006658,-0.010923,-0.014668,-0.016853,0.000962,0.007334,0.009467,0.010507,0.007256,-0.024603,-0.058673,-0.079115,-0.112561,-0.133861,-0.001378,-0.008478,-0.014746,-0.018804,-0.021248,-0.000234,-0.000442,-0.000442,-0.001092,-0.001222,0.002582,0.005643,0.009681,0.012095,0.013604,-0.011778,-0.016464,-0.025084,-0.027294,-0.026215,-0.001395,-0.003249,-0.004773,-0.009186,-0.013074,-0.002554,-0.009555,-0.012398,-0.015653,-0.017499,0.096553,-0.944313,-0.120988,-0.912592,1,0,0,0,0,0,0,0,0,0,0
3115,-0.000592,-0.001442,-0.001957,-0.007262,-0.01164,-0.015992,-0.037984,-0.052045,-0.085883,-0.099094,-0.004532,-0.013056,-0.020344,-0.029383,-0.0351,-0.001751,-0.006077,-0.010069,-0.012284,-0.014807,0.003064,0.007056,0.009915,0.008756,0.001262,-0.020782,-0.047847,-0.068655,-0.110012,-0.114056,-0.003322,-0.010867,-0.015116,-0.018902,-0.020061,-0.00018,-0.000232,-0.000515,-0.000695,-0.002163,0.001381,0.005476,0.008741,0.010103,0.010633,-0.004533,-0.009217,-0.015644,-0.022726,-0.013908,-0.001002,-0.002134,-0.004794,-0.009032,-0.01269,-0.003422,-0.007791,-0.010816,-0.014363,-0.011331,0.092551,-0.940764,-0.118233,-0.910054,1,0,0,0,0,0,0,0,0,0,0
3116,-0.000435,-0.00092,-0.003707,-0.009409,-0.012657,-0.012478,-0.023856,-0.054206,-0.075965,-0.093045,-0.004449,-0.011941,-0.02089,-0.027691,-0.032089,-0.00179,-0.005983,-0.009665,-0.011813,-0.013398,0.003222,0.005318,0.006341,0.003145,-0.010867,-0.012861,-0.032958,-0.06584,-0.086781,-0.099565,-0.003682,-0.009844,-0.013833,-0.016236,-0.016773,-2.6e-05,-2.6e-05,-0.000665,-0.000793,-0.002378,0.001639,0.005609,0.007982,0.009465,0.009042,-0.000106,-0.00858,-0.010753,-0.009692,-0.00637,-0.000692,-0.002045,-0.005962,-0.009414,-0.012307,-0.002959,-0.005483,-0.008373,-0.010012,-0.001858,0.087985,-0.936975,-0.111713,-0.906194,1,0,0,0,0,0,0,0,0,0,0
3117,-0.000406,-0.000914,-0.006145,-0.010461,-0.015285,-0.009293,-0.023156,-0.05652,-0.069545,-0.090188,-0.003986,-0.011172,-0.020084,-0.025721,-0.029555,-0.002488,-0.006424,-0.008607,-0.011096,-0.012518,0.000736,0.003555,0.002412,-0.004977,-0.024629,-0.013914,-0.03443,-0.075208,-0.079194,-0.092473,-0.003783,-0.007973,-0.011705,-0.012848,-0.013076,-2.5e-05,-0.000305,-0.000482,-0.00193,-0.00292,0.002411,0.00563,0.006973,0.007496,0.007547,-0.004513,-0.01085,-0.017833,-0.009138,-0.002929,-0.000366,-0.002776,-0.006615,-0.009929,-0.012549,-0.00114,-0.003881,-0.007093,-0.004347,0.006722,0.085057,-0.935461,-0.10279,-0.903723,1,0,0,0,0,0,0,0,0,0,0
3118,-7.6e-05,-0.002827,-0.008456,-0.011662,-0.016962,-0.001994,-0.031956,-0.053436,-0.070298,-0.093242,-0.003433,-0.012267,-0.018982,-0.023323,-0.026908,-0.001666,-0.005301,-0.007421,-0.008986,-0.011889,0.001338,0.002347,-0.000808,-0.01464,-0.034101,-0.006007,-0.038468,-0.059141,-0.071762,-0.082818,-0.002322,-0.00626,-0.008633,-0.009163,-0.009289,2.5e-05,-0.000606,-0.000732,-0.002297,-0.004342,0.001523,0.003866,0.00533,0.004913,0.005416,-0.003879,-0.006024,-0.004977,-0.001697,0.009321,-0.000885,-0.004465,-0.007619,-0.010262,-0.012723,-0.001213,-0.003853,-0.005351,0.0021,0.012906,0.082989,-0.931176,-0.09539,-0.903956,1,0,0,0,0,0,0,0,0,0,0
3119,-0.000427,-0.005602,-0.009873,-0.014646,-0.017384,-0.011732,-0.044741,-0.057629,-0.078052,-0.093879,-0.003693,-0.01251,-0.018087,-0.021881,-0.024318,-0.002236,-0.004396,-0.006858,-0.008265,-0.011656,0.001457,0.000327,-0.006984,-0.026428,-0.041425,-0.014319,-0.054664,-0.058608,-0.071747,-0.077776,-0.001834,-0.005527,-0.006657,-0.006883,-0.006858,-0.000301,-0.000477,-0.001909,-0.002889,-0.005853,0.001669,0.002998,0.003515,0.003566,0.00375,-0.002409,-0.009318,-0.000715,0.005428,0.01466,-0.001381,-0.004944,-0.008019,-0.010451,-0.012145,-0.001371,-0.004352,-0.001804,0.008469,0.017996,0.080669,-0.928507,-0.090187,-0.903436,1,0,0,0,0,0,0,0,0,0,0
3120,-0.002301,-0.007877,-0.011053,-0.016304,-0.016829,-0.018004,-0.039284,-0.055988,-0.078718,-0.079568,-0.005076,-0.011728,-0.016029,-0.019579,-0.02103,-0.001375,-0.003476,-0.005026,-0.007902,-0.012228,-0.00045,-0.003576,-0.017279,-0.036558,-0.049586,-0.017904,-0.038384,-0.050887,-0.061839,-0.062214,-0.002075,-0.004426,-0.004951,-0.005076,-0.004976,-0.000325,-0.00045,-0.002,-0.004026,-0.009702,0.000659,0.00211,0.001696,0.002195,0.000702,0.000273,0.00131,0.00456,0.015474,0.015576,-0.002015,-0.004969,-0.007444,-0.009748,-0.010682,-0.001146,-0.002548,0.004429,0.014548,0.023935,0.079435,-0.925971,-0.083918,-0.906603,1,0,0,0,0,0,0,0,0,0,0
3121,-0.002833,-0.007057,-0.011779,-0.014487,-0.014413,-0.014761,-0.027509,-0.047712,-0.063367,-0.060683,-0.003678,-0.009194,-0.012947,-0.015357,-0.015879,-0.00077,-0.003206,-0.004597,-0.007952,-0.012847,-0.000671,-0.007902,-0.027136,-0.041972,-0.052135,-0.022116,-0.026018,-0.039014,-0.044978,-0.042518,-0.00159,-0.002709,-0.002932,-0.002907,-0.003106,0.000149,-0.001267,-0.002236,-0.005169,-0.012947,0.000659,0.001171,0.001221,0.001403,-0.001497,-0.007105,0.001404,0.007481,0.016613,0.016185,-0.001373,-0.004223,-0.006477,-0.008046,-0.008081,-0.001667,0.000695,0.010215,0.019044,0.026413,0.077968,-0.925237,-0.08113,-0.913208,1,0,0,0,0,0,0,0,0,0,0
3122,-0.002694,-0.005834,-0.011024,-0.011543,-0.011519,-0.006353,-0.022864,-0.045334,-0.046174,-0.046742,-0.002917,-0.007168,-0.010678,-0.012112,-0.01189,-0.00131,-0.002843,-0.005685,-0.009962,-0.01231,-0.002422,-0.015968,-0.035026,-0.047904,-0.052428,0.001755,-0.010604,-0.021431,-0.021802,-0.020739,-0.000742,-0.001261,-0.001384,-0.001285,-0.002917,-0.000272,-0.001804,-0.003807,-0.009418,-0.013941,0.000778,0.000369,0.000862,-0.000614,-0.0026,0.008093,0.011305,0.022094,0.022194,0.023776,-0.001401,-0.003684,-0.005809,-0.00667,-0.005447,0.000313,0.006747,0.01608,0.024737,0.027928,0.078016,-0.927712,-0.080753,-0.919716,1,0,0,0,0,0,0,0,0,0,0
3123,-0.001512,-0.00622,-0.008922,-0.008847,-0.008823,-0.006344,-0.026493,-0.042106,-0.039429,-0.044782,-0.002577,-0.00632,-0.008723,-0.009244,-0.008847,-0.001115,-0.002503,-0.005849,-0.010731,-0.012788,-0.004783,-0.023965,-0.03876,-0.048896,-0.051002,-0.00565,-0.018612,-0.024559,-0.022106,-0.024956,-0.000372,-0.000595,-0.00057,-0.000768,-0.00451,-0.00114,-0.002107,-0.005031,-0.012788,-0.018364,-0.00027,-0.00022,-3.8e-05,-0.002931,-0.006018,0.000372,0.006432,0.01554,0.015113,0.017602,-0.001369,-0.003581,-0.005121,-0.005155,-0.002481,0.001999,0.01134,0.020002,0.027232,0.028774,0.079267,-0.925057,-0.080804,-0.923712,1,0,0,0,0,0,0,0,0,0,0
3124,-0.001627,-0.006803,-0.00732,-0.007296,-0.006211,-0.010155,-0.032559,-0.033397,-0.033964,-0.03951,-0.001676,-0.005176,-0.006605,-0.006384,-0.003845,-0.000419,-0.003253,-0.007517,-0.009859,-0.011929,-0.00875,-0.027753,-0.040594,-0.045105,-0.045499,-0.006704,-0.0175,-0.017869,-0.016809,-0.019373,-0.000148,-0.000271,-0.000173,-0.001799,-0.005989,-0.000394,-0.002391,-0.007986,-0.012496,-0.022478,-0.000139,0.000352,-0.001119,-0.003099,-0.010241,0.002833,0.013591,0.01369,0.015267,0.018243,-0.000919,-0.003002,-0.003846,-0.002647,0.001573,0.004382,0.013529,0.022013,0.025141,0.026193,0.080725,-0.921276,-0.081254,-0.927307,1,0,0,0,0,0,0,0,0,0,0
3125,-0.003036,-0.005706,-0.005632,-0.005608,-0.001494,-0.00982,-0.025247,-0.022602,-0.027892,-0.029557,-0.002032,-0.004408,-0.004922,-0.00453,0.001053,-0.000955,-0.004261,-0.009085,-0.011117,-0.011607,-0.01026,-0.02488,-0.034895,-0.036977,-0.035777,-0.006146,-0.012023,-0.009599,-0.012415,-0.012881,-7.3e-05,-4.9e-05,-0.000245,-0.003943,-0.00791,-0.000563,-0.003453,-0.011117,-0.016627,-0.034503,0.000188,0.000367,-0.002491,-0.005541,-0.021669,0.003174,0.012173,0.011751,0.014211,0.015409,-0.001156,-0.002572,-0.002603,-0.000143,0.005664,0.004402,0.012369,0.019018,0.020436,0.022447,0.082715,-0.909188,-0.081827,-0.928145,1,0,0,0,0,0,0,0,0,0,0
3126,-0.002095,-0.002606,-0.002582,-0.00151,0.003288,-0.012374,-0.013202,-0.013762,-0.019243,-0.020266,-0.001437,-0.00285,-0.002631,-0.000122,0.008428,-0.001851,-0.006065,-0.008379,-0.010425,-0.010474,-0.008574,-0.021264,-0.025722,-0.026112,-0.024723,-0.004555,-0.00492,-0.003873,-0.006406,-0.006163,-4.9e-05,4.9e-05,-0.001559,-0.0057,-0.012593,-0.001413,-0.006942,-0.011399,-0.021264,-0.039533,0.000299,-0.001155,-0.003112,-0.01017,-0.02609,0.007475,0.007573,0.009132,0.012073,0.013344,-0.000804,-0.001581,-0.000477,0.003408,0.011189,0.004179,0.01199,0.014869,0.015838,0.018119,0.087664,-0.903614,-0.081477,-0.928335,1,0,0,0,0,0,0,0,0,0,0
3127,-0.000556,-0.000483,-0.000459,0.003602,0.007131,-0.002949,-0.000338,-0.00556,-0.007204,-0.009839,-0.000919,-0.001426,-0.001039,0.004472,0.013779,-0.001426,-0.006188,-0.008195,-0.008678,-0.00834,-0.005923,-0.01581,-0.017864,-0.01668,-0.014577,-0.001281,0.001112,-0.001668,-0.002127,-0.002079,7.3e-05,-0.000121,-0.003771,-0.007687,-0.024222,-0.00145,-0.009017,-0.014456,-0.032103,-0.040588,-0.00012,-0.002941,-0.005952,-0.021873,-0.026295,0.001466,0.001049,0.003477,0.00466,0.007349,-0.000531,-0.00056,0.001687,0.006994,0.017687,0.003316,0.009391,0.010686,0.012523,0.013436,0.099303,-0.900835,-0.081535,-0.927606,1,0,0,0,0,0,0,0,0,0,0
3128,4.8e-05,7.2e-05,0.00113,0.005865,0.011153,0.002115,0.001562,-0.003846,-0.004856,-0.01173,-0.000481,-0.000264,0.002211,0.010648,0.017691,-0.00274,-0.005024,-0.007043,-0.007091,-0.00161,-0.006634,-0.011033,-0.011418,-0.010048,-0.001827,0.000913,0.001947,-0.000553,-0.000312,-0.005577,2.4e-05,-0.001562,-0.005649,-0.012451,-0.039757,-0.004014,-0.008413,-0.018148,-0.036176,-0.038123,-0.001316,-0.003247,-0.010212,-0.025922,-0.02624,-0.00136,0.000178,0.00308,0.004334,0.00594,-0.000198,0.000809,0.00435,0.011441,0.024801,0.003932,0.006556,0.007439,0.009519,0.007643,0.114928,-0.90043,-0.085652,-0.922889,1,0,0,0,0,0,0,0,0,0,0
3129,2.4e-05,4.8e-05,0.004075,0.007574,0.014214,0.000479,-0.004698,-0.006328,-0.008941,-0.016899,-2.4e-05,0.00036,0.005825,0.015053,0.019751,-0.001989,-0.003979,-0.004458,-0.004123,0.00501,-0.003188,-0.005225,-0.004051,-0.001966,0.012992,0.001462,-0.001294,-0.00175,-0.001702,-0.008054,-0.000216,-0.003835,-0.007718,-0.024113,-0.056448,-0.0035,-0.008893,-0.026391,-0.034804,-0.040413,-0.001485,-0.004471,-0.020257,-0.024642,-0.029775,0.000943,0.003351,0.004524,0.00719,0.008826,0.000167,0.002284,0.007285,0.017361,0.031922,0.001869,0.00309,0.004821,0.005681,0.000449,0.132183,-0.892837,-0.089157,-0.921577,1,0,0,0,0,0,0,0,0,0,0
3130,0.0,0.001054,0.005774,0.011046,0.018354,-0.00103,-0.006421,-0.007428,-0.01428,-0.018162,0.00024,0.002708,0.011118,0.018138,0.022523,-0.000288,-0.0023,-0.002348,0.003115,0.010519,-0.001198,-0.001581,-0.000216,0.007979,0.025039,-0.000431,-0.002923,-0.002684,-0.007931,-0.010039,-0.001366,-0.005439,-0.01222,-0.039439,-0.074949,-0.000887,-0.010591,-0.028561,-0.030502,-0.044591,-0.00044,-0.007383,-0.023043,-0.02336,-0.031912,0.00059,0.003483,0.004734,0.006334,0.00823,0.000817,0.00428,0.011215,0.024279,0.039858,0.000702,0.001565,0.003599,0.001765,-0.004407,0.153433,-0.883992,-0.094661,-0.920596,1,0,0,0,0,0,0,0,0,0,0
3131,2.4e-05,0.004058,0.007564,0.014215,0.024444,-0.004154,-0.005787,-0.008404,-0.016376,-0.016664,0.000144,0.005619,0.014864,0.01957,0.025477,-0.001705,-0.002185,-0.001849,0.0073,0.014071,-0.00084,0.000336,0.002425,0.017409,0.036138,-0.002329,-0.002785,-0.002737,-0.009101,-0.009533,-0.002257,-0.006147,-0.022571,-0.054964,-0.085508,-0.004514,-0.022043,-0.030472,-0.03609,-0.06248,-0.002549,-0.018364,-0.022757,-0.027899,-0.04615,0.001821,0.002995,0.005667,0.007306,0.007353,0.001314,0.006377,0.01658,0.031323,0.046439,0.000524,0.002276,0.003147,-0.002151,-0.007644,0.167346,-0.861754,-0.099381,-0.917243,1,0,0,0,0,0,0,0,0,0,0
3132,0.001033,0.005763,0.011046,0.01837,0.028335,-0.001249,-0.002257,-0.009125,-0.013015,-0.021732,0.002329,0.010758,0.017794,0.022188,0.026703,-0.000312,-0.00036,0.005115,0.012535,0.015993,0.000456,0.001825,0.010037,0.027135,0.047498,-0.000168,7.2e-05,-0.005187,-0.0073,-0.011959,-0.001825,-0.008621,-0.0359,-0.071487,-0.094251,-0.005211,-0.023221,-0.025166,-0.039285,-0.082149,-0.004408,-0.020103,-0.02042,-0.028991,-0.060228,0.001079,0.002332,0.003935,0.005835,0.010256,0.002202,0.009244,0.02251,0.038329,0.050562,0.000353,0.002419,0.000556,-0.005712,-0.012425,0.182266,-0.835048,-0.10584,-0.914031,1,0,0,0,0,0,0,0,0,0,0
3133,0.003003,0.006511,0.013166,0.023401,0.032122,-0.000384,-0.003003,-0.01098,-0.011268,-0.028662,0.003147,0.012397,0.017106,0.023016,0.025923,-0.000168,0.000168,0.009322,0.016097,0.015881,0.000721,0.002811,0.017803,0.036543,0.058069,-0.000288,-0.00024,-0.006607,-0.007039,-0.014752,-0.002066,-0.0185,-0.05091,-0.08147,-0.104534,-0.012325,-0.020758,-0.02638,-0.052784,-0.101051,-0.011413,-0.015808,-0.020953,-0.039215,-0.069814,9.6e-05,0.002769,0.004409,0.004456,0.014717,0.002873,0.013114,0.027914,0.043088,0.053278,0.001405,0.002279,-0.003039,-0.008554,-0.016984,0.199514,-0.810138,-0.112123,-0.9133,1,0,0,0,0,0,0,0,0,0,0
3134,0.001728,0.007007,0.014326,0.024284,0.034434,-0.000624,-0.007487,-0.011374,-0.020085,-0.037218,0.005279,0.01231,0.016701,0.021213,0.023252,0.00012,0.005591,0.013006,0.016461,0.014998,0.000648,0.008855,0.02594,0.046288,0.071316,0.000528,-0.004727,-0.006839,-0.011494,-0.022436,-0.004727,-0.031987,-0.067549,-0.090297,-0.112326,-0.005687,-0.007631,-0.02174,-0.064573,-0.10911,-0.004285,-0.004601,-0.013166,-0.044382,-0.068994,0.001156,0.002759,0.004657,0.009075,0.016185,0.004159,0.01736,0.033101,0.045273,0.053234,0.000662,-0.001191,-0.007428,-0.014108,-0.024478,0.215044,-0.791543,-0.121187,-0.908562,1,0,0,0,0,0,0,0,0,0,0
3135,0.001774,0.008416,0.018631,0.027335,0.037238,-0.00199,-0.009951,-0.010239,-0.027599,-0.041218,0.003956,0.008656,0.014555,0.017456,0.017768,0.000216,0.009351,0.016113,0.015897,0.014123,0.001439,0.016401,0.035104,0.056588,0.080039,-0.00048,-0.006834,-0.007265,-0.014962,-0.031028,-0.011677,-0.044024,-0.074524,-0.097543,-0.12013,-0.002734,-0.008344,-0.034696,-0.082868,-0.125741,-0.000105,-0.005239,-0.023465,-0.054005,-0.07469,0.001512,0.003149,0.003197,0.013437,0.01201,0.005964,0.020561,0.035527,0.045577,0.052096,0.000204,-0.005042,-0.010481,-0.018795,-0.028695,0.232378,-0.771972,-0.12698,-0.904437,1,0,0,0,0,0,0,0,0,0,0
3136,0.003496,0.010799,0.020737,0.030866,0.03975,-0.004861,-0.00874,-0.017432,-0.03453,-0.037858,0.003065,0.007447,0.011949,0.013984,0.013577,0.005244,0.012643,0.016091,0.014631,0.014272,0.006753,0.023802,0.044108,0.069083,0.083738,-0.004765,-0.006872,-0.011518,-0.022437,-0.032566,-0.015541,-0.051028,-0.073729,-0.095711,-0.120207,0.00079,-0.01329,-0.056033,-0.100476,-0.141423,-0.000211,-0.008758,-0.039908,-0.064468,-0.081365,8.9e-05,0.001983,0.006392,0.013487,0.007204,0.007099,0.02261,0.034604,0.042449,0.048342,-0.002028,-0.008174,-0.014755,-0.024974,-0.02946,0.247271,-0.753786,-0.128185,-0.902971,1,0,0,0,0,0,0,0,0,0,0
3137,0.003133,0.013323,0.022005,0.031883,0.04047,-0.003085,-0.003372,-0.020689,-0.034275,-0.032362,0.001626,0.00751,0.010404,0.010715,0.010333,0.003875,0.01062,0.010404,0.008635,0.008898,0.00818,0.026836,0.048267,0.071659,0.085054,-0.001579,-0.002009,-0.009687,-0.025712,-0.027267,-0.016743,-0.047167,-0.070129,-0.09266,-0.110551,-0.006386,-0.032672,-0.080724,-0.12349,-0.155685,-0.004911,-0.023091,-0.053555,-0.074188,-0.086844,0.001544,0.001591,0.011806,0.010383,0.007389,0.007301,0.022009,0.031885,0.03829,0.042433,-0.003143,-0.008488,-0.016659,-0.026387,-0.029826,0.256371,-0.739971,-0.132936,-0.904852,1,0,0,0,0,0,0,0,0,0,0
3138,0.004157,0.014071,0.024177,0.03304,0.040326,-0.000788,-0.00946,-0.026518,-0.029838,-0.028978,0.002747,0.007239,0.009269,0.008863,0.008266,0.003512,0.006952,0.005495,0.005136,0.004945,0.008839,0.029098,0.054015,0.068636,0.083161,-0.000526,-0.00516,-0.016054,-0.026159,-0.025037,-0.018682,-0.04133,-0.06326,-0.0877,-0.102105,-0.007669,-0.050312,-0.094652,-0.135504,-0.164195,-0.003622,-0.034699,-0.059202,-0.076059,-0.086439,0.000348,0.004746,0.011825,0.005557,0.006546,0.008019,0.019819,0.027537,0.033335,0.036516,-0.002929,-0.009405,-0.019458,-0.023872,-0.028666,0.267358,-0.724277,-0.136871,-0.906123,1,0,0,0,0,0,0,0,0,0,0
3139,0.006013,0.014675,0.02453,0.033097,0.040279,0.000501,-0.016775,-0.030329,-0.02842,-0.027799,0.003126,0.006013,0.006323,0.005942,0.005059,0.003221,0.003007,0.001241,0.001503,0.001336,0.009783,0.031164,0.054501,0.067864,0.078029,9.5e-05,-0.007564,-0.023552,-0.025103,-0.023934,-0.011692,-0.0346,-0.057078,-0.074927,-0.089888,-0.018565,-0.066503,-0.109169,-0.141287,-0.167917,-0.01452,-0.044911,-0.065496,-0.078122,-0.08564,-0.0003,0.00989,0.00847,0.005484,0.006341,0.006513,0.016227,0.022528,0.026603,0.029476,-0.002352,-0.010389,-0.019958,-0.02334,-0.025275,0.275583,-0.711,-0.137602,-0.904926,1,0,0,0,0,0,0,0,0,0,0
3140,0.003874,0.013926,0.022742,0.02999,0.035242,-0.009125,-0.026093,-0.029396,-0.028541,-0.028826,0.001355,0.003374,0.00297,0.002376,0.001046,0.000214,-0.001236,-0.001592,-0.001782,-0.002115,0.010409,0.035194,0.049738,0.064187,0.069391,-0.004705,-0.015542,-0.025594,-0.024477,-0.023835,-0.010884,-0.032699,-0.05701,-0.07134,-0.083412,-0.02393,-0.068036,-0.108673,-0.137213,-0.158886,-0.016453,-0.040827,-0.057596,-0.06792,-0.073404,0.004674,0.011715,0.00548,0.006464,0.00738,0.005044,0.012481,0.018068,0.021134,0.02326,-0.003955,-0.013643,-0.017897,-0.022517,-0.022421,0.283328,-0.700339,-0.136757,-0.904612,1,0,0,0,0,0,0,0,0,0,0
3141,0.004737,0.014518,0.02302,0.030149,0.03228,-0.008052,-0.021504,-0.01961,-0.018994,-0.019491,0.001516,0.001824,0.001445,0.000568,-0.000379,-0.000426,-0.002179,-0.001918,-0.002084,-0.002368,0.010847,0.034009,0.047272,0.057361,0.060748,-0.002913,-0.018781,-0.02032,-0.01916,-0.018781,-0.011889,-0.034199,-0.051914,-0.066763,-0.072021,-0.023731,-0.066076,-0.097954,-0.124384,-0.142786,-0.013766,-0.034197,-0.046728,-0.05419,-0.061998,0.005456,0.004047,0.001083,0.001934,0.002942,0.004291,0.010269,0.014135,0.016861,0.018309,-0.003763,-0.012841,-0.01605,-0.017886,-0.01863,0.284744,-0.691893,-0.136134,-0.904376,1,0,0,0,0,0,0,0,0,0,0
3142,0.005273,0.014045,0.021257,0.026482,0.02835,-0.008843,-0.01213,-0.011279,-0.011562,-0.007732,0.000497,9.5e-05,-0.000497,-0.001821,-0.002104,-0.001017,-0.001371,-0.001561,-0.001892,-0.001419,0.013832,0.028303,0.042679,0.047857,0.053082,-0.007874,-0.017875,-0.016764,-0.016126,-0.015629,-0.009836,-0.034025,-0.048282,-0.060294,-0.061074,-0.020193,-0.060625,-0.089022,-0.110586,-0.120517,-0.010507,-0.027192,-0.037464,-0.042921,-0.048774,0.001558,-0.004645,-0.003667,-0.002755,-0.005691,0.002938,0.008331,0.011291,0.013344,0.014031,-0.005633,-0.009739,-0.014199,-0.014107,-0.016455,0.28674,-0.689024,-0.135974,-0.90287,1,0,0,0,0,0,0,0,0,0,0
3143,0.0045,0.013002,0.020131,0.022262,0.024252,-0.004595,-0.0027,-0.002084,-0.002581,0.003031,-0.000189,-0.000568,-0.001445,-0.002392,-0.002771,-0.000734,-0.000474,-0.000639,-0.000924,-7.1e-05,0.009308,0.02257,0.032659,0.036046,0.042133,-0.007981,-0.009521,-0.00836,-0.007981,-0.006371,-0.012457,-0.030173,-0.045022,-0.05028,-0.050445,-0.02212,-0.053998,-0.080428,-0.09883,-0.103709,-0.009906,-0.022437,-0.029899,-0.037708,-0.041255,-0.00297,-0.005934,-0.005084,-0.004076,-0.007579,0.003006,0.006872,0.009599,0.011046,0.011392,-0.003381,-0.00659,-0.008426,-0.00917,-0.012025,0.286664,-0.684318,-0.136223,-0.902294,1,0,0,0,0,0,0,0,0,0,0
3144,0.004298,0.011539,0.016787,0.018662,0.021013,0.001306,0.002161,0.001876,0.005722,0.008097,-0.000214,-0.000807,-0.002137,-0.002422,-0.002612,0.00038,0.00019,-0.000142,0.000332,0.00076,0.0052,0.019636,0.024836,0.030083,0.034927,-0.002042,-0.000926,-0.000285,0.000214,0.002659,-0.011801,-0.026118,-0.03818,-0.038963,-0.03666,-0.018425,-0.046941,-0.068595,-0.078567,-0.08201,-0.006823,-0.017139,-0.022618,-0.028496,-0.032785,-0.003252,-0.002269,-0.001354,-0.004302,-0.003934,0.002493,0.00554,0.007654,0.008362,0.008492,-0.000786,-0.005378,-0.005283,-0.007701,-0.009261,0.286511,-0.682932,-0.135407,-0.901622,1,0,0,0,0,0,0,0,0,0,0
3145,0.004228,0.011379,0.013517,0.015512,0.017698,0.000594,0.001212,0.000713,0.006343,0.006889,-0.000166,-0.001045,-0.001995,-0.002376,-0.002304,-0.000119,-0.000285,-0.00057,0.000285,0.000356,0.008101,0.01822,0.021618,0.027723,0.031191,0.000499,0.001663,0.002043,0.003658,0.004894,-0.005963,-0.020857,-0.026131,-0.026297,-0.023827,-0.013541,-0.040052,-0.05851,-0.063403,-0.066492,-0.005743,-0.013228,-0.02106,-0.024619,-0.028407,0.00028,0.001134,0.002144,-0.00137,-0.00053,0.001448,0.004233,0.005711,0.006065,0.006147,-0.002489,-0.004364,-0.005124,-0.008041,-0.008799,0.286658,-0.679901,-0.134989,-0.901249,1,0,0,0,0,0,0,0,0,0,0
3146,0.003016,0.008265,0.010142,0.012493,0.014085,0.000261,-2.4e-05,0.003824,0.006199,0.00779,-0.000428,-0.001758,-0.002043,-0.002233,-0.001948,-7.1e-05,-0.000404,7.1e-05,0.000499,0.000404,0.006342,0.011543,0.016792,0.021637,0.025081,0.000618,0.001259,0.001758,0.004204,0.004489,-0.00836,-0.020426,-0.02121,-0.018906,-0.017861,-0.014987,-0.036648,-0.046624,-0.050068,-0.0504,-0.004577,-0.010058,-0.015938,-0.020229,-0.020984,0.000703,0.001618,-0.001331,-0.000963,-0.002029,0.001609,0.003727,0.004437,0.004567,0.00455,-0.002116,-0.002021,-0.004444,-0.006008,-0.00728,0.28775,-0.682733,-0.135193,-0.900936,1,0,0,0,0,0,0,0,0,0,0
3147,0.00413,0.006266,0.008259,0.010443,0.012128,0.000356,-0.000142,0.005482,0.006028,0.0089,-0.000451,-0.0014,-0.00178,-0.001709,-0.001234,-9.5e-05,-0.00038,0.000475,0.000546,7.1e-05,0.003774,0.007168,0.013267,0.016732,0.022072,0.000546,0.000926,0.002539,0.003774,0.004082,-0.006527,-0.011796,-0.011962,-0.009493,-0.010087,-0.011511,-0.029952,-0.034841,-0.037926,-0.032729,-0.002904,-0.010729,-0.014284,-0.018069,-0.013885,0.00015,0.00116,-0.002351,-0.001512,-0.003588,0.001167,0.002636,0.002987,0.003069,0.002782,0.000242,-0.000513,-0.003411,-0.004164,-0.006641,0.290622,-0.685906,-0.137355,-0.900965,1,0,0,0,0,0,0,0,0,0,0
3148,0.001113,0.002983,0.005327,0.006913,0.008713,-0.000639,0.003196,0.005564,0.00715,0.01082,-0.000876,-0.00116,-0.00135,-0.001065,-0.000213,-0.000237,0.000237,0.000663,0.000568,0.000142,0.001421,0.006653,0.011483,0.014916,0.021474,9.5e-05,0.000592,0.00303,0.003315,0.005327,-0.005516,-0.006298,-0.004001,-0.002959,-0.004049,-0.010109,-0.020053,-0.023486,-0.023818,-0.020385,-0.002567,-0.008428,-0.012705,-0.013458,-0.009619,0.000763,-0.002177,-0.00181,-0.002873,-0.003887,0.000924,0.001618,0.001746,0.00173,0.001587,-0.000145,-0.002515,-0.004044,-0.005288,-0.008314,0.292806,-0.687064,-0.139595,-0.902501,1,0,0,0,0,0,0,0,0,0,0
3149,0.001017,0.003003,0.005179,0.006858,0.00875,0.000142,0.005746,0.00629,0.009152,0.011729,-7.1e-05,-0.000449,-0.000378,9.5e-05,0.00123,-4.7e-05,0.000804,0.000875,0.000402,0.000378,0.001963,0.00804,0.011493,0.016814,0.022608,0.000284,0.001892,0.003122,0.003429,0.005983,0.00026,9.5e-05,0.002554,0.001963,0.002034,-0.008277,-0.013148,-0.016223,-0.011044,-0.009861,-0.005233,-0.008775,-0.012547,-0.008378,-0.006807,0.000244,-0.003254,-0.002418,-0.004487,-0.003979,0.000515,0.000858,0.000938,0.000658,0.000633,-0.000592,-0.003418,-0.004152,-0.006568,-0.008919,0.293981,-0.687846,-0.140826,-0.903449,1,0,0,0,0,0,0,0,0,0,0
3150,0.000851,0.00319,0.004773,0.006569,0.008932,0.003686,0.006049,0.007633,0.011295,0.014202,-0.000213,-0.000402,-0.000118,0.000733,0.00267,0.00052,0.000945,0.000851,0.000425,-0.000118,0.003261,0.008082,0.011508,0.018053,0.022969,0.000213,0.002647,0.00293,0.004939,0.007113,-0.00104,0.001252,0.002292,0.001205,0.00397,-0.001654,-0.00508,-0.005411,-0.001985,0.003426,-0.000621,-0.004889,-0.005641,-0.00181,0.001088,-0.003178,-0.002812,-0.003873,-0.004885,-0.005252,0.000172,0.000298,0.000282,0.000141,-0.000263,-0.001749,-0.003258,-0.004485,-0.007471,-0.009065,0.293872,-0.693132,-0.141593,-0.904379,1,0,0,0,0,0,0,0,0,0,0
3151,0.001132,0.003303,0.004978,0.006865,0.008917,0.001911,0.002453,0.005308,0.007879,0.012361,-0.000165,-9.4e-05,0.000377,0.00151,0.003609,0.00033,0.000401,-7.1e-05,-9.4e-05,-0.001628,0.002807,0.006251,0.011559,0.017339,0.021585,0.001392,0.002619,0.002925,0.005473,0.007761,0.000873,0.003326,0.002736,0.002807,0.015758,-0.003208,-0.006275,-0.001109,7.1e-05,0.005945,-0.002914,-0.006676,-0.002517,-0.00095,-0.00505,-0.000317,0.000517,-0.001547,-0.00104,-0.002897,0.000167,0.000245,-2.9e-05,-5.5e-05,-0.000991,-0.00105,-0.001771,-0.004146,-0.006457,-0.007938,0.2852,-0.694464,-0.142152,-0.904749,1,0,0,0,0,0,0,0,0,0,0
3152,0.001201,0.002778,0.004567,0.006921,0.008545,0.000447,0.002024,0.005673,0.008568,0.011134,-2.4e-05,0.000259,0.001106,0.003037,0.004779,9.4e-05,0.0,-0.000424,-0.000965,-0.003884,0.002001,0.005414,0.011935,0.016831,0.020385,0.001036,0.001318,0.003319,0.005485,0.006591,0.001412,0.002448,0.001365,0.004119,0.031072,-0.000212,-0.000541,0.002872,0.008262,0.010098,-0.001345,-0.002093,0.001723,0.004609,-0.011925,0.000681,-0.000376,-0.001384,-0.00175,-0.002912,-4.1e-05,-5.7e-05,-0.000194,-0.000588,-0.001891,-0.000435,-0.00163,-0.004536,-0.006088,-0.007326,0.270751,-0.696672,-0.143145,-0.904869,1,0,0,0,0,0,0,0,0,0,0
3153,0.000963,0.002632,0.004512,0.006556,0.007849,9.4e-05,0.002937,0.005499,0.009964,0.01081,9.4e-05,0.000564,0.001692,0.003783,0.00947,-2.3e-05,-0.000493,-0.000517,-0.002044,-0.009024,0.001433,0.006721,0.012478,0.016708,0.019857,0.000188,0.000493,0.003031,0.005311,0.005546,0.001034,0.000446,0.000517,0.013418,0.050713,-0.002843,0.002303,0.003478,0.009329,0.010998,-0.002405,0.001738,0.003299,-0.000785,-0.018695,0.000151,-0.001905,-0.0014,-0.00325,-0.003579,0.000117,-0.00015,-0.000175,-0.001086,-0.002639,-0.000272,-0.002584,-0.004834,-0.006276,-0.007383,0.252074,-0.701723,-0.144215,-0.908181,1,0,0,0,0,0,0,0,0,0,0
3154,0.000611,0.002396,0.004746,0.006367,0.006977,0.00148,0.005121,0.008011,0.010572,0.010619,0.000188,0.001034,0.00296,0.004699,0.014448,-7e-05,-0.000493,-0.001034,-0.003947,-0.01372,0.001973,0.008481,0.013367,0.016915,0.019428,9.4e-05,0.002091,0.004252,0.005356,0.004863,0.0,-0.001081,0.001668,0.028567,0.073485,0.002514,0.00592,0.0113,0.013132,0.013109,0.001657,0.005466,0.008347,-0.008155,-0.026363,-0.001205,-0.002212,-0.002577,-0.003737,-0.003984,-0.000133,-0.000268,-0.000656,-0.001941,-0.003473,-0.000906,-0.003772,-0.005303,-0.006524,-0.007648,0.229369,-0.704506,-0.145236,-0.909895,0,0,1,0,0,0,0,0,0,0,0
3155,0.001057,0.002937,0.004981,0.006273,0.00632,0.001363,0.003924,0.008388,0.009234,0.009046,0.000282,0.00141,0.003501,0.009187,0.019407,-0.000399,-0.000423,-0.00195,-0.008928,-0.018162,0.003313,0.009069,0.013298,0.016447,0.018467,0.000211,0.002749,0.005028,0.005263,0.004629,-0.000587,-0.000517,0.012382,0.04967,0.096731,0.002631,0.003806,0.009657,0.011325,0.009492,0.002485,0.004046,-3.7e-05,-0.017944,-0.037078,-0.00085,-0.000346,-0.002195,-0.002524,-0.002663,-0.000134,-0.000159,-0.001069,-0.00262,-0.003932,-0.001402,-0.003648,-0.005089,-0.006194,-0.00735,0.207196,-0.708662,-0.147147,-0.91354,0,0,1,0,0,0,0,0,0,0,0
3156,0.000729,0.003079,0.004701,0.005312,0.005218,0.00228,0.005171,0.007733,0.00778,0.008931,0.000564,0.002491,0.004231,0.013985,0.025454,-2.4e-05,-0.000564,-0.003479,-0.013256,-0.022164,0.003196,0.008085,0.011634,0.014149,0.01697,0.001786,0.003949,0.005053,0.00456,0.005406,-0.000494,0.002256,0.029168,0.074107,0.128588,0.000776,0.006158,0.007991,0.007968,0.000588,0.001325,0.004207,-0.012302,-0.030519,-0.055754,-0.000157,-0.000521,-0.001682,-0.00193,-0.001777,-1e-06,-0.000391,-0.00168,-0.003217,-0.00435,-0.001471,-0.003006,-0.004231,-0.005359,-0.007039,0.176495,-0.70805,-0.149886,-0.918493,0,0,1,0,0,0,0,0,0,0,0
3157,0.001152,0.003198,0.004492,0.004539,0.004492,0.000282,0.00475,0.005597,0.005409,0.008466,0.000564,0.002657,0.008348,0.018578,0.038591,0.0,-0.001529,-0.008513,-0.017755,-0.039814,0.002563,0.006796,0.009948,0.01197,0.015521,0.000753,0.003034,0.003269,0.002634,0.00689,0.000564,0.013475,0.050796,0.0979,0.17614,0.0004,0.006255,0.007925,0.006091,-0.016956,0.000236,-0.003851,-0.021773,-0.040925,-0.07299,0.000662,-0.001189,-0.001518,-0.001658,9.8e-05,-2.3e-05,-0.000939,-0.0025,-0.003821,-0.004958,-0.000785,-0.002234,-0.003347,-0.00451,-0.006452,0.129102,-0.693757,-0.151144,-0.920701,0,0,1,0,0,0,0,0,0,0,0
3158,0.0012,0.002824,0.003435,0.003341,0.003318,0.002612,0.005177,0.005224,0.006377,0.010941,0.001365,0.003106,0.012871,0.024353,0.050024,-0.000541,-0.003459,-0.013247,-0.022165,-0.054307,0.002329,0.005882,0.0084,0.011224,0.0136,0.001412,0.002518,0.002024,0.002871,0.008071,0.002188,0.02913,0.074119,0.128661,0.217509,0.004988,0.006824,0.0068,-0.000588,-0.028989,0.002648,-0.013879,-0.032116,-0.057379,-0.081965,-0.001027,-0.002189,-0.002437,-0.002284,-0.001269,-0.000369,-0.001668,-0.003217,-0.004359,-0.005392,-0.00076,-0.001994,-0.003131,-0.004824,-0.006151,0.087447,-0.68413,-0.151486,-0.92008,0,0,1,0,0,0,0,0,0,0,0
3159,0.000847,0.002142,0.002189,0.002142,0.001695,0.00186,0.002707,0.002519,0.005579,0.008922,0.00073,0.006426,0.016666,0.036699,0.05845,-0.000989,-0.00798,-0.017231,-0.039312,-0.061392,0.001907,0.005061,0.007086,0.01064,0.012147,0.000871,0.001106,0.000471,0.004732,0.009416,0.010734,0.048092,0.095242,0.17356,0.266166,0.000871,0.002542,0.000706,-0.022363,-0.068172,-0.00674,-0.024681,-0.043851,-0.075948,-0.120032,-0.000825,-0.001154,-0.001294,0.000464,0.002109,-0.000553,-0.002124,-0.003454,-0.004598,-0.005336,-0.000697,-0.001818,-0.002988,-0.004945,-0.005953,0.036073,-0.650082,-0.152252,-0.919186,0,0,1,0,0,0,0,0,0,0,0
3160,0.000777,0.001389,0.001295,0.001272,0.000542,0.000707,0.000754,0.001908,0.006476,0.007583,0.001013,0.010786,0.022279,0.047973,0.06314,-0.001931,-0.011728,-0.020654,-0.052824,-0.058571,0.001649,0.004168,0.006995,0.009373,0.010009,0.000236,-0.000259,0.000589,0.005793,0.013141,0.016226,0.061255,0.115846,0.204774,0.306042,0.000966,0.000942,-0.006453,-0.034879,-0.115045,-0.009799,-0.028052,-0.053337,-0.077945,-0.161056,-0.000338,-0.000586,-0.000433,0.000584,0.006965,-0.000753,-0.002311,-0.003461,-0.0045,-0.004916,-0.000543,-0.001687,-0.00339,-0.004725,-0.004898,-0.014634,-0.601673,-0.151618,-0.918222,0,0,1,0,0,0,0,0,0,0,0
3161,0.000519,0.000566,0.000519,7.1e-05,-0.001792,0.000141,-4.7e-05,0.003018,0.006366,0.006861,0.004692,0.014949,0.035014,0.0568,0.068354,-0.005069,-0.014336,-0.036452,-0.058569,-0.081346,0.001509,0.003537,0.007097,0.008606,0.008182,0.0,-0.000637,0.003631,0.008323,0.014076,0.021173,0.068401,0.146846,0.239604,0.335992,0.000707,-0.001132,-0.024239,-0.070122,-0.129045,-0.008159,-0.027362,-0.059511,-0.103667,-0.128318,8e-06,-0.000132,0.001629,0.003276,0.008701,-0.00083,-0.002175,-0.003333,-0.004079,-0.004254,-0.000586,-0.001771,-0.003749,-0.004769,-0.00513,-0.060114,-0.590849,-0.151532,-0.917973,0,0,1,0,0,0,0,0,0,0,0
3162,9.5e-05,0.0,-2.4e-05,-0.000758,-0.004855,-9.5e-05,0.001066,0.005661,0.006774,0.006229,0.005116,0.016674,0.042514,0.057766,0.064422,-0.004761,-0.013737,-0.04609,-0.051869,-0.099972,0.001018,0.003861,0.006253,0.006892,0.006253,-0.000497,0.000355,0.00559,0.012979,0.013974,0.024016,0.078917,0.168349,0.270192,0.363627,-0.000734,-0.008171,-0.036758,-0.11738,-0.142841,-0.010161,-0.03559,-0.060337,-0.14392,-0.087295,-0.000258,-0.000104,0.000919,0.007336,0.009436,-0.000765,-0.001961,-0.003042,-0.003475,-0.003687,-0.000585,-0.002357,-0.003746,-0.003926,-0.006018,-0.105848,-0.584945,-0.151078,-0.916775,0,0,1,0,0,0,0,0,0,0,0
3163,-4.8e-05,-9.5e-05,-0.000547,-0.002424,-0.008437,-9.5e-05,0.002995,0.006369,0.006868,0.006702,0.005205,0.02543,0.04739,0.059036,0.065001,-0.004563,-0.026856,-0.049149,-0.072107,-0.102029,0.001022,0.004611,0.006132,0.005704,0.004325,-0.000143,0.004159,0.008889,0.014688,0.014545,0.023505,0.102576,0.196073,0.293229,0.389673,-0.001117,-0.024408,-0.070657,-0.13005,-0.147256,-0.009159,-0.041565,-0.086073,-0.110921,-0.047299,0.000118,0.001892,0.003553,0.009021,0.009845,-0.000639,-0.001863,-0.002651,-0.002837,-0.003335,-0.000652,-0.002744,-0.003822,-0.004204,-0.007318,-0.15192,-0.584966,-0.150053,-0.914896,0,0,1,0,0,0,0,0,0,0,0
3164,-4.8e-05,-7.2e-05,-0.000812,-0.004946,-0.008531,0.001266,0.005902,0.007025,0.006476,0.009152,0.006428,0.032498,0.047886,0.054601,0.080097,-0.004468,-0.037109,-0.04294,-0.091471,-0.093789,0.00184,0.004253,0.004899,0.004253,0.003321,0.001004,0.006284,0.01374,0.014743,0.017396,0.031757,0.121985,0.224735,0.319002,0.438263,-0.00638,-0.035222,-0.116561,-0.142249,-0.154865,-0.016446,-0.041414,-0.125741,-0.068612,-0.006889,3.7e-05,0.001069,0.007543,0.009662,0.010103,-0.000609,-0.001759,-0.00222,-0.002446,-0.003751,-0.001208,-0.002686,-0.002877,-0.005103,-0.006951,-0.221052,-0.58435,-0.15006,-0.917186,0,0,1,0,0,0,0,0,0,0,0
3165,0.0,-0.000457,-0.002358,-0.008445,-0.007867,0.001853,0.005269,0.005774,0.005606,0.018501,0.014002,0.036233,0.048021,0.05406,0.094551,-0.018068,-0.040635,-0.063876,-0.094166,-0.090148,0.00178,0.00332,0.002887,0.001492,0.001419,0.003344,0.008132,0.014002,0.013858,0.021051,0.048069,0.142717,0.241069,0.3387,0.45435,-0.017154,-0.063972,-0.124095,-0.141514,-0.157657,-0.016245,-0.061301,-0.086454,-0.02205,0.026494,0.001759,0.00344,0.008975,0.00981,0.004083,-0.000694,-0.001554,-0.001756,-0.002298,-0.004081,-0.001012,-0.002186,-0.002602,-0.005995,-0.006265,-0.263454,-0.582052,-0.149425,-0.921261,0,0,1,0,0,0,0,0,0,0,0
3166,-2.4e-05,-0.00077,-0.004933,-0.008543,-0.007869,0.002815,0.003946,0.003393,0.006088,0.029189,0.012248,0.027745,0.034507,0.060183,0.101477,-0.014799,-0.020671,-0.069544,-0.071878,-0.06952,0.00065,0.001299,0.00065,-0.000289,-0.000409,0.001973,0.009481,0.010492,0.013163,0.038285,0.042785,0.146259,0.24119,0.361292,0.452855,-0.011887,-0.0938,-0.119669,-0.132374,-0.168374,-0.008895,-0.093816,-0.036284,0.025874,0.052915,-0.000721,0.005799,0.007933,0.008377,0.010227,-0.000513,-0.000997,-0.001234,-0.002605,-0.00538,-0.000539,-0.00074,-0.003078,-0.005019,-0.004198,-0.308753,-0.5563,-0.148676,-0.939116,0,0,1,0,0,0,0,0,0,0,0
3167,-0.000433,-0.002334,-0.00842,-0.007843,0.004162,0.000601,0.001107,0.000938,0.013833,0.025404,0.009984,0.021771,0.02781,0.068298,0.105153,-0.00777,-0.031009,-0.061297,-0.057279,-0.054585,0.00089,0.000457,-0.000938,-0.00101,-0.00154,0.002815,0.008685,0.00854,0.015733,0.035604,0.051867,0.150211,0.247834,0.363476,0.462807,-0.034931,-0.095049,-0.112466,-0.128608,-0.186561,-0.03616,-0.061311,0.003088,0.051628,0.088185,0.002402,0.007936,0.00877,0.003044,0.009182,-0.000347,-0.000549,-0.001091,-0.002873,-0.007718,-0.000635,-0.001051,-0.004442,-0.004712,0.00558,-0.358678,-0.527966,-0.146305,-0.93561,0,0,1,0,0,0,0,0,0,0,0
3168,-0.000313,-0.004473,-0.00808,-0.007407,0.007094,0.000529,-2.4e-05,0.002669,0.025756,0.028209,0.005507,0.012265,0.037925,0.079192,0.105934,0.0019,-0.046943,-0.049276,-0.046919,-0.056538,-0.00024,-0.00089,-0.001828,-0.001948,-0.002477,0.004689,0.0057,0.008369,0.033476,0.031432,0.05156,0.146432,0.266459,0.357964,0.440907,-0.046943,-0.072795,-0.085493,-0.12147,-0.172573,-0.048721,0.008775,0.070894,0.097919,0.140911,0.004115,0.006248,0.006691,0.008539,0.001694,-0.000136,-0.000372,-0.001736,-0.0045,-0.008894,0.000434,-0.001894,-0.003826,-0.003009,0.007508,-0.386334,-0.510321,-0.145015,-0.932225,0,0,1,0,0,0,0,0,0,0,0
3169,-0.001583,-0.007653,-0.007077,0.004894,0.004702,-2.4e-05,-0.000192,0.012667,0.024206,0.029148,0.006261,0.012283,0.052658,0.089411,0.111194,-0.02507,-0.055273,-0.051267,-0.04858,-0.077704,-0.000192,-0.001583,-0.001655,-0.002183,-0.002231,0.001176,0.001032,0.008205,0.02802,0.015977,0.046637,0.143989,0.259309,0.358365,0.416181,-0.013123,-0.030491,-0.046589,-0.104381,-0.145908,0.023521,0.087742,0.136147,0.172603,0.205479,0.001414,0.002246,-0.003464,0.002656,-0.01411,-6.5e-05,-0.000597,-0.002344,-0.007095,-0.009148,-0.000834,-0.00416,-0.004425,0.005669,0.004065,-0.411934,-0.496247,-0.144199,-0.918241,0,0,1,0,0,0,0,0,0,0,0
3170,-0.002567,-0.006165,-0.005493,0.008972,0.003526,-0.000528,0.002159,0.025187,0.027634,0.029433,0.00048,0.026075,0.067238,0.093913,0.115766,-0.023652,-0.025979,-0.023628,-0.033223,-0.073451,-0.000456,-0.001391,-0.001511,-0.002039,-0.002063,-0.000168,0.002495,0.027538,0.025499,0.014945,0.048,0.167724,0.258999,0.341733,0.378723,-0.012666,-0.025331,-0.061217,-0.112192,-0.152156,0.033832,0.095795,0.122751,0.165636,0.180581,0.000713,0.001156,0.002999,-0.003829,-0.01521,-0.000168,-0.001508,-0.004223,-0.008541,-0.008827,-0.001453,-0.003351,-0.002548,0.007785,0.003255,-0.418492,-0.483313,-0.143457,-0.916517,0,0,1,0,0,0,0,0,0,0,0
3171,-0.0035,-0.002924,0.009036,0.008845,0.001942,0.00036,0.013207,0.024736,0.029674,0.02953,0.005537,0.045877,0.082598,0.104362,0.13255,-0.006544,-0.002541,0.000144,-0.028955,-0.054842,-0.000935,-0.001007,-0.001534,-0.001582,-0.001486,2.4e-05,0.007191,0.026989,0.014957,0.015077,0.049305,0.164525,0.263494,0.32126,0.3395,-0.004698,-0.020781,-0.078523,-0.120014,-0.153739,0.030359,0.078722,0.115146,0.147994,0.136929,0.000118,-0.005587,0.000528,-0.016224,-0.014827,-0.000362,-0.002098,-0.006821,-0.008862,-0.009668,-0.00186,-0.002123,0.007909,0.006315,0.002174,-0.424511,-0.474692,-0.143098,-0.915082,0,0,1,0,0,0,0,0,0,0,0
3172,-9.6e-05,0.000574,0.015008,0.009574,0.001843,0.002322,0.0253,0.027742,0.029537,0.028843,0.02001,0.061084,0.087701,0.109506,0.135955,0.004213,0.006558,-0.003016,-0.043156,-0.055339,0.0,-0.00012,-0.000646,-0.00067,-0.001077,0.002633,0.027622,0.025587,0.015056,0.028603,0.070227,0.161303,0.243857,0.280766,0.295343,-0.007947,-0.043755,-0.094618,-0.134495,-0.157521,0.031511,0.058409,0.1012,0.116112,0.102661,0.000323,0.002163,-0.004651,-0.016007,-0.000746,-0.000962,-0.003635,-0.007888,-0.00817,-0.00934,-2.8e-05,0.000763,0.010939,0.006479,0.003569,-0.427365,-0.469836,-0.141562,-0.926204,0,0,1,0,0,0,0,0,0,0,0
3173,0.000671,0.012631,0.012439,0.005536,-0.000959,0.010522,0.02205,0.026987,0.026844,0.02634,0.0203,0.057019,0.078781,0.106967,0.123936,-0.000216,0.002469,-0.026628,-0.052513,-0.064089,-7.2e-05,-0.000599,-0.000647,-0.000551,-0.001126,0.00453,0.024327,0.012295,0.012415,0.031254,0.044891,0.143853,0.201614,0.219853,0.224311,-0.008125,-0.065863,-0.10735,-0.141072,-0.154518,0.016807,0.053228,0.086074,0.075009,0.06236,-0.006028,8.6e-05,-0.016665,-0.015268,0.004806,-0.000765,-0.005485,-0.007525,-0.008331,-0.008343,-0.000235,0.009792,0.008198,0.00406,0.002258,-0.421532,-0.468192,-0.141174,-0.927975,0,0,1,0,0,0,0,0,0,0,0
3174,0.0,0.014451,0.009011,0.00127,-0.003044,0.012486,0.014931,0.016728,0.016033,0.015673,0.020826,0.047476,0.069308,0.09579,0.112207,0.002564,-0.007022,-0.047212,-0.059411,-0.06279,-4.8e-05,-0.000575,-0.000599,-0.001007,-0.000887,0.020491,0.018453,0.007909,0.021473,0.025979,0.046301,0.128959,0.165914,0.180509,0.180796,-0.027728,-0.078655,-0.118582,-0.141637,-0.149018,0.010126,0.05297,0.067901,0.054433,0.037896,0.00787,0.001047,-0.010323,0.004958,0.010525,-0.001933,-0.006222,-0.006507,-0.007688,-0.007827,0.001033,0.011298,0.006799,0.003863,0.001229,-0.418092,-0.468058,-0.141723,-0.924717,0,0,1,0,0,0,0,0,0,0,0
3175,0.011926,0.011734,0.004852,-0.001625,-0.004206,-0.000956,0.003967,0.003824,0.003322,0.003011,0.015845,0.037546,0.065651,0.082571,0.092848,0.000119,-0.028894,-0.054705,-0.066248,-0.064504,-0.000478,-0.000526,-0.00043,-0.001004,-0.000478,-0.000693,-0.01269,-0.012571,0.006214,0.004852,0.052506,0.110103,0.12829,0.132736,0.130226,-0.029922,-0.071291,-0.104917,-0.118325,-0.120452,0.02622,0.058972,0.047939,0.035325,0.02211,-0.001751,-0.018454,-0.017061,0.002956,0.002478,-0.002731,-0.004731,-0.005521,-0.005533,-0.005727,0.008816,0.007254,0.003197,0.001431,-0.000991,-0.410483,-0.471506,-0.143473,-0.921397,0,0,1,0,0,0,0,0,0,0,0
3176,0.002477,-0.002929,-0.010622,-0.014909,-0.014076,0.003382,0.005168,0.004478,0.00412,0.003811,0.010694,0.032391,0.058708,0.075022,0.07707,-0.009646,-0.049586,-0.061709,-0.065067,-0.063686,-4.8e-05,-7.1e-05,-0.000476,-0.000357,0.0005,-0.001334,-0.011813,0.001667,0.006145,0.009408,0.029818,0.066544,0.081048,0.081334,0.072379,-0.020792,-0.06047,-0.083382,-0.090717,-0.09067,0.016449,0.031287,0.017902,0.001469,-0.009612,-0.005035,-0.016335,-0.001149,0.004383,0.007903,-0.00144,-0.001713,-0.002843,-0.002976,-0.002953,0.001222,-0.003085,-0.005895,-0.008417,-0.007933,-0.402065,-0.470593,-0.144228,-0.922058,0,0,1,0,0,0,0,0,0,0,0
3177,-0.002661,-0.009505,-0.015944,-0.01851,-0.009362,0.001521,0.001378,0.000879,0.00057,0.000333,0.010906,0.03885,0.055673,0.06589,0.070714,-0.019223,-0.044885,-0.056362,-0.054627,-0.053368,0.0,9.5e-05,-0.000475,4.8e-05,0.002234,-0.010598,-0.010479,0.008198,0.006843,0.014328,0.027516,0.045598,0.050017,0.047523,0.036426,-0.020387,-0.053819,-0.067149,-0.069264,-0.068551,0.016153,0.005183,-0.007358,-0.020496,-0.036325,-0.011583,-0.010198,0.009703,0.009228,0.015623,-0.000503,-0.001262,-0.001273,-0.00146,-0.00135,-0.002703,-0.006598,-0.008294,-0.01062,-0.004433,-0.392507,-0.471249,-0.14621,-0.92475,1,0,0,0,0,0,0,0,0,0,0
3178,-0.002722,-0.010368,-0.014628,-0.0138,-0.002367,0.00026,-0.000426,-0.000781,-0.001089,-0.001633,0.010699,0.036855,0.053069,0.055104,0.059341,-0.020546,-0.032594,-0.035931,-0.034559,-0.034038,-2.4e-05,-0.000426,-0.000308,0.000544,0.003693,0.000142,0.013539,0.017989,0.021232,0.026369,0.009089,0.023505,0.023789,0.014889,0.000734,-0.019126,-0.041896,-0.049187,-0.049139,-0.046417,-0.001344,-0.014646,-0.030979,-0.041992,-0.059844,0.000309,0.015401,0.0209,0.024397,0.028605,0.000228,-0.000854,-0.000982,-0.00096,-0.000675,-0.001495,-0.004186,-0.006602,-0.006138,0.00069,-0.37998,-0.471768,-0.147227,-0.922207,1,0,0,0,0,0,0,0,0,0,0
3179,-0.004085,-0.010485,-0.013035,-0.003944,0.001842,-0.000401,-0.000897,-0.001204,-0.00144,-0.00196,0.017097,0.033816,0.04397,0.048763,0.047299,-0.005006,-0.016412,-0.014688,-0.013437,-0.013342,0.000118,-0.000449,7.1e-05,0.002243,0.004841,-2.4e-05,0.018537,0.017191,0.02463,0.028361,0.008903,0.013295,0.010815,-0.000213,-0.012941,-0.014145,-0.027393,-0.029494,-0.028786,-0.024488,-0.009561,-0.022024,-0.035081,-0.050813,-0.061259,0.001068,0.020847,0.020374,0.02673,0.030412,-0.000951,-0.000962,-0.001141,-0.001036,-0.000737,-0.00226,-0.003884,-0.00611,-0.000186,0.002689,-0.370351,-0.473996,-0.147643,-0.920125,1,0,0,0,0,0,0,0,0,0,0
3180,-0.003534,-0.007774,-0.00695,0.004429,0.005913,-0.000283,-0.000636,-0.000942,-0.001484,-0.001578,0.008976,0.025114,0.02714,0.031357,0.03131,-0.006997,-0.010319,-0.008952,-0.008434,-0.008104,-0.000518,-0.000401,0.000448,0.003581,0.005843,0.013358,0.017787,0.021015,0.026127,0.029095,0.005466,0.005748,-0.00311,-0.017198,-0.024572,-0.008552,-0.015808,-0.015761,-0.013052,-0.010437,-0.003701,-0.019957,-0.030919,-0.048687,-0.055534,0.013955,0.019428,0.02291,0.027098,0.030245,-0.000112,-0.000235,-0.000214,6.1e-05,0.000226,-0.000381,-0.002718,-0.002269,0.004337,0.00411,-0.364426,-0.473417,-0.14826,-0.918633,1,0,0,0,0,0,0,0,0,0,0
3181,-0.002844,-0.005382,0.003667,0.009425,0.009237,-0.000212,-0.000517,-0.000752,-0.001269,-0.001387,0.007686,0.017792,0.022563,0.021106,0.022939,-0.004372,-0.002656,-0.00141,-0.001316,-0.001363,-4.7e-05,0.00047,0.002632,0.005218,0.007122,0.005147,0.003808,0.011211,0.014925,0.016335,-0.001081,-0.003549,-0.014525,-0.027194,-0.031377,-0.004654,-0.006746,-0.00604,-0.001763,-0.002797,-0.008712,-0.021708,-0.037366,-0.047763,-0.053861,0.005763,0.005293,0.011619,0.015284,0.017124,9.9e-05,-7.4e-05,2.8e-05,0.000317,0.00032,-0.001196,-0.003351,0.002381,0.005164,0.003779,-0.361055,-0.47291,-0.148658,-0.918195,1,0,0,0,0,0,0,0,0,0,0
3182,-0.001382,-0.000562,0.010751,0.012227,0.01218,-0.000141,-0.000445,-0.000984,-0.001077,-0.002038,0.008386,0.0104,0.014593,0.014546,0.015717,0.001054,0.002413,0.002928,0.003256,0.002623,0.000164,0.001007,0.004123,0.006371,0.007753,-0.000726,0.002483,0.007566,0.010517,0.01115,0.001359,-0.007449,-0.021456,-0.028788,-0.029889,-0.002577,-0.00253,0.000164,0.002764,-0.002553,-0.00748,-0.018378,-0.036044,-0.042852,-0.045862,-0.000302,0.003159,0.007323,0.010452,0.012253,-0.000216,-0.000195,6.9e-05,0.000227,6.1e-05,-0.001077,-0.000646,0.0057,0.005481,0.004615,-0.360104,-0.468463,-0.148638,-0.917887,1,0,0,0,0,0,0,0,0,0,0
3183,-0.001145,0.007849,0.013572,0.013385,0.014833,-0.000164,-0.000397,-0.000911,-0.001028,-0.002943,0.001682,0.006424,0.004976,0.006798,0.007358,0.000654,0.001892,0.001986,0.001939,0.001238,0.00035,0.002499,0.005069,0.006961,0.007825,-0.000607,0.006751,0.010442,0.011843,0.01189,-0.003808,-0.014717,-0.027307,-0.031466,-0.029573,0.000491,0.001191,0.005443,0.004415,-0.005653,-0.005457,-0.021019,-0.031353,-0.037413,-0.037529,-0.000166,0.006121,0.009764,0.011593,0.013437,4.6e-05,0.000143,0.00042,0.000423,5.8e-05,-0.001008,0.004483,0.007149,0.005823,0.006494,-0.3612,-0.463021,-0.148201,-0.917853,1,0,0,0,0,0,0,0,0,0,0
3184,0.001956,0.013206,0.014673,0.014627,0.018307,-0.00014,-0.000675,-0.000769,-0.001724,-0.004029,0.000326,0.004495,0.004449,0.005613,0.005357,0.000699,0.001211,0.001537,0.000908,0.000722,0.000489,0.003587,0.005823,0.007197,0.008082,0.003796,0.008851,0.011785,0.012414,0.012368,-0.004961,-0.018889,-0.026179,-0.027274,-0.023594,-0.000443,0.002236,0.004821,-0.000466,-0.01097,-0.005396,-0.022962,-0.029731,-0.032724,-0.030216,0.003607,0.007748,0.010859,0.01265,0.014439,-2.5e-05,0.000229,0.000381,0.000221,-0.000191,0.001401,0.0075,0.00729,0.006457,0.00877,-0.362938,-0.458638,-0.148377,-0.917391,1,0,0,0,0,0,0,0,0,0,0
3185,0.006987,0.012675,0.012489,0.013928,0.017782,-9.3e-05,-0.000604,-0.00072,-0.002623,-0.003923,0.004387,0.002948,0.004759,0.005316,0.004295,0.000534,0.000627,0.00058,-0.000116,9.3e-05,0.001648,0.004202,0.006082,0.006941,0.008218,0.003529,0.007196,0.008589,0.008636,0.00845,-0.005896,-0.018409,-0.022541,-0.02066,-0.018385,0.001137,0.005362,0.004341,-0.005664,-0.009703,-0.010087,-0.020357,-0.026378,-0.026494,-0.023756,0.002653,0.006273,0.00809,0.009923,0.010622,0.000118,0.000382,0.000385,3.6e-05,-0.000139,0.003886,0.006438,0.005168,0.005811,0.007799,-0.362913,-0.459801,-0.148487,-0.917331,1,0,0,0,0,0,0,0,0,0,0
3186,0.004222,0.005684,0.005638,0.009303,0.014106,-0.000441,-0.000534,-0.001485,-0.003782,-0.003851,-0.000232,-0.000278,0.000882,0.000626,-0.001044,-2.3e-05,0.000302,-0.000325,-0.00051,-0.000603,0.001438,0.003666,0.005035,0.005916,0.007749,0.001508,0.004431,0.005058,0.005011,0.0058,-0.007981,-0.015243,-0.016333,-0.012667,-0.012992,0.001531,0.004106,-0.00116,-0.011623,-0.010231,-0.007417,-0.014159,-0.017141,-0.014643,-0.013133,0.001473,0.004573,0.006356,0.008139,0.008538,0.00013,0.000278,0.000122,-0.000279,-0.000227,0.002064,0.001859,0.001049,0.0033,0.005541,-0.362537,-0.461334,-0.1477,-0.920046,1,0,0,0,0,0,0,0,0,0,0
3187,0.001456,0.001271,0.002704,0.00654,0.015275,-6.9e-05,-0.000185,-0.00208,-0.003374,-0.002819,-0.001202,0.000601,0.001155,0.000139,-0.001595,0.000116,6.9e-05,-0.000624,-0.000416,-4.6e-05,0.001109,0.002981,0.003836,0.005107,0.007464,0.002149,0.003536,0.003582,0.003397,0.006632,-0.004506,-0.00862,-0.006748,-0.004483,-0.004576,0.002681,0.001664,-0.008296,-0.012317,-0.011138,-0.002836,-0.00883,-0.008945,-0.00622,-0.004495,0.002136,0.003946,0.00577,0.006466,0.008189,0.00013,0.000133,-0.000205,-0.000375,-0.000351,0.000464,-0.000765,-0.000143,0.001783,0.006603,-0.364444,-0.463735,-0.145644,-0.926962,1,0,0,0,0,0,0,0,0,0,0
3188,0.0,-4.6e-05,0.00359,0.008353,0.018824,-2.3e-05,-0.000966,-0.003245,-0.003314,-0.002393,0.001151,0.002301,0.002048,0.000391,-0.001703,0.000207,-0.000414,-0.000598,-0.00069,-0.000138,0.001105,0.002462,0.003337,0.005155,0.006351,0.000759,0.001381,0.001335,0.002117,0.004418,-0.002715,-0.003797,-0.000161,-0.000483,0.001013,-0.000115,-0.005339,-0.015717,-0.014336,-0.010401,-0.003864,-0.006821,-0.004344,-0.002846,0.001138,0.000947,0.002716,0.004484,0.00488,0.004969,1.3e-05,-0.000134,-0.000513,-0.000464,-0.000347,-0.000644,-0.001409,0.000716,0.002833,0.009439,-0.367331,-0.467821,-0.142989,-0.931322,1,0,0,0,0,0,0,0,0,0,0
3189,-0.000184,0.00124,0.005052,0.013733,0.018073,-9.2e-05,-0.001975,-0.003261,-0.00271,0.001148,0.000643,0.001194,0.000184,-0.001539,-0.008405,-0.000253,-0.000942,-0.000735,-0.000367,0.005282,0.000758,0.001608,0.002871,0.005213,0.005833,0.00062,0.000666,0.000482,0.003697,0.004685,-0.001378,0.000482,0.002733,0.002641,0.003789,-0.000896,-0.010793,-0.014789,-0.013618,-0.001493,-0.002101,-0.002215,0.000493,0.002207,0.010991,0.000853,0.002666,0.003357,0.00507,0.001724,-1e-05,-0.000334,-0.000496,-0.000474,-0.000254,-0.000542,5.4e-05,0.001897,0.00651,0.008835,-0.367345,-0.475696,-0.140484,-0.931814,1,0,0,0,0,0,0,0,0,0,0
3190,0.000138,0.003763,0.008512,0.018952,0.017713,-0.000849,-0.00312,-0.003189,-0.002272,0.004727,0.000505,0.000252,-0.0014,-0.003488,-0.013055,-0.000367,-0.000551,-0.000642,-9.2e-05,0.014363,0.000597,0.001468,0.003281,0.004474,0.005805,0.0,-4.6e-05,0.000734,0.003029,0.004084,0.000298,0.003924,0.003602,0.005094,0.005782,-0.004314,-0.014662,-0.013285,-0.009361,0.013629,-0.000849,0.001621,0.003114,0.007086,0.018463,0.000912,0.002674,0.003069,0.003158,-0.002396,-0.000134,-0.000505,-0.000457,-0.000343,-2.2e-05,-0.000211,0.001872,0.003946,0.010417,0.008192,-0.367024,-0.487621,-0.137114,-0.930832,1,0,0,0,0,0,0,0,0,0,0
3191,0.001285,0.005092,0.013763,0.018098,0.017158,-0.001032,-0.002317,-0.001766,0.002087,0.007042,4.6e-05,-0.000963,-0.002684,-0.009542,-0.017846,-0.000321,-0.000115,0.000252,0.005895,0.021608,0.000252,0.001514,0.003854,0.004473,0.005689,4.6e-05,-0.000138,0.003074,0.00406,-0.002592,0.00156,0.003808,0.003716,0.004863,0.005574,-0.005574,-0.009565,-0.008395,0.003716,0.0267,0.000735,0.00344,0.005152,0.013926,0.023931,0.000899,0.00159,0.0033,-4.1e-05,-0.01125,-0.000187,-0.000348,-0.000326,-0.000109,0.000172,0.000802,0.00263,0.007205,0.009511,0.00715,-0.366632,-0.493109,-0.13539,-0.921617,1,0,0,0,0,0,0,0,0,0,0
3192,0.00234,0.007088,0.017524,0.016286,0.016011,-0.001239,-0.001307,-0.00039,0.006606,0.014015,-0.000298,-0.00195,-0.004037,-0.013602,-0.026218,0.000138,4.6e-05,0.000596,0.015047,0.032182,0.000619,0.002431,0.003624,0.004955,0.007088,-9.2e-05,0.000688,0.002982,0.004037,-0.010024,0.002064,0.001743,0.003234,0.003922,0.003464,-0.004771,-0.003395,0.000528,0.023511,0.052482,0.001735,0.003227,0.007198,0.018571,0.032602,0.000863,0.001258,0.001347,-0.004205,-0.025121,-0.000183,-0.000135,-2.1e-05,0.000299,0.000858,0.001277,0.003346,0.009805,0.007584,0.004481,-0.362636,-0.509035,-0.130758,-0.906498,1,0,0,0,0,0,0,0,0,0,0
3193,0.001468,0.010136,0.014471,0.013531,0.015296,-4.6e-05,0.000505,0.004357,0.009311,0.020525,-0.000711,-0.002431,-0.009288,-0.01759,-0.035707,6.9e-05,0.000436,0.006077,0.021786,0.049283,0.000642,0.002981,0.0036,0.004816,0.011008,-9.2e-05,0.003119,0.004105,-0.002546,-0.012843,0.000183,9.2e-05,0.001238,0.001949,-0.000917,0.00078,0.001949,0.014058,0.037037,0.084004,0.00097,0.002682,0.011454,0.021456,0.040124,-0.000172,0.001538,-0.001803,-0.013009,-0.033628,2.2e-05,4.4e-05,0.000261,0.000542,0.001583,0.000551,0.005119,0.007422,0.005064,0.001199,-0.355944,-0.528021,-0.126854,-0.89571,1,0,0,0,0,0,0,0,0,0,0
3194,0.003281,0.01372,0.012481,0.012206,0.015372,-2.3e-05,0.000895,0.007892,0.015303,0.030239,-0.000941,-0.003028,-0.012596,-0.025214,-0.038453,-0.000161,0.00039,0.014844,0.031983,0.064011,0.00117,0.002363,0.003694,0.005828,0.012756,0.000872,0.003166,0.004222,-0.009843,-0.013743,-0.000505,0.000987,0.001675,0.001216,-0.002294,0.000597,0.00452,0.027509,0.056486,0.142339,0.000522,0.004494,0.01587,0.029904,0.053993,0.000567,0.000656,-0.004897,-0.025818,-0.043844,2.6e-05,0.00014,0.000461,0.001021,0.005158,0.001521,0.007989,0.005765,0.002657,-0.000459,-0.350961,-0.581943,-0.124053,-0.887979,1,0,0,0,0,0,0,0,0,0,0
3195,0.005403,0.009749,0.008806,0.010576,0.019865,0.000575,0.004437,0.009404,0.020647,0.052008,-0.000782,-0.007656,-0.015979,-0.034143,-0.043225,0.000529,0.006185,0.021934,0.049502,0.08553,0.001173,0.001793,0.003012,0.00922,0.013956,0.002345,0.003334,-0.003334,-0.013657,-0.01345,0.000414,0.001563,0.002276,-0.000598,-0.02067,0.000575,0.012715,0.035753,0.08284,0.18474,0.001193,0.009987,0.020016,0.038731,0.049745,0.001146,-0.002203,-0.013438,-0.03411,-0.065593,-4e-06,0.000218,0.000503,0.001563,0.007584,0.003108,0.005452,0.003051,-0.000883,-0.001262,-0.329612,-0.622849,-0.120916,-0.888245,1,0,0,0,0,0,0,0,0,0,0
3196,0.005084,0.003836,0.003558,0.006747,0.019895,0.000347,0.007394,0.014858,0.029901,0.058391,-0.001317,-0.010953,-0.023662,-0.036994,-0.046884,2.3e-05,0.014581,0.031841,0.064099,0.095686,2.3e-05,0.001363,0.003512,0.010491,0.014789,-4.6e-05,0.001017,-0.013148,-0.017076,-0.01123,0.001086,0.001779,0.001317,-0.002218,-0.042586,0.003374,0.026527,0.055711,0.142178,0.231093,0.002802,0.014259,0.028393,0.052654,0.05109,-0.001062,-0.006656,-0.027726,-0.04588,-0.069631,0.000124,0.000461,0.00105,0.005398,0.011696,0.003581,0.001243,-0.002024,-0.005299,-0.003535,-0.304629,-0.668361,-0.119252,-0.891985,1,0,0,0,0,0,0,0,0,0,0
3197,-0.00072,-0.001672,0.000116,0.009499,0.021784,0.003553,0.00857,0.019926,0.051603,0.056573,-0.00562,-0.014027,-0.032374,-0.041547,-0.049653,0.00569,0.021598,0.049444,0.085835,0.10251,0.000604,0.001835,0.008105,0.012889,0.016257,0.001045,-0.00569,-0.016117,-0.015908,-0.008872,7e-05,0.00079,-0.002113,-0.022388,-0.062681,0.008872,0.032142,0.079704,0.182632,0.266261,0.006067,0.016197,0.035101,0.046226,0.054574,-0.002316,-0.013664,-0.034545,-0.066344,-0.065605,0.000109,0.000415,0.001553,0.008012,0.01561,-0.001195,-0.00377,-0.007991,-0.008397,-0.005358,-0.2819,-0.705146,-0.117637,-0.894708,1,0,0,0,0,0,0,0,0,0,0
3198,-0.000535,-0.000814,0.002395,0.015625,0.025065,0.003534,0.011044,0.026181,0.05485,0.051153,-0.004069,-0.016857,-0.030273,-0.040225,-0.04806,0.008952,0.02632,0.058779,0.090563,0.100422,0.000744,0.002906,0.009928,0.014253,0.016787,2.3e-05,-0.01423,-0.018182,-0.0123,-0.009765,0.000628,0.000163,-0.003395,-0.044014,-0.089029,0.014416,0.043782,0.130788,0.220258,0.286083,0.005454,0.019677,0.044089,0.042515,0.048675,-0.00331,-0.024511,-0.042779,-0.066678,-0.061477,0.000242,0.000857,0.005399,0.011977,0.019402,-0.001237,-0.004649,-0.00807,-0.006228,-0.003611,-0.254326,-0.730193,-0.116274,-0.896655,1,0,0,0,0,0,0,0,0,0,0
3199,-0.000419,0.001373,0.010771,0.023077,0.025869,0.001489,0.012865,0.044596,0.049574,0.045922,-0.00435,-0.022728,-0.031917,-0.040036,-0.055041,0.006979,0.034872,0.071325,0.088028,0.091052,0.000489,0.00677,0.011562,0.014935,0.016587,-0.00677,-0.017215,-0.017005,-0.009957,-0.008468,9.3e-05,-0.002815,-0.023124,-0.063485,-0.112408,0.008887,0.05653,0.159632,0.243403,0.294722,0.00469,0.023626,0.03477,0.043132,0.052456,-0.008056,-0.028972,-0.060826,-0.060085,-0.05514,6.7e-05,0.001217,0.007754,0.015443,0.022213,-0.001364,-0.005636,-0.006047,-0.002972,-0.002339,-0.230559,-0.75039,-0.113603,-0.899194,1,0,0,0,0,0,0,0,0,0,0
3200,0.00014,0.003351,0.016592,0.02604,0.027297,0.006027,0.021176,0.049869,0.046169,0.044331,-0.008447,-0.021875,-0.031834,-0.039677,-0.058386,0.010402,0.042888,0.074699,0.084566,0.086893,0.001675,0.008703,0.013032,0.015568,0.016034,-0.007493,-0.011449,-0.005562,-0.003025,0.008983,-0.000558,-0.004119,-0.044773,-0.089825,-0.139183,0.020502,0.107581,0.197127,0.263007,0.312085,0.009543,0.033976,0.032401,0.038566,0.054484,-0.013161,-0.031444,-0.055364,-0.050158,-0.036526,0.000552,0.005121,0.011737,0.019207,0.026252,-0.002065,-0.005506,-0.003653,-0.001021,-1.8e-05,-0.202247,-0.776679,-0.109284,-0.911724,1,0,0,0,0,0,0,0,0,0,0
3201,0.001645,0.011007,0.023264,0.026045,0.027574,0.005329,0.036936,0.041894,0.038256,0.038673,-0.009894,-0.019047,-0.027134,-0.04208,-0.063977,0.017425,0.053735,0.070372,0.073385,0.078506,0.004588,0.009361,0.012721,0.014366,0.013324,-0.002943,-0.002734,0.004287,0.00577,0.029289,-0.00234,-0.022569,-0.062772,-0.111502,-0.168365,0.027041,0.129738,0.213179,0.264296,0.312724,0.009359,0.020459,0.028788,0.038076,0.052628,-0.007729,-0.039457,-0.038719,-0.033794,-0.011187,0.000584,0.006943,0.014422,0.021008,0.028621,-0.00215,-0.002551,0.000441,0.001056,0.003302,-0.170147,-0.801465,-0.1052,-0.926421,1,0,0,0,0,0,0,0,0,0,0
3202,0.001546,0.014674,0.024042,0.025288,0.026049,0.009714,0.038162,0.034494,0.032671,0.039778,-0.003461,-0.013336,-0.021112,-0.039662,-0.05962,0.014859,0.046399,0.056182,0.05849,0.06315,0.0024,0.006691,0.009206,0.009668,0.006876,-0.000992,0.004845,0.00736,0.019266,0.04137,-0.0012,-0.041508,-0.086177,-0.135114,-0.183037,0.059412,0.148197,0.213516,0.262176,0.31236,0.014906,0.013344,0.019457,0.035239,0.059496,-0.010432,-0.034148,-0.028987,-0.01547,-0.000997,0.003737,0.009969,0.017005,0.023641,0.031237,-0.001154,0.000592,0.003071,0.004015,0.006392,-0.150189,-0.830948,-0.102674,-0.931878,1,0,0,0,0,0,0,0,0,0,0
3203,0.007756,0.019931,0.022693,0.024212,0.024005,0.021703,0.026629,0.023015,0.02343,0.035881,-0.005639,-0.013671,-0.028516,-0.050266,-0.060024,0.021243,0.037768,0.04076,0.045847,0.047435,0.002348,0.005685,0.007319,0.006283,-0.000115,0.001197,0.00817,0.009643,0.033004,0.053419,-0.018896,-0.058827,-0.107229,-0.163708,-0.215585,0.04274,0.125618,0.17639,0.224492,0.271236,-0.003844,0.004429,0.013654,0.028109,0.049776,-0.021109,-0.020375,-0.015483,0.006971,0.014213,0.002392,0.009525,0.015806,0.023068,0.034214,0.000752,0.003606,0.004192,0.006334,0.009668,-0.114594,-0.852935,-0.097613,-0.940027,1,0,0,0,0,0,0,0,0,0,0
3204,0.005365,0.014753,0.016002,0.016765,0.016025,0.006706,0.003029,0.001202,0.008325,0.020511,-0.004232,-0.012025,-0.030616,-0.050619,-0.057949,0.010267,0.020072,0.022384,0.027055,0.03027,0.001942,0.004463,0.004925,0.002127,-0.004787,0.004648,0.007168,0.019101,0.041253,0.068239,-0.021413,-0.066181,-0.115228,-0.163256,-0.228906,0.04604,0.111505,0.160273,0.210568,0.252747,0.002297,0.008423,0.02424,0.048551,0.062852,-0.00256,0.002612,0.016159,0.030665,0.044752,0.003858,0.011004,0.017744,0.025459,0.040394,0.000995,0.003514,0.004472,0.006886,0.010789,-0.081595,-0.876012,-0.095596,-0.952827,1,0,0,0,0,0,0,0,0,0,0
3205,0.006905,0.009695,0.01123,0.011021,0.010533,-0.001767,-0.005417,-0.004999,0.00758,0.016299,-0.00386,-0.018856,-0.040828,-0.050686,-0.060893,0.006371,0.009393,0.014532,0.016136,0.021577,0.001418,0.003069,0.002023,-0.004441,-0.010858,0.002372,0.00386,0.027459,0.048082,0.067543,-0.01881,-0.067706,-0.124763,-0.177169,-0.235435,0.037433,0.088724,0.137318,0.18454,0.213673,0.006048,0.015368,0.02997,0.051858,0.059953,0.003315,0.008257,0.030941,0.038257,0.048403,0.003652,0.010396,0.018193,0.030162,0.043056,0.00203,0.00266,0.004959,0.00854,0.01253,-0.054064,-0.87953,-0.092246,-0.952891,1,0,0,0,0,0,0,0,0,0,0
3206,0.002549,0.003811,0.004583,0.003835,0.001613,-0.001941,-0.003788,0.003414,0.015736,0.018472,-0.003998,-0.022798,-0.043024,-0.050436,-0.064559,0.003507,0.005846,0.010569,0.013819,0.017911,0.001122,0.00159,-0.001239,-0.008231,-0.016765,0.000164,0.012229,0.034629,0.061917,0.065588,-0.026352,-0.075946,-0.124512,-0.190895,-0.241682,0.02855,0.077864,0.128721,0.17137,0.195501,0.000112,0.016106,0.040689,0.05515,0.066082,0.001897,0.015594,0.030262,0.044507,0.044892,0.003925,0.01121,0.019549,0.035692,0.046425,0.00061,0.001647,0.004256,0.008474,0.012363,-0.029777,-0.896603,-0.089014,-0.947066,1,0,0,0,0,0,0,0,0,0,0
3207,0.000259,0.001811,0.001599,0.001105,-0.004022,-0.00174,-0.001317,0.011406,0.020226,0.022554,-0.011148,-0.033372,-0.043344,-0.053669,-0.07086,-0.00047,0.004727,0.00635,0.011853,0.018015,0.000541,-0.000517,-0.007055,-0.013546,-0.024318,0.001341,0.025212,0.046072,0.065757,0.063687,-0.022954,-0.080667,-0.133677,-0.192614,-0.238874,0.023165,0.072318,0.120084,0.149552,0.186664,0.009314,0.024084,0.046225,0.054413,0.079356,0.003091,0.026036,0.033437,0.0437,0.038871,0.00322,0.011668,0.024635,0.038604,0.049225,4.7e-05,0.002539,0.006417,0.01074,0.014036,-0.007781,-0.918167,-0.086331,-0.938123,1,0,0,0,0,0,0,0,0,0,0
3208,0.001015,0.001794,0.001039,-0.001204,-0.011544,-0.000118,0.007153,0.019595,0.022357,0.023726,-0.007791,-0.028212,-0.035696,-0.049955,-0.071746,0.002833,0.007602,0.010883,0.015015,0.018556,-7.1e-05,-0.002927,-0.009986,-0.018603,-0.032792,0.010836,0.033453,0.061004,0.06471,0.059823,-0.027032,-0.076066,-0.14309,-0.194367,-0.237098,0.026536,0.077884,0.120945,0.145309,0.162331,0.006799,0.031619,0.046219,0.057257,0.067385,0.010727,0.025537,0.039919,0.040308,0.033778,0.004485,0.013404,0.03067,0.04215,0.050295,0.00106,0.003851,0.008363,0.012523,0.014634,0.008258,-0.914929,-0.085203,-0.928998,1,0,0,0,0,0,0,0,0,0,0
3209,0.000546,0.000332,-0.000166,-0.005337,-0.023674,0.000546,0.013379,0.022274,0.024623,0.023199,-0.014589,-0.024646,-0.03506,-0.0524,-0.072895,0.002396,0.004033,0.009583,0.015798,0.0153,-0.000996,-0.007591,-0.014138,-0.025002,-0.040113,0.013189,0.03423,0.054084,0.051997,0.039093,-0.031051,-0.084519,-0.143964,-0.190624,-0.231946,0.022915,0.071092,0.100815,0.138247,0.14515,0.008066,0.030398,0.038657,0.063815,0.068708,0.012365,0.019829,0.030181,0.02531,0.014114,0.004334,0.018106,0.03294,0.044221,0.052526,0.00155,0.005669,0.01026,0.013761,0.011381,0.025869,-0.919392,-0.087316,-0.905877,1,0,0,0,0,0,0,0,0,0,0
3210,0.000239,-0.000525,-0.002792,-0.013242,-0.03715,0.0068,0.019374,0.022166,0.02355,0.025029,-0.005965,-0.013529,-0.02794,-0.049963,-0.064041,0.00241,0.005726,0.009902,0.013481,0.016535,-0.001885,-0.009019,-0.017728,-0.032068,-0.045191,0.009592,0.037437,0.041183,0.036244,0.025721,-0.018325,-0.086064,-0.137888,-0.181075,-0.21751,0.028847,0.072368,0.096992,0.114195,0.129132,0.016971,0.031728,0.042884,0.053119,0.06282,0.00253,0.017066,0.017459,0.01086,-0.00018,0.005092,0.02369,0.036055,0.044828,0.054609,0.001391,0.006252,0.010732,0.013006,0.00617,0.036032,-0.914432,-0.090423,-0.885405,1,0,0,0,0,0,0,0,0,0,0
3211,-0.000454,-0.000956,-0.006163,-0.024629,-0.04546,0.006116,0.015074,0.017439,0.016005,0.031557,-0.004157,-0.014644,-0.032107,-0.052746,-0.065169,-0.000764,0.004826,0.011084,0.010583,0.016579,-0.004754,-0.011347,-0.022288,-0.037505,-0.048279,0.011586,0.031581,0.029479,0.016483,0.017463,-0.035499,-0.095364,-0.142353,-0.183968,-0.21445,0.019637,0.049569,0.087266,0.094217,0.113137,0.005498,0.013815,0.039151,0.044079,0.055733,0.004984,0.015408,0.010503,-0.000772,-0.014319,0.009332,0.024916,0.036766,0.045491,0.053926,0.002925,0.007747,0.011425,0.008925,0.002522,0.048394,-0.919789,-0.094731,-0.868626,1,0,0,0,0,0,0,0,0,0,0
3212,-0.000312,-0.002594,-0.013114,-0.037181,-0.059519,0.006509,0.009319,0.010712,0.012202,0.034803,-0.003435,-0.017942,-0.040112,-0.054283,-0.067469,0.004107,0.008311,0.011913,0.014988,0.025508,-0.002402,-0.011169,-0.025604,-0.038815,-0.049599,0.016381,0.020152,0.01518,0.004588,0.007806,-0.032498,-0.084667,-0.128141,-0.164818,-0.197892,0.024067,0.048854,0.066172,0.081208,0.119734,0.009327,0.020557,0.030861,0.040626,0.06778,0.009622,0.010017,0.003374,-0.007739,-0.025673,0.009787,0.02274,0.031929,0.042175,0.05332,0.002053,0.006746,0.009129,0.001968,-0.004977,0.062576,-0.935463,-0.100752,-0.864143,1,0,0,0,0,0,0,0,0,0,0
3213,-0.000193,-0.005456,-0.024116,-0.045167,-0.077491,0.002511,0.004901,0.003452,0.019168,0.042318,-0.007146,-0.024792,-0.04565,-0.058203,-0.06938,0.001521,0.007846,0.007339,0.013398,0.02583,-0.004249,-0.015305,-0.030683,-0.04157,-0.057285,0.003742,0.001617,-0.011515,-0.010525,-0.003259,-0.027834,-0.075318,-0.117371,-0.148175,-0.181802,0.006059,0.044153,0.051178,0.070297,0.097842,-0.000969,0.024634,0.029614,0.04139,0.05606,0.000864,-0.004093,-0.015487,-0.029177,-0.042758,0.006631,0.019384,0.028773,0.03785,0.051767,0.003063,0.00702,0.00433,-0.002561,-0.011622,0.076367,-0.942046,-0.102627,-0.865974,1,0,0,0,0,0,0,0,0,0,0
3214,-0.002106,-0.012711,-0.036971,-0.059488,-0.094449,0.000315,0.001719,0.00322,0.026003,0.053604,-0.007457,-0.029804,-0.044089,-0.057381,-0.06617,0.002712,0.006343,0.009442,0.020047,0.026681,-0.004576,-0.019127,-0.032443,-0.043314,-0.067163,4.8e-05,-0.004963,-0.015641,-0.012396,0.000363,-0.024671,-0.068494,-0.105465,-0.138804,-0.164953,0.018909,0.036366,0.051522,0.090357,0.107911,0.012292,0.022679,0.032522,0.059893,0.070848,-0.000468,-0.007164,-0.018367,-0.036444,-0.049502,0.006929,0.016646,0.027481,0.039267,0.050586,0.001837,0.004356,-0.003217,-0.010561,-0.016712,0.084473,-0.963034,-0.09923,-0.86745,1,0,0,0,0,0,0,0,0,0,0
3215,-0.003184,-0.021974,-0.04317,-0.075718,-0.100973,0.00209,0.000632,0.016456,0.039767,0.066408,-0.010282,-0.031284,-0.043924,-0.055178,-0.065144,0.003646,0.003136,0.009237,0.021755,0.024988,-0.006539,-0.022023,-0.032985,-0.048809,-0.075013,-0.002188,-0.015411,-0.014414,-0.007098,0.007973,-0.023043,-0.065387,-0.096403,-0.130263,-0.152043,0.019373,0.026446,0.045698,0.073433,0.096646,0.013439,0.018453,0.030311,0.045082,0.065286,-0.004521,-0.015994,-0.029779,-0.043454,-0.055032,0.006259,0.016112,0.025638,0.040242,0.048674,0.002265,-0.000558,-0.007789,-0.017299,-0.017794,0.091913,-0.970998,-0.098654,-0.868168,1,0,0,0,0,0,0,0,0,0,0
3216,-0.007536,-0.032132,-0.05496,-0.090405,-0.108152,-0.000687,0.000835,0.023933,0.051916,0.088982,-0.012273,-0.026756,-0.040232,-0.049142,-0.061317,0.0,0.003142,0.013893,0.020619,0.02764,-0.008149,-0.02165,-0.032672,-0.05685,-0.078451,-0.002872,-0.013697,-0.010408,0.002528,0.031714,-0.021159,-0.058642,-0.092443,-0.118953,-0.139989,-0.001866,0.013501,0.052873,0.07067,0.098628,-0.003042,0.006938,0.034688,0.045794,0.066989,-0.002223,-0.013581,-0.031909,-0.045147,-0.053539,0.003995,0.015925,0.028902,0.041364,0.048487,0.000348,-0.007989,-0.016075,-0.022848,-0.021693,0.096824,-0.992246,-0.09837,-0.884573,1,0,0,0,0,0,0,0,0,0,0
3217,-0.011522,-0.033082,-0.066189,-0.091879,-0.10706,-0.000791,0.015305,0.039016,0.066115,0.115788,-0.009,-0.021857,-0.033305,-0.043442,-0.056176,-0.000519,0.005687,0.01842,0.021709,0.031005,-0.007541,-0.018692,-0.034788,-0.061442,-0.080802,-0.010558,-0.009544,-0.002102,0.013228,0.065794,-0.021758,-0.053307,-0.08775,-0.109903,-0.127236,0.009074,0.028656,0.056868,0.08048,0.102164,0.008164,0.020226,0.03525,0.055801,0.068347,-0.009431,-0.023452,-0.037362,-0.04914,-0.046902,0.006898,0.01763,0.034085,0.043584,0.047692,-0.003547,-0.011694,-0.022408,-0.022966,-0.020922,0.100297,-0.998701,-0.101987,-0.910944,1,0,0,0,0,0,0,0,0,0,0
3218,-0.013243,-0.036221,-0.071899,-0.089762,-0.114791,0.002323,0.025572,0.053739,0.091047,0.132334,-0.005584,-0.019148,-0.028117,-0.040372,-0.053195,0.003681,0.014503,0.021273,0.02834,0.036617,-0.006053,-0.017147,-0.041484,-0.063227,-0.089935,-0.000346,0.002965,0.015986,0.045363,0.100733,-0.015986,-0.050008,-0.076692,-0.097867,-0.108787,0.006399,0.04603,0.063943,0.092085,0.096508,0.001887,0.029819,0.040998,0.062332,0.05841,-0.002008,-0.020456,-0.033781,-0.042228,-0.028561,0.005625,0.019209,0.032254,0.03971,0.037955,-0.005198,-0.013662,-0.020752,-0.019543,-0.017928,0.097259,-1.00011,-0.097028,-0.932042,1,0,0,0,0,0,0,0,0,0,0
3219,-0.008258,-0.041169,-0.066705,-0.081796,-0.120507,0.01369,0.037261,0.064198,0.113576,0.138351,-0.007226,-0.018606,-0.028683,-0.041341,-0.050434,0.002507,0.015165,0.018434,0.027675,0.033009,-0.005063,-0.021064,-0.047559,-0.066804,-0.10313,0.001352,0.00875,0.023988,0.076242,0.102172,-0.01546,-0.049697,-0.071719,-0.088949,-0.096199,0.0131,0.041144,0.064616,0.086171,0.091111,0.010113,0.025048,0.045477,0.057948,0.057484,-0.011941,-0.025768,-0.037476,-0.035252,-0.03376,0.004872,0.020654,0.029766,0.033705,0.031914,-0.002803,-0.01308,-0.013615,-0.011654,-0.012697,0.099326,-1.006458,-0.088466,-0.926717,1,0,0,0,0,0,0,0,0,0,0
3220,-0.014555,-0.049938,-0.067654,-0.092476,-0.127565,0.009409,0.037343,0.074344,0.115289,0.127957,-0.006248,-0.015143,-0.027297,-0.040014,-0.047071,0.008233,0.014947,0.021955,0.030164,0.030286,-0.005954,-0.03009,-0.051653,-0.078142,-0.120141,0.001936,0.014849,0.043984,0.098896,0.104851,-0.018329,-0.044792,-0.065792,-0.076623,-0.082307,0.026243,0.044008,0.071918,0.076304,0.077162,0.01762,0.028706,0.049863,0.045974,0.046663,-0.006391,-0.019607,-0.027984,-0.01443,-0.022043,0.008049,0.020359,0.027394,0.025738,0.024388,-0.005243,-0.011933,-0.010792,-0.009268,-0.006688,0.09723,-1.011152,-0.079093,-0.926092,1,0,0,0,0,0,0,0,0,0,0
3221,-0.018196,-0.043574,-0.05857,-0.097039,-0.123857,0.014044,0.040814,0.089883,0.114503,0.123027,-0.00508,-0.015094,-0.027673,-0.03671,-0.045357,0.004372,0.00762,0.016804,0.022104,0.024009,-0.009965,-0.036295,-0.055419,-0.091519,-0.131038,0.005422,0.020566,0.072492,0.09826,0.112036,-0.015754,-0.037638,-0.05476,-0.061965,-0.064603,0.00171,0.025035,0.046456,0.051365,0.048703,-0.002721,0.017581,0.029973,0.029512,0.024764,-0.00737,-0.019005,-0.016795,-0.015312,-0.011795,0.007235,0.015956,0.019726,0.018012,0.012546,-0.00471,-0.005222,-0.003345,-0.004344,0.001499,0.093188,-1.010435,-0.07184,-0.934737,1,0,0,0,0,0,0,0,0,0,0
3222,-0.017219,-0.03503,-0.059985,-0.095261,-0.120167,0.013918,0.051116,0.092281,0.105017,0.11322,-0.003818,-0.016037,-0.028822,-0.035917,-0.043775,0.00234,0.009386,0.017638,0.017761,0.024191,-0.014214,-0.035892,-0.062522,-0.104746,-0.141574,0.007514,0.036804,0.09201,0.097996,0.106667,-0.010716,-0.031828,-0.042716,-0.048431,-0.04922,0.016136,0.044194,0.048604,0.049466,0.046707,0.01389,0.03516,0.03125,0.031942,0.02258,-0.005853,-0.014274,-0.000648,-0.008302,-0.009248,0.005096,0.012399,0.01068,0.009278,0.002777,-0.001944,-0.000759,0.000822,0.0035,0.009096,0.08993,-1.007997,-0.061623,-0.934897,1,0,0,0,0,0,0,0,0,0,0
3223,-0.00849,-0.023821,-0.063149,-0.090565,-0.118507,0.013259,0.063423,0.088593,0.097307,0.095709,-0.006367,-0.019227,-0.028466,-0.037305,-0.043273,0.000949,0.010337,0.015756,0.017704,0.031187,-0.01251,-0.032061,-0.068967,-0.109368,-0.146023,0.007865,0.060951,0.087294,0.101377,0.095434,-0.011511,-0.029015,-0.036381,-0.039078,-0.037729,0.007491,0.029389,0.034408,0.031687,0.029964,0.006676,0.019345,0.018874,0.01402,-0.001308,-0.005962,-0.003702,-0.002187,0.001408,-0.003845,0.004576,0.008976,0.006976,0.000596,-0.006186,0.00154,0.003729,0.002564,0.009383,0.013481,0.085153,-1.003815,-0.053496,-0.932249,1,0,0,0,0,0,0,0,0,0,0
3224,-0.009634,-0.035115,-0.071136,-0.096567,-0.119256,0.024626,0.066658,0.079663,0.088039,0.081449,-0.006062,-0.019117,-0.026361,-0.034386,-0.037656,0.006238,0.014665,0.014791,0.021356,0.029632,-0.009533,-0.036725,-0.079839,-0.117444,-0.147353,0.021985,0.078355,0.084467,0.093322,0.084593,-0.009961,-0.021079,-0.026915,-0.02772,-0.024676,0.021104,0.025607,0.026487,0.02367,0.014665,0.014994,0.011001,0.011708,0.002149,-0.015202,-0.002594,0.011321,0.003505,0.002538,-0.000281,0.003634,0.001645,2.3e-05,-0.007501,-0.013238,-0.00025,0.001581,0.00468,0.011156,0.0147,0.082821,-0.997255,-0.044357,-0.933414,1,0,0,0,0,0,0,0,0,0,0
3225,-0.005855,-0.045776,-0.073607,-0.10197,-0.117532,0.026107,0.051656,0.060502,0.05888,0.048007,-0.006945,-0.016323,-0.025296,-0.031354,-0.032038,0.003244,0.008745,0.010722,0.024409,0.022939,-0.01024,-0.047702,-0.088713,-0.125922,-0.148278,0.031734,0.058475,0.07277,0.066738,0.054673,-0.007731,-0.015208,-0.017945,-0.016577,-0.012775,0.000963,0.006058,0.003295,0.001546,-0.01356,-0.002248,-0.002727,-0.007654,-0.023213,-0.036871,0.004907,0.006445,0.010095,0.004762,0.002967,0.001053,-0.001168,-0.008254,-0.015785,-0.01972,0.002696,0.001402,0.008975,0.013525,0.017019,0.080191,-0.997564,-0.041498,-0.933914,1,0,0,0,0,0,0,0,0,0,0
3226,-0.020013,-0.056662,-0.082536,-0.105621,-0.123152,0.016405,0.029636,0.038159,0.031453,0.01167,-0.00627,-0.013641,-0.021805,-0.025132,-0.02787,0.005298,0.005426,0.012105,0.020525,0.024287,-0.017326,-0.061192,-0.099453,-0.129883,-0.150305,0.025311,0.03153,0.040539,0.031658,-0.002943,-0.003506,-0.009444,-0.010263,-0.007166,-0.003429,0.003609,0.004504,0.001638,-0.007524,-0.015995,-0.001792,-0.001073,-0.010799,-0.028452,-0.040672,0.009202,0.00125,0.000267,-0.002601,-0.017612,-0.003372,-0.005203,-0.013694,-0.020169,-0.025823,-0.000818,0.00268,0.009988,0.013988,0.014941,0.07724,-0.995813,-0.035012,-0.908978,1,0,0,0,0,0,0,0,0,0,0
3227,-0.020431,-0.04872,-0.07755,-0.093369,-0.113645,0.009455,0.018447,0.016798,0.005745,-0.023394,-0.003221,-0.012341,-0.018499,-0.019194,-0.02208,0.000258,0.002267,0.01618,0.014686,0.018834,-0.020637,-0.062323,-0.100145,-0.122869,-0.142347,0.0017,0.016231,0.0101,-0.002164,-0.042433,-0.004071,-0.006853,-0.005462,-0.001597,0.000283,0.001546,-0.001262,-0.00304,-0.018396,-0.030582,0.001318,-0.003691,-0.019506,-0.033388,-0.049697,-0.0077,-0.00399,-0.009411,-0.011236,-0.02226,0.001043,-0.006901,-0.015345,-0.019756,-0.024049,-0.000593,0.007897,0.012999,0.016915,0.016049,0.078079,-0.988178,-0.030179,-0.899976,1,0,0,0,0,0,0,0,0,0,0
3228,-0.016641,-0.04297,-0.06646,-0.084299,-0.097216,0.003906,0.012578,0.005755,-0.014375,-0.037423,-0.004245,-0.012552,-0.015938,-0.018724,-0.018698,-0.00013,0.006667,0.015235,0.019063,0.01836,-0.023777,-0.06271,-0.093674,-0.114456,-0.124534,0.004609,0.013776,0.00474,-0.03047,-0.058647,-0.001927,-0.00276,0.000391,0.004193,0.008438,-0.000651,-0.003568,-0.012891,-0.021511,-0.036199,-0.0006,-0.010497,-0.028461,-0.040895,-0.054819,-0.000309,-0.001309,-0.004227,-0.019502,-0.024365,-0.003193,-0.012785,-0.020099,-0.026486,-0.030036,0.004591,0.012847,0.017366,0.018443,0.016743,0.074739,-0.98676,-0.029323,-0.889799,1,0,0,0,0,0,0,0,0,0,0
3229,-0.012065,-0.041479,-0.057618,-0.078305,-0.081958,0.005231,0.003549,-0.007728,-0.037457,-0.042609,-0.005021,-0.011303,-0.012012,-0.014956,-0.014326,0.002182,0.016376,0.014851,0.019083,0.02158,-0.018531,-0.057118,-0.080302,-0.100174,-0.099123,0.010173,0.003917,-0.008595,-0.04968,-0.070209,-0.000894,0.000526,0.004469,0.006387,0.017454,-0.002208,-0.004022,-0.019688,-0.032121,-0.036563,-0.004504,-0.02064,-0.034803,-0.051442,-0.058149,0.004096,-0.001434,-0.003296,-0.014543,-0.029416,-0.005732,-0.015448,-0.020523,-0.025462,-0.034228,0.004869,0.010739,0.015245,0.014248,0.011134,0.067984,-0.985623,-0.032459,-0.88632,1,0,0,0,0,0,0,0,0,0,0
3230,-0.014585,-0.038417,-0.056515,-0.06962,-0.068405,0.00354,-0.003382,-0.023806,-0.047189,-0.04843,-0.003382,-0.006817,-0.009644,-0.009617,-0.009855,0.004703,0.013396,0.01728,0.016566,0.02193,-0.020873,-0.052288,-0.073372,-0.083597,-0.080585,-0.000925,-0.010093,-0.045815,-0.074403,-0.087561,5.3e-05,0.00325,0.007107,0.011414,0.022035,-0.00074,-0.010199,-0.018944,-0.033846,-0.03699,-0.005514,-0.023739,-0.036354,-0.050481,-0.05865,-0.005132,-0.008094,-0.023591,-0.028524,-0.040216,-0.00467,-0.012763,-0.01983,-0.023758,-0.032996,0.004088,0.009087,0.010278,0.008398,0.006866,0.064284,-0.980171,-0.03251,-0.882369,1,0,0,0,0,0,0,0,0,0,0
3231,-0.015028,-0.031302,-0.052161,-0.055845,-0.052612,-0.005248,-0.016618,-0.046595,-0.05179,-0.053937,-0.002942,-0.003658,-0.006626,-0.00599,-0.006229,0.009595,0.008057,0.012325,0.014843,0.017467,-0.01797,-0.041347,-0.061385,-0.060324,-0.057011,-0.00538,-0.017997,-0.059423,-0.080123,-0.092157,0.001378,0.005354,0.007289,0.018447,0.02563,-0.001087,-0.016883,-0.02942,-0.033899,-0.04087,-0.010739,-0.02502,-0.041798,-0.048561,-0.057834,-0.000428,-0.002305,-0.013646,-0.028643,-0.03847,-0.005523,-0.010902,-0.016136,-0.025426,-0.031713,0.002043,0.006818,0.005762,0.002462,0.001998,0.061113,-0.974771,-0.033362,-0.877942,1,0,0,0,0,0,0,0,0,0,0
3232,-0.008889,-0.027066,-0.040228,-0.039007,-0.034576,-0.001698,-0.02221,-0.045694,-0.046941,-0.047393,-0.000504,-0.003343,-0.003317,-0.003556,-0.002892,-0.000876,0.003025,0.002309,0.007695,0.011012,-0.01356,-0.034735,-0.045004,-0.041979,-0.026456,-0.003821,-0.039697,-0.068409,-0.081624,-0.086825,0.001831,0.005705,0.01003,0.020698,0.030463,-0.008412,-0.017195,-0.032161,-0.035319,-0.040918,-0.007552,-0.020222,-0.03441,-0.042614,-0.051029,-0.002545,-0.018109,-0.023064,-0.034806,-0.038277,-0.002773,-0.010056,-0.014104,-0.023625,-0.030924,0.003093,0.004321,0.002383,0.000804,-0.004382,0.055104,-0.97129,-0.044908,-0.878616,1,0,0,0,0,0,0,0,0,0,0
3233,-0.007406,-0.028297,-0.031987,-0.028749,-0.018476,-0.009689,-0.039712,-0.044915,-0.047065,-0.044331,-0.000212,-0.003185,-0.002548,-0.002787,0.000557,-0.000664,0.00361,0.006132,0.00876,0.012211,-0.009848,-0.029917,-0.028855,-0.025537,0.000451,-0.008813,-0.050303,-0.071035,-0.083087,-0.081866,0.00215,0.004088,0.015264,0.022457,0.033766,-0.007406,-0.019962,-0.024448,-0.03143,-0.034801,-0.006748,-0.023552,-0.030325,-0.039612,-0.045943,0.000666,-0.010692,-0.025712,-0.035554,-0.035133,-0.002657,-0.007948,-0.017338,-0.023693,-0.029928,0.001726,0.000659,-0.002678,-0.003146,-0.010246,0.050093,-0.967498,-0.058121,-0.882593,1,0,0,0,0,0,0,0,0,0,0
3234,-0.010849,-0.024103,-0.022874,-0.018411,-0.002779,-0.010902,-0.034551,-0.035807,-0.036261,-0.024878,-0.002645,-0.002619,-0.002859,-0.002191,0.004088,0.004596,0.003875,0.009299,0.012639,0.01769,-0.01141,-0.021751,-0.018705,-0.003073,0.019106,-0.027256,-0.056168,-0.069476,-0.074713,-0.070919,0.001737,0.006092,0.016834,0.026668,0.037276,-0.00139,-0.01646,-0.01964,-0.025278,-0.02755,-0.005965,-0.020253,-0.028515,-0.036989,-0.043991,-0.016344,-0.021333,-0.033158,-0.036653,-0.043282,-0.004865,-0.009116,-0.019113,-0.026778,-0.030359,-0.000519,-0.002554,-0.004211,-0.009657,-0.013182,0.045808,-0.964261,-0.064896,-0.883439,1,0,0,0,0,0,0,0,0,0,0
3235,-0.010183,-0.013898,-0.010637,-0.000294,0.032981,-0.019323,-0.024562,-0.026727,-0.023974,-0.008553,-0.000347,0.000294,5.3e-05,0.003421,0.011092,-0.000294,0.002245,0.004891,0.008365,0.018762,-0.008793,-0.007724,-0.004383,0.021782,0.07275,-0.014513,-0.035386,-0.04752,-0.046291,-0.043404,0.000214,0.011466,0.018709,0.030094,0.040545,-0.011252,-0.015769,-0.022798,-0.026192,-0.026005,-0.010952,-0.017772,-0.027122,-0.033496,-0.043474,0.004911,-0.010211,-0.020121,-0.019697,-0.029131,-0.000677,-0.010526,-0.017192,-0.02373,-0.026258,-0.0006,-0.004099,-0.00459,-0.012037,-0.020308,0.044115,-0.958663,-0.106021,-0.884804,1,0,0,0,0,0,0,0,0,0,0
3236,-0.003088,-0.001853,0.002631,0.018338,0.059741,-0.00435,-0.005612,-0.006068,0.00537,0.016513,0.000376,0.000134,0.000805,0.007115,0.016888,-0.00043,0.005021,0.008377,0.013452,0.022581,-0.001557,0.001504,0.017211,0.039496,0.107426,-0.014472,-0.027843,-0.033106,-0.029293,-0.0283,0.004162,0.014955,0.024836,0.035495,0.044785,-0.00384,-0.007035,-0.0127,-0.014982,-0.014821,-0.003354,-0.011655,-0.02017,-0.027206,-0.036185,-0.009947,-0.021828,-0.025341,-0.032001,-0.037224,-0.003696,-0.014035,-0.021961,-0.025664,-0.025837,-0.001485,-0.003198,-0.008829,-0.012475,-0.024557,0.04689,-0.95169,-0.126448,-0.8833,1,0,0,0,0,0,0,0,0,0,0
3237,-0.000648,0.002646,0.013096,0.046712,0.075495,-0.000918,-0.003105,-0.000324,0.015256,0.023059,0.00027,2.7e-05,0.003429,0.011179,0.024328,0.002997,0.00567,0.00918,0.019684,0.031186,0.002646,0.006021,0.032455,0.083947,0.129174,-0.006534,-0.018793,-0.017551,-0.014635,-0.01342,0.007182,0.0145,0.026002,0.03656,0.046253,-0.000702,-0.007803,-0.011233,-0.011044,-0.010314,-0.003517,-0.012963,-0.019403,-0.029483,-0.040484,-0.005275,-0.015286,-0.014857,-0.024389,-0.027364,-0.006734,-0.013894,-0.020918,-0.023632,-0.02187,-0.002214,-0.002742,-0.010741,-0.019625,-0.027193,0.048224,-0.949697,-0.140405,-0.885045,1,0,0,0,0,0,0,0,0,0,0
3238,0.0019,0.006432,0.022309,0.064158,0.093061,-0.000353,-0.000814,0.010747,0.02201,0.025647,-0.000516,0.000163,0.006541,0.016419,0.031617,0.002497,0.005889,0.011019,0.020246,0.03178,0.000434,0.016311,0.038837,0.107499,0.146417,-0.006948,-0.012267,-0.008413,-0.007409,-0.010259,0.003691,0.013678,0.024453,0.033843,0.043776,-0.002524,-0.00825,-0.010557,-0.010394,-0.008332,-0.004856,-0.013462,-0.020574,-0.02965,-0.039468,-0.006708,-0.010258,-0.01699,-0.022269,-0.026307,-0.004166,-0.01271,-0.016702,-0.01689,-0.01392,0.000447,-0.005623,-0.009553,-0.022578,-0.027525,0.052331,-0.949767,-0.147781,-0.881001,1,0,0,0,0,0,0,0,0,0,0
3239,0.001417,0.011963,0.04589,0.074939,0.105132,-0.001853,0.000954,0.016677,0.024553,0.033491,0.000273,0.003706,0.011527,0.024798,0.042293,0.000191,0.003733,0.014334,0.025942,0.033028,0.00297,0.029648,0.081615,0.12726,0.162876,-0.005396,-0.004142,-0.001199,2.7e-05,-0.007276,0.003679,0.015287,0.025942,0.035725,0.044445,-0.004633,-0.008093,-0.007903,-0.007167,-0.003679,-0.004658,-0.011157,-0.02133,-0.032433,-0.036563,-0.003368,-0.002936,-0.012555,-0.015558,-0.029993,-0.003349,-0.010839,-0.013734,-0.011855,-0.006388,-0.001023,-0.009553,-0.019027,-0.027098,-0.030975,0.059165,-0.952705,-0.150481,-0.870507,1,0,0,0,0,0,0,0,0,0,0
3240,0.003147,0.019158,0.061359,0.090506,0.119736,0.001396,0.013055,0.024412,0.02808,0.038397,0.000411,0.006842,0.016804,0.03213,0.053559,0.003229,0.008402,0.017707,0.029339,0.037576,0.013027,0.035743,0.104984,0.14423,0.179809,5.5e-05,0.003941,0.004954,0.00208,-0.013602,0.006377,0.017242,0.026711,0.036728,0.044637,-0.001122,-0.003448,-0.003284,-0.001204,0.001478,-0.004001,-0.011173,-0.020325,-0.030226,-0.036447,-0.000197,-0.006986,-0.01231,-0.016381,-0.039877,-0.00561,-0.009843,-0.010042,-0.006893,0.001578,-0.005383,-0.009552,-0.023364,-0.02861,-0.033497,0.067348,-0.951698,-0.157402,-0.854616,1,0,0,0,0,0,0,0,0,0,0
3241,0.007475,0.041692,0.07099,0.101441,0.133569,0.001429,0.017287,0.02523,0.034244,0.039823,0.003051,0.010938,0.024323,0.041967,0.062222,0.00033,0.011021,0.022729,0.029874,0.038559,0.013824,0.066235,0.11227,0.14819,0.185595,0.001209,0.004177,0.005414,-0.001951,-0.023965,0.005304,0.01605,0.025917,0.034711,0.040208,-0.002364,-0.002171,-0.001429,0.002089,0.002556,-0.002537,-0.012797,-0.023994,-0.02816,-0.036889,0.000634,-0.009068,-0.012096,-0.026654,-0.051795,-0.002173,-0.005246,-0.003251,0.002551,0.011669,-0.00351,-0.013565,-0.022132,-0.026247,-0.030555,0.0769,-0.94895,-0.163767,-0.840975,1,0,0,0,0,0,0,0,0,0,0
3242,0.008634,0.051169,0.080547,0.110007,0.142088,0.010317,0.021764,0.02546,0.03586,0.046011,0.00342,0.013461,0.028909,0.050507,0.070809,0.004882,0.014261,0.025985,0.034288,0.040797,0.00902,0.078809,0.118365,0.154225,0.191602,0.002703,0.003724,0.000828,-0.014978,-0.02546,0.005627,0.015171,0.025267,0.033239,0.039529,2.8e-05,0.000193,0.00229,0.004993,0.005103,-0.004683,-0.013907,-0.023886,-0.030157,-0.03681,-0.007479,-0.012845,-0.016949,-0.04063,-0.058874,-0.002244,-0.002454,0.000874,0.009824,0.018367,-0.000803,-0.015398,-0.020942,-0.026105,-0.029363,0.087156,-0.946375,-0.171856,-0.836485,1,0,0,0,0,0,0,0,0,0,0
3243,0.025859,0.055435,0.086177,0.118611,0.150602,0.005632,0.013651,0.022751,0.028383,0.036957,0.004522,0.018034,0.035847,0.056295,0.077853,0.005882,0.017702,0.024915,0.033683,0.04492,0.043838,0.090311,0.126574,0.164336,0.202069,0.000277,0.001526,-0.00591,-0.028134,-0.028245,0.005188,0.015149,0.024027,0.029577,0.04012,0.000166,0.000916,0.004467,0.004939,0.005605,-0.005648,-0.016952,-0.021158,-0.02997,-0.040599,-0.002271,-0.005329,-0.020026,-0.045406,-0.051994,-0.000947,0.001185,0.007386,0.01713,0.02386,-0.009909,-0.019064,-0.023461,-0.028065,-0.03037,0.0927,-0.937679,-0.178063,-0.833318,1,0,0,0,0,0,0,0,0,0,0
3244,0.016957,0.046561,0.076249,0.108578,0.141769,0.005893,0.009618,0.020098,0.030327,0.037305,0.005587,0.021154,0.04292,0.063379,0.086729,0.003558,0.015372,0.023739,0.0303,0.043837,0.026408,0.06627,0.102407,0.140073,0.172597,0.000751,-0.002168,-0.018096,-0.02866,-0.027853,0.00442,0.014594,0.022627,0.028965,0.04367,0.0,0.002113,0.004837,0.004948,0.005476,-0.003637,-0.013693,-0.020012,-0.026717,-0.039653,-0.003131,-0.007267,-0.031131,-0.049516,-0.055599,0.000738,0.00425,0.013696,0.022712,0.027693,-0.005362,-0.011213,-0.016663,-0.0201,-0.020463,0.101203,-0.930574,-0.178186,-0.828582,1,0,0,0,0,0,0,0,0,0,0
3245,0.012667,0.043446,0.075919,0.107947,0.140865,0.002139,0.01125,0.016889,0.025473,0.039334,0.007945,0.025778,0.046251,0.067835,0.09803,0.008278,0.0155,0.024278,0.035529,0.045084,0.020139,0.056446,0.094252,0.132031,0.157476,0.0005,-0.006945,-0.029195,-0.029306,-0.02764,0.005556,0.014445,0.020001,0.030556,0.05014,0.00075,0.004306,0.004778,0.005445,0.008972,-0.007683,-0.011894,-0.020717,-0.031358,-0.037166,6.8e-05,-0.014646,-0.040057,-0.046653,-0.060538,0.001415,0.007668,0.017494,0.02428,0.030028,-0.003895,-0.008329,-0.012972,-0.015296,-0.01444,0.1072,-0.928009,-0.17363,-0.824491,1,0,0,0,0,0,0,0,0,0,0
3246,0.016986,0.046774,0.079211,0.112513,0.143528,0.00159,0.012105,0.022369,0.029369,0.039857,0.007642,0.029481,0.050009,0.073438,0.107074,0.003542,0.011937,0.01852,0.032103,0.039578,0.019775,0.056034,0.093826,0.126459,0.146959,-0.003431,-0.019412,-0.030011,-0.029202,-0.027668,0.00463,0.012691,0.01905,0.033804,0.054611,0.001367,0.0041,0.004212,0.004742,0.007586,-0.002376,-0.008716,-0.015443,-0.028423,-0.032607,-0.004218,-0.028163,-0.046609,-0.052713,-0.064368,0.00214,0.01181,0.021041,0.02614,0.033086,-0.001983,-0.007562,-0.011081,-0.011453,-0.009716,0.116182,-0.921185,-0.166109,-0.820234,1,0,0,0,0,0,0,0,0,0,0
3247,0.013972,0.046703,0.078986,0.112166,0.139717,0.007588,0.013272,0.021924,0.035895,0.042251,0.010304,0.030939,0.052695,0.08313,0.116141,0.003724,0.012572,0.023911,0.033543,0.038303,0.016744,0.054851,0.09293,0.118577,0.135209,-0.00406,-0.026487,-0.026599,-0.024919,-0.024079,0.004312,0.009912,0.020552,0.040291,0.055383,0.002212,0.002688,0.00336,0.006916,0.006468,-0.001859,-0.010752,-0.021478,-0.027332,-0.03154,-0.010597,-0.03621,-0.042858,-0.056854,-0.065263,0.004411,0.014797,0.02197,0.028046,0.037708,-0.00265,-0.007557,-0.010013,-0.009108,-0.007074,0.13252,-0.919261,-0.160061,-0.817353,1,0,0,0,0,0,0,0,0,0,0
3248,0.016061,0.04889,0.082594,0.113982,0.140347,0.002992,0.01338,0.020465,0.031078,0.041636,0.011714,0.03249,0.056201,0.090243,0.121745,0.004742,0.011404,0.025151,0.032716,0.037232,0.019816,0.058064,0.09109,0.111837,0.127475,-0.012081,-0.022808,-0.021989,-0.020437,-0.014537,0.003811,0.010247,0.025179,0.046237,0.05908,0.000536,0.000649,0.001186,0.004065,0.004262,-0.004542,-0.011351,-0.024487,-0.028722,-0.031669,-0.01355,-0.032219,-0.038396,-0.050191,-0.057594,0.005848,0.015886,0.021431,0.028986,0.039392,-0.003262,-0.00709,-0.007494,-0.005605,-0.003571,0.142491,-0.916782,-0.152108,-0.818692,1,0,0,0,0,0,0,0,0,0,0
3249,0.017072,0.049878,0.083595,0.111593,0.137741,0.00276,0.011552,0.02575,0.032209,0.042566,0.009162,0.03127,0.062198,0.095745,0.126104,0.004211,0.015735,0.025522,0.030359,0.036505,0.018751,0.057447,0.08351,0.100411,0.118336,-0.010613,-0.010727,-0.00902,-0.008166,0.003528,0.001849,0.012662,0.032721,0.048057,0.06934,-5.7e-05,0.000626,0.00424,0.003784,0.003813,-0.004458,-0.015358,-0.021307,-0.025583,-0.030871,-0.01237,-0.019126,-0.033348,-0.041894,-0.042761,0.00544,0.013467,0.020267,0.031079,0.036527,-0.002042,-0.004791,-0.003778,-0.001502,0.0004,0.145072,-0.913247,-0.146722,-0.822903,1,0,0,0,0,0,0,0,0,0,0
3250,0.016125,0.050322,0.08217,0.10892,0.132377,0.007762,0.01495,0.025719,0.036431,0.03961,0.011857,0.035915,0.070456,0.102419,0.130487,0.00252,0.016468,0.024144,0.028727,0.037605,0.019934,0.053443,0.074494,0.090361,0.107431,-0.0002,0.00063,0.002205,0.008191,0.016039,0.004668,0.019819,0.041185,0.054217,0.084289,0.000172,0.000716,0.003637,0.003838,0.003895,-0.00242,-0.015749,-0.020045,-0.023036,-0.032007,-0.006491,-0.012759,-0.024727,-0.032238,-0.029311,0.005417,0.011556,0.019919,0.03144,0.030878,-0.002099,-0.002546,-0.000455,0.001797,0.003572,0.144237,-0.91251,-0.140474,-0.825172,1,0,0,0,0,0,0,0,0,0,0
3251,0.017044,0.051276,0.079702,0.106251,0.129419,0.001098,0.015513,0.022071,0.032586,0.031459,0.010486,0.041888,0.075947,0.106771,0.133868,0.009158,0.019095,0.024006,0.030246,0.040357,0.019182,0.045643,0.062803,0.081002,0.093742,8.7e-05,0.00182,0.002687,0.01456,0.016582,0.006269,0.026635,0.042206,0.063814,0.096429,0.00052,0.004189,0.003727,0.003755,0.003755,-0.008625,-0.014665,-0.019007,-0.024376,-0.034964,-0.000312,-0.014752,-0.023428,-0.024309,-0.023711,0.003174,0.010735,0.022759,0.028817,0.026263,-0.000828,0.000298,0.00283,0.004945,0.007746,0.143824,-0.912769,-0.135435,-0.828273,1,0,0,0,0,0,0,0,0,0,0
3252,0.017519,0.049773,0.076864,0.100619,0.123127,0.006178,0.017084,0.027932,0.031152,0.029875,0.013835,0.048816,0.081185,0.10961,0.139312,0.004931,0.012704,0.017345,0.026337,0.030745,0.014677,0.035995,0.052064,0.069351,0.083158,0.000754,0.002349,0.008411,0.016359,0.017171,0.00905,0.030687,0.043885,0.07434,0.104651,2.9e-05,0.002988,0.003191,0.003249,-0.000174,-0.004838,-0.009189,-0.012218,-0.021303,-0.029157,-0.006034,-0.018154,-0.025761,-0.022797,-0.022741,0.003442,0.01258,0.025167,0.024552,0.024571,0.000363,0.002647,0.005108,0.007047,0.009406,0.141627,-0.914692,-0.132047,-0.835591,1,0,0,0,0,0,0,0,0,0,0
3253,0.016974,0.045722,0.072571,0.096002,0.114379,0.008356,0.014988,0.025622,0.024483,0.023665,0.017821,0.052267,0.08344,0.110844,0.136758,0.005084,0.01005,0.016361,0.026586,0.025388,0.011978,0.029332,0.047738,0.060622,0.07298,0.000993,0.00187,0.013877,0.015922,0.018289,0.011482,0.027229,0.049082,0.082066,0.111311,0.003681,0.003214,0.003243,0.003243,-0.004178,-0.001236,-0.005626,-0.011056,-0.021765,-0.028251,-0.008526,-0.017301,-0.018191,-0.017587,-0.015752,0.004562,0.017573,0.024128,0.021364,0.01994,0.000837,0.003577,0.005865,0.008896,0.010719,0.136708,-0.913637,-0.126274,-0.841362,1,0,0,0,0,0,0,0,0,0,0
3254,0.015643,0.043157,0.067284,0.090144,0.105698,0.002651,0.013669,0.016939,0.015643,0.015289,0.017557,0.050433,0.079303,0.109469,0.12791,0.002769,0.007483,0.016615,0.021092,0.020002,0.009574,0.025894,0.043452,0.057474,0.064662,0.000619,0.006776,0.014847,0.015672,0.023508,0.010399,0.023803,0.054734,0.085519,0.113033,-0.000707,-0.000501,-0.000442,-0.003918,-0.009839,-0.003174,-0.00625,-0.015477,-0.023454,-0.029019,-0.003713,-0.011439,-0.008429,-0.008372,-0.002041,0.005352,0.019383,0.018698,0.018719,0.014011,0.001659,0.004402,0.006564,0.009194,0.012147,0.133129,-0.914653,-0.120291,-0.850739,1,0,0,0,0,0,0,0,0,0,0
3255,0.013423,0.040653,0.064417,0.083055,0.099737,0.004059,0.014845,0.013689,0.01286,0.01286,0.017275,0.04889,0.076684,0.102966,0.121397,0.002252,0.008652,0.019023,0.017808,0.016534,0.007971,0.026638,0.039705,0.052239,0.058965,0.000267,0.012445,0.014519,0.016919,0.029127,0.005511,0.027675,0.061128,0.090788,0.11627,0.000237,0.000267,0.000267,-0.007259,-0.01686,-0.001261,-0.006768,-0.017628,-0.024207,-0.033037,-0.005164,-0.006068,-0.005455,-0.003594,0.006532,0.008787,0.016023,0.012972,0.0114,0.007886,0.001296,0.003822,0.007168,0.00918,0.013159,0.123887,-0.90789,-0.11268,-0.855633,1,0,0,0,0,0,0,0,0,0,0
3256,0.014337,0.038748,0.061878,0.077616,0.093205,0.007064,0.010373,0.009061,0.008703,0.010075,0.015887,0.045097,0.075619,0.094278,0.112758,0.002504,0.011744,0.016274,0.015171,0.013473,0.008495,0.026259,0.040447,0.04772,0.052698,0.005961,0.014128,0.014963,0.022891,0.036006,0.008018,0.039315,0.070462,0.098302,0.12319,-3e-05,3e-05,-0.003487,-0.009478,-0.022802,-0.001844,-0.01118,-0.019251,-0.024882,-0.036901,-0.002621,0.000424,0.000481,0.006887,0.016624,0.006073,0.00533,0.005353,0.000242,-0.002687,0.001627,0.003974,0.006829,0.010035,0.014562,0.119149,-0.905092,-0.103589,-0.860261,1,0,0,0,0,0,0,0,0,0,0
3257,0.013123,0.037151,0.055996,0.072863,0.084787,0.003805,0.002636,0.001798,0.001798,0.003296,0.015999,0.044101,0.070676,0.089311,0.10525,0.003955,0.014441,0.013212,0.011924,0.009078,0.010336,0.023549,0.036222,0.043023,0.047787,0.006322,0.008419,0.010846,0.023189,0.038649,0.014351,0.048176,0.078166,0.103932,0.122148,6e-05,6e-05,-0.00755,-0.017257,-0.028702,-0.003715,-0.014696,-0.021348,-0.030276,-0.039004,0.001722,0.002342,0.004222,0.014461,0.027101,0.001522,-0.001775,-0.003473,-0.007269,-0.008226,0.001043,0.004657,0.006832,0.011132,0.014827,0.118469,-0.901564,-0.09961,-0.869844,1,0,0,0,0,0,0,0,0,0,0
3258,0.011432,0.034715,0.050558,0.06625,0.077172,-0.00048,-0.0018,-0.00216,-0.00078,0.00252,0.013382,0.044107,0.062889,0.081492,0.094544,0.005341,0.009901,0.008791,0.007081,0.004951,0.007531,0.021813,0.029134,0.034145,0.038586,0.00189,0.00273,0.010712,0.023914,0.042816,0.017133,0.048487,0.076511,0.101565,0.114857,0.0,-0.003541,-0.009571,-0.022983,-0.034055,-0.005678,-0.013803,-0.019471,-0.031569,-0.040509,0.001341,0.001399,0.007848,0.017649,0.032144,-0.002316,-0.002292,-0.007646,-0.010714,-0.010524,0.001405,0.004395,0.007753,0.012495,0.016401,0.117121,-0.899785,-0.094381,-0.878721,1,0,0,0,0,0,0,0,0,0,0
3259,0.012675,0.031611,0.048561,0.060543,0.069364,-0.000692,-0.001535,-0.001535,-3e-05,0.003372,0.014812,0.041516,0.060242,0.076258,0.086795,0.005178,0.003944,0.002649,-0.000211,-0.002469,0.00572,0.018455,0.025289,0.030076,0.031611,0.000211,0.002649,0.015053,0.030588,0.042991,0.016799,0.046935,0.072826,0.091131,0.107388,0.0,-0.007647,-0.017401,-0.028902,-0.038776,-0.005338,-0.012022,-0.020994,-0.029764,-0.03769,-0.000723,0.001167,0.011455,0.024157,0.032073,-0.001039,-0.002796,-0.006723,-0.007713,-0.01016,0.002301,0.004551,0.008999,0.012822,0.016914,0.114681,-0.900836,-0.091094,-0.880503,1,0,0,0,0,0,0,0,0,0,0
3260,0.010713,0.026646,0.042429,0.053414,0.059389,-0.000634,-0.000996,0.000392,0.003712,0.003983,0.016054,0.034945,0.053655,0.066782,0.076318,-0.000604,-0.00172,-0.00344,-0.005583,-0.008238,0.008631,0.015994,0.021034,0.0255,0.026103,0.000634,0.008661,0.021939,0.04095,0.044029,0.014696,0.042882,0.06808,0.081448,0.099766,-0.003561,-0.009627,-0.023116,-0.034251,-0.04083,-0.002821,-0.008522,-0.02069,-0.029682,-0.034025,0.000783,0.007268,0.017127,0.031705,0.033803,0.001081,-0.004492,-0.007686,-0.007488,-0.011414,0.000773,0.004269,0.009205,0.013271,0.016161,0.109259,-0.902908,-0.088313,-0.884698,1,0,0,0,0,0,0,0,0,0,0
3261,0.008333,0.025455,0.037558,0.046469,0.052004,-0.000213,-0.000213,0.001308,0.004744,0.005109,0.010796,0.029712,0.045891,0.056535,0.063804,-0.000639,-0.001946,-0.004835,-0.007116,-0.007846,0.004166,0.01107,0.015905,0.017456,0.018186,0.001825,0.014354,0.030047,0.042576,0.047229,0.015632,0.041786,0.060276,0.076698,0.094976,-0.004136,-0.013989,-0.025607,-0.035582,-0.038714,-0.003909,-0.012972,-0.021832,-0.029838,-0.032633,0.001121,0.011513,0.024344,0.032341,0.036019,-0.003027,-0.007242,-0.008305,-0.010931,-0.016051,0.001598,0.006373,0.010476,0.014868,0.017732,0.100859,-0.902753,-0.086113,-0.888133,1,0,0,0,0,0,0,0,0,0,0
3262,0.007749,0.023705,0.03481,0.040851,0.044969,-0.000153,0.001251,0.004607,0.004881,0.005308,0.008268,0.027183,0.040454,0.050095,0.054519,-0.000488,-0.002227,-0.004393,-0.007078,-0.007383,0.003264,0.008359,0.012875,0.013485,0.015163,0.006285,0.019708,0.038929,0.042041,0.04918,0.012814,0.038288,0.051803,0.070322,0.083929,-0.001983,-0.01562,-0.026878,-0.033529,-0.034658,-0.001842,-0.014144,-0.023234,-0.027625,-0.028688,0.005433,0.015399,0.030137,0.032259,0.03864,-0.002921,-0.006368,-0.006154,-0.010393,-0.014728,0.00214,0.007467,0.011857,0.014976,0.016773,0.099005,-0.902585,-0.085262,-0.892435,1,0,0,0,0,0,0,0,0,0,0
3263,0.009468,0.021662,0.03064,0.036216,0.038759,0.000153,0.001685,0.005147,0.005515,0.004994,0.010754,0.027055,0.037779,0.045101,0.047798,-0.000827,-0.003738,-0.006036,-0.006771,-0.006863,0.003677,0.008548,0.010111,0.010846,0.012562,0.006312,0.022122,0.034745,0.039433,0.045898,0.013481,0.03211,0.048656,0.06707,0.0728,-0.007936,-0.01964,-0.02969,-0.032846,-0.032509,-0.007281,-0.016207,-0.024274,-0.02709,-0.026716,0.005015,0.017941,0.025998,0.029704,0.036553,-0.001431,-0.002551,-0.005318,-0.010713,-0.012183,0.002826,0.007149,0.011776,0.014794,0.015781,0.099698,-0.903185,-0.084996,-0.896686,1,0,0,0,0,0,0,0,0,0,0
3264,0.00657,0.017746,0.023826,0.02797,0.030181,0.001259,0.004636,0.004912,0.005342,0.003285,0.008259,0.021615,0.031317,0.035769,0.039239,-0.000921,-0.003101,-0.005803,-0.00611,-0.006141,0.001443,0.005987,0.006601,0.00829,0.00875,0.007185,0.026527,0.029659,0.036844,0.04105,0.012128,0.025729,0.044366,0.058059,0.061314,-0.005772,-0.017102,-0.023795,-0.024931,-0.02447,-0.005084,-0.014232,-0.018651,-0.019721,-0.019226,0.005005,0.019837,0.021972,0.028394,0.034427,-0.002152,-0.001928,-0.00636,-0.010892,-0.010789,0.002703,0.007292,0.010553,0.012432,0.01399,0.097946,-0.903435,-0.085059,-0.899361,1,0,0,0,0,0,0,0,0,0,0
3265,0.005669,0.014697,0.020305,0.022862,0.025543,0.000277,0.003759,0.004129,0.003605,0.001541,0.008103,0.018888,0.026252,0.028963,0.032167,-0.002003,-0.004314,-0.005053,-0.005146,-0.00533,0.003451,0.005022,0.005762,0.007487,0.007487,0.008689,0.021383,0.026097,0.032599,0.033739,0.006563,0.023201,0.041719,0.047481,0.049206,-0.005977,-0.016084,-0.019257,-0.018918,-0.018579,-0.003874,-0.011986,-0.014818,-0.014442,-0.013894,0.007976,0.016078,0.019805,0.026692,0.029593,0.001041,-0.001836,-0.007447,-0.008976,-0.008234,0.001725,0.006537,0.009676,0.010703,0.012728,0.098702,-0.903051,-0.083685,-0.899795,1,0,0,0,0,0,0,0,0,0,0
3266,0.005565,0.011686,0.01586,0.018086,0.020497,0.003122,0.003401,0.003834,0.001762,0.001484,0.005318,0.015087,0.01957,0.023063,0.024362,-0.000185,-0.002906,-0.003215,-0.003246,-0.003741,0.001113,0.001731,0.003432,0.003895,0.004637,0.010759,0.013912,0.021146,0.025382,0.026835,0.007111,0.025876,0.039665,0.042942,0.041551,-0.00541,-0.01215,-0.013294,-0.01283,-0.01249,-0.005324,-0.009774,-0.010851,-0.010353,-0.009469,0.006931,0.009081,0.015547,0.021622,0.023168,-0.000831,-0.005482,-0.010239,-0.010131,-0.00875,0.00305,0.006472,0.008444,0.010079,0.01135,0.09993,-0.901492,-0.084087,-0.901682,1,0,0,0,0,0,0,0,0,0,0
3267,0.003511,0.009165,0.011743,0.014446,0.014912,0.000373,0.000746,0.000217,-0.001864,-0.000217,0.00553,0.012955,0.015689,0.01892,0.019168,-0.002144,-0.002889,-0.002982,-0.003169,-0.003324,0.000466,0.001212,0.002951,0.002951,0.003355,0.001988,0.006741,0.013297,0.014446,0.016962,0.009631,0.028302,0.034111,0.035851,0.034018,-0.004753,-0.007953,-0.007611,-0.00727,-0.006959,-0.002829,-0.005684,-0.005305,-0.004753,-0.004244,0.001204,0.004961,0.011906,0.01483,0.015689,-0.002188,-0.008132,-0.009752,-0.008966,-0.00786,0.001942,0.005268,0.006355,0.0085,0.008609,0.09993,-0.897153,-0.084273,-0.904094,1,0,0,0,0,0,0,0,0,0,0
3268,0.002659,0.006882,0.009134,0.011574,0.011418,-9.4e-05,0.000344,-0.001752,-0.002033,-0.000688,0.004317,0.008853,0.012388,0.013702,0.013764,-0.000594,-0.000907,-0.000938,-0.001439,-0.000219,0.000156,0.001877,0.002346,0.003097,0.00269,0.001189,0.008509,0.012794,0.014265,0.016454,0.009291,0.023243,0.026559,0.025151,0.023994,-0.002033,-0.003191,-0.002722,-0.002377,-0.002158,-0.001654,-0.002744,-0.00224,-0.001345,-0.002318,0.000963,0.007506,0.013653,0.015218,0.016032,-0.002754,-0.00792,-0.007803,-0.006304,-0.005612,0.001678,0.00382,0.005595,0.006976,0.007229,0.099542,-0.893404,-0.084701,-0.906025,1,0,0,0,0,0,0,0,0,0,0
3269,0.003051,0.005661,0.008397,0.008869,0.008114,0.000472,-6.3e-05,-0.00217,-0.000503,-0.000629,0.003176,0.005944,0.009215,0.009467,0.008649,-0.000157,-0.000252,-0.00044,-0.000598,0.00044,0.000598,0.002359,0.002359,0.002768,0.000723,0.003617,0.010253,0.011416,0.013964,0.016637,0.009561,0.015442,0.017203,0.015348,0.013335,-0.001195,-0.000849,-0.000503,-0.000189,-6.3e-05,-0.001228,-0.000844,-0.000285,0.00023,-0.000652,0.002836,0.009866,0.012826,0.013696,0.01635,-0.003617,-0.005383,-0.004527,-0.003321,-0.002627,0.001882,0.003066,0.005404,0.005523,0.006761,0.100537,-0.891476,-0.083627,-0.908956,1,0,0,0,0,0,0,0,0,0,0
3270,0.001197,0.003466,0.005924,0.005766,0.004569,-3.2e-05,-0.002143,-0.002426,-0.001071,-0.00564,0.001386,0.004947,0.00627,0.006333,0.004789,-0.000158,-0.000189,-0.000693,0.000536,0.001071,0.001134,0.001607,0.002363,0.001954,-0.001922,0.00375,0.008066,0.009547,0.011753,0.011123,0.004474,0.007814,0.006396,0.00523,0.003655,3.2e-05,0.000504,0.000851,0.001071,0.00208,0.000133,0.00064,0.001541,0.000561,0.001035,0.003749,0.009941,0.011517,0.012337,0.015992,-0.001768,-0.001646,-6.8e-05,0.000659,0.000669,0.000347,0.002214,0.003666,0.003932,0.006407,0.098732,-0.889792,-0.082081,-0.909234,1,0,0,0,0,0,0,0,0,0,0
3271,0.001418,0.004161,0.004633,0.003877,0.002017,-0.000504,-0.002616,-0.000946,-0.001072,-0.005926,0.001387,0.004665,0.004917,0.004098,0.003215,6.3e-05,-0.000126,-0.000284,0.000756,0.002553,0.00063,0.00063,0.00104,-0.001009,-0.00829,0.0029,0.004066,0.006619,0.009298,0.002333,0.001418,0.003184,0.001324,-0.000693,-0.0029,0.000315,0.000662,0.000977,0.001103,0.003751,0.000252,0.000812,0.001328,0.000444,0.001332,0.003295,0.006262,0.007133,0.009794,0.007185,-2e-05,0.00085,0.002074,0.002779,0.003538,0.000856,0.00323,0.003351,0.004608,0.008846,0.097774,-0.888694,-0.079209,-0.906212,1,0,0,0,0,0,0,0,0,0,0
3272,0.000852,0.003313,0.003155,0.001956,-0.00265,-0.001609,-0.001893,-0.000536,-0.005111,-0.006278,0.002177,0.003502,0.003565,0.002019,0.000631,-9.5e-05,-0.000599,0.000631,0.001167,0.004638,-0.000158,0.000599,0.000189,-0.003691,-0.014229,0.00142,0.002903,0.005111,0.00448,-0.004764,0.001925,0.000505,-0.000663,-0.00224,-0.006026,0.000158,0.000505,0.000726,0.001735,0.007477,0.000256,0.001158,0.000177,0.000651,0.002988,0.002901,0.004479,0.005301,0.008961,0.000386,0.000144,0.001736,0.00247,0.00248,0.003847,0.001023,0.002488,0.002757,0.005255,0.009402,0.093648,-0.890232,-0.078728,-0.90274,1,0,0,0,0,0,0,0,0,0,0
3273,0.001895,0.002369,0.001611,-0.000253,-0.008718,-0.000505,0.001169,0.001042,-0.003822,-0.004201,0.001105,0.001358,0.000537,-0.000347,-0.005464,-9.5e-05,-0.000253,0.00079,0.00259,0.009002,0.000158,0.000569,-0.001485,-0.008781,-0.019204,-0.000253,0.002306,0.00499,-0.00199,-0.007359,-0.000158,-0.002021,-0.004043,-0.006254,-0.012634,0.00019,0.000505,0.000632,0.003285,0.014687,0.000305,0.000823,-6.4e-05,0.000826,0.005853,6.9e-05,0.000942,0.003608,0.000994,-0.004146,0.000737,0.001979,0.002695,0.003464,0.004139,0.001378,0.001501,0.002776,0.007076,0.00827,0.091091,-0.892618,-0.079848,-0.902432,1,0,0,0,0,0,0,0,0,0,0
3274,0.000569,0.000411,-0.00079,-0.005406,-0.018179,0.000221,0.001581,-0.003003,-0.004173,-0.004553,0.000221,0.000285,-0.001265,-0.002656,-0.012014,-0.000411,0.000822,0.001359,0.004837,0.012551,0.000601,0.00019,-0.003699,-0.014258,-0.024533,0.001739,0.003952,0.00332,-0.005944,-0.010275,-0.001265,-0.002434,-0.004015,-0.007809,-0.016408,0.000158,0.000379,0.001391,0.007145,0.021467,0.000598,-0.000384,9.1e-05,0.002432,0.009015,0.001513,0.002336,0.006003,-0.002589,-0.006309,0.000873,0.001618,0.001628,0.003015,0.00238,0.0001,0.000372,0.002907,0.007114,0.005007,0.086969,-0.896341,-0.083154,-0.901175,1,0,0,0,0,0,0,0,0,0,0
3275,-9.5e-05,-0.000854,-0.00272,-0.011195,-0.028651,0.001455,0.001328,-0.003542,-0.003921,-0.005376,3.2e-05,-0.000791,-0.001676,-0.006799,-0.019354,0.000253,0.001297,0.003099,0.009519,0.01695,-0.00019,-0.002245,-0.00955,-0.019986,-0.031371,0.000822,0.00351,-0.003479,-0.008855,-0.013788,-0.000601,-0.002625,-0.004838,-0.011226,-0.019069,0.000158,0.000285,0.002941,0.014357,0.026848,-8.1e-05,-0.000968,-7.7e-05,0.004955,0.00989,-0.000639,0.00203,-0.000587,-0.005733,-0.008643,0.000378,0.001099,0.001875,0.002556,-0.000637,2.4e-05,0.00131,0.005646,0.006851,0.00216,0.08009,-0.897264,-0.087241,-0.899743,1,0,0,0,0,0,0,0,0,0,0
3276,-6.3e-05,-0.001268,-0.005895,-0.018699,-0.038096,-9.5e-05,-0.004691,-0.005863,-0.006244,-0.00748,3.2e-05,-0.001521,-0.002916,-0.012297,-0.024658,0.000983,0.001521,0.005008,0.012741,0.024151,-0.000222,-0.00412,-0.014706,-0.025006,-0.036638,0.001395,0.000761,-0.008526,-0.012868,-0.014674,-0.00057,-0.002155,-0.005958,-0.014579,-0.023105,6.3e-05,0.001078,0.006846,0.021203,0.030996,-0.000904,-0.000428,0.001919,0.008518,0.006811,0.001466,0.005142,-0.003471,-0.007201,-0.007001,0.000374,0.000385,0.001796,0.00115,-0.001411,0.000254,0.002832,0.007113,0.00497,-0.000807,0.074157,-0.898409,-0.092648,-0.901688,1,0,0,0,0,0,0,0,0,0,0
3277,-0.000698,-0.002569,-0.011067,-0.028572,-0.048106,-3.2e-05,-0.004915,-0.005296,-0.006755,-0.007547,-0.000856,-0.001744,-0.006881,-0.019471,-0.030284,6.3e-05,0.001871,0.008308,0.015761,0.028128,-0.001839,-0.009165,-0.019629,-0.031045,-0.042747,0.0013,-0.005708,-0.011099,-0.016046,-0.017473,-0.001459,-0.003679,-0.010084,-0.017949,-0.026447,6.3e-05,0.002727,0.014175,0.026701,0.031743,1.5e-05,0.000908,0.005955,0.010903,0.003538,0.00121,-0.001414,-0.006575,-0.009493,-0.00928,0.00036,0.001152,0.001846,-0.00141,-0.002821,0.001057,0.005478,0.006707,0.001924,-0.003946,0.069435,-0.896319,-0.09556,-0.901792,1,0,0,0,0,0,0,0,0,0,0
3278,-0.000508,-0.005139,-0.017956,-0.037372,-0.057422,-0.004568,-0.005742,-0.006123,-0.00736,-0.006662,-0.000698,-0.002094,-0.011484,-0.023857,-0.035469,0.000476,0.003966,0.011707,0.023128,0.030488,-0.002062,-0.012658,-0.022969,-0.034612,-0.048476,-0.001935,-0.011231,-0.015577,-0.017385,-0.018908,-0.000127,-0.003934,-0.012563,-0.021097,-0.029726,0.000952,0.006726,0.021097,0.0309,0.031852,0.000461,0.002811,0.009416,0.007708,0.001254,0.00247,-0.006152,-0.009886,-0.009686,-0.011179,-0.000351,0.00107,0.000419,-0.002159,-0.003975,0.001537,0.005847,0.003689,-0.002129,-0.006906,0.066838,-0.894069,-0.096947,-0.903554,1,0,0,0,0,0,0,0,0,0,0
3279,-0.001364,-0.009864,-0.027371,-0.046908,-0.069839,-0.000317,-0.000698,-0.002157,-0.00295,-0.0013,-0.00019,-0.005328,-0.01792,-0.028735,-0.041929,0.001332,0.00777,0.015224,0.027593,0.035554,-0.005265,-0.015731,-0.027149,-0.038852,-0.056772,-0.005075,-0.010466,-0.015414,-0.016841,-0.021218,-0.002093,-0.0085,-0.016365,-0.024865,-0.03457,0.001713,0.013162,0.02569,0.030733,0.034253,0.000432,0.00548,0.010428,0.003062,-0.001417,-0.005094,-0.010255,-0.013173,-0.012961,-0.018323,0.001142,0.001837,-0.001422,-0.002835,-0.004917,0.002892,0.004122,-0.000666,-0.006541,-0.010713,0.064068,-0.893836,-0.09467,-0.901065,1,0,0,0,0,0,0,0,0,0,0
3280,-0.003269,-0.016089,-0.035511,-0.055567,-0.077813,-0.000857,-0.001238,-0.002475,-0.001777,-0.000984,-0.001206,-0.010599,-0.022976,-0.034591,-0.048427,0.002158,0.009901,0.021326,0.028688,0.039446,-0.005331,-0.015645,-0.027292,-0.04116,-0.058836,-0.004221,-0.008568,-0.010377,-0.0119,-0.022595,-0.001714,-0.010345,-0.018882,-0.027514,-0.036558,0.004062,0.018438,0.028244,0.029196,0.038557,0.001918,0.008526,0.006817,0.000361,-0.001067,-0.003528,-0.007262,-0.007062,-0.008556,-0.019355,0.000277,-0.000375,-0.002959,-0.004779,-0.007639,0.001416,-0.000747,-0.006577,-0.011364,-0.015583,0.058938,-0.895615,-0.094735,-0.897336,1,0,0,0,0,0,0,0,0,0,0
3281,-0.005238,-0.022761,-0.042316,-0.065268,-0.081998,0.000476,-0.000984,-0.001778,-0.000127,-0.003238,-0.003936,-0.016539,-0.027364,-0.04057,-0.052888,0.004286,0.011746,0.024126,0.032094,0.041777,-0.005143,-0.016571,-0.028285,-0.046221,-0.059237,-0.001175,-0.006127,-0.007555,-0.011936,-0.026856,-0.004698,-0.012571,-0.021079,-0.030793,-0.03819,0.007397,0.019936,0.024984,0.028507,0.04111,0.003133,0.008087,0.000713,-0.00377,-0.000854,-0.001637,-0.004558,-0.004345,-0.009712,-0.020906,0.000422,-0.002858,-0.004281,-0.006376,-0.009343,-0.000182,-0.005,-0.010914,-0.015113,-0.01859,0.054925,-0.900287,-0.097099,-0.892988,1,0,0,0,0,0,0,0,0,0,0
3282,-0.007591,-0.027029,-0.047102,-0.069367,-0.084294,-0.000858,-0.002096,-0.001397,-0.000603,-0.007369,-0.005463,-0.01785,-0.029474,-0.043322,-0.054534,0.003462,0.014896,0.022265,0.033032,0.043481,-0.005177,-0.016833,-0.030713,-0.048404,-0.061267,-0.003176,-0.004987,-0.006511,-0.017215,-0.034112,-0.003938,-0.012482,-0.021121,-0.030173,-0.037065,0.006987,0.016802,0.017755,0.027124,0.040178,0.003478,0.001768,-0.004694,-0.006122,-0.003499,-0.0021,-0.001899,-0.003394,-0.014203,-0.023943,-0.001079,-0.003678,-0.005509,-0.008386,-0.011038,-0.001994,-0.007857,-0.012673,-0.016917,-0.019092,0.050377,-0.903654,-0.09804,-0.889033,1,0,0,0,0,0,0,0,0,0,0
3283,-0.009953,-0.029541,-0.052531,-0.069289,-0.083821,-0.000604,-0.001399,0.000254,-0.002862,-0.009031,-0.007155,-0.017998,-0.031226,-0.043564,-0.054408,0.004007,0.016408,0.02439,0.034088,0.047762,-0.006264,-0.017998,-0.035964,-0.049002,-0.059591,-0.001781,-0.003212,-0.0076,-0.022545,-0.035169,-0.003943,-0.012465,-0.022195,-0.029605,-0.036664,0.005565,0.010621,0.01415,0.026774,0.039144,0.00148,-0.005906,-0.010397,-0.007476,-0.008744,-0.000824,-0.00061,-0.005986,-0.017199,-0.022999,-0.002231,-0.00367,-0.005791,-0.008792,-0.011158,-0.002866,-0.008849,-0.013098,-0.016617,-0.01946,0.047805,-0.907328,-0.100629,-0.889229,1,0,0,0,0,0,0,0,0,0,0
3284,-0.009503,-0.029589,-0.051868,-0.066805,-0.078406,-0.000636,6.4e-05,0.000858,-0.005911,-0.014238,-0.005244,-0.016876,-0.030733,-0.041952,-0.050724,0.007437,0.01481,0.025584,0.036041,0.047832,-0.005403,-0.019292,-0.036994,-0.049866,-0.056985,-3.2e-05,-0.001557,-0.012268,-0.029176,-0.038361,-0.004608,-0.013253,-0.022311,-0.029207,-0.03585,0.004259,0.005212,0.014588,0.02765,0.037852,-0.00319,-0.009656,-0.011086,-0.00846,-0.010023,0.001024,-0.000472,-0.011287,-0.021034,-0.021209,-0.000388,-0.002228,-0.005118,-0.007781,-0.009106,-0.003036,-0.007873,-0.012136,-0.014321,-0.016969,0.047239,-0.908703,-0.101194,-0.888586,1,0,0,0,0,0,0,0,0,0,0
3285,-0.010089,-0.0331,-0.049873,-0.064418,-0.071929,-0.000159,0.001496,-0.001623,-0.007798,-0.018842,-0.005602,-0.018842,-0.03119,-0.042043,-0.049077,0.004965,0.012954,0.022661,0.036346,0.045385,-0.006334,-0.024316,-0.037365,-0.047963,-0.054965,-0.0014,-0.005792,-0.020751,-0.033386,-0.04147,-0.003915,-0.013654,-0.021069,-0.028135,-0.034278,0.000796,0.004328,0.016964,0.029344,0.038065,-0.004198,-0.008692,-0.005769,-0.007038,-0.007343,-0.000812,-0.006193,-0.017415,-0.02322,-0.020217,-0.001056,-0.00319,-0.00621,-0.008591,-0.009144,-0.002955,-0.00723,-0.010771,-0.013632,-0.01365,0.045433,-0.910297,-0.102481,-0.88998,1,0,0,0,0,0,0,0,0,0,0
3286,-0.010024,-0.032331,-0.047287,-0.058902,-0.064534,0.000859,0.001655,-0.005123,-0.013461,-0.024121,-0.006046,-0.01992,-0.031153,-0.039936,-0.046969,0.002418,0.013206,0.023675,0.035481,0.044518,-0.007574,-0.025298,-0.038186,-0.045314,-0.051551,-0.000127,-0.010851,-0.02778,-0.036977,-0.042705,-0.004741,-0.013811,-0.020716,-0.027367,-0.033922,0.000159,0.009546,0.022625,0.03284,0.042386,-0.002277,-0.003708,-0.001079,-0.002644,-0.002128,-0.000686,-0.011515,-0.021274,-0.021449,-0.016669,-0.000801,-0.003716,-0.006403,-0.00774,-0.008028,-0.001928,-0.006229,-0.008433,-0.011105,-0.010284,0.04417,-0.914167,-0.104206,-0.891794,1,0,0,0,0,0,0,0,0,0,0
3287,-0.012986,-0.029759,-0.044304,-0.051815,-0.054457,0.000796,-0.002323,-0.008498,-0.019542,-0.030427,-0.007193,-0.019542,-0.030395,-0.037429,-0.043158,0.00557,0.015277,0.028963,0.038002,0.042044,-0.010408,-0.023457,-0.034056,-0.041058,-0.044718,-0.004265,-0.019224,-0.031859,-0.039944,-0.044431,-0.004997,-0.012413,-0.019478,-0.025621,-0.032496,0.003374,0.016009,0.02839,0.037111,0.043858,-0.002217,0.000706,-0.000563,-0.000868,0.00182,-0.004695,-0.015918,-0.021723,-0.018719,-0.012551,-0.001332,-0.004353,-0.006734,-0.007287,-0.006542,-0.002345,-0.005886,-0.008748,-0.008766,-0.00752,0.04482,-0.915772,-0.107445,-0.892641,1,0,0,0,0,0,0,0,0,0,0
3288,-0.00933,-0.024296,-0.035919,-0.041555,-0.04095,0.0,-0.006783,-0.015125,-0.025793,-0.036811,-0.006687,-0.017928,-0.026716,-0.033754,-0.036715,0.005222,0.015699,0.027512,0.036556,0.037957,-0.007324,-0.02022,-0.027353,-0.033594,-0.034645,-0.006464,-0.023405,-0.032607,-0.038339,-0.040664,-0.004076,-0.010986,-0.017641,-0.024201,-0.029741,0.006018,0.019106,0.029328,0.03888,0.04544,0.000786,0.003417,0.001851,0.002368,0.007493,-0.006139,-0.015905,-0.01608,-0.011297,-0.002948,-0.001593,-0.004292,-0.005635,-0.005925,-0.004229,-0.001968,-0.004183,-0.006867,-0.006043,-0.004116,0.045103,-0.919702,-0.108967,-0.894773,1,0,0,0,0,0,0,0,0,0,0
3289,-0.007459,-0.022026,-0.029549,-0.032195,-0.030537,-0.003124,-0.009308,-0.020369,-0.03127,-0.040323,-0.005674,-0.016544,-0.023588,-0.029326,-0.030314,0.004494,0.018201,0.027254,0.031302,0.034203,-0.005738,-0.016352,-0.023365,-0.027031,-0.027541,-0.008511,-0.021166,-0.029262,-0.033756,-0.035956,-0.003347,-0.010423,-0.016575,-0.023461,-0.028911,0.00663,0.01903,0.027764,0.034522,0.044849,0.002141,0.00087,0.000564,0.003257,0.010648,-0.005094,-0.010908,-0.0079,-0.001722,0.004742,-0.001449,-0.003855,-0.004414,-0.003661,-0.000615,-0.001597,-0.004489,-0.004507,-0.003247,-0.001078,0.048012,-0.923987,-0.109839,-0.895425,1,0,0,0,0,0,0,0,0,0,0
3290,-0.007523,-0.019158,-0.024801,-0.024195,-0.022155,-0.003666,-0.012018,-0.022697,-0.033727,-0.041505,-0.005579,-0.014377,-0.021422,-0.024386,-0.024163,0.005993,0.01782,0.026873,0.028275,0.030475,-0.007172,-0.014313,-0.020561,-0.021613,-0.0219,-0.008448,-0.01766,-0.023398,-0.025725,-0.029901,-0.00357,-0.010233,-0.0168,-0.022346,-0.030634,0.006471,0.016704,0.026267,0.032834,0.040644,0.000493,-0.001075,-0.000557,0.004573,0.010187,-0.004682,-0.004857,-6.8e-05,0.00829,0.011524,-0.001271,-0.002624,-0.002916,-0.001207,0.004747,-0.000634,-0.003339,-0.002508,-0.000567,0.001428,0.053113,-0.92479,-0.109774,-0.894717,1,0,0,0,0,0,0,0,0,0,0
3291,-0.007055,-0.014589,-0.017239,-0.015579,-0.013759,-0.002522,-0.0136,-0.024518,-0.033585,-0.040831,-0.005299,-0.012355,-0.018101,-0.019091,-0.017878,0.007726,0.016792,0.020847,0.023752,0.024773,-0.003448,-0.010471,-0.014143,-0.014653,-0.014877,-0.004214,-0.012323,-0.016824,-0.019027,-0.022826,-0.003512,-0.009673,-0.016569,-0.022028,-0.030679,0.005938,0.014685,0.021453,0.031797,0.033872,-0.001766,-0.002072,0.000624,0.008027,0.009168,-0.001134,0.001878,0.008066,0.01454,0.01767,-0.001148,-0.001713,-0.000952,0.002127,0.009177,-0.002282,-0.002301,-0.001028,0.001165,0.002989,0.0566,-0.923128,-0.111068,-0.895458,1,0,0,0,0,0,0,0,0,0,0
3292,-0.004605,-0.010264,-0.009657,-0.00761,-0.006491,-0.005852,-0.016564,-0.027628,-0.03543,-0.041185,-0.003517,-0.010584,-0.013558,-0.013334,-0.011895,0.004125,0.013206,0.014613,0.01682,0.016788,-0.003709,-0.009977,-0.011032,-0.01132,-0.011,-0.00502,-0.010776,-0.01311,-0.017299,-0.018642,-0.003166,-0.009753,-0.015317,-0.02363,-0.031593,0.004317,0.01391,0.020497,0.028331,0.027372,0.000197,0.000716,0.005862,0.011493,0.010767,0.00096,0.005763,0.014148,0.017392,0.021653,-0.000222,-0.00052,0.001226,0.00731,0.014114,-0.000456,0.000393,0.002377,0.004416,0.005455,0.061826,-0.923103,-0.111591,-0.898756,1,0,0,0,0,0,0,0,0,0,0
3293,-0.002942,-0.005597,-0.003934,-0.002111,0.000864,-0.005245,-0.016183,-0.025267,-0.032527,-0.038188,-0.00355,-0.009307,-0.010299,-0.009083,-0.005981,0.004957,0.009019,0.01193,0.012953,0.012761,-0.003326,-0.007004,-0.007516,-0.00774,-0.007164,-0.003102,-0.007612,-0.009819,-0.013625,-0.014041,-0.003006,-0.009915,-0.015384,-0.024051,-0.033358,0.004446,0.011226,0.021589,0.023667,0.022868,-0.000503,0.002198,0.009614,0.010758,0.010584,0.002058,0.008256,0.014742,0.017878,0.022758,-0.00035,0.000421,0.00354,0.01068,0.019643,0.000437,0.001727,0.003948,0.005796,0.00821,0.067397,-0.923042,-0.111515,-0.902689,1,0,0,0,0,0,0,0,0,0,0
3294,-0.00272,-0.002112,-6.4e-05,0.001056,0.007647,-0.005471,-0.016542,-0.024348,-0.030108,-0.036507,-0.003519,-0.006495,-0.006271,-0.004831,-0.000192,0.004127,0.005535,0.007743,0.007711,0.010398,-0.002944,-0.003999,-0.004287,-0.003967,-0.001792,-0.002656,-0.004991,-0.009183,-0.010526,-0.010878,-0.003583,-0.009151,-0.017469,-0.025436,-0.03785,0.005151,0.011742,0.019581,0.018621,0.016542,0.001023,0.006172,0.011807,0.01108,0.007215,0.002748,0.011137,0.014383,0.018646,0.024068,5.1e-05,0.001805,0.007914,0.014746,0.027101,0.000414,0.002406,0.004453,0.005497,0.009605,0.075555,-0.920388,-0.113479,-0.907833,1,0,0,0,0,0,0,0,0,0,0
3295,6.4e-05,0.001731,0.003558,0.006539,0.013495,-0.005481,-0.014584,-0.021861,-0.027534,-0.032086,-0.002244,-0.003237,-0.002019,0.00109,0.006635,-6.4e-05,0.002853,0.003878,0.003686,0.010001,-0.000737,-0.00125,-0.001474,-0.000897,0.005161,-0.001859,-0.004071,-0.007885,-0.008302,-0.008174,-0.003334,-0.008815,-0.017501,-0.026829,-0.045452,0.001635,0.01202,0.014104,0.013302,0.011026,0.001683,0.009115,0.010261,0.010087,0.003416,0.00346,0.00996,0.013102,0.017993,0.022521,0.000731,0.003898,0.011149,0.020252,0.037521,0.000891,0.003146,0.005023,0.007474,0.008672,0.087378,-0.920806,-0.117463,-0.91129,1,0,0,0,0,0,0,0,0,0,0
3296,0.000545,0.002599,0.003722,0.010331,0.017646,-0.005614,-0.013443,-0.019218,-0.025634,-0.026212,-0.000738,-0.000513,0.00093,0.005582,0.012256,0.001476,0.00369,0.003657,0.006352,0.011614,-0.000321,-0.00061,-0.000289,0.001893,0.009753,-0.000481,-0.004684,-0.006032,-0.006384,-0.004909,-0.002246,-0.010587,-0.018576,-0.031024,-0.055471,0.004973,0.012833,0.011871,0.009785,0.003401,0.003479,0.009129,0.0084,0.004525,-0.003607,0.004949,0.008204,0.012479,0.017916,0.020021,0.001052,0.007279,0.014243,0.026837,0.048556,0.001134,0.003221,0.004284,0.008472,0.008237,0.101881,-0.914277,-0.120071,-0.914113,1,0,0,0,0,0,0,0,0,0,0
3297,0.001124,0.002955,0.005943,0.012914,0.02162,-0.003502,-0.010794,-0.01648,-0.021042,-0.020496,-0.000257,0.000964,0.00408,0.009637,0.015131,0.001446,0.002474,0.002281,0.008609,0.018857,-0.000193,-0.000418,0.000161,0.006232,0.014231,-0.001735,-0.005558,-0.005975,-0.005847,-0.004722,-0.003245,-0.01195,-0.021299,-0.039963,-0.079637,0.005429,0.007517,0.006714,0.004433,-0.001895,0.003965,0.005114,0.004939,-0.001747,-0.010741,0.001559,0.004709,0.00961,0.014148,0.014633,0.002155,0.00952,0.018765,0.036305,0.066583,0.001146,0.003052,0.005542,0.006758,0.007426,0.129439,-0.912681,-0.121915,-0.914872,1,0,0,0,0,0,0,0,0,0,0
3298,0.000934,0.002061,0.008694,0.016036,0.023765,-0.004347,-0.010143,-0.016584,-0.017163,-0.019256,0.000483,0.001932,0.006601,0.013299,0.017775,0.000773,0.000741,0.003446,0.008727,0.020029,-9.7e-05,0.000225,0.002415,0.010304,0.017582,-0.00248,-0.003832,-0.004186,-0.002705,-0.004895,-0.00512,-0.013138,-0.025632,-0.05017,-0.092933,0.002447,0.001481,-0.000612,-0.00702,-0.022251,0.001696,0.000965,-0.002925,-0.011087,-0.027108,0.001704,0.005995,0.011452,0.013565,0.013413,0.004199,0.011344,0.024268,0.046556,0.078497,0.000976,0.002067,0.006365,0.006123,0.006505,0.147152,-0.896145,-0.122839,-0.914967,1,0,0,0,0,0,0,0,0,0,0
3299,0.000903,0.003904,0.010906,0.019651,0.025782,-0.002969,-0.00868,-0.013262,-0.012713,-0.017586,0.000742,0.003872,0.009454,0.014972,0.019167,0.000258,6.5e-05,0.006421,0.016715,0.021393,-0.000129,0.000452,0.00655,0.014585,0.020684,-0.001355,-0.001775,-0.001646,-0.000516,-0.003872,-0.003614,-0.013004,-0.031751,-0.071602,-0.107161,-0.000355,-0.001162,-0.003453,-0.009809,-0.048466,-0.000546,-0.000721,-0.007437,-0.016471,-0.047036,0.001456,0.00638,0.010937,0.011424,0.012925,0.003338,0.012874,0.030967,0.0622,0.0889,0.000976,0.003544,0.004799,0.005488,0.005684,0.167993,-0.870466,-0.123643,-0.915632,1,0,0,0,0,0,0,0,0,0,0
3300,0.000226,0.006885,0.014255,0.022013,0.027929,-0.002845,-0.00931,-0.009891,-0.011992,-0.016033,0.000711,0.005398,0.012122,0.016615,0.020558,-0.000291,0.002424,0.007726,0.019072,0.021237,0.000453,0.002651,0.01057,0.017876,0.023597,0.0,-0.000356,0.001131,-0.001067,-0.003523,-0.004428,-0.01697,-0.041602,-0.084529,-0.112167,-0.000614,-0.002715,-0.009148,-0.024437,-0.081975,-0.000188,-0.004092,-0.012286,-0.028367,-0.074203,0.002849,0.008326,0.010447,0.010295,0.011843,0.00396,0.017234,0.040126,0.072933,0.094707,0.000132,0.004546,0.004298,0.00469,0.005044,0.179399,-0.836061,-0.12438,-0.91689,1,0,0,0,0,0,0,0,0,0,0
3301,0.002788,0.009823,0.018609,0.024769,0.030475,-0.002885,-0.007489,-0.006938,-0.011833,-0.01407,0.002432,0.00804,0.013584,0.017799,0.021365,9.7e-05,0.006484,0.016826,0.021527,0.021365,0.00013,0.006257,0.01433,0.020457,0.025936,-0.000421,-0.000292,0.000843,-0.002529,-0.005025,-0.004993,-0.023829,-0.063868,-0.099595,-0.112272,-0.000195,-0.002496,-0.008883,-0.047723,-0.130913,1.2e-05,-0.006736,-0.015812,-0.046522,-0.116152,0.00209,0.006669,0.007158,0.008666,0.008381,0.005814,0.024515,0.056797,0.084394,0.098596,0.002519,0.003816,0.004528,0.00473,0.00491,0.187752,-0.786263,-0.124427,-0.917127,1,0,0,0,0,0,0,0,0,0,0
3302,0.003901,0.011314,0.019117,0.025067,0.029456,-0.003609,-0.004194,-0.006307,-0.010371,-0.011574,0.002276,0.009038,0.013557,0.017524,0.019312,0.002633,0.007965,0.019377,0.021555,0.021068,0.002081,0.010046,0.017394,0.023148,0.027798,6.5e-05,0.001561,-0.00065,-0.003121,-0.00621,-0.007608,-0.032382,-0.075557,-0.103355,-0.117823,-0.001918,-0.008388,-0.023766,-0.081637,-0.163924,-0.00394,-0.01218,-0.028355,-0.074456,-0.139427,0.003413,0.005547,0.005393,0.00695,0.005111,0.007892,0.031727,0.065887,0.088559,0.098189,0.002027,0.001769,0.002177,0.002545,0.002086,0.200697,-0.753022,-0.124071,-0.916893,1,0,0,0,0,0,0,0,0,0,0
3303,0.003163,0.012,0.018196,0.023935,0.026837,-0.001011,-0.000457,-0.00538,-0.00763,-0.007891,0.003359,0.008935,0.013174,0.016761,0.017446,0.003783,0.014185,0.018913,0.01875,0.018,0.004076,0.012196,0.018359,0.02387,0.026707,6.5e-05,0.001207,-0.002185,-0.004696,-0.006815,-0.011315,-0.051587,-0.087522,-0.100273,-0.120131,-0.000391,-0.006815,-0.045881,-0.129555,-0.180393,-0.002835,-0.011965,-0.042853,-0.112888,-0.144719,0.001182,0.001674,0.003191,0.002904,0.001052,0.011418,0.045038,0.073779,0.08857,0.09417,-0.000719,2.3e-05,0.000234,0.000421,0.000262,0.213022,-0.734324,-0.122534,-0.916215,1,0,0,0,0,0,0,0,0,0,0
3304,0.004284,0.012132,0.018117,0.022531,0.024984,0.000425,-0.0017,-0.005788,-0.006998,-0.006998,0.003434,0.007979,0.011969,0.013767,0.014094,0.00157,0.013048,0.015239,0.014748,0.014062,0.003924,0.011315,0.017103,0.021779,0.023774,0.001439,-0.000785,-0.00327,-0.006377,-0.007521,-0.013571,-0.056999,-0.084958,-0.09951,-0.122434,-0.006115,-0.021583,-0.079791,-0.162559,-0.202029,-0.005445,-0.021714,-0.068084,-0.133434,-0.150793,0.000961,0.000806,0.002372,0.000522,-0.00067,0.013179,0.048758,0.072372,0.082402,0.086668,0.000464,0.000889,0.001273,0.000794,0.001093,0.228675,-0.711244,-0.121818,-0.915615,1,0,0,0,0,0,0,0,0,0,0
3305,0.00458,0.010797,0.016555,0.019467,0.02228,0.000131,-0.004809,-0.007067,-0.007329,-0.007656,0.002159,0.006413,0.010011,0.010698,0.010339,0.008866,0.01361,0.013447,0.012694,0.012563,0.00422,0.010404,0.015933,0.01878,0.020677,-0.000294,-0.003697,-0.006216,-0.008343,-0.009357,-0.026828,-0.062882,-0.075674,-0.095599,-0.123965,-0.000327,-0.039522,-0.123474,-0.17448,-0.215213,-0.003712,-0.034703,-0.10497,-0.136906,-0.149412,-0.000467,0.001055,0.000767,-0.001092,-0.001886,0.021184,0.050599,0.065736,0.071468,0.075787,0.000293,0.000509,0.0007,0.000538,0.00132,0.245722,-0.690779,-0.120836,-0.915202,1,0,0,0,0,0,0,0,0,0,0
3306,0.003271,0.009257,0.013673,0.016127,0.018874,-0.002257,-0.006346,-0.007556,-0.007556,-0.007753,0.002388,0.006379,0.008178,0.008505,0.007066,0.002617,0.004809,0.004318,0.003631,0.003696,0.003173,0.008963,0.013641,0.015636,0.017108,-0.00193,-0.004416,-0.007524,-0.008669,-0.009192,-0.016617,-0.044586,-0.059142,-0.082073,-0.106345,-0.015145,-0.073372,-0.156164,-0.195647,-0.226625,-0.012563,-0.058947,-0.124316,-0.141681,-0.147754,0.000312,0.001879,2.8e-05,-0.001164,-0.001645,0.014497,0.038161,0.048213,0.052487,0.055685,0.000133,0.000517,3.8e-05,0.000337,0.001498,0.257153,-0.67852,-0.119672,-0.91538,1,0,0,0,0,0,0,0,0,0,0
3307,0.002941,0.008693,0.011601,0.014411,0.016928,-0.00268,-0.004934,-0.005196,-0.005523,-0.005457,0.001863,0.005457,0.006144,0.005784,0.002124,0.002124,0.001961,0.001209,0.001078,0.001242,0.003006,0.008529,0.011372,0.013268,0.014477,-0.001471,-0.003987,-0.006111,-0.007124,-0.007353,-0.019411,-0.032188,-0.05209,-0.080422,-0.095095,-0.024019,-0.107872,-0.158818,-0.199503,-0.225221,-0.018404,-0.088589,-0.120487,-0.132978,-0.141928,0.001208,0.00092,-0.000936,-0.00173,-0.002179,0.014778,0.029792,0.035476,0.03976,0.041841,8.2e-05,0.000272,0.00011,0.000886,0.00207,0.264213,-0.664242,-0.118071,-0.91522,1,0,0,0,0,0,0,0,0,0,0
3308,0.003037,0.007446,0.009895,0.012639,0.015349,-0.001404,-0.002613,-0.002613,-0.002809,-0.002743,0.002123,0.003919,0.004246,0.002809,-0.002939,6.5e-05,-0.000425,-0.00111,-0.001045,-0.000947,0.002776,0.007446,0.009438,0.010908,0.01192,-0.001012,-0.004115,-0.005258,-0.00578,-0.005944,-0.008524,-0.023057,-0.04595,-0.070182,-0.086609,-0.034128,-0.116785,-0.156203,-0.18713,-0.212897,-0.027916,-0.093179,-0.110515,-0.116578,-0.124377,0.000357,-0.001491,-0.002682,-0.003161,-0.00359,0.008682,0.01862,0.022846,0.026007,0.027912,0.000298,-0.000175,0.00012,0.001268,0.002814,0.276449,-0.652457,-0.115966,-0.915015,1,0,0,0,0,0,0,0,0,0,0
3309,0.002712,0.005619,0.008429,0.010945,0.013069,-0.000849,-0.001111,-0.001438,-0.001372,-0.001732,0.00147,0.002156,0.001797,-0.001862,-0.008495,-0.000229,-0.00098,-0.001111,-0.000947,-0.003038,0.002744,0.005587,0.007482,0.008691,0.009671,-0.001503,-0.003627,-0.004639,-0.004868,-0.005227,-0.004247,-0.024144,-0.05247,-0.06714,-0.083083,-0.049693,-0.100628,-0.141304,-0.167016,-0.192892,-0.042242,-0.074133,-0.086622,-0.095569,-0.10206,-0.000644,-0.002501,-0.003294,-0.003743,-0.003878,0.006283,0.011959,0.016236,0.018314,0.019984,-0.00011,-0.000271,0.000504,0.001686,0.002746,0.28298,-0.638807,-0.114827,-0.914921,1,0,0,0,0,0,0,0,0,0,0
3310,0.001699,0.00415,0.006894,0.009607,0.011208,-0.000359,-0.000359,-0.000555,-0.00049,-0.001634,0.000327,0.000654,-0.000784,-0.006535,-0.012188,-0.000261,-0.000948,-0.000882,-0.000784,-0.005261,0.001928,0.003921,0.005391,0.006404,0.007058,-0.001601,-0.002745,-0.003268,-0.003431,-0.004869,-0.010293,-0.033198,-0.057443,-0.073879,-0.078028,-0.033002,-0.072441,-0.103384,-0.129165,-0.151842,-0.02305,-0.040396,-0.046462,-0.054265,-0.065738,-0.001204,-0.002395,-0.002875,-0.003304,-0.003706,0.003686,0.007927,0.0111,0.013013,0.013917,-0.000366,-6.9e-05,0.001083,0.002635,0.00348,0.282863,-0.630271,-0.113721,-0.913657,1,0,0,0,0,0,0,0,0,0,0
3311,0.001209,0.004019,0.006535,0.008659,0.010162,9.8e-05,-0.000229,-0.000163,-0.000523,-0.001699,0.000359,0.0,-0.00366,-0.010293,-0.013757,-0.00049,-0.000621,-0.000457,-0.002549,-0.006862,0.000915,0.00281,0.004019,0.004999,0.005097,-0.000523,-0.001536,-0.001765,-0.002124,-0.004509,-0.009607,-0.037937,-0.052609,-0.068555,-0.070711,-0.017939,-0.058621,-0.084337,-0.110217,-0.122928,-0.008845,-0.021335,-0.030284,-0.036776,-0.042413,-0.000652,-0.001446,-0.001895,-0.00203,-0.003393,0.001995,0.006277,0.008357,0.010029,0.010388,0.000205,0.00098,0.002163,0.003224,0.004391,0.28672,-0.626454,-0.112765,-0.912095,1,0,0,0,0,0,0,0,0,0,0
3312,0.001241,0.003985,0.006697,0.008297,0.009506,-9.8e-05,-0.000294,-0.000229,-0.001372,-0.001797,-3.3e-05,-0.00147,-0.007219,-0.012871,-0.014766,-0.000196,-0.000131,-3.3e-05,-0.004508,-0.007415,0.001078,0.002548,0.003561,0.004214,0.004181,-0.000621,-0.001143,-0.001307,-0.002744,-0.004998,-0.013296,-0.037535,-0.053966,-0.058115,-0.06099,-0.021495,-0.052431,-0.078205,-0.100876,-0.105384,-0.008499,-0.014563,-0.022365,-0.033835,-0.033865,-0.000539,-0.001019,-0.001448,-0.00185,-0.003808,0.002243,0.005411,0.00732,0.008223,0.008326,9.2e-05,0.001242,0.002791,0.003635,0.004577,0.287754,-0.626286,-0.111339,-0.910277,1,0,0,0,0,0,0,0,0,0,0
3313,0.001568,0.004083,0.006207,0.00771,0.00918,-0.000229,-0.000163,-0.000523,-0.001699,-0.000719,-0.000327,-0.003985,-0.010617,-0.01408,-0.015158,6.5e-05,0.000229,-0.001862,-0.006174,-0.007416,0.000817,0.002025,0.003005,0.003103,0.003299,-0.000392,-0.000621,-0.00098,-0.003365,-0.004573,-0.015027,-0.029695,-0.045637,-0.047793,-0.046878,-0.019176,-0.044886,-0.070759,-0.083466,-0.08327,-0.003988,-0.012935,-0.019425,-0.025061,-0.025979,-0.000254,-0.000703,-0.000838,-0.002201,-0.004519,0.002031,0.004107,0.005776,0.006135,0.00601,0.000682,0.001863,0.002922,0.004087,0.005011,0.287912,-0.62688,-0.10964,-0.908508,1,0,0,0,0,0,0,0,0,0,0
3314,0.001176,0.003887,0.005488,0.006697,0.009212,3.3e-05,9.8e-05,-0.001045,-0.00147,0.003267,-0.001111,-0.00686,-0.012512,-0.014406,-0.015027,0.0,9.8e-05,-0.004377,-0.007285,-0.007513,0.000653,0.001666,0.002319,0.002287,0.003299,-0.000131,-0.000294,-0.001731,-0.003985,-0.003691,-0.009212,-0.025644,-0.029792,-0.032667,-0.031556,-0.01176,-0.037535,-0.060206,-0.064714,-0.06161,-0.002076,-0.009878,-0.021348,-0.021378,-0.02104,-0.000226,-0.000655,-0.001056,-0.003015,-0.007598,0.001137,0.003046,0.003949,0.004052,0.003848,0.000468,0.002017,0.002861,0.003803,0.004694,0.288524,-0.62881,-0.108499,-0.906602,1,0,0,0,0,0,0,0,0,0,0
3315,0.00134,0.003464,0.004967,0.006438,0.009804,3.3e-05,-0.000327,-0.001503,-0.000523,0.005359,-0.002549,-0.009183,-0.012647,-0.013725,-0.013889,0.000163,-0.001928,-0.006242,-0.007484,-0.006667,0.000556,0.001536,0.001634,0.00183,0.003693,-9.8e-05,-0.000458,-0.002843,-0.004052,-9.8e-05,-0.005457,-0.021405,-0.023562,-0.022647,-0.020817,-0.013954,-0.039836,-0.052548,-0.052352,-0.047222,-0.006872,-0.013365,-0.019002,-0.019921,-0.019241,-0.000224,-0.000359,-0.001721,-0.004041,-0.006122,0.000942,0.002614,0.002974,0.002849,0.00259,0.000715,0.001777,0.002944,0.00387,0.004986,0.287435,-0.629788,-0.108205,-0.907422,1,0,0,0,0,0,0,0,0,0,0
3316,0.001373,0.002974,0.004183,0.006699,0.010457,3.3e-05,-0.001111,-0.001536,0.003203,0.005359,-0.003203,-0.008856,-0.010752,-0.011372,-0.01098,-6.5e-05,-0.004542,-0.007451,-0.00768,-0.005784,0.000458,0.001111,0.001078,0.002091,0.004118,-6.5e-05,-0.001503,-0.003758,-0.003464,0.001144,-0.01098,-0.015131,-0.018006,-0.016895,-0.014902,-0.01183,-0.034509,-0.039019,-0.035915,-0.03049,-0.000932,-0.012406,-0.012437,-0.012099,-0.011488,-0.000205,-0.000607,-0.002567,-0.007152,-0.004903,0.000972,0.001878,0.001981,0.001777,0.001566,0.000839,0.001685,0.002629,0.003522,0.005264,0.287658,-0.631379,-0.108076,-0.907544,1,0,0,0,0,0,0,0,0,0,0
3317,0.000752,0.002255,0.003726,0.007093,0.01059,-0.000392,-0.001569,-0.000588,0.005295,0.005393,-0.003432,-0.006897,-0.007975,-0.008139,-0.006766,-0.002026,-0.006341,-0.007583,-0.006766,-0.00402,0.000523,0.000621,0.000817,0.00268,0.005132,-0.000294,-0.00268,-0.00389,6.5e-05,0.001732,-0.004968,-0.007125,-0.00621,-0.00438,-0.000327,-0.014055,-0.026769,-0.026573,-0.021441,-0.015525,-0.005562,-0.0112,-0.012119,-0.011439,-0.011886,7.1e-05,-0.001292,-0.003612,-0.005694,-0.004246,0.000701,0.001061,0.000936,0.000677,0.000448,0.000223,0.001392,0.002319,0.003437,0.004503,0.285015,-0.633745,-0.108594,-0.90763,1,0,0,0,0,0,0,0,0,0,0
3318,0.00085,0.00206,0.004577,0.008337,0.010757,-0.000752,-0.001177,0.003564,0.005722,0.005787,-0.002223,-0.00412,-0.004741,-0.004349,-0.00121,-0.002452,-0.005362,-0.005591,-0.003695,0.000327,0.000131,9.8e-05,0.001112,0.003139,0.006931,-0.001144,-0.0034,-0.003106,0.001504,0.001864,0.000817,-0.00206,-0.000948,0.001046,0.014451,-0.008632,-0.013144,-0.010038,-0.00461,0.004512,-0.005917,-0.005947,-0.005609,-0.004998,-0.010477,-0.000473,-0.002434,-0.00702,-0.00477,-0.00433,0.000206,0.00031,0.000105,-0.000107,-0.000644,0.000625,0.001573,0.002469,0.004217,0.003025,0.276143,-0.638729,-0.110934,-0.907851,1,0,0,0,0,0,0,0,0,0,0
3319,0.000654,0.002125,0.005493,0.008992,0.010954,-0.000425,0.000556,0.006441,0.006539,0.006507,-0.001242,-0.002322,-0.002485,-0.001112,0.006376,-0.001864,-0.003106,-0.002289,0.000458,0.003793,-3.3e-05,0.000163,0.002027,0.00448,0.011052,-0.001242,-0.002452,0.001504,0.003172,0.003008,-0.002975,-0.00206,-0.000229,0.003826,0.034692,-0.004087,-0.003891,0.001242,0.007161,0.022038,0.000276,-0.000643,3.8e-05,-0.00041,-0.012075,-0.000891,-0.003211,-0.005294,-0.003846,-0.003464,0.000155,3e-05,-0.00023,-0.00046,-0.001592,0.000546,0.001476,0.002596,0.003665,-0.000447,0.256079,-0.646781,-0.11528,-0.908382,1,0,0,0,0,0,0,0,0,0,0
3320,0.000556,0.003074,0.006835,0.009255,0.011381,0.0,0.004742,0.006901,0.006966,0.007064,-0.000654,-0.001275,-0.000883,0.002257,0.013016,-0.001047,-0.001275,0.000621,0.004644,0.006148,0.0,0.001014,0.003042,0.006835,0.014782,-0.001014,-0.000719,0.003892,0.004252,0.004252,9.8e-05,0.00121,0.003205,0.016614,0.06083,-0.000425,0.002682,0.008111,0.017235,0.035059,-0.000307,3.1e-05,0.000642,-0.004838,-0.019899,-0.00107,-0.005658,-0.003408,-0.002967,-0.002392,-5.1e-05,-0.000257,-0.000469,-0.001007,-0.002477,0.000402,0.0013,0.003051,0.001857,-0.003345,0.233931,-0.654607,-0.119091,-0.909008,1,0,0,0,0,0,0,0,0,0,0
3321,0.000916,0.004286,0.007787,0.00975,0.011975,0.000982,0.006871,0.006969,0.006936,0.008147,-0.000425,-0.000589,0.000785,0.008278,0.019598,-0.000196,0.000622,0.00337,0.006707,0.008081,0.000196,0.002061,0.004515,0.011091,0.019402,-0.000196,0.003763,0.005431,0.005268,0.006478,0.000818,0.00265,0.006707,0.037593,0.085819,0.000622,0.005758,0.01168,0.026567,0.044725,-0.000613,6.8e-05,-0.000379,-0.012052,-0.026682,-0.001251,-0.003335,-0.001886,-0.001504,-0.000756,-7.5e-05,-0.000336,-0.000566,-0.001703,-0.003109,0.00053,0.001656,0.002729,-0.001401,-0.006858,0.209259,-0.662374,-0.123827,-0.911108,0,0,1,0,0,0,0,0,0,0,0
3322,0.001604,0.005367,0.007789,0.009917,0.012044,0.003764,0.005924,0.005989,0.006087,0.010604,-0.000196,0.000196,0.003338,0.014106,0.026117,-3.3e-05,0.001866,0.005891,0.007397,0.009459,0.000818,0.002847,0.006644,0.014597,0.023008,0.000491,0.005106,0.005466,0.005466,0.009491,0.000295,0.002291,0.01571,0.059958,0.119819,0.002487,0.00792,0.017052,0.034889,0.047882,0.000951,0.001563,-0.003922,-0.018994,-0.041645,-0.00334,-0.001088,-0.000647,-7.1e-05,0.000252,-0.000132,-0.000345,-0.000886,-0.002364,-0.003692,0.000371,0.002131,0.000931,-0.004298,-0.010016,0.174794,-0.664094,-0.127656,-0.914231,0,0,1,0,0,0,0,0,0,0,0
3323,0.001767,0.005268,0.007231,0.009456,0.012303,0.002127,0.002225,0.002192,0.003403,0.008213,3.3e-05,0.001407,0.0089,0.020221,0.0409,0.000851,0.003599,0.006937,0.008311,0.008867,0.001047,0.003501,0.010078,0.018389,0.02598,0.003468,0.005137,0.004973,0.006184,0.010176,0.001538,0.005595,0.036483,0.084712,0.164057,0.00265,0.008573,0.02346,0.04162,0.041358,-0.00027,-0.000718,-0.012391,-0.027022,-0.061086,0.001255,0.002704,0.003086,0.003834,0.003663,-0.000129,-0.00036,-0.001498,-0.002904,-0.003982,0.000756,0.00183,-0.002302,-0.007762,-0.012125,0.130432,-0.659361,-0.131185,-0.91456,0,0,1,0,0,0,0,0,0,0,0
3324,0.001993,0.004411,0.006534,0.008658,0.011794,3.3e-05,9.8e-05,0.000196,0.004705,0.006501,0.000359,0.003496,0.014244,0.026234,0.058317,0.001045,0.005064,0.006567,0.008625,0.001405,0.00098,0.00477,0.012709,0.021105,0.0263,0.001143,0.001503,0.001503,0.005521,0.00758,0.000457,0.013852,0.058023,0.117777,0.20455,0.002777,0.011892,0.029697,0.042668,0.034794,0.00088,-0.004595,-0.01964,-0.042251,-0.068452,0.000996,0.001436,0.00201,0.002333,0.002876,-8.3e-05,-0.000616,-0.002076,-0.003389,-0.004114,0.000991,-0.000195,-0.005359,-0.011006,-0.012804,0.08814,-0.65499,-0.132636,-0.914857,0,0,1,0,0,0,0,0,0,0,0
3325,0.001502,0.003461,0.005681,0.008522,0.010579,6.5e-05,3.3e-05,0.001241,0.00604,0.007477,0.001012,0.008489,0.019787,0.040422,0.065401,0.001698,0.005028,0.0064,0.006955,-0.007804,0.001469,0.008032,0.016326,0.023901,0.027101,0.000522,0.000359,0.001567,0.005551,0.007608,0.003592,0.034415,0.082543,0.161722,0.230061,0.003135,0.017991,0.036112,0.035851,0.025272,-0.001326,-0.012976,-0.027576,-0.061568,-0.073669,0.000451,0.000832,0.001579,0.001409,0.002185,-0.000145,-0.001266,-0.002652,-0.003714,-0.004211,7.2e-05,-0.004,-0.00938,-0.01368,-0.014621,0.061918,-0.648827,-0.13467,-0.915935,0,0,1,0,0,0,0,0,0,0,0
3326,0.000914,0.003036,0.005157,0.008291,0.010119,0.0,9.8e-05,0.004602,0.006398,0.007409,0.002122,0.01286,0.024839,0.056892,0.073441,0.002317,0.003819,0.005875,-0.001338,-0.013154,0.002317,0.010249,0.018638,0.023827,0.027581,-0.000163,-0.000163,0.003852,0.005908,0.008127,0.009792,0.053922,0.113621,0.200314,0.281229,0.005973,0.023762,0.03672,0.028854,-0.02275,-0.004144,-0.019175,-0.041766,-0.067942,-0.119841,-1.1e-05,0.000563,0.000885,0.001428,0.002898,-0.000385,-0.001836,-0.00314,-0.003861,-0.004257,-0.001249,-0.00638,-0.011991,-0.013777,-0.015343,0.007222,-0.607103,-0.137217,-0.919921,0,0,1,0,0,0,0,0,0,0,0
3327,0.001045,0.003266,0.006107,0.008164,0.00934,-3.3e-05,0.001176,0.005976,0.007413,0.006825,0.005356,0.016655,0.037294,0.062276,0.073967,0.001012,0.002384,0.002939,-0.011822,-0.025015,0.004245,0.01254,0.020116,0.023317,0.025537,0.0,0.001208,0.005192,0.00725,0.008295,0.021031,0.069166,0.148359,0.216709,0.307298,0.008883,0.027007,0.026746,0.016165,-0.07093,-0.007505,-0.022108,-0.056106,-0.068208,-0.143693,0.000393,0.001139,0.000969,0.001745,0.003511,-0.000735,-0.002123,-0.003186,-0.003683,-0.003933,-0.002823,-0.008209,-0.012513,-0.013455,-0.014183,-0.028573,-0.566466,-0.137975,-0.920206,0,0,1,0,0,0,0,0,0,0,0
3328,0.001078,0.003202,0.006339,0.008169,0.0083,0.000131,0.00464,0.006437,0.00745,0.006993,0.005391,0.017383,0.049471,0.066037,0.079369,0.00049,0.002549,-0.004673,-0.016501,-0.042413,0.003692,0.01209,0.017285,0.021043,0.022612,0.0,0.004019,0.006078,0.0083,0.009803,0.023134,0.082898,0.169684,0.250687,0.337082,0.00892,0.021893,0.014018,-0.037642,-0.080709,-0.007538,-0.030153,-0.056357,-0.108313,-0.105499,0.000181,0.000505,0.001048,0.002519,0.004668,-0.000723,-0.002037,-0.002763,-0.003162,-0.003252,-0.002336,-0.007989,-0.009789,-0.011367,-0.012428,-0.07885,-0.567209,-0.139498,-0.920694,0,0,1,0,0,0,0,0,0,0,0
3329,0.001144,0.003989,0.006049,0.007227,0.007128,0.001079,0.005886,0.007325,0.006736,0.007455,0.005919,0.026585,0.0516,0.063306,0.07668,0.000883,0.001439,-0.013341,-0.026552,-0.057682,0.004611,0.012197,0.015401,0.017625,0.019358,0.00121,0.005199,0.007259,0.008306,0.009842,0.025048,0.104343,0.172783,0.263491,0.352956,0.009221,0.00896,-0.001635,-0.088844,-0.092572,-0.007078,-0.041121,-0.053239,-0.128823,-0.067294,0.000566,0.000396,0.001172,0.002941,0.004017,-0.000673,-0.001747,-0.002248,-0.0025,-0.002638,-0.003088,-0.007432,-0.008383,-0.009118,-0.010709,-0.116524,-0.566507,-0.140199,-0.919019,0,0,1,0,0,0,0,0,0,0,0
3330,0.000982,0.004124,0.005957,0.006088,0.006219,0.003437,0.005237,0.006252,0.005794,0.007594,0.006088,0.038232,0.054827,0.068182,0.079016,0.001178,-0.006056,-0.017905,-0.043861,-0.067593,0.003797,0.009001,0.012766,0.014337,0.014566,0.002815,0.004877,0.007103,0.008609,0.008707,0.034795,0.121732,0.202876,0.28942,0.375834,0.003764,-0.004124,-0.055874,-0.099016,-0.10985,-0.015568,-0.041819,-0.093865,-0.091046,-0.032049,-0.000243,0.000302,0.001775,0.003928,0.002259,-0.000652,-0.001387,-0.001791,-0.001882,-0.002264,-0.002613,-0.004435,-0.006031,-0.007106,-0.007439,-0.160716,-0.561617,-0.139927,-0.916623,0,0,1,0,0,0,0,0,0,0,0
3331,0.001867,0.003931,0.00511,0.005012,0.005176,0.001376,0.002817,0.002228,0.002948,0.005864,0.01461,0.039669,0.051397,0.064794,0.087299,-0.000622,-0.015429,-0.028663,-0.059848,-0.070167,0.0038,0.00701,0.009238,0.010974,0.011039,0.001179,0.003243,0.004291,0.005831,0.008222,0.044616,0.113177,0.204047,0.293672,0.393025,-0.004029,-0.014643,-0.102007,-0.105741,-0.130244,-0.018523,-0.030662,-0.106381,-0.044743,0.004435,7.2e-05,0.000851,0.002622,0.0037,0.003167,-0.000431,-0.00094,-0.001195,-0.001334,-0.002297,-0.001772,-0.002735,-0.003479,-0.00509,-0.005071,-0.209755,-0.549976,-0.140111,-0.917713,0,0,1,0,0,0,0,0,0,0,0
3332,0.001277,0.00311,0.003241,0.003372,0.003569,0.000426,0.001441,0.000982,0.002783,0.01853,0.017548,0.034147,0.047504,0.058341,0.0936,-0.006613,-0.018465,-0.044427,-0.068162,-0.067933,0.001408,0.005173,0.006744,0.006973,0.00789,0.000884,0.00311,0.004616,0.004714,0.037126,0.042364,0.123524,0.210085,0.296516,0.415227,-0.003863,-0.055623,-0.098773,-0.10961,-0.15276,-0.007743,-0.0598,-0.05698,0.002028,0.051852,0.000472,0.001946,0.004099,0.00243,0.019021,-0.000306,-0.000711,-0.000802,-0.001185,-0.003431,-6e-05,-0.001659,-0.002735,-0.003068,-0.001278,-0.274772,-0.525228,-0.140573,-0.946718,0,0,1,0,0,0,0,0,0,0,0
3333,0.000786,0.001966,0.001868,0.002031,-0.002556,0.001016,0.000426,0.001147,0.004063,0.022477,0.007503,0.019234,0.032635,0.055145,0.089156,-0.008191,-0.021429,-0.052622,-0.062943,-0.059142,0.001802,0.00403,0.005767,0.005832,0.006422,0.00118,0.002228,0.003768,0.00616,0.048526,0.02618,0.117073,0.20672,0.306099,0.411081,-0.00675,-0.094136,-0.097872,-0.122381,-0.191877,-0.004393,-0.080131,-0.018477,0.030714,0.072039,0.000306,0.002078,0.003156,0.002623,0.02708,-0.000201,-0.000456,-0.000596,-0.001561,-0.00579,-0.000905,-0.00165,-0.003264,-0.003245,-0.00543,-0.31136,-0.483457,-0.14005,-0.957018,0,0,1,0,0,0,0,0,0,0,0
3334,0.001051,0.001182,0.001313,0.00151,-0.002659,0.0,-0.00046,0.001346,0.017137,0.02413,0.009127,0.022522,0.033389,0.068747,0.091039,-0.003677,-0.029712,-0.053514,-0.053284,-0.053152,0.00197,0.003546,0.003775,0.004695,0.004728,0.001051,0.002561,0.002659,0.035161,0.056107,0.055155,0.141959,0.228631,0.347674,0.414254,-0.045142,-0.088412,-0.099279,-0.14255,-0.200233,-0.0478,-0.044972,0.014201,0.064163,0.094083,0.001172,0.003331,0.001657,0.018294,0.032711,-0.000209,-0.000302,-0.000692,-0.002983,-0.006746,-0.000713,-0.001811,-0.002151,-0.000325,-0.002671,-0.337367,-0.473865,-0.139531,-0.961557,0,0,1,0,0,0,0,0,0,0,0
3335,0.000132,3.3e-05,0.000198,-0.004419,-0.003693,-0.000594,0.000132,0.003067,0.0216,0.023776,0.002638,0.016126,0.038781,0.073011,0.093522,-0.009629,-0.041023,-0.051411,-0.047586,-0.054676,0.000264,0.002012,0.002078,0.002671,0.002902,0.0,0.00155,0.003957,0.046596,0.052037,0.036077,0.126301,0.22632,0.331978,0.386257,-0.042606,-0.046365,-0.071032,-0.140976,-0.178306,-0.028212,0.033839,0.083346,0.124937,0.155495,0.000606,0.001692,0.001156,0.02577,0.028923,-5.2e-05,-0.000198,-0.001207,-0.005631,-0.008534,-4.4e-05,-0.001732,-0.001712,-0.003997,-0.002712,-0.360442,-0.456896,-0.139427,-0.956505,0,0,1,0,0,0,0,0,0,0,0
3336,0.0,0.000132,0.00033,-0.003865,-0.004195,0.000132,0.001949,0.017837,0.024873,0.024279,0.010835,0.021768,0.057344,0.079772,0.098634,-0.016549,-0.040497,-0.040266,-0.040134,-0.053677,0.001321,0.001553,0.002477,0.00251,0.003402,0.001519,0.001619,0.03432,0.055395,0.049581,0.0512,0.138404,0.258178,0.325167,0.363286,-0.000859,-0.011792,-0.055329,-0.113366,-0.151749,0.031105,0.090641,0.140911,0.171013,0.188724,0.001565,-0.000119,0.01662,0.031126,0.02615,-4.5e-05,-0.000452,-0.002843,-0.006771,-0.009423,-0.001101,-0.001456,0.000449,-0.001999,-0.004649,-0.371637,-0.44722,-0.140563,-0.953762,0,0,1,0,0,0,0,0,0,0,0
3337,-9.9e-05,6.6e-05,-0.004559,-0.003832,-0.004658,0.000595,0.003535,0.022099,0.024279,0.024015,0.002676,0.025369,0.059658,0.080204,0.096093,-0.014898,-0.025303,-0.021471,-0.028573,-0.04803,0.000429,0.000495,0.00109,0.001321,0.003237,3.3e-05,0.002444,0.045156,0.050606,0.044165,0.039177,0.139366,0.245204,0.299576,0.318933,-0.002907,-0.027616,-0.097678,-0.135072,-0.162786,0.031051,0.080643,0.122305,0.152915,0.156156,-0.000478,-0.001015,0.023641,0.0268,0.021115,-0.000103,-0.001124,-0.005601,-0.008539,-0.009493,-0.000607,-0.000587,-0.002899,-0.001598,-0.006349,-0.378586,-0.443514,-0.143285,-0.954504,0,0,1,0,0,0,0,0,0,0,0
3338,0.000231,0.000429,-0.003764,-0.004094,-0.007693,0.001222,0.017104,0.024137,0.023543,0.022288,0.008255,0.043816,0.066236,0.08509,0.10117,-0.009047,-0.008816,-0.008684,-0.022222,-0.035561,-0.000198,0.000726,0.000759,0.001651,0.003368,6.6e-05,0.032755,0.053821,0.04801,0.029057,0.04801,0.167737,0.234699,0.272803,0.285582,-0.008024,-0.051543,-0.109557,-0.147925,-0.15859,0.028475,0.078725,0.108816,0.12652,0.123275,-0.001206,0.015527,0.030027,0.025053,0.008439,-0.000304,-0.002688,-0.006605,-0.00925,-0.008943,0.000251,0.002152,-0.000291,-0.002933,-0.012673,-0.384006,-0.449421,-0.145645,-0.94253,0,0,1,0,0,0,0,0,0,0,0
3339,-6.6e-05,-0.004678,-0.003954,-0.004777,-0.01107,0.001713,0.02023,0.022404,0.02214,0.019669,0.014398,0.048597,0.06909,0.084938,0.099435,-0.001351,0.002471,-0.004613,-0.024018,-0.027939,0.000264,0.000857,0.001087,0.002998,0.003624,0.002339,0.04494,0.050376,0.043952,0.018385,0.052024,0.157586,0.211817,0.231124,0.241371,-0.016638,-0.086519,-0.123815,-0.151458,-0.151557,0.02105,0.062604,0.093134,0.096368,0.092194,0.000668,0.02526,0.028411,0.022741,0.001136,-0.000704,-0.0051,-0.007985,-0.008922,-0.008485,-0.000227,-0.002498,-0.001221,-0.005886,-0.017657,-0.387202,-0.451069,-0.147218,-0.932873,0,0,1,0,0,0,0,0,0,0,0
3340,0.000263,-0.003917,-0.004246,-0.007833,-0.011158,0.01412,0.02113,0.020538,0.019287,0.01751,0.021064,0.043412,0.062206,0.078234,0.091761,0.00158,0.001711,-0.011783,-0.02508,-0.026989,0.000658,0.000691,0.00158,0.003291,0.003555,0.030247,0.051246,0.045453,0.026561,0.013889,0.067373,0.13412,0.172102,0.184839,0.189184,-0.026758,-0.084586,-0.122831,-0.133462,-0.133594,0.029061,0.059055,0.076702,0.073468,0.064341,0.016012,0.030466,0.025508,0.008947,-0.00115,-0.001632,-0.005462,-0.008048,-0.007749,-0.007545,0.002084,-0.000304,-0.002887,-0.012411,-0.017948,-0.385256,-0.453684,-0.14843,-0.930122,0,0,1,0,0,0,0,0,0,0,0
3341,-0.004863,-0.00414,-0.004962,-0.011238,-0.010581,0.00437,0.006539,0.006276,0.003812,6.6e-05,0.013078,0.033517,0.049322,0.063781,0.07377,0.002234,-0.00483,-0.024185,-0.028095,-0.029442,-6.6e-05,0.000164,0.00207,0.002694,0.003155,0.012289,0.017711,0.011304,-0.014195,-0.018434,0.038019,0.092105,0.111361,0.121581,0.121811,-0.04298,-0.080177,-0.107747,-0.107845,-0.106235,0.01243,0.042879,0.046104,0.041941,0.032282,0.008541,0.011683,0.006028,-0.015519,-0.016039,-0.002701,-0.005533,-0.006452,-0.006023,-0.005715,-0.004289,-0.003036,-0.007615,-0.019168,-0.01907,-0.383853,-0.454005,-0.149609,-0.927309,0,0,1,0,0,0,0,0,0,0,0
3342,0.000688,0.00036,-0.003211,-0.006521,-0.000819,0.002621,0.002032,0.000786,-0.000983,-0.006095,0.009208,0.027918,0.043876,0.057344,0.065044,-0.002097,-0.015532,-0.02877,-0.030671,-0.031031,9.8e-05,0.000983,0.002687,0.002949,0.005865,0.008651,0.002884,-0.015925,-0.028541,-0.030015,0.028541,0.066355,0.079036,0.083361,0.081166,-0.014713,-0.052789,-0.063373,-0.063504,-0.06121,0.017467,0.035036,0.031816,0.022729,0.012942,0.005873,0.000937,-0.015551,-0.025604,-0.022518,-0.001064,-0.003572,-0.003281,-0.003084,-0.002826,0.001891,-0.000613,-0.009847,-0.015215,-0.011986,-0.380133,-0.455662,-0.152858,-0.926738,0,0,1,0,0,0,0,0,0,0,0
3343,3.3e-05,-0.000783,-0.007011,-0.006359,0.003163,-0.000457,-0.000717,-0.003163,-0.00688,-0.009489,0.011119,0.026804,0.041152,0.051065,0.056641,-0.004924,-0.02413,-0.028011,-0.029348,-0.028369,0.00013,0.002022,0.002641,0.003098,0.008739,-0.003228,-0.009587,-0.034891,-0.039097,-0.035543,0.025272,0.04438,0.054521,0.05475,0.045,-0.022272,-0.04963,-0.049728,-0.04813,-0.042847,0.012835,0.016035,0.011904,0.002319,-0.012787,-0.002726,-0.008338,-0.02972,-0.030236,-0.024843,-0.001655,-0.002526,-0.00212,-0.001827,-0.001468,-0.000639,-0.004979,-0.015929,-0.015835,-0.011227,-0.371065,-0.458847,-0.156152,-0.928478,1,0,0,0,0,0,0,0,0,0,0
3344,-0.000358,-0.003904,-0.007189,-0.001529,0.005823,-0.00013,-0.001366,-0.003123,-0.008198,-0.009564,0.007482,0.023325,0.036695,0.04434,0.047853,-0.008425,-0.021568,-0.023455,-0.023813,-0.022869,0.000748,0.00244,0.0027,0.005595,0.011093,-0.002505,-0.021178,-0.033702,-0.035166,-0.030059,0.012329,0.024919,0.029213,0.027033,0.017144,-0.015582,-0.02609,-0.02622,-0.023943,-0.018055,0.004638,0.001441,-0.00758,-0.017296,-0.03041,-0.002181,-0.018549,-0.028529,-0.025466,-0.019403,-0.000756,-0.00048,-0.000292,-4.7e-05,0.000318,-0.001752,-0.010527,-0.01563,-0.01256,-0.009777,-0.366101,-0.461667,-0.158514,-0.929766,1,0,0,0,0,0,0,0,0,0,0
3345,-0.000455,-0.006667,-0.006017,0.00348,0.006765,-0.00013,-0.002569,-0.006277,-0.008879,-0.009464,0.008163,0.022473,0.03236,0.037922,0.043093,-0.010733,-0.014603,-0.015936,-0.01496,-0.01405,0.001138,0.001756,0.002212,0.007838,0.012196,-0.003838,-0.029075,-0.033271,-0.029726,-0.024425,0.006732,0.016847,0.017074,0.00735,0.004065,-0.011708,-0.011806,-0.010212,-0.004943,-0.000781,-0.001445,-0.005565,-0.015125,-0.030192,-0.038423,-0.003417,-0.024743,-0.025258,-0.019878,-0.013895,-0.000101,0.000298,0.000585,0.000937,0.001156,-0.002512,-0.013262,-0.01317,-0.008646,-0.008737,-0.363284,-0.463746,-0.16027,-0.932321,1,0,0,0,0,0,0,0,0,0,0
3346,-0.003104,-0.006405,-0.000719,0.006666,0.00781,-0.001111,-0.002876,-0.007973,-0.009345,-0.009443,0.007712,0.021141,0.02882,0.032349,0.036532,-0.002418,-0.004313,-0.004673,-0.003725,-0.003039,0.000555,0.000817,0.003725,0.009247,0.012254,-0.0149,-0.027481,-0.028951,-0.023821,-0.019442,0.005882,0.010195,0.008006,-0.001928,-0.003333,0.001209,0.001078,0.003366,0.00928,0.012025,-0.001759,-0.01082,-0.02058,-0.033753,-0.039183,-0.013008,-0.023033,-0.019956,-0.013866,-0.00914,0.00039,0.000583,0.000836,0.001212,0.001347,-0.006458,-0.011722,-0.008555,-0.005684,-0.006815,-0.360582,-0.465111,-0.161114,-0.93319,1,0,0,0,0,0,0,0,0,0,0
3347,-0.003146,-0.002491,0.007079,0.010389,0.0117,-0.001344,-0.00508,-0.007702,-0.008292,-0.008423,0.006686,0.016649,0.022253,0.027464,0.029267,-0.001475,-0.002819,-0.001835,-0.000918,-0.000361,6.6e-05,0.000524,0.006194,0.010586,0.012159,-0.010487,-0.014715,-0.011143,-0.005801,-0.004359,0.004293,0.004523,-0.005277,-0.008587,-0.009406,-0.001311,0.000295,0.005604,0.009799,0.011536,-0.002387,-0.012021,-0.027204,-0.035498,-0.038026,-0.008443,-0.008962,-0.003541,0.002488,0.004083,2.4e-05,0.000326,0.000698,0.000929,0.001003,-0.00475,-0.004653,0.000121,2.5e-05,3.7e-05,-0.358871,-0.465751,-0.16115,-0.93287,1,0,0,0,0,0,0,0,0,0,0
3348,-0.000164,0.005544,0.012957,0.014105,0.016172,-0.000426,-0.005544,-0.006921,-0.00702,-0.008069,0.00679,0.014499,0.018041,0.02224,0.022667,-0.000426,-0.000787,0.000164,0.000853,0.001246,0.000197,0.003116,0.00866,0.011678,0.012137,-0.002132,-0.003608,0.001542,0.005937,0.005806,3.3e-05,-0.002165,-0.012137,-0.013547,-0.013187,0.001181,0.003477,0.009414,0.01217,0.013187,-0.006707,-0.016504,-0.029728,-0.035179,-0.035197,-0.001613,0.001476,0.00759,0.012334,0.01297,0.000175,0.000435,0.000821,0.00096,0.000994,-0.000629,0.002624,0.005575,0.004413,0.006326,-0.3583,-0.46578,-0.160862,-0.931984,1,0,0,0,0,0,0,0,0,0,0
3349,0.00082,0.010394,0.013705,0.015017,0.01764,-0.003312,-0.005935,-0.006525,-0.006656,-0.008263,0.00318,0.008787,0.014,0.015804,0.015968,-0.000918,6.6e-05,0.000984,0.001541,0.001934,0.000262,0.005935,0.010328,0.011902,0.012,-0.002098,0.001475,0.00682,0.008263,0.007935,0.000197,-0.009607,-0.012918,-0.013738,-0.011574,0.000426,0.005738,0.009935,0.011672,0.012427,-0.002934,-0.018123,-0.026422,-0.02895,-0.026928,0.001093,0.006516,0.012548,0.014144,0.014986,0.000129,0.000502,0.000733,0.000807,0.000818,0.000724,0.005512,0.005416,0.005428,0.008402,-0.359056,-0.465875,-0.160716,-0.931587,1,0,0,0,0,0,0,0,0,0,0
3350,0.004882,0.012287,0.013434,0.015498,0.017169,-0.001802,-0.003178,-0.003277,-0.004325,-0.00498,0.004522,0.00806,0.012254,0.01268,0.012582,0.000557,0.001507,0.002195,0.002589,0.00344,0.002654,0.008191,0.011206,0.011665,0.01173,0.000623,0.005767,0.010157,0.010026,0.010714,-0.002392,-0.012353,-0.013762,-0.013401,-0.009666,0.001868,0.007798,0.010551,0.011566,0.012123,-0.006854,-0.020063,-0.025508,-0.025526,-0.021726,0.001993,0.0081,0.012839,0.013475,0.014537,0.000129,0.000512,0.000651,0.000684,0.000651,0.002507,0.005435,0.004282,0.00618,0.008165,-0.360817,-0.465808,-0.160334,-0.932137,1,0,0,0,0,0,0,0,0,0,0
3351,0.00468,0.007985,0.009294,0.011912,0.012337,-0.000818,-0.001407,-0.001538,-0.003142,-0.003207,0.00108,0.006283,0.008083,0.008247,0.007625,0.000425,0.001342,0.001898,0.002291,0.003632,0.003011,0.007396,0.008967,0.009065,0.009228,0.002945,0.008279,0.009719,0.009392,0.011028,-0.007396,-0.010701,-0.011519,-0.009359,-0.005629,0.003436,0.007625,0.009359,0.010112,0.010537,-0.008314,-0.016597,-0.01912,-0.017102,-0.012831,0.003422,0.009443,0.011035,0.011876,0.013512,0.00024,0.000468,0.000541,0.000552,0.000482,0.002239,0.002144,0.002156,0.00509,0.005677,-0.362263,-0.466004,-0.159791,-0.933017,1,0,0,0,0,0,0,0,0,0,0
3352,0.002713,0.003856,0.005915,0.007582,0.008791,-0.000556,-0.000654,-0.001699,-0.002353,-0.002484,0.002451,0.006634,0.007059,0.006961,0.006046,0.000523,0.001209,0.001601,0.002451,0.004641,0.002516,0.005523,0.005981,0.006046,0.00634,0.00219,0.006569,0.006438,0.007125,0.010262,-0.002549,-0.003954,-0.003595,0.000131,0.003464,0.002484,0.005229,0.006242,0.006798,0.007321,-0.004872,-0.010302,-0.01032,-0.00653,-0.002411,0.002673,0.0074,0.008034,0.009093,0.012172,0.000139,0.000274,0.000307,0.000274,0.000158,0.000657,-0.000476,0.001389,0.003338,0.004932,-0.363685,-0.46595,-0.158016,-0.935087,1,0,0,0,0,0,0,0,0,0,0
3353,0.000588,0.001894,0.004506,0.00493,0.007477,-3.3e-05,-0.000163,-0.001763,-0.001828,-0.001894,0.002743,0.004538,0.004702,0.004081,0.003526,0.000392,0.000947,0.001339,0.002677,0.005257,0.001861,0.003428,0.003526,0.003689,0.00431,0.003134,0.004571,0.004244,0.005877,0.010285,-0.000751,-0.001567,0.000588,0.00431,0.007411,0.001698,0.003428,0.004179,0.004604,0.005355,-0.003396,-0.005914,-0.003901,0.000361,0.003883,0.003336,0.004925,0.005763,0.007396,0.011506,8.7e-05,0.000159,0.000169,0.0001,-2.5e-05,-0.000746,-0.000734,0.002153,0.002731,0.005662,-0.364959,-0.466129,-0.155951,-0.937299,1,0,0,0,0,0,0,0,0,0,0
3354,0.000555,0.00261,0.004274,0.005482,0.008581,-6.5e-05,-0.001109,-0.001762,-0.001892,-0.000816,0.001436,0.00186,0.001762,0.000848,-0.000653,0.000294,0.000685,0.001534,0.00372,0.006134,0.001142,0.001599,0.001664,0.001958,0.003263,0.00124,0.001109,0.001795,0.004927,0.01018,-0.000653,-0.000294,0.003426,0.006754,0.007733,0.001044,0.002056,0.00261,0.003132,0.005547,-0.002028,-0.002046,0.001738,0.005851,0.008325,0.001386,0.002018,0.003076,0.00615,0.009994,4.8e-05,8e-05,4.8e-05,-6.8e-05,-7.7e-05,-0.000377,0.001466,0.003393,0.004969,0.007738,-0.364267,-0.467762,-0.154251,-0.939819,1,0,0,0,0,0,0,0,0,0,0
3355,0.00075,0.003359,0.003783,0.006327,0.007273,-6.5e-05,-0.001663,-0.001729,-0.001794,0.003522,0.000359,0.000522,-9.8e-05,-0.000652,-0.004272,0.000261,0.000652,0.001989,0.004566,0.006849,0.000424,0.000522,0.000685,0.001305,0.00225,0.000196,-0.00013,0.0015,0.005903,0.016927,-0.000163,0.001989,0.005707,0.008806,0.007925,0.000685,0.001435,0.001859,0.002609,0.009393,-0.000488,0.001523,0.00578,0.009299,0.012359,0.000202,0.00104,0.002671,0.006776,0.012414,2.4e-05,3.4e-05,-3.5e-05,-0.000159,0.000118,0.000388,0.003253,0.003826,0.006735,0.007739,-0.362011,-0.472681,-0.151931,-0.946826,1,0,0,0,0,0,0,0,0,0,0
3356,0.001304,0.002966,0.004172,0.007269,0.006486,-0.000978,-0.00163,-0.00176,-0.000684,0.008964,6.5e-05,-3.3e-05,-0.000945,-0.002445,-0.007758,0.00013,0.000978,0.003162,0.005574,0.010985,3.3e-05,9.8e-05,0.000391,0.001695,0.002021,-0.000326,0.000359,0.003488,0.008735,0.020111,0.000522,0.004237,0.007562,0.00854,0.008572,0.000326,0.00088,0.001402,0.003814,0.014798,0.00047,0.00425,0.008359,0.01083,0.016586,0.00043,0.001486,0.004557,0.008397,0.010276,8e-06,-2.4e-05,-0.000138,-0.000148,0.000188,0.001444,0.003358,0.004922,0.007671,0.006684,-0.360499,-0.478886,-0.149668,-0.94869,1,0,0,0,0,0,0,0,0,0,0
3357,0.001303,0.001726,0.004267,0.005211,0.004788,-0.000619,-0.000684,-0.000749,0.00456,0.017327,9.8e-05,-0.000521,-0.001075,-0.00469,-0.011562,0.000261,0.001596,0.004169,0.006449,0.019705,6.5e-05,0.000228,0.000847,0.001791,-0.000195,0.0,0.001628,0.006025,0.017034,0.020258,0.001628,0.005341,0.008436,0.007556,0.009641,0.000423,0.000847,0.001596,0.00837,0.030583,0.001539,0.00579,0.009304,0.01236,0.022135,0.000407,0.002036,0.006135,0.011765,0.002096,2e-06,-6.6e-05,-0.000189,8.5e-05,0.000676,0.001402,0.001969,0.004851,0.005845,0.005887,-0.360704,-0.495174,-0.144568,-0.947609,1,0,0,0,0,0,0,0,0,0,0
3358,0.000358,0.001562,0.004654,0.003873,0.004003,-3.3e-05,-0.000163,0.000911,0.010545,0.022457,-0.000195,-0.001107,-0.002604,-0.007909,-0.022685,0.000586,0.002766,0.005175,0.010578,0.035834,0.0,0.000293,0.001595,0.00192,-0.004491,0.000683,0.003808,0.009048,0.020407,0.021644,0.002083,0.005403,0.006379,0.006412,0.007941,0.00013,0.000651,0.003059,0.014028,0.065191,0.002237,0.006339,0.008807,0.014555,0.034069,0.000648,0.003714,0.007549,0.009425,-0.002114,-3.4e-05,-0.000147,-0.000156,0.000176,0.002164,0.000499,0.002047,0.004768,0.003791,0.008927,-0.357976,-0.529683,-0.136159,-0.946111,1,0,0,0,0,0,0,0,0,0,0
3359,6.5e-05,0.002603,0.003546,0.003123,0.005726,-3.3e-05,-9.8e-05,0.005206,0.017959,0.035594,-0.000423,-0.000976,-0.004587,-0.011452,-0.035886,0.000748,0.003319,0.005596,0.018838,0.043662,0.000163,0.000781,0.001724,-0.00026,-0.005401,0.000944,0.005336,0.016333,0.019554,0.015129,0.001627,0.004718,0.003839,0.005921,-0.005108,0.000293,0.001041,0.007808,0.029998,0.128612,0.002011,0.005521,0.008573,0.018338,0.04845,0.000979,0.005074,0.010699,0.001039,-0.02193,-3.4e-05,-0.000156,0.000116,0.000703,0.008223,6.6e-05,0.002926,0.003913,0.003954,0.008607,-0.344779,-0.595712,-0.130638,-0.941538,1,0,0,0,0,0,0,0,0,0,0
3360,0.001139,0.004229,0.003448,0.003578,0.013533,-9.8e-05,0.000976,0.010605,0.022511,0.056571,-0.000488,-0.001984,-0.007287,-0.022056,-0.04177,0.001431,0.003839,0.009239,0.034483,0.056311,0.00013,0.001431,0.001757,-0.004652,-0.00488,0.00218,0.007417,0.01877,0.020006,0.018998,0.001692,0.002668,0.0027,0.004229,-0.022869,0.000228,0.002635,0.013598,0.064736,0.191639,0.00209,0.004557,0.010302,0.029807,0.058346,0.002086,0.005919,0.007793,-0.003739,-0.039886,-7.9e-05,-8.8e-05,0.000243,0.002224,0.015416,0.001477,0.004189,0.003215,0.008334,0.012214,-0.327949,-0.66294,-0.127592,-0.948271,1,0,0,0,0,0,0,0,0,0,0
3361,0.001399,0.002342,0.001919,0.004521,0.019223,3.3e-05,0.005334,0.018085,0.035715,0.062127,-6.5e-05,-0.003676,-0.010539,-0.034967,-0.045245,0.001138,0.003415,0.016654,0.041472,0.066095,0.000488,0.001431,-0.000553,-0.005692,-0.004131,0.002212,0.013206,0.016426,0.012002,0.019581,0.001399,0.00052,0.002602,-0.008425,-0.043749,0.00052,0.007286,0.029469,0.128059,0.261225,0.00142,0.004471,0.014233,0.044338,0.076712,0.002008,0.007631,-0.002026,-0.024989,-0.045401,-4.3e-05,0.000229,0.000815,0.008321,0.026133,0.001379,0.002364,0.002405,0.00705,0.01445,-0.30709,-0.737784,-0.123803,-0.952387,1,0,0,0,0,0,0,0,0,0,0
3362,0.001692,0.000911,0.001041,0.010995,0.021568,0.001041,0.01067,0.022576,0.056635,0.060799,-0.001431,-0.006734,-0.021503,-0.041216,-0.04769,0.001269,0.006669,0.031912,0.05374,0.072608,0.000813,0.001139,-0.00527,-0.005498,0.000716,0.003025,0.014378,0.015615,0.014606,0.00309,-0.000423,-0.00039,0.001139,-0.025959,-0.063695,0.001887,0.01285,0.063987,0.190889,0.317822,0.001047,0.006792,0.026296,0.054836,0.097454,0.001824,0.003699,-0.007834,-0.04398,-0.060095,3.4e-05,0.000365,0.002346,0.015537,0.038259,0.001332,0.000358,0.005476,0.009356,0.011138,-0.286882,-0.795959,-0.125063,-0.938704,1,0,0,0,0,0,0,0,0,0,0
3363,-0.000748,-0.001171,0.001432,0.016138,0.020205,0.004262,0.017016,0.03465,0.061069,0.056904,-0.00218,-0.009045,-0.033479,-0.04376,-0.05505,0.001009,0.014251,0.039075,0.063704,0.075612,0.00013,-0.001855,-0.006995,-0.005433,0.000488,0.007971,0.011192,0.006767,0.014348,-0.001301,-0.000455,0.001627,-0.009403,-0.044736,-0.10535,0.00488,0.027069,0.125684,0.258884,0.353498,0.002005,0.01177,0.041883,0.074264,0.101116,0.0038,-0.00586,-0.028829,-0.049246,-0.060411,0.000238,0.000825,0.008345,0.026189,0.052789,-0.000346,-0.000304,0.004349,0.011762,0.009779,-0.241857,-0.834323,-0.121477,-0.937724,1,0,0,0,0,0,0,0,0,0,0
3364,-3.3e-05,9.8e-05,0.010055,0.020631,0.020565,0.005369,0.017279,0.051349,0.055514,0.05034,-0.003124,-0.017897,-0.037617,-0.044092,-0.062445,0.004393,0.029644,0.051479,0.070352,0.078325,0.000195,-0.006215,-0.006443,-0.000228,0.001171,0.003384,0.004621,0.003612,-0.007907,-0.011812,0.000488,0.002018,-0.025089,-0.062835,-0.138329,0.006085,0.057238,0.184178,0.311151,0.405778,0.003741,0.023251,0.0518,0.094431,0.131943,-0.001926,-0.013462,-0.049618,-0.065739,-0.06429,9.3e-05,0.002079,0.015298,0.038068,0.071992,-0.000629,0.0045,0.008387,0.010174,0.009433,-0.20523,-0.895118,-0.118674,-0.93603,1,0,0,0,0,0,0,0,0,0,0
3365,-0.000391,0.002213,0.016926,0.020995,0.020539,0.007389,0.025031,0.051463,0.047296,0.043455,-0.003743,-0.028189,-0.038475,-0.04977,-0.065785,0.008854,0.03369,0.058331,0.070244,0.082809,-0.002181,-0.007324,-0.005761,0.000163,-0.000423,-0.000163,-0.00459,0.002995,-0.012662,-0.015104,0.001595,-0.00944,-0.04479,-0.105432,-0.180624,0.016113,0.114774,0.248036,0.342694,0.45112,0.006027,0.036154,0.068551,0.095416,0.152081,-0.007738,-0.030718,-0.051145,-0.062315,-0.060943,0.000495,0.00804,0.025943,0.05263,0.100686,0.000672,0.005341,0.012779,0.010789,0.010975,-0.160593,-0.947074,-0.112811,-0.935386,1,0,0,0,0,0,0,0,0,0,0
3366,0.000521,0.010489,0.021076,0.021011,0.021402,0.004528,0.038634,0.042804,0.037624,0.035605,-0.011043,-0.030783,-0.037266,-0.055638,-0.072089,0.016418,0.038276,0.057169,0.06515,0.071339,-0.004235,-0.004463,0.001759,0.00316,-0.003616,0.001401,0.000391,-0.011141,-0.01505,-0.012672,-6.5e-05,-0.0272,-0.064987,-0.140561,-0.244215,0.035083,0.162159,0.289267,0.383995,0.457973,0.0135,0.042079,0.084756,0.122308,0.15487,-0.003805,-0.04,-0.056137,-0.054687,-0.051197,0.001502,0.01482,0.037761,0.071939,0.140755,0.004492,0.008408,0.010208,0.009462,0.014001,-0.096602,-0.971561,-0.103174,-0.938937,1,0,0,0,0,0,0,0,0,0,0
3367,0.002085,0.016812,0.020885,0.020429,0.023003,0.01313,0.039587,0.035416,0.031572,0.03079,-0.013424,-0.02372,-0.035025,-0.051056,-0.074678,0.008439,0.033103,0.045028,0.057605,0.054705,-0.000912,0.000652,0.006582,0.005995,0.000391,-0.005832,0.001759,-0.013912,-0.016356,-0.011143,-0.01098,-0.046364,-0.107064,-0.182328,-0.294083,0.063665,0.197055,0.291803,0.400333,0.426333,0.016653,0.049081,0.075971,0.132691,0.13795,-0.019197,-0.039643,-0.050824,-0.049451,-0.044453,0.006091,0.024114,0.05098,0.099358,0.165734,0.000202,0.00769,0.005687,0.005874,0.011173,-0.044597,-0.970462,-0.09977,-0.938901,1,0,0,0,0,0,0,0,0,0,0
3368,0.007921,0.01856,0.018494,0.018887,0.022684,0.02108,0.02527,0.020065,0.018036,0.014206,-0.00635,-0.012864,-0.031326,-0.047856,-0.072275,0.013486,0.032471,0.040491,0.04671,0.046187,0.000687,0.006939,0.008347,0.001538,0.000982,0.004845,-0.006743,-0.010671,-0.008282,-0.004746,-0.016236,-0.054206,-0.130147,-0.234304,-0.318003,0.063732,0.191457,0.286645,0.360982,0.375777,0.011987,0.054871,0.092606,0.125326,0.130695,-0.017085,-0.033301,-0.031844,-0.028337,-0.021478,0.007485,0.031217,0.066574,0.137763,0.183433,0.003844,0.005705,0.004934,0.009629,0.012922,-0.010116,-0.975096,-0.097063,-0.933639,1,0,0,0,0,0,0,0,0,0,0
3369,0.006911,0.011025,0.010564,0.013164,0.01629,0.005529,0.001316,-0.002567,-0.003357,-0.009873,-0.004015,-0.015435,-0.031627,-0.055486,-0.072896,0.011354,0.023399,0.036102,0.033173,0.032087,0.000889,0.006878,0.006286,0.000625,-0.000691,0.002797,-0.013032,-0.015501,-0.010235,-0.004147,-0.019417,-0.080728,-0.156751,-0.269632,-0.335156,0.070658,0.16636,0.275984,0.302246,0.321235,0.020703,0.047864,0.105155,0.110468,0.125972,-0.003475,-0.014768,-0.013382,-0.008334,0.003765,0.01156,0.040379,0.092274,0.163475,0.204936,0.004041,0.001892,0.002093,0.007778,0.011795,0.021754,-0.975399,-0.093721,-0.932909,1,0,0,0,0,0,0,0,0,0,0
3370,0.003807,0.003741,0.004138,0.007978,0.011255,-0.001324,-0.006587,-0.00864,-0.012513,-0.015757,-0.002549,-0.021219,-0.037935,-0.06263,-0.081233,0.007779,0.015889,0.022179,0.021649,0.020689,0.005429,0.006852,-3.3e-05,-0.000596,-0.001556,-0.014532,-0.018504,-0.016088,-0.012513,-0.002416,-0.018868,-0.095666,-0.200997,-0.28564,-0.353963,0.058095,0.154356,0.229531,0.244494,0.269883,0.022544,0.060704,0.093794,0.099223,0.123655,-0.012904,-0.01143,-0.007884,-0.000948,0.011934,0.013628,0.051872,0.128874,0.178274,0.226723,-0.002195,-0.00303,0.002049,0.00561,0.009883,0.057218,-0.982516,-0.090696,-0.927903,1,0,0,0,0,0,0,0,0,0,0
3371,0.000332,-0.000133,0.002488,0.005639,0.007331,-0.002919,-0.006834,-0.00763,-0.014198,-0.017316,-0.008957,-0.025278,-0.049329,-0.066877,-0.09388,0.004346,0.017151,0.014198,0.013103,0.008758,0.000597,0.0,-0.005706,-0.007033,-0.009753,-0.001393,-0.003881,0.001426,0.007564,0.014032,-0.042893,-0.119523,-0.233308,-0.299356,-0.363712,0.038249,0.148749,0.175221,0.194362,0.191443,0.004786,0.062536,0.06789,0.083519,0.085121,0.001547,0.002945,0.008033,0.020229,0.029396,0.016637,0.071508,0.146792,0.190631,0.230378,-4.3e-05,0.000169,0.00618,0.010427,0.01488,0.084573,-0.962469,-0.088125,-0.930399,1,0,0,0,0,0,0,0,0,0,0
3372,-0.000399,0.0,0.003854,0.007144,0.006911,-0.002359,-0.004419,-0.008307,-0.011563,-0.014852,-0.009769,-0.026548,-0.051335,-0.070009,-0.100079,0.003788,0.010101,0.009569,0.008606,0.000465,0.000831,-0.00608,-0.006645,-0.007609,-0.013058,-0.002592,-0.000166,0.003422,0.013556,0.022794,-0.034124,-0.139851,-0.224812,-0.293392,-0.348748,0.058313,0.133771,0.148789,0.174274,0.144902,0.033509,0.066723,0.072174,0.096697,0.076633,-7.1e-05,0.003489,0.010451,0.023381,0.035443,0.022436,0.101486,0.1522,0.201938,0.228175,-0.000813,0.004401,0.008057,0.012443,0.018086,0.110157,-0.953945,-0.086091,-0.938161,1,0,0,0,0,0,0,0,0,0,0
3373,-6.7e-05,0.002565,0.00573,0.00743,0.00723,-0.001566,-0.002365,-0.008962,-0.012094,-0.012794,-0.006597,-0.030751,-0.048376,-0.075495,-0.099683,0.009062,0.006097,0.004997,0.000633,-0.014359,-0.001433,-0.007163,-0.008496,-0.011228,-0.017491,0.0001,0.005431,0.011594,0.018091,0.032584,-0.042745,-0.157021,-0.223355,-0.287989,-0.334599,0.052507,0.079094,0.098317,0.095385,0.079827,0.024399,0.029777,0.045473,0.047081,0.048106,0.001475,0.006585,0.018834,0.02804,0.042747,0.033688,0.111279,0.156462,0.197427,0.219004,0.001047,0.007242,0.01162,0.016209,0.023372,0.127597,-0.949207,-0.08315,-0.94614,1,0,0,0,0,0,0,0,0,0,0
3374,0.000466,0.004329,0.007625,0.007392,0.006826,-0.000499,-0.004395,-0.007658,-0.010955,-0.011721,-0.010222,-0.035062,-0.053775,-0.083909,-0.099625,-0.00273,-0.003263,-0.004229,-0.012387,-0.032232,-0.005494,-0.00606,-0.007026,-0.012486,-0.021144,0.002331,0.005927,0.016083,0.025339,0.036327,-0.063231,-0.148373,-0.217098,-0.272571,-0.31033,0.023142,0.038192,0.063731,0.034296,0.028103,0.0089,0.014361,0.038937,0.01883,0.034556,0.002093,0.00907,0.022027,0.034116,0.045324,0.046681,0.098154,0.148636,0.175265,0.196113,0.004249,0.00796,0.012412,0.018138,0.027588,0.143781,-0.95123,-0.078388,-0.951818,1,0,0,0,0,0,0,0,0,0,0
3375,0.002168,0.005337,0.007038,0.006838,0.004136,-0.0003,-0.006905,-0.010041,-0.010741,-0.015311,-0.013943,-0.031589,-0.058742,-0.082959,-0.096602,-0.000234,-0.001334,-0.005704,-0.020715,-0.035492,-0.000234,-0.001568,-0.004303,-0.010574,-0.020982,0.003002,0.009173,0.015678,0.030188,0.033691,-0.05107,-0.117484,-0.182197,-0.228863,-0.265323,0.003436,0.022683,0.019747,0.00417,0.006538,-0.003531,0.012184,0.013794,0.01482,0.034536,0.003019,0.015283,0.0245,0.039225,0.046848,0.030982,0.076551,0.117866,0.139627,0.162799,0.001945,0.00636,0.010988,0.018213,0.027394,0.155327,-0.954959,-0.074642,-0.954012,1,0,0,0,0,0,0,0,0,0,0
3376,0.001696,0.004988,0.004756,0.00419,-0.002594,-0.003592,-0.006851,-0.010143,-0.010908,-0.019023,-0.010908,-0.029598,-0.059696,-0.075393,-0.092254,-0.000299,-0.001264,-0.009412,-0.029233,-0.041338,-0.000333,-0.001297,-0.006751,-0.015398,-0.025541,0.000599,0.010742,0.019987,0.030962,0.030264,-0.034121,-0.102763,-0.158169,-0.195882,-0.225979,0.011607,0.037114,0.007716,0.00153,-0.001197,0.008976,0.033521,0.013439,0.029146,0.040188,0.003958,0.016899,0.028973,0.040168,0.047403,0.020701,0.070753,0.097156,0.117826,0.131818,0.001775,0.006189,0.011867,0.021236,0.025477,0.162234,-0.955905,-0.075251,-0.959641,1,0,0,0,0,0,0,0,0,0,0
3377,0.001455,0.003141,0.002942,0.000264,-0.009885,-0.002975,-0.006083,-0.006777,-0.011306,-0.025787,-0.006645,-0.033556,-0.057557,-0.071078,-0.092699,-0.000793,-0.005124,-0.020001,-0.034647,-0.041126,-0.000992,-0.003703,-0.009918,-0.020233,-0.028597,0.005521,0.011968,0.026349,0.02982,0.028266,-0.031903,-0.096038,-0.142289,-0.178423,-0.201135,0.007538,0.004628,-0.010811,-0.008463,-0.015538,0.006653,0.008249,0.009265,0.028805,0.02837,0.00822,0.017355,0.031949,0.039504,0.052502,0.022942,0.061746,0.082185,0.103948,0.105342,0.002444,0.006791,0.013577,0.022199,0.020748,0.162068,-0.952139,-0.079626,-0.962485,1,0,0,0,0,0,0,0,0,0,0
3378,0.001807,0.001577,0.001019,-0.005685,-0.021886,-0.000263,-0.003516,-0.004272,-0.01229,-0.0279,-0.011863,-0.041603,-0.057114,-0.073774,-0.09589,-0.000164,-0.008215,-0.027801,-0.039763,-0.040486,3.3e-05,-0.005356,-0.0139,-0.023923,-0.035523,0.004535,0.01367,0.024515,0.023825,0.021524,-0.036115,-0.090862,-0.128128,-0.157867,-0.176138,0.017712,-0.011337,-0.01745,-0.020144,-0.024712,0.017641,-0.002202,0.013318,0.024229,0.019881,0.004617,0.016548,0.027609,0.034759,0.048286,0.02404,0.048324,0.067336,0.080205,0.076525,0.001716,0.006939,0.015556,0.019457,0.014634,0.157256,-0.951077,-0.083872,-0.966481,1,0,0,0,0,0,0,0,0,0,0
3379,-0.00013,-0.000326,-0.002964,-0.012961,-0.034683,-0.002801,-0.003485,-0.007946,-0.02221,-0.027811,-0.014752,-0.038395,-0.051715,-0.073013,-0.095516,-0.004103,-0.018758,-0.033185,-0.039568,-0.040219,-0.002703,-0.008825,-0.018986,-0.027225,-0.040903,0.001856,0.016022,0.019442,0.017911,0.016739,-0.027388,-0.072948,-0.108543,-0.130915,-0.151334,-0.020419,-0.035627,-0.033315,-0.040284,-0.04341,-0.01591,-0.014909,0.00434,0.003911,0.001168,0.004423,0.018799,0.026241,0.039045,0.043938,0.012359,0.030755,0.050343,0.051597,0.049765,0.002301,0.008408,0.016169,0.014863,0.005366,0.157896,-0.949805,-0.090568,-0.967505,1,0,0,0,0,0,0,0,0,0,0
3380,-9.8e-05,-0.000652,-0.0073,-0.023368,-0.047419,-0.000424,-0.001173,-0.009125,-0.024606,-0.028647,-0.014731,-0.030114,-0.046637,-0.068571,-0.090016,-0.003878,-0.023302,-0.035165,-0.035882,-0.036665,-0.00264,-0.011113,-0.021054,-0.032558,-0.047028,0.007203,0.017957,0.017273,0.014992,0.014307,-0.026887,-0.063845,-0.09334,-0.11146,-0.133589,-0.008376,-0.014438,-0.01711,-0.02164,-0.024019,-0.003757,0.011634,0.022456,0.018143,0.016656,0.007406,0.018376,0.025467,0.038882,0.042855,0.010492,0.028433,0.040578,0.037106,0.038046,0.002615,0.010747,0.014428,0.009877,-0.001725,0.153175,-0.949559,-0.096452,-0.968095,1,0,0,0,0,0,0,0,0,0,0
3381,-9.8e-05,-0.002739,-0.012751,-0.034502,-0.058894,-0.000261,-0.004728,-0.019012,-0.024621,-0.028599,-0.008935,-0.022273,-0.0436,-0.066133,-0.087069,-0.010794,-0.02524,-0.031632,-0.032284,-0.032447,-0.003489,-0.013664,-0.021914,-0.03561,-0.05397,0.006979,0.010403,0.00887,0.007696,0.005935,-0.018718,-0.054361,-0.076764,-0.097211,-0.117592,-0.006848,-0.004533,-0.011511,-0.014642,-0.015685,0.004763,0.024037,0.023607,0.020861,0.019912,0.006985,0.014438,0.027259,0.032159,0.03481,0.008035,0.027809,0.029076,0.027227,0.026785,0.00354,0.011374,0.010055,0.000468,-0.00698,0.150093,-0.949059,-0.101135,-0.967874,1,0,0,0,0,0,0,0,0,0,0
3382,-0.000457,-0.007114,-0.023202,-0.047286,-0.07411,-0.00049,-0.008452,-0.023953,-0.027999,-0.028261,-0.006461,-0.023007,-0.044969,-0.066442,-0.09183,-0.008648,-0.020526,-0.021244,-0.022028,-0.015468,-0.004993,-0.014946,-0.026466,-0.040955,-0.064843,0.003785,0.0031,0.000816,0.000131,-0.001207,-0.018275,-0.047808,-0.065952,-0.08811,-0.108375,0.000783,-0.001893,-0.006429,-0.008811,-0.004928,0.010646,0.021482,0.017164,0.015675,0.012335,0.003994,0.011095,0.024527,0.028505,0.02766,0.010031,0.022288,0.018783,0.019732,0.014877,0.00465,0.008365,0.003771,-0.007938,-0.011808,0.143848,-0.949287,-0.101178,-0.969601,1,0,0,0,0,0,0,0,0,0,0
3383,-0.002187,-0.01221,-0.033986,-0.058407,-0.089292,-0.003983,-0.018283,-0.023898,-0.027881,-0.028502,-0.006889,-0.02824,-0.0508,-0.07176,-0.099544,-0.005811,-0.01221,-0.012863,-0.013027,-0.001861,-0.005191,-0.013451,-0.027163,-0.045544,-0.073393,-0.000359,-0.001894,-0.003069,-0.004832,-0.007803,-0.017401,-0.03983,-0.060301,-0.080706,-0.100262,0.001534,-0.005452,-0.008586,-0.009631,-0.002808,0.008646,0.008216,0.005466,0.004516,-0.000854,0.003465,0.016301,0.021206,0.023861,0.021768,0.009873,0.01115,0.009285,0.00884,0.001139,0.003234,0.001904,-0.007761,-0.01527,-0.019377,0.137572,-0.947454,-0.108552,-0.969706,1,0,0,0,0,0,0,0,0,0,0
3384,-0.004475,-0.02058,-0.044687,-0.071539,-0.105185,-0.003985,-0.019502,-0.023552,-0.023814,-0.025251,-0.009669,-0.031653,-0.053148,-0.078562,-0.108941,-0.006076,-0.006795,-0.007579,-0.001013,0.011858,-0.004769,-0.0163,-0.030804,-0.054716,-0.082906,-0.000327,-0.002613,-0.003299,-0.004639,-0.009702,-0.012152,-0.030314,-0.052494,-0.07278,-0.09532,-0.004214,-0.008755,-0.011139,-0.007252,0.004835,0.002196,-0.002127,-0.003617,-0.00696,-0.008686,0.003641,0.017087,0.021068,0.020222,0.017085,0.002432,-0.001097,-0.000142,-0.005031,-0.012682,0.000495,-0.004131,-0.015923,-0.01982,-0.027074,0.128989,-0.949518,-0.116761,-0.968554,1,0,0,0,0,0,0,0,0,0,0
3385,-0.005572,-0.027432,-0.051948,-0.082953,-0.123233,-0.010357,-0.015994,-0.019993,-0.020615,-0.021467,-0.011733,-0.034381,-0.055422,-0.083313,-0.116612,-0.000328,-0.000983,-0.001147,0.010062,0.026056,-0.003507,-0.017272,-0.035724,-0.063681,-0.09367,-0.001213,-0.002393,-0.004162,-0.007145,-0.011701,-0.010324,-0.030874,-0.051358,-0.07099,-0.096161,-0.002786,-0.005932,-0.006981,-0.000131,0.020255,-0.002635,-0.005395,-0.006349,-0.011739,-0.008284,0.009234,0.014158,0.016822,0.014722,0.012031,-0.001177,-0.003092,-0.00355,-0.011462,-0.020219,-0.001872,-0.011803,-0.019519,-0.023738,-0.03717,0.117684,-0.953394,-0.124949,-0.964621,1,0,0,0,0,0,0,0,0,0,0
3386,-0.010575,-0.034738,-0.061651,-0.095374,-0.14334,-0.005206,-0.009266,-0.009528,-0.010968,-0.012081,-0.010313,-0.031857,-0.057329,-0.087778,-0.125823,-0.000393,-0.001179,0.005402,0.018302,0.035851,-0.008054,-0.022591,-0.046558,-0.074813,-0.108929,-0.00108,-0.001768,-0.00311,-0.008185,-0.010575,-0.007891,-0.030122,-0.050454,-0.073045,-0.100515,-0.001768,-0.004158,-0.000262,0.011852,0.035262,-0.0017,-0.003194,-0.006545,-0.008274,-0.003505,0.004253,0.008243,0.007396,0.004251,0.00447,-0.002418,-0.001447,-0.006415,-0.01419,-0.025767,-0.002841,-0.014823,-0.018784,-0.026155,-0.043572,0.104709,-0.960336,-0.130406,-0.96533,1,0,0,0,0,0,0,0,0,0,0
3387,-0.011275,-0.035791,-0.066796,-0.107077,-0.156044,-0.000426,-0.004425,-0.005047,-0.0059,-0.007079,-0.012324,-0.033365,-0.061257,-0.094557,-0.139689,-0.000262,-0.000426,0.010783,0.026778,0.041756,-0.005703,-0.024155,-0.052113,-0.082102,-0.1214,-9.8e-05,-0.001868,-0.004851,-0.009407,-0.00957,-0.012651,-0.033136,-0.052768,-0.07794,-0.118221,-0.001377,-0.002425,0.004425,0.024811,0.042903,-0.001058,-0.002012,-0.007403,-0.003947,-0.001318,0.000667,0.003332,0.001231,-0.00146,0.000687,0.00052,6.2e-05,-0.007852,-0.01661,-0.022014,-0.00707,-0.014787,-0.019007,-0.032441,-0.044459,0.1039,-0.956601,-0.133999,-0.961014,1,0,0,0,0,0,0,0,0,0,0
3388,-0.012915,-0.039859,-0.073622,-0.121643,-0.171631,-0.003638,-0.003901,-0.005343,-0.006457,-0.007277,-0.009244,-0.034746,-0.06523,-0.103319,-0.15416,-0.000524,0.006064,0.018979,0.036549,0.05261,-0.00885,-0.032845,-0.061133,-0.095289,-0.139901,-0.00059,-0.001934,-0.007015,-0.009408,-0.011145,-0.009604,-0.02996,-0.052578,-0.080079,-0.129412,-0.001016,0.002885,0.015013,0.03845,0.058478,-0.000437,-0.003792,-0.005523,-0.000748,0.003073,0.003328,0.00248,-0.000669,-0.000449,-0.000673,0.000459,-0.00455,-0.012388,-0.02406,-0.026124,-0.005004,-0.008997,-0.016428,-0.033988,-0.040953,0.098489,-0.956805,-0.134099,-0.952489,1,0,0,0,0,0,0,0,0,0,0
3389,-0.011614,-0.042649,-0.082968,-0.131982,-0.184276,-0.000361,-0.000984,-0.001837,-0.003018,-0.003674,-0.01181,-0.039729,-0.073061,-0.118236,-0.168003,0.000361,0.011581,0.02759,0.042583,0.058757,-0.009612,-0.037597,-0.067615,-0.10695,-0.153011,-0.001181,-0.004166,-0.008727,-0.008891,-0.010662,-0.010892,-0.030543,-0.055739,-0.096058,-0.140118,-3.3e-05,0.006824,0.02723,0.045339,0.068337,-0.000517,-0.005913,-0.002454,0.000177,0.006494,-0.000664,-0.002767,-0.00546,-0.003311,-0.00358,-0.000922,-0.008889,-0.017706,-0.023146,-0.030173,-0.002735,-0.006983,-0.020508,-0.032606,-0.040714,0.091882,-0.952916,-0.135136,-0.943041,1,0,0,0,0,0,0,0,0,0,0
3390,-0.015367,-0.049188,-0.097293,-0.147368,-0.197312,9.9e-05,-0.001346,-0.002463,-0.003284,-0.003513,-0.013725,-0.044263,-0.082418,-0.133347,-0.178497,0.006239,0.019176,0.036776,0.052866,0.058678,-0.014415,-0.042752,-0.076968,-0.121657,-0.168777,-0.000164,-0.005254,-0.007651,-0.009391,-0.011164,-0.00949,-0.032146,-0.059696,-0.109114,-0.151078,0.00394,0.01609,0.039567,0.05963,0.067544,-0.002843,-0.004578,0.000206,0.004033,0.005871,-0.000186,-0.00334,-0.00312,-0.003344,-0.004488,-0.004142,-0.012076,-0.023891,-0.02598,-0.029826,-0.00129,-0.008812,-0.026587,-0.033637,-0.037524,0.088976,-0.947072,-0.133593,-0.937408,1,0,0,0,0,0,0,0,0,0,0
3391,-0.015738,-0.056203,-0.105392,-0.157874,-0.209698,-0.000724,-0.00158,-0.002766,-0.003424,-0.006947,-0.014256,-0.047708,-0.093045,-0.142992,-0.189548,0.005005,0.021072,0.036118,0.05235,0.051988,-0.013631,-0.043757,-0.083234,-0.12946,-0.182601,-0.002832,-0.007408,-0.007573,-0.009351,-0.01689,-0.010207,-0.035493,-0.075957,-0.120175,-0.161002,0.00293,0.02341,0.041584,0.064664,0.06101,-0.002565,0.000907,0.003548,0.009887,0.006189,-0.001924,-0.004627,-0.00247,-0.002741,-0.006902,-0.003948,-0.012989,-0.018569,-0.025773,-0.032097,-0.003042,-0.016911,-0.029317,-0.037631,-0.036669,0.081206,-0.937894,-0.129929,-0.927631,1,0,0,0,0,0,0,0,0,0,0
3392,-0.018224,-0.066591,-0.116938,-0.167153,-0.21892,-0.000726,-0.001849,-0.002674,-0.002905,-0.006537,-0.016408,-0.054771,-0.105977,-0.151372,-0.19614,0.00799,0.025685,0.041863,0.047706,0.046485,-0.014824,-0.049225,-0.094158,-0.141534,-0.196206,-0.002278,-0.004688,-0.006438,-0.008221,-0.016309,-0.012546,-0.040245,-0.089932,-0.132125,-0.170587,0.009277,0.032883,0.053055,0.061011,0.059162,0.000828,0.005637,0.009486,0.011333,0.010262,-0.001242,-0.00102,-0.001246,-0.002396,-0.007209,-0.004217,-0.016489,-0.018659,-0.022654,-0.029963,-0.004713,-0.023175,-0.030499,-0.034536,-0.031675,0.076502,-0.936717,-0.121498,-0.926959,1,0,0,0,0,0,0,0,0,0,0
3393,-0.022374,-0.071748,-0.124428,-0.176446,-0.219641,-0.000132,-0.001322,-0.001983,-0.005519,-0.005817,-0.017152,-0.06266,-0.112795,-0.159525,-0.202753,0.00813,0.023233,0.039526,0.039163,0.03827,-0.015401,-0.055026,-0.101426,-0.154766,-0.208338,-0.002313,-0.002479,-0.004263,-0.011831,-0.016557,-0.012823,-0.05344,-0.097824,-0.138804,-0.175157,0.01127,0.029512,0.052679,0.049011,0.049507,0.002656,0.005307,0.01167,0.007958,0.008939,-0.00147,0.000695,0.000423,-0.003754,-0.009484,-0.005034,-0.010762,-0.018159,-0.024651,-0.032851,-0.009491,-0.022228,-0.030763,-0.029776,-0.017732,0.073929,-0.938632,-0.117027,-0.925124,1,0,0,0,0,0,0,0,0,0,0
3394,-0.02602,-0.076376,-0.1266,-0.178375,-0.21516,-0.000991,-0.001816,-0.002047,-0.005679,-0.008982,-0.021232,-0.072446,-0.117849,-0.162625,-0.205353,0.009576,0.025756,0.0316,0.030379,0.027209,-0.01902,-0.06396,-0.111344,-0.166026,-0.217769,-9.9e-05,-0.001849,-0.003632,-0.011722,-0.024963,-0.014892,-0.064588,-0.106788,-0.145256,-0.181116,0.01235,0.032525,0.040483,0.038634,0.03728,0.002156,0.006005,0.007853,0.006782,0.008206,0.00169,0.001464,0.000314,-0.0045,-0.016169,-0.007282,-0.009455,-0.013454,-0.020772,-0.028939,-0.00905,-0.016382,-0.020424,-0.01756,-0.001213,0.075818,-0.936963,-0.109845,-0.918277,1,0,0,0,0,0,0,0,0,0,0
3395,-0.023349,-0.076068,-0.128124,-0.17135,-0.206408,-0.000198,-0.00086,-0.004399,-0.004696,-0.015247,-0.024275,-0.074447,-0.121212,-0.164471,-0.206374,0.005523,0.021828,0.021464,0.020571,0.014254,-0.020604,-0.067039,-0.120418,-0.174029,-0.221687,-6.6e-05,-0.001852,-0.009426,-0.014155,-0.033834,-0.025731,-0.070147,-0.111158,-0.147538,-0.180941,0.005887,0.029071,0.0254,0.025896,0.024375,0.000493,0.00686,0.003146,0.004128,0.008559,0.000474,0.000202,-0.003978,-0.009713,-0.020132,0.001607,-0.005828,-0.012354,-0.020596,-0.031213,-0.003651,-0.01223,-0.011238,0.000868,0.01393,0.073799,-0.943335,-0.104577,-0.917624,1,0,0,0,0,0,0,0,0,0,0
3396,-0.026971,-0.07706,-0.128697,-0.165383,-0.196306,-0.000626,-0.000856,-0.004479,-0.007772,-0.020879,-0.026905,-0.072186,-0.116842,-0.159456,-0.198809,0.010637,0.016466,0.015247,0.012086,0.005533,-0.024304,-0.071561,-0.126096,-0.1777,-0.220544,-0.00168,-0.003458,-0.011526,-0.024732,-0.041856,-0.023941,-0.066028,-0.104394,-0.140158,-0.168907,0.014259,0.022196,0.020352,0.019002,0.018014,0.003348,0.005191,0.004122,0.005543,0.010704,-0.000697,-0.001844,-0.006645,-0.018283,-0.023398,-0.003691,-0.007616,-0.014798,-0.022812,-0.035783,-0.003653,-0.007619,-0.004808,0.011234,0.023383,0.073568,-0.954052,-0.099028,-0.92199,1,0,0,0,0,0,0,0,0,0,0
3397,-0.025342,-0.07681,-0.119547,-0.154208,-0.180106,-3.3e-05,-0.003531,-0.003826,-0.014257,-0.02338,-0.022889,-0.069126,-0.111896,-0.153326,-0.185174,0.005559,0.005199,0.004316,-0.001929,-0.006932,-0.021778,-0.074554,-0.127559,-0.174678,-0.212511,-9.8e-05,-0.007586,-0.012262,-0.031718,-0.050683,-0.020143,-0.060689,-0.096658,-0.129684,-0.155189,0.008763,0.005134,0.005624,0.00412,0.003433,0.002971,-0.000701,0.000269,0.004651,0.008799,0.000423,-0.00371,-0.009379,-0.019681,-0.030469,-0.003354,-0.00938,-0.016992,-0.026797,-0.034463,-0.004447,-0.003531,0.007649,0.019711,0.030534,0.071327,-0.958949,-0.092121,-0.912889,1,0,0,0,0,0,0,0,0,0,0
3398,-0.024152,-0.074918,-0.110984,-0.141385,-0.16081,-0.000194,-0.003756,-0.006993,-0.019879,-0.025026,-0.021854,-0.065755,-0.107649,-0.146338,-0.170394,0.000227,-0.000971,-0.004079,-0.010522,-0.015702,-0.024897,-0.078511,-0.129244,-0.171365,-0.205586,-0.001651,-0.009583,-0.022566,-0.039401,-0.055233,-0.021433,-0.059151,-0.094311,-0.122575,-0.148216,-0.000874,-0.002687,-0.004015,-0.004986,-0.005633,-0.00113,-0.00218,-0.000784,0.00429,0.008865,-0.001547,-0.006267,-0.017708,-0.022737,-0.034365,-0.000356,-0.00673,-0.013844,-0.025357,-0.023555,0.000627,0.003123,0.017363,0.028146,0.040069,0.075389,-0.961714,-0.083525,-0.908344,1,0,0,0,0,0,0,0,0,0,0
3399,-0.026674,-0.068778,-0.102925,-0.128439,-0.146479,-0.003254,-0.003544,-0.01382,-0.022808,-0.02735,-0.023806,-0.065943,-0.106759,-0.138136,-0.156723,-0.00058,-0.00145,-0.007603,-0.012531,-0.019168,-0.027221,-0.079441,-0.125862,-0.163134,-0.196669,-0.005734,-0.010341,-0.029508,-0.048193,-0.058856,-0.01862,-0.054056,-0.086592,-0.11172,-0.136364,-0.002706,-0.002223,-0.003705,-0.004381,-0.014819,-0.002493,-0.001537,0.002779,0.006866,0.003224,-0.002533,-0.008118,-0.018267,-0.028896,-0.035821,-0.005085,-0.011941,-0.020773,-0.027679,-0.020751,0.00022,0.01029,0.021156,0.030905,0.042929,0.076588,-0.957677,-0.074512,-0.906975,1,0,0,0,0,0,0,0,0,0,0
3400,-0.023658,-0.059274,-0.089294,-0.108477,-0.127339,-0.000288,-0.003485,-0.016209,-0.021293,-0.034656,-0.019726,-0.061096,-0.099301,-0.123055,-0.136131,-0.000607,-0.003677,-0.010039,-0.015154,-0.019726,-0.025928,-0.076026,-0.11762,-0.151413,-0.177214,-0.002142,-0.014962,-0.031587,-0.047221,-0.063014,-0.018767,-0.053487,-0.081398,-0.106718,-0.125965,0.000895,-0.000416,-0.001375,-0.002014,-0.02142,0.001437,0.002816,0.007827,0.012344,-0.002253,-0.002148,-0.013446,-0.018412,-0.029894,-0.03261,-0.001015,-0.007529,-0.018071,-0.016421,-0.009797,0.002076,0.015115,0.024989,0.035907,0.040952,0.079779,-0.958487,-0.074334,-0.906789,1,0,0,0,0,0,0,0,0,0,0
3401,-0.018081,-0.051884,-0.07714,-0.094998,-0.105873,0.0,-0.010173,-0.01907,-0.023566,-0.039224,-0.022036,-0.062439,-0.093499,-0.1119,-0.118405,-0.000255,-0.006346,-0.011225,-0.017794,-0.022737,-0.02583,-0.071783,-0.108679,-0.141876,-0.157055,-0.002424,-0.021398,-0.039894,-0.050449,-0.064959,-0.016359,-0.048567,-0.073441,-0.097836,-0.113717,-0.000415,-0.001881,-0.002551,-0.012883,-0.028381,-0.000487,0.003786,0.007831,0.004226,-0.005912,-0.003387,-0.013433,-0.023955,-0.03081,-0.029791,-0.005389,-0.013616,-0.020048,-0.013595,-0.004449,0.007341,0.017461,0.026542,0.037743,0.040872,0.083653,-0.96008,-0.074718,-0.910385,1,0,0,0,0,0,0,0,0,0,0
3402,-0.017386,-0.04723,-0.066301,-0.085053,-0.091346,-0.003178,-0.015828,-0.020882,-0.034167,-0.043734,-0.019165,-0.057147,-0.080762,-0.093762,-0.098593,-0.002797,-0.009122,-0.014207,-0.018752,-0.023043,-0.02406,-0.065411,-0.099006,-0.124655,-0.134508,-0.01033,-0.026857,-0.042399,-0.0581,-0.062773,-0.018212,-0.045959,-0.071132,-0.090265,-0.102883,-0.00089,-0.001843,-0.002479,-0.021772,-0.027652,0.001857,0.006838,0.011329,-0.003183,-0.004358,-0.007856,-0.012793,-0.024208,-0.026908,-0.02212,-0.000986,-0.011104,-0.00952,-0.003163,0.003785,0.005342,0.014818,0.025296,0.030138,0.032744,0.089544,-0.963977,-0.074392,-0.911581,1,0,0,0,0,0,0,0,0,0,0
3403,-0.016193,-0.041192,-0.058868,-0.069631,-0.077144,-0.006913,-0.015719,-0.02017,-0.035668,-0.039677,-0.020959,-0.051703,-0.069916,-0.076355,-0.07828,-0.003251,-0.008081,-0.014583,-0.019475,-0.020517,-0.02159,-0.05811,-0.090969,-0.105994,-0.112559,-0.008522,-0.02683,-0.037278,-0.05164,-0.051671,-0.013794,-0.038414,-0.062561,-0.07828,-0.084719,-0.000568,-0.001231,-0.011458,-0.026798,-0.026483,0.002386,0.00639,0.002821,-0.007213,-0.005591,-0.002142,-0.012556,-0.019342,-0.018333,-0.014333,-0.006718,-0.012706,-0.006698,0.001815,0.005568,0.004331,0.012784,0.02321,0.026124,0.025518,0.09062,-0.966543,-0.070475,-0.912675,1,0,0,0,0,0,0,0,0,0,0
3404,-0.013407,-0.032289,-0.050857,-0.057088,-0.059543,-0.005633,-0.010637,-0.023792,-0.033265,-0.032069,-0.016711,-0.040094,-0.052965,-0.057749,-0.056868,-0.003021,-0.008057,-0.012557,-0.016805,-0.018379,-0.019417,-0.052682,-0.078079,-0.087835,-0.093248,-0.007868,-0.023257,-0.038803,-0.04343,-0.0428,-0.013721,-0.038646,-0.057591,-0.070085,-0.070904,-0.000378,-0.001007,-0.02011,-0.025932,-0.025775,0.002553,0.007001,-0.007369,-0.008533,-0.006697,-0.002753,-0.014056,-0.016729,-0.011987,-0.012617,-0.002861,-0.001384,0.004549,0.011031,0.012364,0.004601,0.014377,0.018896,0.021328,0.023385,0.093084,-0.967279,-0.065414,-0.912066,1,0,0,0,0,0,0,0,0,0,0
3405,-0.011561,-0.02925,-0.040022,-0.04754,-0.046213,-0.003159,-0.007613,-0.023122,-0.027134,-0.024733,-0.013993,-0.03222,-0.038664,-0.040591,-0.040338,-0.001801,-0.008308,-0.013204,-0.014246,-0.018605,-0.017058,-0.049941,-0.064976,-0.071547,-0.078275,-0.010424,-0.02088,-0.035252,-0.035284,-0.020027,-0.010866,-0.035031,-0.050762,-0.057206,-0.055974,-0.000284,-0.010519,-0.025871,-0.025555,-0.029819,0.001444,-0.002127,-0.012169,-0.010545,-0.010513,-0.007659,-0.014449,-0.013441,-0.009437,0.003278,-0.003083,0.002956,0.011513,0.015286,0.014432,0.003775,0.014255,0.017184,0.016575,0.022694,0.092771,-0.961452,-0.058868,-0.922111,1,0,0,0,0,0,0,0,0,0,0
3406,-0.007372,-0.02596,-0.032198,-0.034655,-0.033742,-0.001859,-0.015028,-0.024511,-0.023314,-0.017674,-0.009451,-0.022337,-0.027126,-0.026244,-0.026086,-0.003245,-0.00775,-0.012003,-0.013579,-0.018462,-0.016288,-0.041713,-0.051479,-0.056898,-0.061057,-0.005009,-0.020573,-0.025204,-0.024574,-0.000599,-0.014114,-0.03308,-0.045588,-0.046407,-0.047793,-0.000347,-0.01947,-0.025299,-0.025141,-0.033427,0.003012,-0.011374,-0.012539,-0.010701,-0.013992,-0.003676,-0.006352,-0.001606,-0.002236,0.016038,0.004515,0.010493,0.017025,0.018368,0.019821,0.006146,0.010699,0.013149,0.015222,0.019293,0.097197,-0.959115,-0.056536,-0.92539,1,0,0,0,0,0,0,0,0,0,0
3407,-0.01024,-0.020952,-0.028428,-0.027109,-0.026543,-0.002576,-0.017999,-0.021988,-0.019601,-0.015455,-0.008701,-0.015109,-0.017025,-0.016774,-0.014827,-0.003235,-0.008104,-0.009141,-0.013476,-0.022397,-0.01646,-0.031412,-0.037946,-0.044637,-0.043129,-0.005403,-0.019695,-0.019727,-0.004555,0.009581,-0.009958,-0.025601,-0.032009,-0.030784,-0.035307,-0.009832,-0.025098,-0.024784,-0.029025,-0.046961,-0.006554,-0.016541,-0.014926,-0.014893,-0.023432,-0.003087,-0.002084,0.001897,0.014541,0.024538,0.001384,0.009614,0.013242,0.012421,0.018109,0.004059,0.006875,0.00629,0.012174,0.011374,0.099514,-0.948584,-0.05662,-0.924542,1,0,0,0,0,0,0,0,0,0,0
3408,-0.008304,-0.014531,-0.016985,-0.016072,-0.017519,-0.010568,-0.020035,-0.01884,-0.01321,-0.004875,-0.004152,-0.008933,-0.008052,-0.007895,-0.005504,-0.001258,-0.005504,-0.007077,-0.011952,-0.026263,-0.008901,-0.018652,-0.024061,-0.028213,-0.025571,-0.010128,-0.014751,-0.014122,0.009813,0.024753,-0.008964,-0.021451,-0.022269,-0.023653,-0.028433,-0.009247,-0.015066,-0.014909,-0.023181,-0.043845,-0.007799,-0.008962,-0.007127,-0.010413,-0.016189,0.00042,0.005158,0.004529,0.022772,0.02942,0.004512,0.010969,0.012296,0.013733,0.019654,0.000405,0.002827,0.004875,0.008899,0.005274,0.102566,-0.947502,-0.056644,-0.927398,1,0,0,0,0,0,0,0,0,0,0
3409,-0.002438,-0.009972,-0.008643,-0.008073,-0.010764,-0.004907,-0.008928,-0.006522,-0.002343,0.019818,-0.002279,-0.004211,-0.003957,-0.001994,-0.002089,-0.003641,-0.004685,-0.009054,-0.018045,-0.029252,-0.00611,-0.012695,-0.019438,-0.017919,-0.015766,-0.004211,-0.004242,0.011049,0.025295,0.046411,-0.006743,-0.013202,-0.011967,-0.016526,-0.020388,-0.006078,-0.005762,-0.010036,-0.028113,-0.03818,-0.002215,-0.000587,-0.000555,-0.009161,-0.007714,0.000589,0.004601,0.017344,0.02742,0.026448,0.00397,0.007801,0.006934,0.012942,0.015848,0.002551,0.001933,0.008148,0.007303,0.002686,0.102413,-0.946981,-0.057003,-0.929225,1,0,0,0,0,0,0,0,0,0,0
3410,-0.003847,-0.006327,-0.005405,-0.006868,-0.010556,-0.004642,-0.003434,0.002257,0.010683,0.038949,-0.002544,-0.001653,-0.001494,0.000922,-0.002003,-0.000636,-0.002226,-0.007154,-0.021621,-0.029029,-0.00372,-0.009189,-0.013386,-0.010715,-0.007949,-0.000445,0.000191,0.024387,0.039489,0.061873,-0.00585,-0.006677,-0.008076,-0.012909,-0.014276,0.000223,0.000382,-0.007981,-0.02887,-0.034148,0.001049,0.002903,-0.000419,-0.006257,-0.004266,0.004199,0.003562,0.022005,0.028724,0.022987,0.002874,0.004306,0.005856,0.012242,0.0108,-1.6e-05,0.002194,0.006534,0.002624,-0.003638,0.102482,-0.948733,-0.058584,-0.934399,1,0,0,0,0,0,0,0,0,0,0
3411,-0.003724,-0.002387,-0.001814,-0.00452,-0.009677,0.000605,0.003024,0.007226,0.029509,0.052396,0.000605,0.000859,0.002833,0.002738,-0.001974,-0.000414,-0.004807,-0.013847,-0.025116,-0.032755,-0.002897,-0.009677,-0.008149,-0.005984,-0.002992,0.000414,0.015789,0.030113,0.051345,0.070795,-0.000637,0.000605,-0.003979,-0.007863,-0.011969,9.5e-05,-0.004202,-0.022378,-0.032501,-0.039854,0.000586,0.000619,-0.008034,-0.00658,-0.006346,-0.000169,0.012644,0.022775,0.021798,0.018603,0.001084,0.000183,0.006426,0.009446,0.008922,-0.000626,0.005832,0.004954,0.000157,-0.007568,0.106075,-0.948873,-0.060303,-0.940854,1,0,0,0,0,0,0,0,0,0,0
3412,0.001243,0.002167,0.000701,-0.002996,-0.009658,0.000606,0.006311,0.014758,0.043095,0.060562,0.000287,0.000446,0.002869,-6.4e-05,-0.005769,-0.001179,-0.00612,-0.020623,-0.02805,-0.036401,-0.002582,-0.006789,-0.004112,-0.001339,0.000159,0.000223,0.02448,0.039621,0.06206,0.079719,-0.000191,-0.001594,-0.006439,-0.007809,-0.016671,6.4e-05,-0.008319,-0.029261,-0.034552,-0.046123,0.001271,-0.002058,-0.007912,-0.005916,-0.00885,-0.000468,0.01802,0.024757,0.019005,0.019509,0.000363,0.00194,0.00844,0.006973,0.009833,0.002881,0.007298,0.003319,-0.003054,-0.010698,0.11117,-0.947515,-0.061272,-0.948896,1,0,0,0,0,0,0,0,0,0,0
3413,9.6e-05,0.000669,-0.00204,-0.007204,-0.014568,0.001817,0.006025,0.02834,0.05126,0.062449,-3.2e-05,0.001945,0.001849,-0.002869,-0.010073,-0.00322,-0.012273,-0.023558,-0.031209,-0.038891,-0.004208,-0.002678,-0.00051,0.002486,0.002263,0.015174,0.029519,0.050782,0.070259,0.081002,0.001435,-0.003156,-0.007045,-0.011157,-0.020721,-0.004367,-0.02257,-0.032707,-0.040071,-0.053077,-0.001239,-0.009904,-0.008448,-0.008214,-0.013309,0.0133,0.023446,0.022468,0.019268,0.019155,-0.001273,0.005033,0.008083,0.007554,0.009893,0.00364,0.002753,-0.002092,-0.009895,-0.016628,0.114536,-0.943751,-0.062767,-0.950085,1,0,0,0,0,0,0,0,0,0,0
3414,0.000827,-0.000636,-0.004325,-0.010972,-0.017619,0.00388,0.012308,0.040581,0.05801,0.06154,0.000191,0.002608,-0.000318,-0.006011,-0.013453,-0.001717,-0.016188,-0.023598,-0.031931,-0.037306,0.0,0.002671,0.005438,0.006933,0.004993,0.009064,0.024171,0.04656,0.064179,0.068473,-0.002831,-0.007665,-0.009032,-0.017874,-0.026747,-0.004007,-0.024902,-0.030182,-0.041726,-0.051872,-0.002087,-0.007927,-0.005936,-0.008863,-0.013481,0.005178,0.0119,0.00616,0.006664,0.007674,0.002805,0.009204,0.007759,0.010575,0.012031,0.000768,-0.00315,-0.009423,-0.016948,-0.021268,0.117912,-0.942169,-0.064108,-0.951443,1,0,0,0,0,0,0,0,0,0,0
3415,-0.000255,-0.002959,-0.008113,-0.015462,-0.024562,0.000318,0.022589,0.045465,0.056632,0.056314,0.001782,0.001686,-0.003022,-0.010213,-0.018676,-0.007318,-0.01858,-0.026216,-0.033884,-0.037797,0.001527,0.003691,0.006681,0.006459,0.002036,0.00525,0.026471,0.04591,0.056632,0.057682,-0.00175,-0.005631,-0.009736,-0.01928,-0.028507,-0.014158,-0.024275,-0.031625,-0.044606,-0.050905,-0.006561,-0.005108,-0.004875,-0.009959,-0.012264,0.004945,0.003969,0.000776,0.000664,0.002308,0.003407,0.006416,0.005894,0.008202,0.00897,-0.001644,-0.006424,-0.014121,-0.020762,-0.025081,0.120494,-0.939689,-0.06377,-0.949116,1,0,0,0,0,0,0,0,0,0,0
3416,-0.00121,-0.004904,-0.01156,-0.018215,-0.029679,0.00812,0.03643,0.053881,0.057416,0.055537,0.000637,-0.002293,-0.007993,-0.015445,-0.026749,-0.007165,-0.014585,-0.022928,-0.02831,-0.03229,0.001146,0.003917,0.005414,0.003471,-0.005095,0.009872,0.03229,0.049932,0.054231,0.051652,-0.003089,-0.004458,-0.013311,-0.022196,-0.03643,-0.006751,-0.012037,-0.023597,-0.033755,-0.038946,0.00072,0.002714,-0.000218,-0.004842,-0.005758,0.00178,-0.003966,-0.003462,-0.002451,-0.002974,0.003028,0.00157,0.004412,0.005881,0.008206,-0.002298,-0.008628,-0.016221,-0.02058,-0.023365,0.128289,-0.937416,-0.062587,-0.947312,1,0,0,0,0,0,0,0,0,0,0
3417,-0.0015,-0.00667,-0.014041,-0.023168,-0.034944,0.014201,0.037146,0.048347,0.048028,0.046719,-0.000734,-0.005457,-0.012669,-0.021158,-0.035263,-0.004117,-0.011776,-0.019466,-0.023392,-0.027189,0.001021,0.004021,0.003798,-0.000638,-0.012286,0.011393,0.030891,0.041645,0.042698,0.040975,-0.000798,-0.004914,-0.014488,-0.023743,-0.04273,-0.003383,-0.010754,-0.023775,-0.030093,-0.032965,0.000737,0.000971,-0.004129,-0.006441,-0.005036,-0.002763,-0.005966,-0.006079,-0.004429,-0.004835,0.0,-0.000534,0.001824,0.002609,0.006319,-0.002549,-0.01041,-0.017194,-0.021605,-0.021752,0.132576,-0.936372,-0.063336,-0.944971,1,0,0,0,0,0,0,0,0,0,0
3418,-0.002203,-0.008878,-0.015552,-0.027048,-0.040078,0.014179,0.031679,0.035224,0.033339,0.029986,-0.002203,-0.00792,-0.015392,-0.026729,-0.040652,-0.003321,-0.011688,-0.017085,-0.021077,-0.025899,0.001756,0.003257,0.001309,-0.007281,-0.021747,0.011081,0.028773,0.033084,0.030497,0.029412,-0.000575,-0.009453,-0.018362,-0.032637,-0.047582,-0.001916,-0.013508,-0.023695,-0.028901,-0.033148,0.001262,-0.001677,-0.006314,-0.007234,-0.006557,-0.002998,-0.002492,-0.001478,-0.002003,0.000171,-0.001487,0.001411,0.002909,0.005281,0.006034,-0.003894,-0.011638,-0.016084,-0.018924,-0.017389,0.132352,-0.934065,-0.063193,-0.944522,1,0,0,0,0,0,0,0,0,0,0
3419,-0.002976,-0.010367,-0.019517,-0.031324,-0.047002,0.008799,0.020029,0.019709,0.018397,0.015134,-0.002528,-0.009759,-0.018269,-0.032412,-0.046202,-0.004351,-0.012062,-0.015998,-0.019805,-0.022717,0.001248,0.001024,-0.003424,-0.015102,-0.032124,0.008447,0.019229,0.020285,0.018557,0.01811,-0.003552,-0.01315,-0.022429,-0.041466,-0.056056,-0.005471,-0.018525,-0.024861,-0.02774,-0.030588,-0.00103,-0.006143,-0.008461,-0.007052,-0.006904,-0.000208,-0.000321,0.001333,0.000926,0.003651,0.000963,0.003364,0.004164,0.007943,0.008573,-0.004059,-0.010968,-0.015461,-0.01561,-0.014127,0.131268,-0.93686,-0.067256,-0.945821,1,0,0,0,0,0,0,0,0,0,0
3420,-0.003721,-0.010425,-0.021972,-0.035059,-0.051642,0.008757,0.012317,0.010425,0.007057,0.006255,-0.003208,-0.010713,-0.0221,-0.036086,-0.051674,-0.004042,-0.009462,-0.013472,-0.018315,-0.018347,0.000257,-0.0017,-0.010328,-0.024859,-0.040801,0.009302,0.013632,0.011034,0.009944,0.008885,-0.005357,-0.014306,-0.028644,-0.043655,-0.061041,-0.006159,-0.016391,-0.021619,-0.025885,-0.024699,-0.00192,-0.006577,-0.007501,-0.006821,-0.005419,0.000716,0.001734,0.001208,0.003391,0.003174,0.002009,0.003554,0.006,0.006777,0.008126,-0.003856,-0.008442,-0.011371,-0.009788,-0.010452,0.127237,-0.937936,-0.06987,-0.945392,1,0,0,0,0,0,0,0,0,0,0
3421,-0.003695,-0.012884,-0.02474,-0.040484,-0.055778,0.002506,0.002185,0.000868,-0.00241,-0.002827,-0.004048,-0.012595,-0.026796,-0.040644,-0.059184,-0.003695,-0.007647,-0.01147,-0.014394,-0.013977,-0.000482,-0.004948,-0.016675,-0.033769,-0.049352,0.00151,0.00257,0.000835,0.000386,-0.00106,-0.004273,-0.013591,-0.032708,-0.04736,-0.064196,-0.00694,-0.013302,-0.016194,-0.019053,-0.018346,-0.003211,-0.005539,-0.004124,-0.003975,-0.003866,-0.000831,0.00083,0.000421,0.003158,0.002114,0.00044,0.001263,0.005155,0.005804,0.004377,-0.003212,-0.007839,-0.007993,-0.006465,-0.006238,0.123478,-0.936616,-0.073104,-0.94384,1,0,0,0,0,0,0,0,0,0,0
3422,-0.003023,-0.014598,-0.027718,-0.044342,-0.065436,0.001061,-0.000836,-0.004212,-0.005016,-0.004952,-0.003473,-0.014888,-0.028907,-0.044535,-0.061545,-0.001736,-0.005756,-0.010611,-0.010643,-0.00881,-0.001479,-0.010129,-0.024695,-0.040676,-0.059133,0.00283,0.000225,-0.000868,-0.001929,-0.001961,-0.004695,-0.019068,-0.034117,-0.051545,-0.067043,-0.003312,-0.008553,-0.01283,-0.01164,-0.009679,-0.001455,-0.002381,-0.001699,-0.000294,-0.000326,0.001852,0.001325,0.003513,0.003296,0.003371,0.00113,0.003619,0.004409,0.005781,0.004521,-0.001436,-0.004415,-0.002805,-0.00348,-0.00617,0.118143,-0.937466,-0.074703,-0.945241,1,0,0,0,0,0,0,0,0,0,0
3423,-0.006182,-0.018064,-0.033841,-0.049168,-0.077535,-0.001385,-0.002705,-0.005989,-0.006408,-0.002994,-0.005087,-0.019319,-0.033197,-0.051776,-0.06736,-0.002222,-0.006053,-0.008983,-0.008565,-0.004701,-0.002994,-0.014747,-0.031877,-0.047493,-0.070193,-0.001771,-0.00351,-0.00396,-0.005409,-0.001513,-0.004637,-0.023795,-0.038478,-0.05535,-0.071031,-0.003059,-0.005957,-0.008822,-0.008114,-0.003864,-0.000876,0.000542,0.000691,0.000801,0.001195,-0.000191,-0.0006,0.002142,0.001096,0.001959,-0.000305,0.003645,0.004304,0.002855,0.002901,-0.003247,-0.003403,-0.001853,-0.001622,-0.007417,0.111391,-0.938037,-0.076107,-0.949241,1,0,0,0,0,0,0,0,0,0,0
3424,-0.005405,-0.018533,-0.035167,-0.056273,-0.089156,-0.000515,-0.003893,-0.004697,-0.004633,-0.001963,-0.006338,-0.020366,-0.036003,-0.053024,-0.078023,-0.001802,-0.00666,-0.006692,-0.004858,-0.001705,-0.005663,-0.020238,-0.036229,-0.054697,-0.081595,-0.000837,-0.00193,-0.002992,-0.003024,0.000129,-0.009749,-0.024807,-0.042245,-0.057753,-0.078345,-0.002188,-0.006467,-0.005277,-0.003314,0.003121,-5.1e-05,0.000631,0.002037,0.002005,0.004835,-0.000338,0.001852,0.001634,0.00171,0.002636,0.002803,0.003596,0.004974,0.003709,-0.000283,0.000237,0.001855,0.001177,-0.001525,-0.007646,0.109241,-0.940181,-0.077646,-0.950508,1,0,0,0,0,0,0,0,0,0,0
3425,-0.006458,-0.022201,-0.037494,-0.065799,-0.099085,-0.000803,-0.00408,-0.004498,-0.001092,-0.001382,-0.007872,-0.021719,-0.040257,-0.055807,-0.08588,-0.002024,-0.004948,-0.00453,-0.000675,0.001639,-0.006072,-0.023165,-0.038747,-0.061398,-0.08755,-0.0009,-0.001349,-0.002795,0.001092,0.001831,-0.009382,-0.024032,-0.040868,-0.056514,-0.082217,-0.000707,-0.003566,-0.002859,0.001382,0.012723,0.001466,0.001615,0.001724,0.002118,0.01068,-7.1e-05,0.002665,0.001621,0.002482,0.004085,0.001115,0.001764,0.000337,0.000383,-0.004044,-0.000389,0.001138,0.001365,-0.004342,-0.011575,0.108327,-0.946029,-0.082095,-0.953307,1,0,0,0,0,0,0,0,0,0,0
3426,-0.006642,-0.02323,-0.044277,-0.077068,-0.11018,-0.002567,-0.003369,-0.003305,-0.000642,-0.000353,-0.006128,-0.021722,-0.038695,-0.063625,-0.091828,-0.002823,-0.002856,-0.001027,0.002118,0.005037,-0.00847,-0.024417,-0.042834,-0.069657,-0.095838,-0.000193,-0.001251,-0.001283,0.001861,0.002631,-0.005647,-0.023037,-0.038502,-0.059037,-0.084993,-0.003561,-0.002374,-0.000417,0.006,0.016556,-0.000784,0.000618,0.000586,0.003409,0.010811,0.002255,0.002038,0.002113,0.003036,0.004127,-0.000327,0.001025,-0.000216,-0.004131,-0.006773,0.001972,0.001306,-0.001343,-0.007346,-0.014408,0.105779,-0.946193,-0.082671,-0.952301,1,0,0,0,0,0,0,0,0,0,0
3427,-0.009078,-0.024347,-0.052607,-0.085839,-0.121028,-0.000706,-0.001123,0.002278,0.001989,0.002117,-0.007699,-0.026207,-0.041733,-0.071757,-0.100338,-9.6e-05,0.000321,0.00417,0.00648,0.008661,-0.008597,-0.024154,-0.046769,-0.07288,-0.103033,-0.000257,-0.0017,0.002181,0.002919,0.002727,-0.008982,-0.02579,-0.041412,-0.067074,-0.093249,0.000706,0.001411,0.005646,0.016969,0.022935,0.000932,0.001042,0.001435,0.009984,0.013542,0.000478,-0.000565,0.000296,0.001896,0.002051,0.000968,-0.000443,-0.000398,-0.004776,-0.007282,-0.000458,-0.000234,-0.005877,-0.013031,-0.018229,0.105367,-0.945526,-0.081988,-0.9515,1,0,0,0,0,0,0,0,0,0,0
3428,-0.007516,-0.028585,-0.06141,-0.094556,-0.125615,-9.6e-05,-3.2e-05,0.002634,0.002923,0.002569,-0.007901,-0.024892,-0.049848,-0.07808,-0.106183,6.4e-05,0.001895,0.005043,0.007965,0.010567,-0.007355,-0.025791,-0.052642,-0.078851,-0.112029,-0.000803,-0.000835,0.002313,0.003083,0.003019,-0.008415,-0.023896,-0.044452,-0.070436,-0.094139,0.000482,0.002441,0.008865,0.019432,0.024635,0.00047,0.000438,0.003263,0.010674,0.012906,-0.000695,-0.00062,0.000304,0.001396,0.001486,0.000385,-0.000866,-0.004809,-0.00747,-0.011833,-0.000208,-0.002877,-0.008923,-0.016036,-0.013812,0.096803,-0.944698,-0.080787,-0.953369,1,0,0,0,0,0,0,0,0,0,0
3429,-0.007778,-0.036092,-0.069387,-0.104644,-0.134693,-0.000321,0.003085,0.002796,0.002925,0.002603,-0.010638,-0.026193,-0.056275,-0.08491,-0.108307,0.000354,0.00421,0.006524,0.00871,0.011313,-0.008228,-0.030885,-0.057046,-0.087257,-0.121227,-0.000643,0.003246,0.003985,0.003792,0.003632,-0.00842,-0.024072,-0.049783,-0.076008,-0.094423,0.000225,0.004467,0.015812,0.02179,0.025679,-0.000361,3.3e-05,0.008598,0.012164,0.01305,-0.000349,0.000513,0.002117,0.002272,0.002058,-0.001817,-0.001771,-0.006208,-0.008747,-0.013582,0.000436,-0.005283,-0.012532,-0.017801,-0.01371,0.092292,-0.946638,-0.079835,-0.955883,1,0,0,0,0,0,0,0,0,0,0
3430,-0.013292,-0.046104,-0.079237,-0.110283,-0.143384,0.000385,0.00305,0.003339,0.002986,0.001541,-0.006357,-0.031303,-0.059524,-0.087616,-0.107682,0.001477,0.004623,0.007545,0.010145,0.014512,-0.01021,-0.03705,-0.063248,-0.096413,-0.129996,0.00061,0.003756,0.004527,0.004463,0.002151,-0.007063,-0.027611,-0.053584,-0.077278,-0.095097,0.001734,0.008155,0.018718,0.023919,0.02546,0.000328,0.003153,0.01056,0.012791,0.009806,0.000423,0.001347,0.002439,0.002529,0.001622,0.000557,-0.003376,-0.006029,-0.010381,-0.012309,-0.003095,-0.009124,-0.016218,-0.014,-0.013587,0.085053,-0.943082,-0.079857,-0.955975,1,0,0,0,0,0,0,0,0,0,0
3431,-0.015005,-0.048292,-0.083539,-0.113581,-0.140442,0.00302,0.002731,0.00286,0.002538,-0.000482,-0.009189,-0.039263,-0.067891,-0.091282,-0.111621,0.002378,0.004691,0.006876,0.009478,0.016901,-0.012434,-0.038588,-0.068791,-0.102753,-0.136554,0.003277,0.004016,0.003824,0.003663,-0.002603,-0.008579,-0.034283,-0.060501,-0.078912,-0.097387,0.002506,0.013848,0.019824,0.023712,0.023584,6.5e-05,0.008628,0.012192,0.013078,0.005413,0.000438,0.002041,0.002196,0.001982,-0.001834,-0.000515,-0.004943,-0.007477,-0.012304,-0.013514,-0.002598,-0.009834,-0.015092,-0.01101,-0.004265,0.080849,-0.938892,-0.074577,-0.95306,1,0,0,0,0,0,0,0,0,0,0
3432,-0.017868,-0.051092,-0.082224,-0.115416,-0.132221,-0.000354,-6.4e-05,-0.000419,-0.001867,-0.006664,-0.015807,-0.044106,-0.072276,-0.092397,-0.113709,0.000773,0.003702,0.00631,0.010688,0.018994,-0.014455,-0.040725,-0.073982,-0.107657,-0.135859,-0.000129,0.000644,0.000579,-0.001738,-0.011751,-0.012008,-0.038053,-0.061813,-0.07968,-0.102377,0.003928,0.01452,0.019735,0.02128,0.023824,0.002767,0.010195,0.012433,0.009439,0.003795,0.000488,0.001582,0.001672,0.000763,-0.005328,-0.003488,-0.006192,-0.010628,-0.012594,-0.011024,-0.003513,-0.010744,-0.008483,-0.008062,0.003028,0.082835,-0.938769,-0.075373,-0.948438,1,0,0,0,0,0,0,0,0,0,0
3433,-0.015523,-0.050925,-0.0811,-0.108079,-0.123408,6.5e-05,0.000194,-0.000129,-0.003163,-0.009456,-0.014361,-0.043115,-0.066609,-0.087038,-0.113017,0.001549,0.003744,0.006358,0.013812,0.026754,-0.011779,-0.042115,-0.076227,-0.110177,-0.135833,0.000871,0.000678,0.000516,-0.005777,-0.016039,-0.01378,-0.040114,-0.058606,-0.077162,-0.102206,0.007455,0.013457,0.017362,0.017233,0.022332,0.005827,0.009407,0.010297,0.002598,-0.005291,0.001121,0.001277,0.001062,-0.002771,-0.007411,-0.00102,-0.003633,-0.008611,-0.009859,-0.010071,-0.003889,-0.009313,-0.005102,0.001854,0.01183,0.079688,-0.936157,-0.071907,-0.946207,1,0,0,0,0,0,0,0,0,0,0
3434,-0.017823,-0.049102,-0.08245,-0.099335,-0.117223,0.000226,-0.000129,-0.001585,-0.006405,-0.015688,-0.014038,-0.042341,-0.062558,-0.083971,-0.105254,0.001391,0.004011,0.00841,0.016755,0.034966,-0.014588,-0.048002,-0.081836,-0.110171,-0.136339,-9.7e-05,-0.000162,-0.002491,-0.01255,-0.021348,-0.012356,-0.036228,-0.05418,-0.076984,-0.099109,0.00317,0.00841,0.009963,0.012518,0.017208,0.001622,0.003871,0.000863,-0.004807,-0.01822,-2.4e-05,6.7e-05,-0.000847,-0.006967,-0.006957,-0.001759,-0.006344,-0.008376,-0.006753,-0.005446,-0.003522,-0.001185,-0.000749,0.010713,0.018959,0.082092,-0.932086,-0.071255,-0.947823,1,0,0,0,0,0,0,0,0,0,0
3435,-0.017646,-0.047864,-0.074882,-0.090234,-0.10788,-9.7e-05,-0.00042,-0.003458,-0.00976,-0.020619,-0.01477,-0.038298,-0.058755,-0.084772,-0.097796,0.000808,0.003426,0.010891,0.023851,0.033902,-0.015804,-0.049965,-0.083964,-0.109657,-0.131117,-9.7e-05,-0.000259,-0.006561,-0.016838,-0.029248,-0.014026,-0.032545,-0.051128,-0.076207,-0.091785,0.002844,0.006755,0.006625,0.011732,0.015093,0.001965,0.002856,-0.004855,-0.012755,-0.019239,0.00018,-3.5e-05,-0.003874,-0.00852,-0.010262,-0.000891,-0.005919,-0.00718,-0.007395,-0.004903,-0.001978,0.002276,0.009302,0.01938,0.023081,0.078382,-0.932472,-0.072382,-0.941585,1,0,0,0,0,0,0,0,0,0,0
3436,-0.013595,-0.046887,-0.063743,-0.081601,-0.097875,-0.000258,-0.001711,-0.006523,-0.015791,-0.023831,-0.013498,-0.03368,-0.055057,-0.076305,-0.088575,0.001808,0.0062,0.014531,0.032711,0.036134,-0.017567,-0.051343,-0.079631,-0.105755,-0.122934,3.2e-05,-0.002293,-0.012335,-0.021119,-0.034326,-0.009817,-0.027738,-0.050504,-0.072591,-0.0847,0.00239,0.00394,0.006491,0.011173,0.018374,0.000282,-0.002721,-0.008382,-0.021772,-0.018019,-8.9e-05,-0.001001,-0.007111,-0.007101,-0.012304,-0.003645,-0.005652,-0.004049,-0.002757,-0.003089,0.004275,0.004706,0.016033,0.024182,0.024828,0.078869,-0.938958,-0.074256,-0.939802,1,0,0,0,0,0,0,0,0,0,0
3437,-0.01663,-0.043678,-0.059046,-0.076711,-0.090979,-6.5e-05,-0.003106,-0.009415,-0.020286,-0.027986,-0.01003,-0.03051,-0.056554,-0.069593,-0.08357,0.000809,0.008283,0.021256,0.031318,0.039536,-0.016597,-0.050634,-0.076355,-0.097838,-0.110294,-0.000194,-0.006503,-0.016792,-0.029215,-0.041672,-0.008703,-0.027307,-0.052413,-0.068008,-0.083505,0.001521,0.001391,0.006503,0.009868,0.026562,0.00061,-0.007109,-0.015018,-0.021509,-0.01294,-0.000126,-0.003969,-0.00862,-0.010364,-0.015026,-0.001372,-0.002642,-0.002859,-0.000348,0.000313,-4.8e-05,0.007032,0.017187,0.020916,0.019008,0.079215,-0.944577,-0.077333,-0.934322,1,0,0,0,0,0,0,0,0,0,0
3438,-0.016772,-0.033705,-0.051645,-0.067995,-0.081392,-0.001395,-0.006229,-0.015539,-0.023616,-0.031791,-0.010219,-0.031694,-0.05304,-0.065367,-0.083598,0.003601,0.01197,0.030234,0.033673,0.042983,-0.017291,-0.045708,-0.071952,-0.089211,-0.097872,-0.002141,-0.01223,-0.021054,-0.034322,-0.04613,-0.009278,-0.032148,-0.054337,-0.066502,-0.08282,3.2e-05,0.002595,0.007299,0.014533,0.036625,-0.003628,-0.009315,-0.022767,-0.018996,-0.006398,-0.00079,-0.006928,-0.006918,-0.012145,-0.015527,-0.000675,0.000981,0.002314,0.001971,-0.000648,0.000493,0.012191,0.020606,0.021274,0.016658,0.078933,-0.954535,-0.080979,-0.931668,1,0,0,0,0,0,0,0,0,0,0
3439,-0.01036,-0.025785,-0.043517,-0.057838,-0.069595,-0.001656,-0.007989,-0.018901,-0.02663,-0.035723,-0.010327,-0.03647,-0.049557,-0.063587,-0.077291,0.003897,0.01692,0.027019,0.035268,0.040074,-0.016855,-0.042673,-0.064236,-0.076739,-0.083332,-0.004189,-0.014516,-0.026987,-0.03949,-0.04972,-0.009385,-0.034586,-0.050239,-0.065795,-0.07911,-0.000162,0.004969,0.008346,0.025103,0.042705,-0.004116,-0.012055,-0.01857,-0.009969,0.002758,-0.003066,-0.007735,-0.009486,-0.014165,-0.015007,-0.000623,-0.000846,0.001731,0.00241,0.001254,0.006772,0.017196,0.021025,0.019066,0.014176,0.077731,-0.959206,-0.085989,-0.929427,1,0,0,0,0,0,0,0,0,0,0
3440,-0.006597,-0.024567,-0.040944,-0.054365,-0.061481,-0.003185,-0.012511,-0.020602,-0.028791,-0.036102,-0.011178,-0.03256,-0.044909,-0.063171,-0.070093,0.004484,0.022779,0.026224,0.03555,0.035908,-0.011601,-0.03789,-0.055177,-0.063854,-0.068955,-0.005914,-0.014753,-0.028044,-0.039872,-0.046501,-0.013518,-0.035745,-0.047931,-0.064276,-0.073407,0.00273,0.007441,0.014688,0.036817,0.048256,-0.001578,-0.015053,-0.011276,0.001344,0.012559,-0.00308,-0.00307,-0.008306,-0.011694,-0.010892,0.002302,0.003652,0.003304,0.000654,0.002013,0.005037,0.013553,0.014228,0.009557,0.007713,0.079348,-0.9675,-0.090041,-0.933596,1,0,0,0,0,0,0,0,0,0,0
3441,-0.008825,-0.026541,-0.04085,-0.052595,-0.058403,-0.003147,-0.014049,-0.021771,-0.030856,-0.040298,-0.014958,-0.028034,-0.04205,-0.055743,-0.062557,0.008533,0.018624,0.026866,0.031668,0.031603,-0.014211,-0.035756,-0.048248,-0.054834,-0.060058,-0.004413,-0.016872,-0.029364,-0.039585,-0.049448,-0.011681,-0.02732,-0.042862,-0.056165,-0.06353,0.002401,0.005775,0.022518,0.040104,0.047047,-0.006356,-0.012866,-0.004272,0.008444,0.015474,-0.001589,-0.003338,-0.008014,-0.008854,-0.009238,-0.002498,6.3e-05,0.000737,-0.000411,-0.000398,0.005376,0.009181,0.007234,0.002374,0.001807,0.080476,-0.972124,-0.092445,-0.932164,1,0,0,0,0,0,0,0,0,0,0
3442,-0.00911,-0.02545,-0.038839,-0.045939,-0.054044,-0.00616,-0.014232,-0.022402,-0.029697,-0.037964,-0.006387,-0.018706,-0.036926,-0.043832,-0.049862,0.009726,0.013162,0.022467,0.022824,0.02532,-0.012028,-0.029275,-0.037931,-0.043021,-0.047722,-0.004409,-0.017669,-0.02947,-0.036083,-0.047398,-0.010504,-0.022662,-0.038969,-0.048079,-0.054401,0.002302,0.009531,0.031609,0.043021,0.045744,-0.007093,-0.003325,0.009265,0.020454,0.020703,0.001598,-0.003626,-0.007005,-0.006206,-0.009022,0.003812,0.003471,0.000863,0.0022,0.002495,0.003033,0.003698,-0.000898,-0.002712,-0.006006,0.080226,-0.97428,-0.093133,-0.933201,1,0,0,0,0,0,0,0,0,0,0
3443,-0.008599,-0.022908,-0.034654,-0.040462,-0.046075,-0.004737,-0.01246,-0.021545,-0.030987,-0.034589,-0.006684,-0.020701,-0.034394,-0.041208,-0.045556,0.000357,0.008599,0.013401,0.013336,0.016256,-0.009507,-0.021999,-0.028586,-0.03381,-0.033875,-0.008047,-0.020539,-0.03076,-0.040624,-0.046465,-0.005127,-0.020669,-0.033972,-0.041338,-0.046822,0.001071,0.017814,0.0354,0.042344,0.04468,0.000589,0.009183,0.021899,0.028929,0.028435,-0.003349,-0.008024,-0.008865,-0.009249,-0.011092,-0.001273,-0.000598,-0.001747,-0.001733,-0.000464,0.000755,-0.001193,-0.006053,-0.006621,-0.011812,0.081665,-0.974517,-0.098489,-0.93141,1,0,0,0,0,0,0,0,0,0,0
3444,-0.007751,-0.021144,-0.028246,-0.036353,-0.037391,-0.00334,-0.011512,-0.018809,-0.027078,-0.031619,-0.005643,-0.023868,-0.030775,-0.036807,-0.041153,0.003081,0.012388,0.012745,0.015242,0.019036,-0.007751,-0.016409,-0.021501,-0.026203,-0.022928,-0.005221,-0.017025,-0.023641,-0.034959,-0.040634,-0.007037,-0.023349,-0.032462,-0.038785,-0.043877,0.006162,0.028246,0.039661,0.042385,0.046471,0.00318,0.015774,0.026966,0.027215,0.027564,-0.001879,-0.005259,-0.004459,-0.007276,-0.008085,0.000926,-0.001687,-0.000347,-5.1e-05,0.000724,-8.5e-05,-0.00469,-0.006508,-0.009809,-0.013772,0.081661,-0.976754,-0.10242,-0.930488,1,0,0,0,0,0,0,0,0,0,0
3445,-0.006562,-0.01832,-0.024135,-0.029755,-0.029105,-0.004385,-0.013481,-0.022933,-0.026539,-0.028553,-0.008381,-0.022089,-0.02891,-0.033263,-0.036706,0.005165,0.009972,0.009907,0.012831,0.017573,-0.004743,-0.011337,-0.016566,-0.016631,-0.015235,-0.007276,-0.017508,-0.027383,-0.03323,-0.034887,-0.008511,-0.021829,-0.029202,-0.034692,-0.039012,0.01059,0.028195,0.035147,0.037486,0.041806,0.005418,0.018148,0.025186,0.024691,0.024339,-0.002799,-0.00364,-0.004025,-0.00587,-0.005456,-0.000257,-0.001415,-0.001401,-0.000121,0.000864,-0.001876,-0.006774,-0.007347,-0.012577,-0.013227,0.082968,-0.97663,-0.103007,-0.931217,1,0,0,0,0,0,0,0,0,0,0
3446,-0.006847,-0.013954,-0.022067,-0.023106,-0.023106,-0.003797,-0.011099,-0.019374,-0.023917,-0.024209,-0.009865,-0.016778,-0.022814,-0.027162,-0.028395,0.004154,0.004511,0.00701,0.010806,0.012559,-0.003927,-0.009022,-0.013727,-0.01045,-0.009865,-0.004543,-0.011163,-0.022489,-0.028168,-0.028428,-0.007821,-0.01694,-0.023268,-0.028363,-0.031835,0.01152,0.022943,0.025669,0.029758,0.030732,0.00719,0.01839,0.018639,0.018988,0.018392,-0.000587,0.000214,-0.002605,-0.003415,-0.003335,-0.00237,-0.001024,-0.000727,5.2e-05,0.002525,-0.002764,-0.004591,-0.007908,-0.011891,-0.012417,0.083482,-0.974049,-0.103919,-0.929088,1,0,0,0,0,0,0,0,0,0,0
3447,-0.004905,-0.010719,-0.016339,-0.015689,-0.017411,-0.005295,-0.014747,-0.018353,-0.020367,-0.020432,-0.003833,-0.010654,-0.015007,-0.01845,-0.019262,0.00065,0.000585,0.003508,0.008251,0.008348,-0.002664,-0.007893,-0.007958,-0.006561,-0.005165,-0.005684,-0.015559,-0.021406,-0.023063,-0.026993,-0.00549,-0.012863,-0.018353,-0.022673,-0.026311,0.006074,0.013026,0.015364,0.019684,0.018775,0.005533,0.012571,0.012076,0.011724,0.010957,-0.000254,-0.000639,-0.002484,-0.00207,-0.005667,0.001228,0.001242,0.002522,0.003507,0.006639,-0.002115,-0.002688,-0.007918,-0.008568,-0.011655,0.085154,-0.971434,-0.103994,-0.924547,1,0,0,0,0,0,0,0,0,0,0
3448,-0.002211,-0.010338,-0.011378,-0.011378,-0.012776,-0.002016,-0.010306,-0.014857,-0.01515,-0.016548,-0.003088,-0.009135,-0.013492,-0.014727,-0.014987,-0.000293,0.002211,0.006014,0.00777,0.007607,-0.002438,-0.007152,-0.003869,-0.003284,-0.001886,-0.000943,-0.012289,-0.017978,-0.018238,-0.024317,-0.003641,-0.009981,-0.015085,-0.018563,-0.022529,0.005364,0.008095,0.012191,0.013167,0.012419,0.005682,0.005932,0.006281,0.005685,0.005425,0.001057,-0.001768,-0.002579,-0.002499,-0.006927,0.000127,0.000428,0.001217,0.003722,0.007773,0.000278,-0.003081,-0.007114,-0.007647,-0.010484,0.086948,-0.970732,-0.104292,-0.921836,1,0,0,0,0,0,0,0,0,0,0
3449,-0.003619,-0.009258,-0.008606,-0.010334,-0.010139,-0.007465,-0.011084,-0.013105,-0.01317,-0.01542,-0.003749,-0.008117,-0.011573,-0.012388,-0.011182,0.000228,0.003162,0.007922,0.00802,0.007889,-0.002804,-0.002869,-0.001467,-6.5e-05,0.000782,-0.008965,-0.014833,-0.016496,-0.02044,-0.02458,-0.003749,-0.009258,-0.013594,-0.017245,-0.022103,0.001597,0.003945,0.00828,0.007368,0.006813,0.001365,0.000868,0.000516,-0.000255,-0.000112,-0.001445,-0.003297,-0.002882,-0.006491,-0.008318,-0.000116,0.001197,0.002207,0.005418,0.012105,-0.00087,-0.006234,-0.0069,-0.010066,-0.010794,0.090499,-0.96916,-0.103895,-0.920904,1,0,0,0,0,0,0,0,0,0,0
3450,-0.004545,-0.005592,-0.005592,-0.006998,-0.005919,-0.00085,-0.005428,-0.005723,-0.007129,-0.008698,-0.002322,-0.006704,-0.007946,-0.008208,-0.007031,0.002289,0.006115,0.007881,0.007717,0.008568,-0.001929,0.001373,0.001962,0.003368,0.003891,-0.00242,-0.008142,-0.008404,-0.014519,-0.016121,-0.002616,-0.00775,-0.011249,-0.015238,-0.020765,0.001145,0.005265,0.006246,0.005494,-0.00327,-0.001119,-0.000767,-0.001367,-0.001628,-0.010528,-0.001391,-0.002207,-0.002127,-0.006581,-0.006662,0.000432,0.001253,0.003863,0.008083,0.016482,-0.00261,-0.006811,-0.007367,-0.010322,-0.009827,0.092889,-0.958174,-0.103752,-0.921627,1,0,0,0,0,0,0,0,0,0,0
3451,-0.001114,-0.000459,-0.002195,-0.001998,-0.001179,-0.002785,-0.004816,-0.004881,-0.007141,-0.007829,-0.002064,-0.005536,-0.006355,-0.005143,-0.001474,0.000655,0.005438,0.005536,0.005405,0.006224,0.001867,0.003276,0.004685,0.005536,0.006028,-0.003472,-0.005143,-0.009107,-0.013267,-0.013529,-0.002916,-0.007272,-0.010941,-0.015823,-0.020376,0.001212,0.005569,0.004652,0.004095,-0.014414,0.000621,0.000267,-0.000507,-0.000363,-0.018662,-0.000468,-5e-05,-0.003677,-0.005513,-0.005117,0.000921,0.001966,0.005289,0.012207,0.022647,-0.002907,-0.003597,-0.006872,-0.007625,-0.007295,0.095769,-0.947437,-0.103433,-0.922086,1,0,0,0,0,0,0,0,0,0,0
3452,6.5e-05,6.5e-05,-0.001342,-0.000262,0.000131,-0.0018,-0.002095,-0.003502,-0.005073,-0.004812,-0.002324,-0.003568,-0.00383,-0.002651,0.004255,0.003175,0.004942,0.004779,0.00563,0.007005,0.00144,0.002029,0.003437,0.003961,0.004255,-0.002258,-0.00252,-0.008641,-0.010245,-0.009787,-0.002226,-0.005728,-0.009721,-0.015253,-0.025269,0.002913,0.003895,0.003142,-0.00563,-0.019573,-0.000269,-0.000869,-0.001131,-0.010039,-0.023061,-0.000349,-0.000269,-0.004728,-0.004809,-0.004622,-8.8e-05,0.002539,0.006787,0.015242,0.03256,-0.001339,-0.001898,-0.004874,-0.004376,-0.004272,0.104027,-0.942439,-0.103274,-0.922125,1,0,0,0,0,0,0,0,0,0,0
3453,0.000589,-0.001146,-0.00095,-0.000131,0.000426,-0.000229,-0.000295,-0.002554,-0.003242,-0.002619,-0.001146,-0.001965,-0.000753,0.002914,0.008382,0.001604,0.001703,0.001572,0.00239,0.005828,-3.3e-05,0.001375,0.002227,0.002718,0.002881,0.000589,-0.003373,-0.007531,-0.007793,-0.006811,-0.002128,-0.005795,-0.010674,-0.015225,-0.034478,0.001441,0.000524,-3.3e-05,-0.018532,-0.026358,-8.5e-05,-0.000859,-0.000715,-0.019005,-0.026405,0.000767,-0.002858,-0.004694,-0.004298,-0.003973,0.00113,0.004442,0.011336,0.021741,0.044913,0.000655,-0.00261,-0.00336,-0.003031,-0.002647,0.11547,-0.936088,-0.102258,-0.920391,1,0,0,0,0,0,0,0,0,0,0
3454,-0.000589,-0.001997,-0.000917,-0.000524,0.000229,-6.5e-05,-0.001473,-0.003045,-0.002783,-0.002488,-9.8e-05,-0.00036,0.000819,0.007727,0.014439,0.000164,0.0,0.000851,0.002226,0.006025,0.000622,0.00203,0.002554,0.002849,0.00311,-0.000851,-0.006974,-0.008578,-0.00812,-0.008153,-0.001375,-0.00537,-0.010903,-0.020922,-0.042041,-0.000458,-0.001211,-0.009986,-0.023934,-0.039618,-0.000516,-0.000777,-0.009688,-0.022714,-0.036757,-0.000687,-0.005147,-0.005228,-0.005041,-0.005409,0.001503,0.005761,0.014235,0.031591,0.057441,-0.001215,-0.004197,-0.003698,-0.003594,-0.003174,0.125256,-0.923377,-0.101374,-0.918705,1,0,0,0,0,0,0,0,0,0,0
3455,-0.001144,-0.000948,-0.000131,0.000425,0.00157,0.0,-0.002256,-0.002943,-0.002322,-0.002812,-0.000719,0.00049,0.004153,0.009614,0.017167,-6.5e-05,-0.000196,0.000621,0.004055,0.019914,0.000785,0.001635,0.002125,0.002289,0.002681,-0.003106,-0.007259,-0.007521,-0.00654,-0.009417,-0.002289,-0.007161,-0.011706,-0.030934,-0.056701,-0.000458,-0.001014,-0.019489,-0.027304,-0.043327,-0.000258,-0.000114,-0.018379,-0.025769,-0.049342,-0.002935,-0.004767,-0.004372,-0.004048,-0.00649,0.001792,0.008623,0.018931,0.041888,0.071147,-0.00203,-0.002773,-0.002447,-0.002067,-0.00158,0.142292,-0.916809,-0.100113,-0.914982,1,0,0,0,0,0,0,0,0,0,0
3456,-0.000261,0.000816,0.001208,0.001959,0.003885,-0.001404,-0.002971,-0.00271,-0.002416,-0.004277,0.000457,0.001633,0.008522,0.015215,0.01835,-9.8e-05,0.000751,0.002122,0.00591,0.035492,0.00062,0.001143,0.001437,0.001698,0.002547,-0.003004,-0.004604,-0.004147,-0.004179,-0.011036,-0.001698,-0.007216,-0.017207,-0.038267,-0.081889,-0.000294,-0.009044,-0.022954,-0.038594,-0.042185,-3e-06,-0.00889,-0.02188,-0.035883,-0.05462,-0.001517,-0.001598,-0.001412,-0.001779,-0.006848,0.002403,0.010713,0.027735,0.053085,0.08788,-0.000915,-0.000426,-0.000323,8.8e-05,0.000654,0.171325,-0.915472,-0.100032,-0.909151,1,0,0,0,0,0,0,0,0,0,0
3457,0.000457,0.001274,0.001829,0.002972,0.005095,-0.000849,-0.001535,-0.000915,-0.001404,-0.005357,0.000751,0.004409,0.009864,0.017409,0.019304,-3.3e-05,0.000784,0.004213,0.020055,0.044617,0.000229,0.000719,0.000882,0.001274,0.00294,-0.001143,-0.001404,-0.000425,-0.003299,-0.011759,-0.003168,-0.007708,-0.026914,-0.052652,-0.094591,-0.000261,-0.018716,-0.026522,-0.042527,-0.045466,0.000147,-0.018098,-0.02548,-0.049025,-0.060598,-0.000313,8.2e-05,0.000406,-0.002034,-0.006564,0.004369,0.014596,0.037373,0.066402,0.096763,0.00018,0.000503,0.000881,0.001364,0.001432,0.187873,-0.910568,-0.100566,-0.905226,1,0,0,0,0,0,0,0,0,0,0
3458,0.000621,0.001013,0.001764,0.003692,0.005129,-0.000719,-0.000457,-0.000163,-0.002026,-0.004672,0.000425,0.007318,0.014016,0.017152,0.019929,0.000882,0.002254,0.006044,0.035644,0.050706,0.000294,0.000588,0.000849,0.001699,0.003234,-0.000457,0.0,-3.3e-05,-0.006894,-0.01052,-0.002352,-0.01235,-0.033423,-0.077071,-0.105724,-0.008495,-0.022412,-0.038062,-0.041656,-0.057109,-0.009038,-0.022037,-0.036048,-0.054797,-0.070679,0.000232,0.000419,5.1e-05,-0.005021,-0.00599,0.00397,0.021065,0.046526,0.081472,0.103853,0.000311,0.000414,0.000827,0.001396,0.001245,0.203676,-0.897385,-0.099673,-0.904579,1,0,0,0,0,0,0,0,0,0,0
3459,0.000196,0.000753,0.001898,0.004024,0.005497,3.3e-05,0.000654,0.000164,-0.003795,-0.003992,0.003239,0.008703,0.016261,0.018159,0.022936,-6.5e-05,0.00337,0.019239,0.043843,0.051532,0.000196,0.00036,0.000753,0.002421,0.003959,0.000196,0.001178,-0.001701,-0.010176,-0.009979,-0.002192,-0.021431,-0.047213,-0.089225,-0.116937,-0.009979,-0.017799,-0.033831,-0.036776,-0.065569,-0.009224,-0.016619,-0.040205,-0.051798,-0.070375,0.000163,0.000488,-0.001956,-0.006494,-0.006097,0.006341,0.029394,0.058776,0.089505,0.111893,1.3e-05,0.000395,0.000884,0.000952,0.000926,0.218978,-0.879622,-0.098825,-0.904923,1,0,0,0,0,0,0,0,0,0,0
3460,0.000197,0.00095,0.002882,0.004323,0.006976,0.000229,0.000524,-0.001343,-0.003996,-0.007533,0.003668,0.010383,0.013527,0.016311,0.022567,0.001441,0.00524,0.034914,0.050013,0.050734,9.8e-05,0.00036,0.001212,0.002751,0.006059,0.000262,0.000229,-0.006649,-0.010284,-0.011693,-0.007828,-0.028953,-0.072711,-0.101435,-0.124329,-0.003963,-0.019652,-0.023254,-0.038746,-0.071794,-0.003797,-0.017843,-0.036639,-0.05256,-0.068042,2.4e-05,-0.000345,-0.005429,-0.0064,-0.004223,0.01101,0.036918,0.072478,0.095252,0.114138,9.2e-05,0.000512,0.001091,0.000938,0.000534,0.230164,-0.862862,-0.099372,-0.904213,1,0,0,0,0,0,0,0,0,0,0
3461,0.00036,0.001507,0.003637,0.005111,0.011271,0.000393,-9.8e-05,-0.004063,-0.004259,-0.007732,0.001802,0.009371,0.011271,0.016055,0.022182,0.001999,0.017889,0.042528,0.050228,0.048623,6.6e-05,0.000459,0.00213,0.00367,0.009666,0.000721,-0.002162,-0.010648,-0.010452,-0.011402,-0.011435,-0.037253,-0.079323,-0.107074,-0.121589,-0.003866,-0.019921,-0.02287,-0.051702,-0.085941,-0.003607,-0.027226,-0.038835,-0.057437,-0.074251,0.000301,-0.002146,-0.006691,-0.006293,-0.003793,0.012242,0.041911,0.072942,0.095549,0.109697,0.000294,0.000787,0.000857,0.00083,0.001165,0.237366,-0.844093,-0.100877,-0.904802,1,0,0,0,0,0,0,0,0,0,0
3462,0.000392,0.002322,0.003761,0.00641,0.014323,-9.8e-05,-0.001962,-0.004611,-0.008143,-0.008764,0.004905,0.008045,0.010824,0.01707,0.021976,0.001799,0.031426,0.046502,0.047221,0.045782,0.000196,0.001046,0.002583,0.005886,0.014062,-0.000752,-0.00762,-0.011249,-0.012656,-0.012034,-0.00968,-0.053369,-0.082049,-0.104907,-0.11341,-0.011805,-0.015403,-0.03087,-0.063867,-0.100852,-0.010425,-0.029191,-0.045088,-0.060546,-0.082303,-0.000668,-0.005745,-0.006715,-0.004541,-0.003281,0.013549,0.048724,0.071252,0.089933,0.100967,0.000126,0.000698,0.000547,0.000147,7e-06,0.242505,-0.824414,-0.103829,-0.905173,1,0,0,0,0,0,0,0,0,0,0
3463,0.000751,0.002875,0.004345,0.010487,0.01823,-0.000392,-0.004345,-0.004541,-0.008004,-0.010258,0.002646,0.004541,0.009311,0.01542,0.017772,0.014048,0.038616,0.046293,0.044692,0.043385,0.000196,0.001862,0.003398,0.009376,0.01836,-0.002124,-0.010585,-0.010389,-0.011336,-0.011304,-0.016074,-0.058021,-0.085693,-0.100165,-0.106536,-0.004214,-0.007155,-0.035904,-0.070044,-0.102126,-0.013136,-0.024711,-0.04326,-0.060025,-0.079566,-0.001773,-0.006303,-0.005907,-0.003414,-0.00103,0.015617,0.046025,0.068178,0.082042,0.089813,0.000359,0.000427,0.0004,0.000728,-0.00017,0.247403,-0.809967,-0.106657,-0.904502,1,0,0,0,0,0,0,0,0,0,0
3464,0.001174,0.00261,0.005252,0.013146,0.021301,-0.001468,-0.00411,-0.007633,-0.008253,-0.009819,0.000489,0.003262,0.009493,0.014386,0.015299,0.015528,0.030566,0.031283,0.029848,0.028804,0.000652,0.002186,0.00548,0.013636,0.022084,-0.00473,-0.008351,-0.009754,-0.009134,-0.008155,-0.027532,-0.05614,-0.078942,-0.087424,-0.094339,0.00062,-0.01481,-0.047724,-0.084618,-0.105496,-0.005604,-0.021461,-0.03688,-0.058583,-0.069282,-0.003295,-0.004261,-0.002093,-0.000836,0.001724,0.019116,0.041257,0.059616,0.07046,0.075459,0.000208,5.9e-05,-0.000334,-0.000471,-0.000535,0.252806,-0.799704,-0.108355,-0.903973,1,0,0,0,0,0,0,0,0,0,0
3465,0.000945,0.002411,0.008537,0.016259,0.023884,-0.002476,-0.002672,-0.006126,-0.008374,-0.009384,0.001401,0.006158,0.012251,0.014598,0.014663,0.008993,0.01665,0.015054,0.01375,0.013131,0.00101,0.002542,0.008504,0.017465,0.024796,-0.003715,-0.003519,-0.004464,-0.004431,-0.003356,-0.014337,-0.041935,-0.05637,-0.062724,-0.068067,-0.003552,-0.032225,-0.066275,-0.098272,-0.113554,-0.005947,-0.024447,-0.041169,-0.060658,-0.068488,-0.001228,-0.000833,0.001653,0.004031,0.006084,0.010888,0.032636,0.046247,0.053876,0.057292,-0.00014,-0.000166,0.000156,-0.000726,-0.000309,0.256295,-0.791214,-0.109447,-0.903642,1,0,0,0,0,0,0,0,0,0,0
3466,0.000489,0.003127,0.011011,0.019155,0.025508,-0.000163,-0.003681,-0.0043,-0.005864,-0.006906,0.001368,0.007591,0.012477,0.013389,0.013194,0.006027,0.006744,0.00531,0.004268,0.003779,0.000521,0.003812,0.011956,0.020393,0.026779,9.8e-05,-0.001303,-0.000684,0.000293,0.001564,-0.014236,-0.037008,-0.045478,-0.052384,-0.055609,-0.011858,-0.044729,-0.081574,-0.102423,-0.11464,-0.00989,-0.025289,-0.046963,-0.057647,-0.064565,0.000262,0.002428,0.003683,0.00624,0.008548,0.011062,0.029251,0.039994,0.044946,0.047313,-9e-06,-0.000398,-0.000534,-0.000597,-0.000455,0.259725,-0.785748,-0.110108,-0.904211,1,0,0,0,0,0,0,0,0,0,0
3467,0.000977,0.007096,0.014811,0.022428,0.026627,-3.3e-05,-0.003483,-0.005729,-0.006738,-0.006966,0.003385,0.009473,0.011816,0.011881,0.011491,0.001628,3.3e-05,-0.00127,-0.001888,-0.002051,0.001009,0.006966,0.015918,0.023242,0.028808,9.8e-05,-0.000846,-0.000814,0.00026,0.001497,-0.013346,-0.027767,-0.034114,-0.039453,-0.043066,-0.016797,-0.050813,-0.082779,-0.098046,-0.104882,-0.0086,-0.025305,-0.044775,-0.052597,-0.055473,0.000132,0.002616,0.004992,0.007042,0.00862,0.010598,0.024115,0.031692,0.035085,0.036645,-1.7e-05,0.000302,-0.000574,-0.00016,-0.001267,0.263234,-0.782515,-0.10991,-0.903951,1,0,0,0,0,0,0,0,0,0,0
3468,0.001661,0.009541,0.017681,0.024031,0.026473,-0.003484,-0.004103,-0.005666,-0.006708,-0.006936,0.002833,0.007717,0.008629,0.008433,0.008043,-0.000912,-0.002344,-0.003386,-0.003875,-0.003256,0.002279,0.01042,0.018853,0.025235,0.03025,-0.001498,-0.000879,9.8e-05,0.001368,0.001954,-0.00941,-0.017876,-0.024779,-0.028003,-0.030478,-0.016053,-0.05288,-0.07372,-0.08593,-0.088828,-0.006789,-0.028453,-0.039132,-0.046047,-0.047276,0.002032,0.003287,0.005842,0.008149,0.009187,0.007508,0.018215,0.02315,0.02551,0.026388,-0.00037,-0.000506,-0.000569,-0.000427,-0.002674,0.266506,-0.780396,-0.109941,-0.903959,1,0,0,0,0,0,0,0,0,0,0
3469,0.004461,0.012177,0.019796,0.023996,0.025364,3.3e-05,-0.002214,-0.003223,-0.003451,-0.003451,0.003256,0.0056,0.005665,0.005275,0.005242,-0.000684,-0.001986,-0.002605,-0.002768,-0.002377,0.003679,0.012633,0.019959,0.025527,0.029694,0.000554,0.000586,0.001661,0.002898,0.003712,-0.005014,-0.011363,-0.016703,-0.020317,-0.019243,-0.017973,-0.049946,-0.065217,-0.072054,-0.073357,-0.009921,-0.029395,-0.03722,-0.040096,-0.042095,0.000453,0.002829,0.00488,0.006458,0.007523,0.006037,0.013626,0.017025,0.018588,0.018661,0.000691,-0.000187,0.000227,-0.000882,-0.003342,0.266252,-0.779322,-0.109715,-0.903717,1,0,0,0,0,0,0,0,0,0,0
3470,0.003418,0.011556,0.017903,0.020345,0.021582,-0.000651,-0.002214,-0.003255,-0.003483,-0.00319,0.001628,0.002539,0.002344,0.001953,0.003092,-0.000749,-0.00179,-0.002279,-0.00166,-0.001758,0.00446,0.01289,0.01927,0.024283,0.026725,6.5e-05,0.001042,0.002311,0.002897,0.00446,-0.00345,-0.010351,-0.013574,-0.016048,-0.012858,-0.018847,-0.03968,-0.051887,-0.054784,-0.054784,-0.011739,-0.022415,-0.029327,-0.030556,-0.031857,0.000802,0.003357,0.005662,0.006701,0.008076,0.004658,0.009582,0.011937,0.012813,0.012465,-0.000825,-0.000888,-0.000746,-0.002988,-0.003969,0.265372,-0.779158,-0.108539,-0.90414,1,0,0,0,0,0,0,0,0,0,0
3471,0.004295,0.011909,0.016106,0.017473,0.01923,-0.001594,-0.002603,-0.002831,-0.002831,-0.001269,0.000716,0.000781,0.00039,0.000358,0.003449,-0.000553,-0.001171,-0.001334,-0.000944,-0.001399,0.00449,0.011811,0.017375,0.02154,0.022614,-3.3e-05,0.001041,0.002278,0.003091,0.005792,-0.002896,-0.008232,-0.011844,-0.01077,-0.008297,-0.013113,-0.028373,-0.035206,-0.036508,-0.036052,-0.007728,-0.015547,-0.018422,-0.020419,-0.019329,0.001573,0.003623,0.005199,0.006264,0.007334,0.00291,0.006293,0.007849,0.007922,0.00789,-5.1e-05,0.000361,-0.000743,-0.003192,-0.002469,0.264696,-0.778754,-0.106814,-0.904742,1,0,0,0,0,0,0,0,0,0,0
3472,0.003835,0.010172,0.012609,0.013844,0.015729,3.2e-05,-0.001007,-0.001235,-0.000942,0.003185,0.000195,0.0,-0.00039,0.000747,0.004452,-0.000487,-0.000975,-0.000357,-0.000455,-0.00091,0.003932,0.010302,0.015306,0.017744,0.018329,0.001007,0.002275,0.00286,0.00442,0.008514,-0.003997,-0.007214,-0.009684,-0.006499,-0.003997,-0.007702,-0.019888,-0.022781,-0.022781,-0.021546,-0.00294,-0.009841,-0.011067,-0.012366,-0.010305,0.00098,0.003281,0.004318,0.005691,0.005539,0.001983,0.00431,0.005176,0.004832,0.004779,-1.1e-05,0.000128,-0.002088,-0.003057,-0.00188,0.263758,-0.780013,-0.105374,-0.906391,1,0,0,0,0,0,0,0,0,0,0
3473,0.003762,0.007946,0.009308,0.011059,0.012584,-0.001038,-0.001265,-0.001265,0.000292,0.00707,-0.00013,-0.000519,-0.000551,0.00253,0.007297,-0.00013,-0.000292,9.7e-05,-0.000357,-0.00107,0.003373,0.008919,0.01307,0.01414,0.014497,6.5e-05,0.001297,0.002108,0.0048,0.01067,-0.00133,-0.00493,-0.003859,-0.001395,0.007232,-0.007524,-0.014335,-0.015632,-0.015178,-0.013102,-0.00486,-0.007725,-0.009716,-0.008629,-0.009105,0.001065,0.002637,0.003698,0.004765,0.003754,0.001351,0.002872,0.002943,0.002912,0.001879,0.000414,-0.000665,-0.003058,-0.002352,-0.001383,0.257149,-0.779892,-0.10384,-0.907645,1,0,0,0,0,0,0,0,0,0,0
3474,0.00256,0.004991,0.006223,0.008102,0.009496,0.0,-0.000227,6.5e-05,0.004181,0.010728,-6.5e-05,-0.000454,0.000681,0.004375,0.009528,-0.000357,0.000259,0.000162,-0.000292,-0.001005,0.002982,0.007973,0.010403,0.010987,0.011311,0.001199,0.001783,0.003338,0.007422,0.012737,-0.00188,-0.004343,-0.001167,0.001329,0.019024,-0.004635,-0.007519,-0.007519,-0.006287,-0.001588,-0.002026,-0.003249,-0.004544,-0.002489,-0.006578,0.001231,0.002265,0.003634,0.003482,0.00216,0.000939,0.001789,0.001451,0.001399,-0.001366,-0.000275,-0.002449,-0.0034,-0.002246,-0.001399,0.248074,-0.783181,-0.102288,-0.907782,1,0,0,0,0,0,0,0,0,0,0
3475,0.001619,0.002979,0.004728,0.00625,0.007287,-0.000227,-0.000227,0.001328,0.008096,0.013375,-0.000324,-0.000356,0.00272,0.007481,0.010946,0.000194,0.000583,0.00013,-0.000583,0.000842,0.002558,0.006704,0.007772,0.008129,0.008841,3.2e-05,0.000842,0.00353,0.009392,0.012695,-0.001716,-0.000648,0.001814,0.010428,0.037599,-0.00217,-0.003465,-0.003012,-0.000939,0.004145,-0.000837,-0.002825,-0.001739,-0.002214,-0.014434,0.00034,0.001399,0.002464,0.001455,-0.000541,0.000571,0.000642,0.000611,-0.000412,-0.004534,-0.000795,-0.003164,-0.002465,-0.001505,-0.001373,0.232254,-0.783963,-0.101712,-0.907234,1,0,0,0,0,0,0,0,0,0,0
3476,0.000809,0.00204,0.003917,0.005309,0.005827,0.0,0.000291,0.004403,0.010942,0.016802,-6.5e-05,0.001068,0.004759,0.009906,0.014309,0.000421,0.000324,-0.000129,-0.000842,0.001878,0.002428,0.004856,0.005439,0.005763,0.006669,0.00055,0.002104,0.006183,0.011493,0.0135,-0.000745,0.002428,0.004921,0.022597,0.064554,-0.000712,-0.000712,0.000518,0.005212,0.010554,-0.000386,-0.001679,0.000374,-0.003711,-0.024147,0.000693,0.002061,0.001909,0.000588,-0.003214,0.000273,-6.2e-05,-0.000114,-0.002857,-0.008307,-0.001365,-0.002309,-0.001163,-0.000322,-0.00095,0.207422,-0.787348,-0.100996,-0.905434,1,0,0,0,0,0,0,0,0,0,0
3477,0.00055,0.002297,0.003818,0.004853,0.004983,0.0,0.001553,0.008315,0.013589,0.019898,3.2e-05,0.003106,0.007862,0.011324,0.019833,-3.2e-05,-0.000485,-0.001197,0.000226,0.001391,0.001715,0.002783,0.003138,0.00385,0.004983,0.000259,0.002944,0.0088,0.012101,0.013492,0.001812,0.004271,0.012877,0.040023,0.107126,-0.000582,-0.000129,0.001941,0.007021,0.011551,-0.001601,-0.000517,-0.000991,-0.013199,-0.042236,0.000366,0.00143,0.000422,-0.001573,-0.006379,-0.000202,-0.000232,-0.001249,-0.005345,-0.012564,-0.000994,-0.0003,0.000653,0.000784,-0.000417,0.165869,-0.787098,-0.100753,-0.903729,0,0,1,0,0,0,0,0,0,0,0
3478,0.000679,0.002555,0.003945,0.004462,0.004527,0.000291,0.004398,0.010929,0.016782,0.020792,0.001099,0.004786,0.009927,0.014325,0.028488,-6.5e-05,-0.000517,-0.001229,0.001487,-0.005659,0.000711,0.001293,0.001617,0.002522,0.003751,0.001293,0.005368,0.010671,0.012676,0.013581,0.001358,0.003848,0.021503,0.06341,0.147127,0.000582,0.001811,0.006499,0.011835,0.011382,0.000308,0.002358,-0.001722,-0.022133,-0.048798,0.001001,0.000849,-0.00047,-0.004268,-0.007252,-0.000131,-0.000183,-0.002903,-0.008309,-0.015652,5.4e-05,0.001191,0.002025,0.001402,0.000222,0.124839,-0.785992,-0.100691,-0.902216,0,0,1,0,0,0,0,0,0,0,0
3479,0.001066,0.002584,0.003618,0.003747,0.003973,0.00126,0.008011,0.013277,0.019576,0.020577,0.001971,0.006719,0.010176,0.018671,0.033402,-0.000388,-0.001098,0.000323,0.001486,-0.023872,0.000355,0.000711,0.001421,0.002552,0.003295,0.001389,0.007236,0.010531,0.01192,0.012372,0.001098,0.009691,0.036794,0.103791,0.177863,-0.000129,0.001938,0.00701,0.011532,0.003876,0.000775,0.000301,-0.011887,-0.040878,-0.04669,6.3e-05,-0.000944,-0.002935,-0.007734,-0.008233,0.0001,-0.000905,-0.004956,-0.012096,-0.018153,0.000633,0.001576,0.001705,0.000517,6.3e-05,0.0936,-0.780804,-0.100591,-0.902174,0,0,1,0,0,0,0,0,0,0,0
3480,0.000807,0.002195,0.002712,0.002776,0.003034,0.002841,0.009361,0.015204,0.019207,0.019077,0.001711,0.006843,0.011233,0.025372,0.03157,-6.5e-05,-0.000775,0.001937,-0.005197,-0.059524,0.000226,0.000549,0.001453,0.002679,0.003422,0.002679,0.007973,0.009975,0.010878,0.011621,0.001388,0.019013,0.060848,0.14442,0.210336,0.001356,0.006036,0.011363,0.010911,-0.006488,0.001272,-0.002801,-0.023177,-0.049796,-0.029466,-0.000214,-0.001531,-0.005322,-0.008301,-0.007388,-0.000151,-0.002838,-0.008179,-0.015434,-0.022521,0.000493,0.001317,0.000702,-0.000464,-0.000784,0.062459,-0.777191,-0.1009,-0.904941,0,0,1,0,0,0,0,0,0,0,0
3481,0.00071,0.001742,0.001871,0.002097,0.002742,0.003904,0.009163,0.015454,0.016455,0.015648,0.003033,0.006485,0.01497,0.029683,0.029231,-0.000645,0.000774,0.001936,-0.023391,-0.076917,0.000129,0.000839,0.001968,0.00271,0.004581,0.003162,0.006453,0.00784,0.008292,0.01097,0.007195,0.034264,0.10118,0.175161,0.2474,0.00071,0.005775,0.010292,0.002646,-0.042395,-0.001745,-0.013919,-0.042874,-0.048679,-0.051049,-0.000791,-0.002781,-0.007573,-0.008071,-0.004486,-0.000847,-0.004863,-0.011942,-0.017948,-0.02649,0.000443,0.000572,-0.000606,-0.001056,-0.001777,0.02554,-0.754705,-0.103496,-0.918478,0,0,1,0,0,0,0,0,0,0,0
3482,0.000677,0.001192,0.001257,0.001515,0.003996,0.00261,0.008444,0.01244,0.012311,0.012343,0.002095,0.006478,0.020594,0.026782,0.026008,-6.4e-05,0.002643,-0.00448,-0.05872,-0.072546,0.000193,0.001096,0.00232,0.003062,0.007026,0.002127,0.004125,0.005028,0.005769,0.01273,0.01041,0.052178,0.135617,0.201427,0.284769,0.003964,0.009282,0.008831,-0.00854,-0.050792,-0.002323,-0.022667,-0.049243,-0.028946,-0.057856,-0.000525,-0.00431,-0.007284,-0.006372,0.000667,-0.001818,-0.007099,-0.014273,-0.021281,-0.029378,0.000375,-0.000233,-0.001387,-0.001703,-0.002366,-0.016807,-0.747511,-0.105347,-0.921196,0,0,1,0,0,0,0,0,0,0,0
3483,0.000354,0.000483,0.000708,0.001352,0.00499,0.00264,0.008918,0.009917,0.009112,0.013201,0.001352,0.00982,0.024502,0.024051,0.023343,0.001481,0.00264,-0.022634,-0.076048,-0.067452,0.000515,0.001642,0.002383,0.00425,0.010432,0.001159,0.002544,0.002994,0.005667,0.015905,0.016613,0.083389,0.157216,0.229304,0.315848,0.001095,0.005602,-0.002028,-0.046975,-0.067774,-0.009827,-0.038722,-0.044515,-0.04688,-0.063551,-0.001461,-0.006244,-0.00674,-0.003163,0.003207,-0.002152,-0.009129,-0.015047,-0.023466,-0.030707,-0.000246,-0.001406,-0.00185,-0.00256,-0.004236,-0.057399,-0.734538,-0.107195,-0.923671,0,0,1,0,0,0,0,0,0,0,0
3484,0.000161,0.000225,0.000483,0.00296,0.00502,0.003186,0.007175,0.007047,0.007079,0.017118,0.003025,0.017118,0.023296,0.022524,0.021301,0.001223,-0.005888,-0.060043,-0.073846,-0.066092,0.000386,0.001609,0.002349,0.006307,0.010618,0.000837,0.001738,0.002478,0.009428,0.020561,0.025098,0.108405,0.17411,0.25732,0.343909,0.004215,0.003765,-0.013579,-0.055763,-0.080893,-0.01049,-0.037024,-0.016759,-0.045623,-0.04966,-0.002319,-0.005288,-0.004378,0.00265,0.003961,-0.003079,-0.010174,-0.017104,-0.025112,-0.03181,-0.000357,-0.001497,-0.00181,-0.002466,-0.004317,-0.100105,-0.724458,-0.106614,-0.925318,0,0,1,0,0,0,0,0,0,0,0
3485,-3.2e-05,0.000193,0.000835,0.004465,0.005461,0.003084,0.00408,0.003277,0.007356,0.016929,0.005429,0.020077,0.019627,0.018921,0.017957,-6.4e-05,-0.025281,-0.078574,-0.069997,-0.066656,0.000739,0.001478,0.003341,0.009509,0.01028,0.000546,0.000996,0.003662,0.013877,0.023739,0.041568,0.115227,0.187152,0.2735,0.347834,0.000289,-0.007324,-0.052169,-0.07292,-0.116351,-0.018357,-0.024136,-0.026497,-0.04313,-0.049987,-0.002457,-0.002952,0.000617,0.006972,0.007238,-0.003823,-0.009648,-0.017934,-0.025061,-0.031177,-0.00079,-0.001226,-0.001925,-0.003574,-0.003355,-0.128243,-0.691891,-0.10557,-0.926841,0,0,1,0,0,0,0,0,0,0,0
3486,9.6e-05,0.000353,0.002823,0.004876,0.007025,0.000898,0.00077,0.000802,0.01081,0.016455,0.008629,0.014787,0.014018,0.012799,0.011836,-0.007025,-0.06101,-0.074771,-0.06704,-0.064025,0.000481,0.001219,0.005164,0.009463,0.010489,0.000353,0.001091,0.008019,0.019118,0.025726,0.041539,0.10704,0.18999,0.276309,0.329781,-0.000738,-0.018027,-0.06008,-0.085132,-0.147874,-0.008121,0.012081,-0.016693,-0.020717,-0.040475,-0.000507,0.0004,0.007406,0.008714,0.009559,-0.003157,-0.009938,-0.017773,-0.024325,-0.029278,-0.000334,-0.00064,-0.001282,-0.003093,-0.00205,-0.152011,-0.659524,-0.104714,-0.926564,0,0,1,0,0,0,0,0,0,0,0
3487,0.000128,0.000769,0.004388,0.00538,0.00996,9.6e-05,-0.000705,0.003363,0.012907,0.021522,0.005989,0.005541,0.004836,0.003875,0.003363,-0.018127,-0.071259,-0.062708,-0.059377,-0.054989,0.000256,0.002114,0.008263,0.009031,0.011273,9.6e-05,0.002754,0.012939,0.022771,0.02908,0.031962,0.10367,0.189757,0.263866,0.312194,-0.006854,-0.051563,-0.072252,-0.115551,-0.170092,0.002347,-7e-06,-0.016589,-0.023426,-0.029659,1.2e-05,0.003571,0.009907,0.010171,0.007648,-0.00258,-0.010692,-0.01767,-0.023657,-0.027579,-9.7e-05,-0.000781,-0.002396,-0.002182,-0.000406,-0.176411,-0.636779,-0.104401,-0.926962,0,0,1,0,0,0,0,0,0,0,0
3488,0.000128,0.002597,0.00465,0.006798,0.01475,-0.000224,-0.000192,0.009812,0.015456,0.024274,0.00016,-0.000609,-0.001828,-0.00279,0.006894,-0.035818,-0.049574,-0.041846,-0.038832,-0.036042,0.000481,0.004425,0.008722,0.009748,0.013019,0.000641,0.007568,0.018662,0.025268,0.02902,0.033477,0.116399,0.202688,0.256142,0.324603,-0.010421,-0.05246,-0.077503,-0.140224,-0.168859,0.017845,-0.010919,-0.014942,-0.034692,-0.006542,0.000895,0.007899,0.009205,0.010051,0.004567,-0.004162,-0.011978,-0.018515,-0.023457,-0.026811,-0.000207,-0.000848,-0.002655,-0.001614,0.001862,-0.220363,-0.633646,-0.105726,-0.924547,0,0,1,0,0,0,0,0,0,0,0
3489,0.000515,0.004153,0.005151,0.009755,0.01687,-0.00058,0.003509,0.013103,0.021764,0.033612,-0.000612,-0.00132,-0.002286,-0.002801,0.020959,-0.01745,-0.008854,-0.005505,-0.001095,0.003284,0.001384,0.007566,0.008339,0.010592,0.014649,0.002028,0.012266,0.02215,0.028493,0.028621,0.038473,0.125014,0.199513,0.248096,0.318925,-0.034481,-0.055279,-0.098807,-0.153635,-0.172115,-0.020283,-0.036953,-0.043825,-0.050091,-0.021424,0.002679,0.009048,0.009314,0.006778,-0.005174,-0.004135,-0.011374,-0.017586,-0.021654,-0.0251,-0.000496,-0.002172,-0.001949,-0.000107,0.001602,-0.246123,-0.622049,-0.106558,-0.921645,0,0,1,0,0,0,0,0,0,0,0
3490,0.00199,0.004077,0.006263,0.014352,0.019244,0.00062,0.010796,0.016537,0.025507,0.040544,-0.000163,-0.001403,-0.002381,0.007469,0.034314,0.003686,0.011547,0.014613,0.01745,0.021952,0.002609,0.00698,0.008024,0.011351,0.015004,0.00499,0.016276,0.022995,0.026812,0.027138,0.045371,0.133145,0.187518,0.257157,0.302169,-0.007828,-0.033303,-0.097103,-0.12623,-0.154999,-0.00871,-0.012802,-0.032892,-0.004258,-0.002948,0.00441,0.005739,0.006599,0.001021,-0.013741,-0.004277,-0.011643,-0.017212,-0.020992,-0.024639,-0.000178,-0.002214,-0.001042,0.002876,0.002761,-0.262554,-0.60924,-0.106834,-0.91923,0,0,1,0,0,0,0,0,0,0,0
3491,0.001697,0.002709,0.007376,0.014588,0.018831,0.003525,0.01325,0.022029,0.034039,0.04223,-0.000555,-0.001534,-0.002056,0.022029,0.045363,0.005026,0.00842,0.012891,0.017329,0.019092,0.003655,0.004438,0.006723,0.010835,0.013609,0.005385,0.015404,0.021833,0.021964,0.022551,0.042328,0.117846,0.167093,0.23889,0.264998,-0.01325,-0.057373,-0.112951,-0.131683,-0.166277,-0.008183,-0.015149,-0.021501,0.007559,-0.003982,0.002044,0.002313,-0.000257,-0.012373,-0.020078,-0.003667,-0.010498,-0.014973,-0.018762,-0.021968,-0.001664,-0.001419,0.000607,0.002486,0.003092,-0.268616,-0.591181,-0.106707,-0.916995,0,0,1,0,0,0,0,0,0,0,0
3492,0.000392,0.002578,0.010671,0.015565,0.019807,0.006657,0.0124,0.021374,0.036417,0.048817,-0.000685,-0.001664,0.008191,0.035046,0.054495,0.002839,0.005906,0.008745,0.013248,0.014391,0.000718,0.001762,0.005091,0.008745,0.010573,0.005906,0.012628,0.016446,0.016773,0.018078,0.045489,0.099885,0.169554,0.214586,0.232566,-0.012237,-0.076064,-0.105204,-0.133985,-0.173731,0.004089,-0.01601,0.012636,0.013947,-0.000709,-0.000714,0.000146,-0.005434,-0.020202,-0.031466,-0.003724,-0.009309,-0.013101,-0.016759,-0.019854,-0.00038,0.000796,0.004725,0.00461,0.005624,-0.277166,-0.571367,-0.106681,-0.916933,0,0,1,0,0,0,0,0,0,0,0
3493,0.000618,0.005272,0.012464,0.016695,0.020633,0.003059,0.011813,0.02379,0.031958,0.044227,-0.000293,-0.000814,0.023204,0.046473,0.060043,0.000553,0.005012,0.009438,0.011195,0.011944,6.5e-05,0.002343,0.006444,0.00921,0.012041,0.004101,0.010512,0.010642,0.011228,0.016174,0.02994,0.079049,0.150645,0.17668,0.194352,-0.031795,-0.087217,-0.105898,-0.140394,-0.177038,-0.011024,-0.017358,0.01162,0.000112,-0.005826,0.000981,-0.001583,-0.013665,-0.021348,-0.02874,-0.003044,-0.007431,-0.011147,-0.014291,-0.017011,0.000612,0.002599,0.004442,0.005036,0.005377,-0.284128,-0.556701,-0.108458,-0.919596,0,0,1,0,0,0,0,0,0,0,0
3494,0.001559,0.009615,0.014487,0.01871,0.020562,0.002664,0.011596,0.026571,0.038915,0.039922,-0.000682,0.009128,0.035861,0.055221,0.065486,0.002501,0.005327,0.00981,0.010947,0.011694,0.000974,0.004288,0.007926,0.009745,0.013253,0.002599,0.006399,0.006724,0.008023,0.013773,0.024265,0.093616,0.138443,0.156341,0.170017,-0.031801,-0.060808,-0.089459,-0.129023,-0.154847,-0.009004,0.019512,0.020818,0.006228,0.004004,-0.000123,-0.005677,-0.020379,-0.031591,-0.026722,-0.002405,-0.006078,-0.009621,-0.012619,-0.014485,0.000534,0.00434,0.004229,0.005211,0.004396,-0.289281,-0.548397,-0.109442,-0.920481,0,0,1,0,0,0,0,0,0,0,0
3495,0.003082,0.010251,0.014468,0.018393,0.01875,0.006066,0.018004,0.026146,0.038376,0.036235,0.000162,0.024102,0.047297,0.060824,0.071139,0.001946,0.006358,0.00811,0.008856,0.009407,0.001298,0.005385,0.008142,0.010964,0.012943,0.003795,0.003925,0.004509,0.00944,0.011516,0.024719,0.096085,0.122037,0.139651,0.149448,-0.023486,-0.042106,-0.076492,-0.113019,-0.131217,0.002678,0.031563,0.020092,0.014174,0.010597,-0.002433,-0.014476,-0.022135,-0.029502,-0.025157,-0.001907,-0.00554,-0.008614,-0.011273,-0.012516,0.001413,0.003215,0.003795,0.004129,0.003288,-0.291742,-0.541697,-0.109736,-0.920728,0,0,1,0,0,0,0,0,0,0,0
3496,0.004961,0.009824,0.014039,0.015887,0.01553,0.002853,0.0178,0.030121,0.031126,0.028499,0.00963,0.036313,0.055637,0.065883,0.073599,0.000875,0.00535,0.006485,0.00723,0.007295,0.00201,0.005642,0.007457,0.010959,0.011996,0.0,0.000324,0.001621,0.00736,0.007684,0.044516,0.089259,0.107124,0.120774,0.126643,-0.005479,-0.034076,-0.073567,-0.099343,-0.115619,0.025786,0.027089,0.012527,0.010307,0.006346,-0.003113,-0.017787,-0.028978,-0.024118,-0.021054,-0.001725,-0.005222,-0.008181,-0.010023,-0.011056,0.002348,0.002238,0.003208,0.002403,0.001634,-0.292844,-0.535093,-0.109965,-0.922275,1,0,0,0,0,0,0,0,0,0,0
3497,0.002203,0.006416,0.010336,0.010693,0.010207,0.009072,0.017205,0.029421,0.027282,0.023783,0.014289,0.037456,0.050968,0.061271,0.065775,0.003532,0.005281,0.006027,0.006578,0.006286,0.002074,0.004828,0.007647,0.009623,0.010336,0.00013,0.000713,0.005638,0.007712,0.008262,0.026796,0.052717,0.070311,0.080097,0.085767,-0.013123,-0.047468,-0.083953,-0.10213,-0.113535,0.003082,-0.008376,-0.014287,-0.01786,-0.017901,-0.008918,-0.016568,-0.023927,-0.019588,-0.015445,-0.001887,-0.004936,-0.007573,-0.008806,-0.00951,-0.00055,2.5e-05,0.000357,-0.000478,-0.001055,-0.295917,-0.53192,-0.110225,-0.923755,1,0,0,0,0,0,0,0,0,0,0
3498,0.002651,0.006854,0.008697,0.008341,0.007856,0.005852,0.018137,0.019139,0.01652,0.013158,0.01235,0.031618,0.041834,0.049529,0.05205,0.000938,0.002069,0.002813,0.002877,0.002716,0.001552,0.003362,0.006854,0.007888,0.009117,0.000194,0.001487,0.007209,0.007533,0.008632,0.017878,0.035692,0.049302,0.055154,0.057837,-0.015421,-0.054798,-0.0805,-0.096729,-0.101611,-0.001776,-0.016297,-0.01851,-0.02246,-0.022729,-0.005734,-0.016893,-0.012047,-0.008991,-0.00439,-0.00157,-0.004471,-0.006276,-0.007288,-0.007583,0.000434,0.001384,0.000596,-0.000158,-0.001077,-0.294524,-0.530751,-0.111058,-0.925038,1,0,0,0,0,0,0,0,0,0,0
3499,0.001548,0.00545,0.005804,0.005321,0.005063,0.002257,0.014414,0.012286,0.008803,0.004869,0.010738,0.024185,0.03444,0.038922,0.040018,0.000806,0.001548,0.002096,0.001806,0.001774,0.001193,0.003999,0.005966,0.006675,0.007965,0.000387,0.005288,0.007352,0.0079,0.008352,0.007965,0.025475,0.035214,0.040857,0.038084,-0.0188,-0.05511,-0.0732,-0.084551,-0.085938,-0.009632,-0.015515,-0.019071,-0.019111,-0.023082,-0.001894,-0.009218,-0.004899,-0.000776,0.003735,-0.001406,-0.003957,-0.005149,-0.00583,-0.005894,0.00013,0.000451,-0.000356,-0.000915,-0.001719,-0.292424,-0.530977,-0.111487,-0.925674,1,0,0,0,0,0,0,0,0,0,0
3500,0.002638,0.004472,0.004118,0.003635,0.003442,0.009973,0.01097,0.008364,0.005018,0.001898,0.008461,0.018626,0.026283,0.028792,0.029017,0.000322,0.001062,0.001126,0.000965,0.000997,0.000611,0.004086,0.005115,0.006337,0.006981,0.000901,0.006595,0.006916,0.00801,0.006498,0.00978,0.023323,0.029146,0.031816,0.027602,-0.020428,-0.046003,-0.062152,-0.067009,-0.066205,-0.00484,-0.007042,-0.010972,-0.01124,-0.015599,-0.009214,-0.004392,-0.001352,0.003227,0.004908,-0.001419,-0.003162,-0.00414,-0.004425,-0.004361,0.00079,2.8e-05,-0.0007,-0.001588,-0.002078,-0.2899,-0.531953,-0.111751,-0.924362,1,0,0,0,0,0,0,0,0,0,0
3501,0.001254,0.001607,0.001125,0.000868,0.000707,0.002154,3.2e-05,-0.003439,-0.007361,-0.008775,0.00495,0.015171,0.019639,0.020732,0.0198,0.000418,0.000964,0.000675,0.000643,0.000643,0.002186,0.004146,0.004854,0.006139,0.006589,0.003986,0.006043,0.006589,0.007039,0.004371,0.007682,0.017389,0.023014,0.02025,0.016103,-0.015782,-0.033814,-0.045128,-0.04651,-0.045675,-0.001028,-0.004573,-0.004613,-0.008571,-0.011702,0.001906,0.006211,0.010321,0.014818,0.013629,-0.001083,-0.002248,-0.002914,-0.002976,-0.002915,-0.000472,-0.001261,-0.001807,-0.002593,-0.003115,-0.288168,-0.532077,-0.111993,-0.923315,1,0,0,0,0,0,0,0,0,0,0
3502,0.000578,0.000225,-0.000257,-0.000449,-0.00061,-0.001156,-0.003755,-0.007094,-0.010207,-0.01117,0.0052,0.012839,0.015343,0.015567,0.014027,0.000321,0.000385,0.000225,0.000257,0.000225,0.001284,0.002311,0.003531,0.004173,0.004494,0.001701,0.002022,0.003113,0.001605,0.000321,0.005842,0.011651,0.014316,0.010111,0.007543,-0.009758,-0.025871,-0.030717,-0.029915,-0.030364,-0.001171,-0.005092,-0.005359,-0.009708,-0.010767,0.002908,0.005941,0.01051,0.012187,0.011914,-0.000644,-0.001606,-0.001887,-0.001823,-0.001841,-0.000282,-0.000999,-0.001874,-0.002356,-0.002717,-0.287212,-0.531472,-0.112015,-0.922678,1,0,0,0,0,0,0,0,0,0,0
3503,-0.000224,-0.000705,-0.000962,-0.001122,-0.001314,-0.000962,-0.004424,-0.008335,-0.009745,-0.01029,0.005001,0.009457,0.010547,0.009617,0.008207,0.000224,-6.4e-05,-9.6e-05,-9.6e-05,0.001763,0.000673,0.001378,0.002661,0.00311,0.003302,0.000353,0.000898,0.001346,-0.001314,-0.001411,0.003847,0.009457,0.0067,0.002565,-0.000256,-0.008239,-0.019523,-0.020901,-0.020068,-0.020196,-0.002366,-0.002406,-0.006353,-0.009476,-0.011048,0.00139,0.005488,0.009973,0.008787,0.009272,-0.000505,-0.001159,-0.00122,-0.00116,-0.001256,-0.000494,-0.00103,-0.001802,-0.002314,-0.002553,-0.284895,-0.530841,-0.111936,-0.920877,1,0,0,0,0,0,0,0,0,0,0
3504,-0.000128,-0.000608,-0.000801,-0.000961,-0.001121,-0.001633,-0.004963,-0.008069,-0.00903,-0.008518,0.002626,0.005123,0.005347,0.00381,0.001889,-0.00016,-0.00032,-0.000288,-0.00032,0.002626,0.000352,0.001569,0.002209,0.00253,0.002626,-3.2e-05,0.001057,-0.000448,-0.001729,-0.001601,0.001953,0.004611,0.000416,-0.002145,-0.005924,-0.007845,-0.01268,-0.01188,-0.012328,-0.010951,-0.001549,-0.001815,-0.006154,-0.00721,-0.009191,0.001638,0.006196,0.007869,0.007596,0.007239,-0.000445,-0.000721,-0.000659,-0.000676,-0.000748,-0.000214,-0.001074,-0.001549,-0.001904,-0.002108,-0.283292,-0.531515,-0.112125,-0.920397,1,0,0,0,0,0,0,0,0,0,0
3505,-0.000352,-0.000608,-0.000769,-0.000961,-0.001281,-0.001825,-0.005732,-0.007141,-0.007685,-0.006436,0.001825,0.002914,0.001985,0.000576,-0.005924,-0.000128,-0.00016,-0.00016,0.001697,0.003106,0.000352,0.001633,0.002081,0.002274,0.002274,0.000576,0.001025,-0.001633,-0.001729,-0.001441,0.003651,0.000897,-0.003234,-0.006052,-0.01156,-0.003426,-0.004803,-0.003971,-0.004099,-0.002722,0.001509,-0.002434,-0.005554,-0.007124,-0.006137,0.002456,0.006936,0.005752,0.006235,0.005311,-0.000203,-0.000264,-0.000204,-0.0003,-0.000306,-0.000317,-0.001083,-0.001592,-0.001829,-0.002116,-0.280766,-0.531553,-0.112969,-0.919744,1,0,0,0,0,0,0,0,0,0,0
3506,-0.000128,-0.00032,-0.00048,-0.00064,-0.001184,-0.001504,-0.004609,-0.005569,-0.005057,-0.003841,0.000672,0.000896,-0.00064,-0.00256,-0.016867,-3.2e-05,0.0,-3.2e-05,0.002912,0.004705,0.000864,0.001504,0.001824,0.00192,0.00192,0.000512,-0.000992,-0.002272,-0.002144,-0.002304,-0.000992,-0.005185,-0.007745,-0.011522,-0.020835,-0.001408,-0.000608,-0.001056,0.00032,0.009249,-0.001775,-0.006111,-0.007167,-0.009146,-0.003513,0.0021,0.003772,0.0035,0.003143,0.001827,-7.2e-05,-1e-05,-2.7e-05,-9.9e-05,0.000257,-0.000541,-0.001013,-0.001367,-0.001571,-0.002038,-0.275926,-0.539222,-0.1138,-0.917717,1,0,0,0,0,0,0,0,0,0,0
3507,-0.000128,-0.000288,-0.00048,-0.0008,-0.001152,-0.0024,-0.003808,-0.004351,-0.003104,-0.00224,0.000416,-0.000512,-0.00192,-0.008415,-0.029404,0.0,0.0,0.001856,0.003264,0.005087,0.000416,0.000864,0.001056,0.001056,0.001152,-6.4e-05,-0.00272,-0.002816,-0.002528,-0.002976,-0.00176,-0.005887,-0.008703,-0.014206,-0.028988,3.2e-05,0.000864,0.000736,0.002112,0.039195,-0.002166,-0.005283,-0.006852,-0.005865,0.005412,0.002377,0.001193,0.001676,0.000752,-0.000508,1.2e-05,7.1e-05,-2.4e-05,-3e-05,0.001961,-0.000222,-0.000728,-0.000963,-0.001248,-0.001642,-0.267485,-0.567412,-0.114532,-0.916924,1,0,0,0,0,0,0,0,0,0,0
3508,-6.4e-05,-0.000224,-0.000384,-0.000928,-0.001312,-0.000704,-0.001664,-0.001152,6.4e-05,0.002527,-0.000192,-0.001727,-0.003647,-0.017947,-0.039956,3.2e-05,0.0,0.002943,0.004735,0.007006,0.000224,0.000544,0.00064,0.00064,0.00048,-0.00144,-0.002719,-0.002591,-0.002751,-0.003231,-0.002431,-0.004991,-0.008765,-0.018075,-0.033142,0.000768,0.00032,0.001695,0.010621,0.061997,-0.002169,-0.003225,-0.005203,0.000428,0.016797,-0.000705,-0.000977,-0.001334,-0.002649,-0.005555,5e-05,3.3e-05,-3.9e-05,0.000316,0.003284,-0.00025,-0.000603,-0.000806,-0.001271,-0.00162,-0.262603,-0.589658,-0.114569,-0.914456,1,0,0,0,0,0,0,0,0,0,0
3509,-9.6e-05,-0.000288,-0.000608,-0.00096,-0.002207,-0.000704,-0.001247,0.0,0.000864,0.00339,-0.000736,-0.002143,-0.008636,-0.029617,-0.049095,-3.2e-05,0.001823,0.00323,0.005053,0.008188,0.000224,0.000416,0.000416,0.000512,-0.00064,-0.001215,-0.001311,-0.001023,-0.001471,-0.002367,-0.001695,-0.00451,-0.010011,-0.024787,-0.043402,6.4e-05,-6.4e-05,0.001311,0.03838,0.078904,-0.000948,-0.002516,-0.00153,0.009743,0.02085,-0.000479,4e-06,-0.000919,-0.002179,-0.005575,9e-06,-8.6e-05,-9.1e-05,0.001894,0.004513,-0.000255,-0.00049,-0.000774,-0.001167,-0.001458,-0.252114,-0.607703,-0.114296,-0.911411,1,0,0,0,0,0,0,0,0,0,0
3510,-6.4e-05,-0.000224,-0.000768,-0.001151,-0.003486,-0.000256,0.000256,0.001471,0.003933,0.003294,-0.000799,-0.002718,-0.017013,-0.039015,-0.05574,0.0,0.002942,0.004733,0.007004,0.008443,9.6e-05,0.000192,0.000192,3.2e-05,-0.002047,-6.4e-05,6.4e-05,-9.6e-05,-0.000576,-0.004061,-0.000863,-0.004637,-0.013943,-0.029005,-0.056732,-0.000512,0.000863,0.009786,0.061145,0.093668,-0.000108,-0.002086,0.003544,0.019907,0.020021,0.000206,-0.00015,-0.001465,-0.00437,-0.007176,-2.6e-05,-9.8e-05,0.000257,0.003217,0.00576,-9.7e-05,-0.0003,-0.000764,-0.001112,-0.001463,-0.238569,-0.622969,-0.113453,-0.906632,1,0,0,0,0,0,0,0,0,0,0
3511,-0.000128,-0.000447,-0.000799,-0.002045,-0.006552,-0.000288,0.000959,0.001822,0.004346,0.0031,-0.000607,-0.007095,-0.02806,-0.047522,-0.060402,0.001854,0.00326,0.005081,0.008213,0.009779,9.6e-05,9.6e-05,0.000192,-0.000959,-0.002685,-3.2e-05,0.000256,-0.000192,-0.001087,-0.00441,-0.001949,-0.007446,-0.022211,-0.040811,-0.069766,0.000384,0.001758,0.038798,0.079289,0.120612,-0.001459,-0.000474,0.01079,0.021889,0.023516,0.000276,-0.000647,-0.001906,-0.005299,-0.007074,-6.9e-05,-7.4e-05,0.0019,0.004505,0.007805,-0.000137,-0.00042,-0.00081,-0.0011,-0.002988,-0.225607,-0.649042,-0.113345,-0.904435,1,0,0,0,0,0,0,0,0,0,0
3512,-3.2e-05,-0.000574,-0.000957,-0.003286,-0.009123,0.000797,0.00201,0.004466,0.003828,0.002839,-0.001308,-0.015567,-0.037514,-0.054197,-0.06281,0.001085,0.002871,0.005136,0.006571,0.009697,0.0,0.0,-0.000159,-0.002233,-0.004083,0.000159,0.0,-0.000478,-0.003956,-0.004402,-0.001818,-0.011101,-0.026126,-0.053783,-0.077325,0.000989,0.009889,0.06112,0.093561,0.152895,-0.000516,0.005099,0.021421,0.021535,0.035748,-0.000632,-0.001943,-0.004841,-0.00764,-0.006675,-3e-06,0.000345,0.003254,0.005753,0.010383,-6.4e-05,-0.000521,-0.000862,-0.001207,-0.003658,-0.215765,-0.681114,-0.112496,-0.903242,1,0,0,0,0,0,0,0,0,0,0
3513,-0.000287,-0.000638,-0.001881,-0.006376,-0.010839,0.000446,0.001307,0.003826,0.002582,0.001977,-0.005165,-0.026078,-0.045494,-0.058342,-0.062869,0.000319,0.002136,0.00526,0.006822,0.010202,0.0,9.6e-05,-0.001052,-0.002774,-0.004431,0.000128,-0.000319,-0.001211,-0.004527,-0.004559,-0.003666,-0.018395,-0.03695,-0.065834,-0.08831,0.000383,0.037332,0.077725,0.118947,0.186247,0.001499,0.012735,0.023807,0.02543,0.047445,-0.000289,-0.001545,-0.00493,-0.006701,-0.005818,-3e-06,0.001938,0.004499,0.007742,0.013818,-0.000214,-0.000598,-0.000883,-0.002739,-0.004454,-0.202765,-0.714875,-0.11211,-0.902796,1,0,0,0,0,0,0,0,0,0,0
3514,-0.000255,-0.000637,-0.002963,-0.008793,-0.011118,0.000765,0.003218,0.002581,0.001593,0.001497,-0.00908,-0.030998,-0.04766,-0.056261,-0.058746,0.001465,0.003727,0.005161,0.008283,0.009876,0.0,-0.000159,-0.00223,-0.004078,-0.004428,-0.000287,-0.000765,-0.004237,-0.004683,-0.004683,-0.005607,-0.020612,-0.048233,-0.071744,-0.098473,0.008506,0.05967,0.09207,0.151326,0.225173,0.00411,0.020411,0.020525,0.03472,0.064571,-0.001021,-0.003915,-0.00671,-0.005746,-0.005427,0.000348,0.00323,0.005706,0.010294,0.018749,-0.000239,-0.000578,-0.000919,-0.003348,-0.004575,-0.187906,-0.752894,-0.111925,-0.901684,1,0,0,0,0,0,0,0,0,0,0
3515,-9.5e-05,-0.001336,-0.005822,-0.010276,-0.012058,9.5e-05,0.002609,0.001368,0.000764,-3.2e-05,-0.011803,-0.031178,-0.043999,-0.048517,-0.048421,0.00035,0.003468,0.005027,0.008399,0.008367,9.5e-05,-0.00105,-0.002768,-0.004422,-0.004518,-0.000159,-0.00105,-0.004359,-0.00439,-0.006427,-0.009099,-0.027615,-0.056439,-0.078868,-0.123599,0.028378,0.068687,0.109823,0.176983,0.256074,0.007109,0.018157,0.019777,0.041747,0.07249,-0.000234,-0.003612,-0.005379,-0.004498,-0.005533,0.001568,0.004092,0.007289,0.013276,0.026704,-0.000142,-0.000422,-0.002251,-0.003942,-0.005074,-0.154699,-0.788328,-0.11118,-0.894901,1,0,0,0,0,0,0,0,0,0,0
3516,-0.000286,-0.002608,-0.008428,-0.01075,-0.0125,0.002354,0.001718,0.000732,0.000636,-0.002322,-0.010082,-0.026717,-0.035304,-0.037785,-0.035304,0.001908,0.00334,0.006457,0.008047,0.005121,-0.000254,-0.002322,-0.004167,-0.004516,-0.003912,-0.000318,-0.003785,-0.00423,-0.00423,-0.009414,-0.005884,-0.03346,-0.056932,-0.083617,-0.137718,0.022709,0.055056,0.114214,0.187939,0.241532,0.009167,0.009281,0.023453,0.053255,0.067412,-0.002655,-0.005445,-0.004484,-0.004165,-0.006095,0.001284,0.003732,0.008267,0.016625,0.030732,-0.000193,-0.000531,-0.002932,-0.004145,-0.005747,-0.128314,-0.803018,-0.11154,-0.892888,1,0,0,0,0,0,0,0,0,0,0
3517,-0.000953,-0.005434,-0.009884,-0.011663,-0.012013,0.000159,-0.001081,-0.001684,-0.002479,-0.005339,-0.00928,-0.022088,-0.0266,-0.026505,-0.023963,0.001208,0.002765,0.006134,0.006102,-0.002256,-0.00089,-0.002606,-0.004259,-0.004354,-0.001939,-0.000572,-0.003877,-0.003909,-0.005943,-0.009153,-0.012617,-0.04141,-0.063816,-0.108499,-0.151784,0.017575,0.058667,0.125756,0.204763,0.231331,0.001877,0.003495,0.025441,0.056152,0.065413,-0.000721,-0.002486,-0.001606,-0.00264,-0.002649,0.001228,0.004401,0.010344,0.023673,0.034775,-8.6e-05,-0.001902,-0.00358,-0.004703,-0.006401,-0.105471,-0.820532,-0.109819,-0.897405,1,0,0,0,0,0,0,0,0,0,0
3518,-0.001369,-0.007193,-0.009517,-0.011267,-0.007671,-0.000796,-0.001782,-0.001878,-0.004838,-0.006366,-0.007352,-0.015946,-0.018429,-0.015946,-0.013559,0.000223,0.003342,0.004933,0.002005,-0.006748,-0.001178,-0.003024,-0.003374,-0.002769,0.004106,-0.002896,-0.003342,-0.003342,-0.00853,-0.007671,-0.014959,-0.038449,-0.065153,-0.119293,-0.163153,0.014768,0.07397,0.147748,0.201379,0.240815,-0.001766,0.012416,0.04224,0.056407,0.083107,-0.00207,-0.001108,-0.000789,-0.002721,6e-05,0.001219,0.005778,0.014178,0.028357,0.042335,-0.000252,-0.002665,-0.003885,-0.005495,-0.007325,-0.074933,-0.857668,-0.108596,-0.90834,1,0,0,0,0,0,0,0,0,0,0
3519,-0.003123,-0.007585,-0.009369,-0.00972,-0.003314,-0.000446,-0.001052,-0.001848,-0.004717,-0.006342,-0.005481,-0.010007,-0.009911,-0.007362,-0.004302,0.001338,0.004717,0.004685,-0.003697,-0.006852,-0.000542,-0.002199,-0.002295,0.000127,0.013799,-0.000414,-0.000446,-0.002486,-0.005704,-0.003251,-0.013895,-0.036362,-0.08117,-0.124575,-0.160905,0.026419,0.093694,0.172919,0.199562,0.256415,0.003391,0.025398,0.056194,0.06548,0.109855,0.000303,0.001185,0.000148,0.000139,0.005152,0.002005,0.008064,0.021654,0.032973,0.04904,-0.001597,-0.003308,-0.004453,-0.006184,-0.010482,-0.05644,-0.889348,-0.110566,-0.911943,1,0,0,0,0,0,0,0,0,0,0
3520,-0.002708,-0.005033,-0.006785,-0.003186,0.006913,-0.000542,-0.000637,-0.0036,-0.005129,-0.010003,-0.003122,-0.005607,-0.003122,-0.000733,0.003313,0.001784,0.003377,0.000446,-0.008315,-0.008092,-0.001306,-0.001657,-0.001051,0.00583,0.02523,-3.2e-05,-3.2e-05,-0.005224,-0.004364,0.001434,-0.009621,-0.036348,-0.090536,-0.134434,-0.160301,0.032844,0.106687,0.160365,0.199835,0.262083,0.010805,0.040654,0.054834,0.081558,0.134376,0.00066,0.00098,-0.000954,0.001829,0.013685,0.002587,0.011038,0.025304,0.039369,0.057567,-0.000836,-0.002063,-0.003683,-0.005524,-0.010628,-0.034813,-0.920886,-0.113529,-0.91684,1,0,0,0,0,0,0,0,0,0,0
3521,-0.00175,-0.003531,-0.003881,0.002513,0.022684,-6.4e-05,-0.000859,-0.003722,-0.005345,-0.004836,-0.0014,-0.001304,0.001241,0.004295,0.012471,0.001591,0.001559,-0.006808,-0.009958,-0.009926,-0.00035,-0.000445,0.001972,0.015621,0.040436,0.0,-0.002036,-0.005249,-0.0028,0.015462,-0.012821,-0.057552,-0.100883,-0.137152,-0.160408,0.03436,0.11345,0.140047,0.196804,0.241439,0.011179,0.041923,0.051193,0.095492,0.133098,0.000221,-0.000814,-0.000823,0.004181,0.022417,0.003425,0.016853,0.028038,0.043914,0.065264,-0.000863,-0.001995,-0.003704,-0.007952,-0.009298,-0.014617,-0.933837,-0.111473,-0.930528,1,0,0,0,0,0,0,0,0,0,0
3522,-0.000572,-0.00232,0.001271,0.011348,0.035855,-3.2e-05,-0.002988,-0.004514,-0.009377,-0.0048,-0.001081,0.001399,0.003783,0.007819,0.021964,0.0,-0.002924,-0.011666,-0.011443,-0.011316,0.0,0.000604,0.00747,0.026828,0.054037,0.0,-0.005181,-0.004323,0.001462,0.021933,-0.013859,-0.067927,-0.111729,-0.137539,-0.156166,0.039351,0.092911,0.132295,0.194405,0.232708,0.018615,0.032764,0.059428,0.112131,0.145138,9.8e-05,-0.001832,0.000945,0.012775,0.028893,0.004919,0.018967,0.032816,0.050736,0.075984,-0.000351,-0.001946,-0.00376,-0.008785,-0.009107,0.005812,-0.959571,-0.112103,-0.936772,1,0,0,0,0,0,0,0,0,0,0
3523,-0.001206,-0.001555,0.004822,0.024936,0.046858,-0.000761,-0.003617,-0.005235,-0.004727,-0.006345,0.001174,0.003712,0.006757,0.014911,0.027632,-3.2e-05,-0.008375,-0.011516,-0.011484,-0.011199,-9.5e-05,0.002316,0.015926,0.040671,0.066146,-0.00203,-0.005235,-0.002792,0.015418,0.028711,-0.030773,-0.073982,-0.110149,-0.13334,-0.153992,0.039593,0.066115,0.122712,0.167222,0.205545,0.012078,0.021322,0.065497,0.102997,0.137342,-0.00113,-0.001139,0.003852,0.022036,0.037308,0.008313,0.01928,0.034846,0.055779,0.085538,-0.000764,-0.00244,-0.006604,-0.007925,-0.00904,0.028932,-0.972247,-0.111585,-0.944407,1,0,0,0,0,0,0,0,0,0,0
3524,-0.000536,0.00303,0.013034,0.037365,0.061665,-0.002178,-0.003692,-0.008521,-0.003976,-0.005744,0.001294,0.003661,0.007669,0.021712,0.032284,-0.002872,-0.01155,-0.011329,-0.011203,-0.011329,0.000694,0.007511,0.02673,0.053744,0.077066,-0.003124,-0.002272,0.003471,0.023795,0.035913,-0.023069,-0.066557,-0.092182,-0.110675,-0.130746,0.013791,0.052892,0.114557,0.152585,0.176916,0.002033,0.028506,0.08083,0.113601,0.135993,-0.000791,0.001965,0.01371,0.029713,0.04331,0.005345,0.018513,0.035553,0.05956,0.08859,-0.000781,-0.002505,-0.007283,-0.00759,-0.004724,0.052126,-0.985387,-0.106727,-0.950776,1,0,0,0,0,0,0,0,0,0,0
3525,0.00019,0.006539,0.026566,0.048394,0.076729,-0.000663,-0.002274,-0.001769,-0.00338,-0.00556,0.001232,0.004264,0.012383,0.02505,0.037148,-0.005433,-0.008561,-0.008529,-0.008245,-0.009192,0.001706,0.015257,0.039897,0.065262,0.087659,-6.3e-05,0.002369,0.020501,0.033737,0.038538,-0.019933,-0.055944,-0.079035,-0.099599,-0.109392,0.012604,0.068958,0.113277,0.151437,0.155417,0.00717,0.051155,0.088494,0.122692,0.12678,0.000783,0.005752,0.023859,0.039065,0.045136,0.005261,0.020365,0.040678,0.069555,0.091325,-0.000841,-0.004881,-0.006162,-0.007244,-0.00062,0.069204,-0.97611,-0.100422,-0.94855,1,0,0,0,0,0,0,0,0,0,0
3526,0.003396,0.013458,0.037929,0.062368,0.092965,-0.000857,-0.005713,-0.001143,-0.00292,-0.005142,0.001143,0.005174,0.019298,0.02993,0.046975,-0.003269,-0.003047,-0.00292,-0.003047,-0.004317,0.005142,0.024471,0.05164,0.075096,0.101884,0.00092,0.006697,0.027137,0.039325,0.039198,-0.023709,-0.049482,-0.068081,-0.088268,-0.091664,0.026661,0.08868,0.126927,0.151398,0.137782,0.019421,0.072046,0.105005,0.127525,0.115009,0.001985,0.013798,0.029892,0.043568,0.045121,0.008268,0.026005,0.050994,0.081211,0.10105,-0.000926,-0.005899,-0.006218,-0.003235,0.000857,0.086218,-0.966678,-0.097435,-0.944916,1,0,0,0,0,0,0,0,0,0,0
3527,0.003017,0.023362,0.045537,0.074323,0.110779,-0.00077,-0.000257,-0.001893,-0.004108,-0.004461,0.001925,0.010173,0.023041,0.035332,0.065145,0.000128,0.00016,0.000449,-0.000513,-0.006643,0.008568,0.033599,0.059369,0.082121,0.115496,0.00154,0.019961,0.033407,0.038285,0.044799,-0.012612,-0.03607,-0.056962,-0.06691,-0.069862,0.030294,0.075318,0.114084,0.118127,0.104938,0.025048,0.062981,0.097723,0.101876,0.095537,0.00304,0.021435,0.036883,0.04305,0.04946,0.007937,0.030622,0.062871,0.087183,0.119899,-0.003513,-0.004943,-0.006152,0.001246,0.005652,0.103984,-0.956048,-0.095812,-0.946318,1,0,0,0,0,0,0,0,0,0,0
3528,0.007167,0.031948,0.056697,0.087681,0.127665,-0.004146,0.000482,-0.001318,-0.003568,-0.00961,0.002153,0.016456,0.027224,0.044483,0.082571,9.6e-05,0.000225,9.6e-05,-0.001189,-0.011282,0.010992,0.038505,0.062258,0.089385,0.122587,0.004307,0.025006,0.037348,0.03722,0.043101,-0.013467,-0.032302,-0.052744,-0.056183,-0.052326,0.032463,0.071193,0.095974,0.082185,0.071096,0.028203,0.06158,0.084385,0.07171,0.072478,0.008917,0.025215,0.039064,0.040636,0.051628,0.011344,0.038632,0.071629,0.093294,0.127283,-0.00188,-0.002228,0.001029,0.005498,0.015149,0.118832,-0.951351,-0.091017,-0.943273,1,0,0,0,0,0,0,0,0,0,0
3529,0.0132,0.035392,0.064199,0.100683,0.146737,0.004657,0.003019,0.000803,0.00045,-0.012365,0.006102,0.01898,0.031281,0.061116,0.098017,-6.4e-05,0.000225,-0.000739,-0.006873,-0.016797,0.014067,0.039856,0.062626,0.096026,0.130422,0.014131,0.027587,0.032469,0.038988,0.038186,-0.01002,-0.030927,-0.040883,-0.043838,-0.034524,0.012621,0.051417,0.055464,0.042264,0.034428,0.009781,0.044549,0.048706,0.042362,0.046864,0.009499,0.024959,0.031131,0.037545,0.048174,0.011525,0.043948,0.06839,0.101282,0.128676,0.000432,-0.000783,0.006654,0.011083,0.027118,0.130557,-0.948425,-0.088756,-0.944409,1,0,0,0,0,0,0,0,0,0,0
3530,0.011565,0.036301,0.067269,0.107233,0.159146,-3.2e-05,-0.001831,-0.00408,-0.010119,-0.018247,0.008192,0.018954,0.036205,0.074273,0.104695,0.000193,6.4e-05,-0.001221,-0.011308,-0.017476,0.013428,0.037168,0.064282,0.097467,0.13592,0.006553,0.018889,0.018761,0.02464,0.024511,-0.008802,-0.029234,-0.032671,-0.028816,-0.022102,0.026085,0.050854,0.037072,0.025989,0.019307,0.023576,0.046369,0.033701,0.034469,0.036673,0.006788,0.02063,0.022202,0.033188,0.039792,0.015643,0.048522,0.07011,0.103978,0.128192,-0.000779,0.002466,0.006919,0.016536,0.034825,0.146258,-0.945447,-0.084256,-0.945857,1,0,0,0,0,0,0,0,0,0,0
3531,0.010629,0.039434,0.075913,0.121961,0.171318,-0.001606,-0.003821,-0.004175,-0.016987,-0.0184,0.004688,0.016987,0.046819,0.083716,0.113773,9.6e-05,-0.000867,-0.007,-0.016923,-0.018946,0.012363,0.035131,0.068527,0.102919,0.140683,0.006904,0.011785,0.018304,0.017501,0.017662,-0.012106,-0.022061,-0.025015,-0.015703,-0.005138,0.012716,0.016762,0.003564,-0.004271,-0.008574,0.011198,0.015354,0.009011,0.013513,0.013956,0.008673,0.014844,0.021258,0.031885,0.032449,0.016797,0.04122,0.074085,0.101458,0.121641,-0.000437,0.006995,0.01142,0.027442,0.042757,0.156747,-0.944749,-0.081842,-0.945596,1,0,0,0,0,0,0,0,0,0,0
3532,0.014097,0.045051,0.084997,0.136888,0.183577,-0.000193,-0.00244,-0.008477,-0.016601,-0.01689,0.006069,0.023312,0.061364,0.091772,0.128507,-0.000225,-0.001509,-0.011592,-0.017757,-0.020583,0.011367,0.038469,0.071639,0.110075,0.146778,0.005427,0.005298,0.011175,0.011046,0.010468,-0.008317,-0.011753,-0.007899,-0.001188,0.023505,0.012042,-0.001734,-0.012812,-0.019491,-0.022638,0.011585,-0.001077,-0.000309,0.001894,0.003418,0.005163,0.006735,0.017716,0.024317,0.023273,0.015986,0.037507,0.071271,0.09541,0.107744,0.003673,0.008112,0.017699,0.035931,0.048929,0.15851,-0.945256,-0.079645,-0.944913,1,0,0,0,0,0,0,0,0,0,0
3533,0.014719,0.051227,0.097311,0.146706,0.194751,-0.002025,-0.002378,-0.015201,-0.016615,-0.019604,0.006235,0.03609,0.073015,0.103096,0.142721,-0.000739,-0.006877,-0.016808,-0.018832,-0.022785,0.011409,0.044831,0.07925,0.117043,0.156958,-0.000546,0.005977,0.005174,0.005335,0.004242,-0.001639,-0.004596,0.004724,0.015297,0.049009,-0.008002,-0.02121,-0.029052,-0.033358,-0.035158,-0.007436,-0.013784,-0.009279,-0.008835,-0.005733,0.001008,0.007427,0.018063,0.018627,0.019982,0.008479,0.041524,0.069046,0.08934,0.095099,0.003779,0.008228,0.024338,0.039737,0.050555,0.158759,-0.945967,-0.080187,-0.94547,1,0,0,0,0,0,0,0,0,0,0
3534,0.016234,0.056146,0.107993,0.154643,0.203121,-0.000225,-0.006256,-0.014373,-0.014662,-0.019988,0.011005,0.049024,0.079407,0.11611,0.156215,-0.000545,-0.01062,-0.01678,-0.019603,-0.026661,0.015689,0.048831,0.087235,0.123907,0.164589,0.000417,0.006288,0.00616,0.005583,0.003112,-0.001797,0.002053,0.008759,0.033431,0.070295,-0.005775,-0.016844,-0.023517,-0.026661,-0.030287,-0.005229,-0.004462,-0.00226,-0.000738,0.003192,0.000563,0.011535,0.01813,0.017087,0.019492,0.013014,0.046578,0.070576,0.082836,0.085581,0.000678,0.010209,0.028334,0.041255,0.051714,0.157127,-0.945983,-0.077805,-0.9462,1,0,0,0,0,0,0,0,0,0,0
3535,0.020132,0.065958,0.115075,0.162849,0.20778,-0.000128,-0.012878,-0.014284,-0.017256,-0.022817,0.018726,0.055444,0.085355,0.124757,0.162498,-0.00556,-0.015435,-0.017448,-0.021379,-0.029176,0.017608,0.051833,0.089414,0.129103,0.171446,0.006072,0.005273,0.005433,0.004346,0.000288,-0.00115,0.008117,0.018631,0.052153,0.092386,-0.007382,-0.015179,-0.019461,-0.021251,-0.027099,-0.001104,0.003375,0.003816,0.006901,0.008403,0.005822,0.016397,0.016958,0.018306,0.019664,0.019109,0.045565,0.065074,0.070609,0.067661,0.003618,0.019104,0.033907,0.044306,0.047732,0.152725,-0.94577,-0.081636,-0.946017,1,0,0,0,0,0,0,0,0,0,0
3536,0.019525,0.070913,0.117149,0.165198,0.204279,-0.005851,-0.013896,-0.014183,-0.019461,-0.024963,0.019048,0.049162,0.08554,0.12529,0.162177,-0.004452,-0.010557,-0.013356,-0.020352,-0.026934,0.015327,0.053391,0.089738,0.130059,0.171176,-0.000223,-0.00035,-0.000922,-0.003371,-0.013674,0.004961,0.011607,0.03606,0.072598,0.112697,-0.003625,-0.010239,-0.013356,-0.016949,-0.024486,0.001859,0.004041,0.00555,0.009445,0.007965,0.005082,0.011619,0.010585,0.012969,0.008278,0.013076,0.035625,0.047145,0.049724,0.046637,0.00546,0.02249,0.034631,0.044459,0.041594,0.149448,-0.943718,-0.081875,-0.939351,1,0,0,0,0,0,0,0,0,0,0
3537,0.025978,0.07467,0.122031,0.166574,0.201137,-0.006811,-0.008205,-0.011151,-0.016664,-0.021289,0.017424,0.047077,0.086138,0.123552,0.158368,-0.005354,-0.00735,-0.011246,-0.018976,-0.025344,0.01866,0.055915,0.095262,0.137238,0.175191,-0.00057,-0.000412,-0.001489,-0.005512,-0.018121,0.004245,0.014668,0.0479,0.087785,0.12672,-0.004118,-0.008364,-0.010138,-0.015935,-0.024584,0.002589,0.003026,0.006084,0.007573,0.004657,0.005422,0.005978,0.007314,0.00866,0.000879,0.01216,0.030518,0.035727,0.032952,0.029332,0.009255,0.023184,0.032971,0.036195,0.031741,0.144018,-0.943004,-0.085163,-0.935566,1,0,0,0,0,0,0,0,0,0,0
3538,0.025169,0.071144,0.118921,0.157781,0.190128,-0.001202,-0.001486,-0.006735,-0.012205,-0.016916,0.012553,0.048726,0.08825,0.124928,0.156453,-0.000727,-0.00351,-0.010466,-0.017011,-0.023114,0.019225,0.055366,0.095459,0.136343,0.17397,0.000443,-0.000126,-0.002561,-0.012806,-0.018276,0.002371,0.026687,0.063018,0.10289,0.141718,-0.002466,-0.005565,-0.009138,-0.016632,-0.023272,-0.000414,0.001086,0.004959,0.003488,0.001809,0.001088,6e-05,0.002431,-0.002234,-0.002678,0.009672,0.020744,0.023223,0.020256,0.013389,0.007236,0.018904,0.028349,0.025596,0.019537,0.136177,-0.944458,-0.088347,-0.933716,1,0,0,0,0,0,0,0,0,0,0
3539,0.023357,0.070481,0.1148,0.14919,0.177496,-0.000189,-0.003121,-0.008605,-0.013207,-0.017999,0.01699,0.055856,0.093082,0.127724,0.15811,-0.001261,-0.005138,-0.012829,-0.019165,-0.024587,0.017904,0.057053,0.098819,0.136581,0.170687,-0.000284,-0.001355,-0.005359,-0.017904,-0.018755,0.008006,0.041072,0.080757,0.119497,0.155053,-0.001765,-0.00353,-0.009299,-0.017904,-0.020867,0.000848,0.00389,0.005372,0.002471,0.004118,-0.000532,0.000797,0.002137,-0.005605,-0.001291,0.00826,0.013288,0.010609,0.007114,0.001944,0.006368,0.015816,0.018929,0.014629,0.008357,0.133398,-0.9479,-0.091534,-0.93549,1,0,0,0,0,0,0,0,0,0,0
3540,0.022383,0.069819,0.108401,0.140516,0.165066,-9.4e-05,-0.005305,-0.010736,-0.015414,-0.020877,0.018993,0.058235,0.094651,0.12595,0.154235,-0.001507,-0.008413,-0.014912,-0.020971,-0.024801,0.018051,0.057858,0.098449,0.135807,0.167546,-0.000283,-0.0027,-0.012871,-0.018302,-0.018491,0.016168,0.052238,0.091825,0.130376,0.160985,-0.001319,-0.004866,-0.012306,-0.018899,-0.01802,0.000645,0.004491,0.00303,0.001363,0.005682,-0.000491,0.001862,-0.002769,-0.00321,0.00257,0.002502,0.004859,0.002037,-0.004493,-0.007288,0.004906,0.013889,0.011271,0.005508,-0.002205,0.131079,-0.95069,-0.094452,-0.936203,1,0,0,0,0,0,0,0,0,0,0
3541,0.024405,0.068285,0.102334,0.13036,0.150614,-0.002809,-0.008239,-0.012796,-0.017539,-0.024936,0.019599,0.056457,0.090756,0.120841,0.147244,-0.002341,-0.009956,-0.016229,-0.021597,-0.029555,0.020816,0.062168,0.099557,0.133325,0.160601,-0.00078,-0.004744,-0.017165,-0.018008,-0.022751,0.016666,0.055958,0.094313,0.129517,0.159883,-0.000437,-0.006148,-0.014668,-0.017602,-0.018226,0.002371,0.003838,0.000965,0.002596,0.009303,0.001804,0.00313,-0.004535,-0.000264,0.002936,0.00229,-0.000209,-0.003469,-0.008291,-0.012965,0.004104,0.007007,0.002996,-0.002854,-0.010485,0.127021,-0.954995,-0.094932,-0.935049,1,0,0,0,0,0,0,0,0,0,0
3542,0.022649,0.060832,0.092615,0.11691,0.1367,-0.002361,-0.007736,-0.012365,-0.017771,-0.022493,0.019324,0.055364,0.086339,0.114331,0.139683,-0.004505,-0.010936,-0.016932,-0.020723,-0.035511,0.018672,0.058843,0.095815,0.127225,0.152607,-0.001616,-0.011682,-0.017056,-0.017243,-0.022276,0.019107,0.058284,0.096436,0.126728,0.154627,-0.003076,-0.010439,-0.016963,-0.016093,-0.022773,0.001445,-1e-06,-0.00165,0.002624,0.010301,0.000533,-0.00405,-0.004487,0.001233,0.0014,-2.7e-05,-0.002651,-0.008722,-0.01132,-0.014682,0.004375,0.001941,-0.003416,-0.010588,-0.016756,0.12619,-0.960148,-0.097133,-0.940898,1,0,0,0,0,0,0,0,0,0,0
3543,0.020961,0.054739,0.082542,0.102636,0.124897,-0.003034,-0.007554,-0.012261,-0.019598,-0.020218,0.017307,0.051333,0.08118,0.107373,0.128302,-0.003065,-0.009288,-0.014614,-0.022509,-0.036627,0.022416,0.059507,0.093007,0.120067,0.145176,-0.002322,-0.014645,-0.015481,-0.020187,-0.020744,0.019939,0.05799,0.092914,0.123039,0.143226,-0.002601,-0.011053,-0.013963,-0.014583,-0.021766,1.5e-05,-0.002835,-0.001217,0.005437,0.012409,0.000785,-0.00682,-0.002583,0.000591,0.000907,-0.002336,-0.005419,-0.00998,-0.0144,-0.014598,-0.001525,-0.005318,-0.01085,-0.018067,-0.021126,0.128308,-0.968383,-0.098486,-0.950496,1,0,0,0,0,0,0,0,0,0,0
3544,0.017024,0.048575,0.072692,0.092338,0.11331,-0.002313,-0.006908,-0.012275,-0.016963,-0.016993,0.018535,0.049284,0.077072,0.102238,0.11772,-0.003331,-0.009283,-0.013046,-0.027726,-0.037194,0.017549,0.054249,0.08543,0.110627,0.133542,-0.007679,-0.013015,-0.0132,-0.018196,-0.017549,0.019029,0.056902,0.086972,0.114667,0.131814,-0.004719,-0.011195,-0.010332,-0.016963,-0.019738,-0.00145,-0.003087,0.001156,0.008776,0.01519,-0.005331,-0.005764,-8.7e-05,8e-05,0.000936,-0.000218,-0.005985,-0.008454,-0.011647,-0.014165,-0.000828,-0.005917,-0.012729,-0.018588,-0.020572,0.128302,-0.972429,-0.100354,-0.955119,1,0,0,0,0,0,0,0,0,0,0
3545,0.016578,0.044198,0.064159,0.086273,0.103682,-0.002184,-0.006859,-0.014148,-0.014763,-0.01461,0.015317,0.044967,0.070987,0.091779,0.106758,-0.00286,-0.008151,-0.015994,-0.030019,-0.036447,0.019346,0.052625,0.079507,0.104451,0.125612,-0.004583,-0.005413,-0.010088,-0.010642,-0.009258,0.018823,0.053517,0.083444,0.103497,0.121429,-0.003691,-0.006582,-0.007197,-0.014333,-0.015009,-0.001385,0.000223,0.006832,0.013759,0.019077,-0.002238,0.001972,0.005125,0.005438,0.007023,-0.002729,-0.007084,-0.011304,-0.011493,-0.01513,-0.002809,-0.008091,-0.014982,-0.017902,-0.0217,0.127624,-0.972811,-0.100374,-0.954921,1,0,0,0,0,0,0,0,0,0,0
3546,0.014875,0.038909,0.058486,0.079385,0.094598,-0.002397,-0.007745,-0.012416,-0.012447,-0.012386,0.015336,0.043027,0.068106,0.083534,0.098778,-0.003073,-0.006823,-0.021452,-0.030887,-0.035129,0.017242,0.048313,0.073423,0.096258,0.113438,-0.000738,-0.000922,-0.005901,-0.005255,-0.000584,0.018932,0.048897,0.076496,0.093584,0.110211,-0.002766,-0.001905,-0.008513,-0.011279,-0.01088,-0.000248,0.00398,0.011574,0.017966,0.022393,0.001804,0.007462,0.007628,0.008482,0.01326,-0.002913,-0.005322,-0.008438,-0.010896,-0.012875,-0.002172,-0.00882,-0.014538,-0.016475,-0.018029,0.126606,-0.973742,-0.09887,-0.959582,1,0,0,0,0,0,0,0,0,0,0
3547,0.012669,0.03253,0.054532,0.071853,0.085868,-0.002265,-0.009517,-0.010129,-0.009976,-0.009333,0.01423,0.040119,0.060805,0.075708,0.089173,-0.002203,-0.010007,-0.023961,-0.030357,-0.032009,0.015943,0.042689,0.067507,0.088561,0.102791,-9.2e-05,-0.004743,-0.005294,-0.003917,0.00153,0.015668,0.045443,0.065396,0.083236,0.095997,-0.000122,-0.000734,-0.007834,-0.008507,-0.007191,0.001846,0.008422,0.015314,0.020605,0.023638,0.002392,0.005528,0.005841,0.007418,0.01222,-0.001376,-0.005449,-0.005632,-0.009142,-0.008803,-0.002991,-0.009641,-0.01246,-0.016126,-0.015862,0.127334,-0.974037,-0.096914,-0.960157,1,0,0,0,0,0,0,0,0,0,0
3548,0.011221,0.030643,0.051377,0.06647,0.079246,-0.003049,-0.007684,-0.007714,-0.007653,-0.006982,0.013294,0.038175,0.053481,0.068604,0.080892,-0.001525,-0.016038,-0.025399,-0.029607,-0.029912,0.014941,0.039852,0.062506,0.079551,0.092784,-9.1e-05,-0.005031,-0.004391,0.000244,0.001281,0.014117,0.041498,0.058451,0.074947,0.085588,0.000976,-0.00558,-0.008324,-0.007928,-0.006129,0.002355,0.009889,0.01623,0.020622,0.022918,0.00323,0.003395,0.004242,0.008983,0.009392,-0.000937,-0.003885,-0.00621,-0.008081,-0.006715,-0.003373,-0.008782,-0.010614,-0.012085,-0.012526,0.127412,-0.974206,-0.096039,-0.959053,1,0,0,0,0,0,0,0,0,0,0
3549,0.008534,0.030371,0.04756,0.06147,0.074712,-0.004161,-0.004768,-0.004616,-0.003979,-0.003857,0.012452,0.032982,0.047773,0.061136,0.072221,-0.006226,-0.020075,-0.026422,-0.028062,-0.029125,0.011662,0.036293,0.057188,0.07131,0.086374,-0.004525,-0.005072,-0.003705,0.001701,0.001549,0.015489,0.035291,0.052997,0.065661,0.074742,-0.001579,-0.008625,-0.009293,-0.007987,-0.005042,0.00418,0.01102,0.016271,0.019281,0.023515,-0.000104,0.000205,0.001771,0.006536,0.006449,-0.002951,-0.003124,-0.006453,-0.006132,-0.004662,-0.003026,-0.005699,-0.009175,-0.008925,-0.010819,0.128981,-0.975724,-0.098683,-0.959176,1,0,0,0,0,0,0,0,0,0,0
3550,0.010808,0.031452,0.046479,0.0592,0.071981,-0.000455,-0.000486,-0.000425,0.000243,0.002914,0.012326,0.027566,0.042624,0.054858,0.065453,-0.008227,-0.017547,-0.021737,-0.02204,-0.023407,0.013145,0.035702,0.052672,0.065848,0.078659,-0.000395,0.000243,0.004857,0.00589,0.007195,0.011779,0.028659,0.045083,0.055678,0.062964,-0.004948,-0.007681,-0.007286,-0.005495,0.000121,0.003322,0.009636,0.014009,0.016294,0.023649,0.000268,0.001111,0.005832,0.006239,0.004883,8.4e-05,-0.002172,-0.003987,-0.002662,-0.000226,-0.00223,-0.004007,-0.005433,-0.005861,-0.006047,0.129778,-0.979285,-0.095604,-0.959739,1,0,0,0,0,0,0,0,0,0,0
3551,0.011056,0.028296,0.042246,0.055526,0.06841,-0.000152,0.0,0.00064,0.000761,0.003685,0.008224,0.023057,0.036459,0.047576,0.058328,-0.005635,-0.012001,-0.013645,-0.014712,-0.015168,0.011513,0.032469,0.046632,0.06174,0.072004,-0.000152,0.001218,0.00664,0.006488,0.011787,0.008041,0.025798,0.0385,0.047607,0.058115,-0.002102,-0.002772,-0.001462,0.001492,0.00865,0.003526,0.008792,0.011811,0.016057,0.023639,4.2e-05,0.001612,0.006391,0.006304,0.008405,-0.000262,-0.003659,-0.003331,-0.001831,-0.002735,-0.000446,-0.003994,-0.003738,-0.005671,-0.002709,0.126792,-0.983226,-0.095472,-0.962993,1,0,0,0,0,0,0,0,0,0,0
3552,0.009726,0.024913,0.037768,0.050685,0.062497,0.000123,0.000184,0.000859,0.003559,0.003835,0.007118,0.022336,0.0347,0.045408,0.05495,-0.003743,-0.007977,-0.008284,-0.009664,-0.00948,0.011199,0.028349,0.041665,0.054612,0.066117,0.000798,0.005461,0.006504,0.007824,0.013868,0.008959,0.025557,0.036265,0.043628,0.05679,-0.000644,-0.000245,0.001565,0.007241,0.017826,0.002829,0.007248,0.009558,0.016991,0.026843,0.00081,0.005581,0.005993,0.004622,0.010331,-0.002152,-0.004107,-0.00268,-5.7e-05,-0.005923,-0.001444,-0.00298,-0.003441,-0.003641,-0.002693,0.124561,-0.9893,-0.094796,-0.964339,1,0,0,0,0,0,0,0,0,0,0
3553,0.007656,0.021737,0.035142,0.048148,0.056234,3.1e-05,0.000676,0.000799,0.003751,0.002398,0.00784,0.021368,0.032591,0.043444,0.051469,-0.002675,-0.004335,-0.005411,-0.005872,-0.005688,0.009931,0.024228,0.039478,0.049839,0.059924,0.000584,0.006057,0.005903,0.011253,0.013098,0.008947,0.021768,0.030961,0.041568,0.050946,-3.1e-05,0.001291,0.004274,0.011499,0.02475,0.002481,0.005529,0.009815,0.017468,0.030262,0.000773,0.005597,0.005509,0.00763,0.01101,-0.001443,-0.001093,0.000509,-0.000456,-0.004144,-0.002323,-0.002051,-0.004115,-0.000951,-0.0029,0.12551,-0.993599,-0.094185,-0.963991,1,0,0,0,0,0,0,0,0,0,0
3554,0.007549,0.020406,0.033325,0.045139,0.051767,3.1e-05,0.000706,0.003406,0.003682,0.002179,0.007395,0.019762,0.030471,0.040015,0.046919,-0.001565,-0.001872,-0.003253,-0.003069,-0.003069,0.007242,0.02056,0.033509,0.045017,0.053517,0.004081,0.005125,0.006444,0.012489,0.012459,0.007672,0.018381,0.025746,0.03891,0.047195,0.00043,0.00224,0.007917,0.018504,0.028599,0.001944,0.004254,0.011689,0.021542,0.031398,0.004,0.004412,0.003041,0.008752,0.010404,-0.000534,0.000895,0.003521,-0.002352,-0.005905,0.000754,0.000293,9.2e-05,0.001041,-0.000942,0.123554,-0.994583,-0.093326,-0.963815,1,0,0,0,0,0,0,0,0,0,0
3555,0.006497,0.01986,0.032824,0.040884,0.050017,0.000613,0.000736,0.003678,0.002329,0.000919,0.006099,0.017285,0.028104,0.036103,0.042662,-9.2e-05,-0.001165,-0.001624,-0.00144,-0.001594,0.007018,0.02222,0.032548,0.0426,0.050201,0.001379,0.001226,0.006559,0.008397,0.008581,0.005118,0.014282,0.024855,0.034203,0.045481,0.000889,0.003862,0.011064,0.024273,0.033192,0.001097,0.005369,0.012998,0.025751,0.03421,0.000814,0.000726,0.00284,0.006209,0.007643,0.000871,0.002438,0.001494,-0.002112,-0.010145,-0.00048,-0.002499,0.000595,-0.001312,0.000651,0.121051,-0.996962,-0.091572,-0.963033,1,0,0,0,0,0,0,0,0,0,0
3556,0.006328,0.019199,0.03097,0.037573,0.047326,6.1e-05,0.002752,0.003027,0.001529,-0.007399,0.006237,0.016907,0.026415,0.033293,0.040967,-0.000214,-0.00159,-0.001406,-0.001406,-0.002568,0.006267,0.019169,0.030634,0.039102,0.047876,-0.000336,0.000978,0.007001,0.006971,0.004066,0.005564,0.012902,0.026017,0.034272,0.047999,0.000917,0.006573,0.017121,0.027179,0.036198,0.001208,0.008615,0.018431,0.028251,0.0377,-0.000402,-0.001767,0.003922,0.005568,0.011463,0.000535,0.003094,-0.002628,-0.00609,-0.016358,2.3e-05,-0.000173,0.000752,-0.00118,0.000598,0.116833,-0.998963,-0.090047,-0.964651,1,0,0,0,0,0,0,0,0,0,0
3557,0.006982,0.019879,0.027897,0.036983,0.04552,6.1e-05,0.002988,0.001646,0.000244,-0.025672,0.004909,0.015671,0.023629,0.030153,0.039696,-0.000854,-0.001311,-0.001128,-0.001281,-0.003201,0.008872,0.019147,0.029147,0.036708,0.047075,0.000183,0.005488,0.007317,0.0075,-0.004299,0.003567,0.014086,0.023385,0.034605,0.049209,0.002043,0.009208,0.022348,0.03122,0.0368,0.003045,0.010635,0.023322,0.031737,0.038664,0.000313,0.002416,0.005768,0.007194,0.021422,0.000985,7.5e-05,-0.003402,-0.011147,-0.01967,-0.001969,0.001014,-0.000824,0.001069,0.00056,0.112867,-1.000808,-0.090758,-0.96497,1,0,0,0,0,0,0,0,0,0,0
3558,0.005841,0.017552,0.024123,0.033827,0.043136,0.002616,0.00289,0.001399,-0.007483,-0.045813,0.005719,0.01518,0.022024,0.02966,0.039759,-0.000517,-0.000335,-0.000335,-0.001491,-0.003529,0.003985,0.015393,0.023819,0.032549,0.043775,0.001126,0.007118,0.007088,0.004198,-0.014784,0.003742,0.016792,0.025005,0.038664,0.055943,0.00359,0.014085,0.024093,0.033067,0.034314,0.004331,0.014099,0.02387,0.033272,0.035853,-0.001671,0.00399,0.005628,0.011493,0.030935,0.001501,-0.004025,-0.007367,-0.017282,-0.028421,0.001749,0.002643,0.000776,0.002494,0.002484,0.103942,-0.999826,-0.092017,-0.963439,1,0,0,0,0,0,0,0,0,0,0
3559,0.007011,0.014993,0.024037,0.032536,0.044312,0.000304,-0.001032,-0.002428,-0.028226,-0.06753,0.005008,0.012929,0.019424,0.028924,0.03815,6.1e-05,0.000243,9.1e-05,-0.001821,-0.006434,0.006252,0.016207,0.023734,0.034053,0.046952,0.004158,0.005979,0.006161,-0.005584,-0.034357,0.006738,0.015995,0.027164,0.041701,0.06152,0.003551,0.016632,0.025464,0.031018,0.030472,0.003234,0.015863,0.02424,0.031135,0.034249,0.003761,0.007097,0.008518,0.02268,0.033271,-0.002359,-0.005727,-0.01323,-0.021486,-0.03769,0.001168,-0.000612,0.001221,0.000728,0.00061,0.096257,-1.000798,-0.094869,-0.953234,1,0,0,0,0,0,0,0,0,0,0
3560,0.004665,0.011207,0.020869,0.030138,0.044707,-3e-05,-0.001514,-0.010359,-0.048524,-0.073149,0.004422,0.011237,0.01884,0.028896,0.037407,0.000121,0.000121,-0.00103,-0.003059,-0.01042,0.005119,0.013509,0.022202,0.033379,0.050371,0.001817,0.001787,-0.00109,-0.019991,-0.044798,0.00627,0.014448,0.028048,0.045252,0.066243,0.006906,0.016871,0.025807,0.027048,0.02402,0.006499,0.016227,0.025589,0.028159,0.031532,0.001883,0.003514,0.009354,0.028713,0.028776,-0.003036,-0.006279,-0.0159,-0.026708,-0.045826,-0.000285,-0.002096,-0.000429,-0.000439,-0.003856,0.086628,-0.997641,-0.098234,-0.950329,1,0,0,0,0,0,0,0,0,0,0
3561,0.003294,0.012299,0.02076,0.032485,0.044965,-0.001299,-0.002689,-0.028375,-0.067509,-0.079445,0.003475,0.009942,0.0194,0.028587,0.036414,6e-05,-9.1e-05,-0.001994,-0.006588,-0.01517,0.004805,0.012299,0.022573,0.035416,0.049831,0.0,0.000181,-0.011513,-0.040161,-0.065303,0.002961,0.014082,0.028557,0.048289,0.066421,0.006134,0.014928,0.020458,0.019914,0.016409,0.006091,0.014432,0.021297,0.024398,0.028772,0.001443,0.002857,0.016959,0.027504,0.014563,-0.000281,-0.007558,-0.015567,-0.031285,-0.047126,-0.001447,0.000332,-0.000146,-0.000261,-0.004744,0.081544,-0.999756,-0.100212,-0.936624,1,0,0,0,0,0,0,0,0,0,0
3562,0.003223,0.012831,0.022048,0.036536,0.049638,-0.000181,-0.008976,-0.046927,-0.071415,-0.086264,0.003313,0.010873,0.020873,0.029337,0.035662,-6e-05,-0.001205,-0.003223,-0.010542,-0.017349,0.003554,0.012199,0.023313,0.04021,0.053764,-3e-05,-0.002892,-0.021686,-0.046355,-0.073131,0.005181,0.018705,0.035813,0.056686,0.071294,0.003795,0.012681,0.013915,0.010903,0.01,0.003603,0.012912,0.015468,0.018822,0.024265,0.000183,0.005991,0.025241,0.025304,0.013489,-0.002844,-0.012095,-0.022486,-0.040868,-0.053891,-0.000327,0.001275,0.001266,-0.00202,-0.004113,0.07528,-0.999046,-0.106506,-0.932356,1,0,0,0,0,0,0,0,0,0,0
3563,0.005733,0.014138,0.025785,0.038183,0.053642,-0.001201,-0.026716,-0.065589,-0.077446,-0.093086,0.003122,0.012517,0.021643,0.029418,0.034941,-9e-05,-0.001981,-0.006544,-0.015069,-0.021103,0.003902,0.014108,0.026866,0.041185,0.061447,0.00021,-0.011407,-0.039864,-0.064839,-0.072643,0.005884,0.020262,0.039864,0.057875,0.072823,0.004953,0.010446,0.009906,0.006424,0.004383,0.004694,0.011514,0.014594,0.018939,0.022485,0.001222,0.01523,0.025705,0.01285,0.021162,-0.004168,-0.011812,-0.026814,-0.041932,-0.056427,0.002017,0.00156,0.001451,-0.002828,-0.007583,0.070345,-0.994888,-0.114395,-0.934235,1,0,0,0,0,0,0,0,0,0,0
3564,0.003823,0.012962,0.027328,0.040321,0.054418,-0.007526,-0.045159,-0.069441,-0.084165,-0.097038,0.00439,0.014306,0.022699,0.028971,0.033929,-0.001045,-0.003046,-0.010304,-0.017054,-0.022938,0.004689,0.01571,0.032465,0.045906,0.069112,-0.003046,-0.021683,-0.046145,-0.072696,-0.076669,0.007556,0.024521,0.045219,0.059704,0.072428,0.003883,0.005107,0.002121,0.001225,-0.001195,0.00456,0.007095,0.01042,0.015818,0.018984,0.004543,0.023632,0.023694,0.011979,0.021866,-0.004696,-0.014492,-0.03182,-0.044097,-0.055856,-0.000436,-0.000445,-0.003542,-0.005516,-0.015398,0.065606,-0.985862,-0.12073,-0.927937,1,0,0,0,0,0,0,0,0,0,0
3565,0.004504,0.016,0.028238,0.043498,0.052594,-0.017719,-0.056091,-0.067795,-0.083232,-0.095766,0.004919,0.013926,0.021601,0.027053,0.032031,-0.00083,-0.005333,-0.013749,-0.019704,-0.024801,0.005422,0.018015,0.032149,0.05215,0.070935,-0.008445,-0.036534,-0.061187,-0.068891,-0.086758,0.006696,0.026045,0.043824,0.05858,0.070609,0.00157,0.001037,-0.0024,-0.004415,-0.017719,0.002208,0.005248,0.009537,0.013037,0.004617,0.00932,0.019659,0.006971,0.015175,0.011082,-0.002537,-0.016235,-0.030039,-0.043274,-0.052875,-4e-06,-0.000104,-0.004011,-0.008353,-0.020516,0.061875,-0.974059,-0.122429,-0.916562,1,0,0,0,0,0,0,0,0,0,0
3566,0.004528,0.018669,0.031458,0.045335,0.050539,-0.019463,-0.043365,-0.057859,-0.070531,-0.083437,0.00488,0.013142,0.019316,0.024196,0.029459,-0.001147,-0.008291,-0.014935,-0.020727,-0.028636,0.005468,0.021962,0.035192,0.058036,0.071677,-0.009967,-0.034045,-0.060182,-0.064092,-0.084966,0.010055,0.030429,0.044688,0.057213,0.070325,-0.000353,-0.003293,-0.004175,-0.006556,-0.026578,0.000304,0.003578,0.008891,0.012007,-0.00028,0.009543,0.009604,-0.001928,0.007805,0.00103,-0.006371,-0.021889,-0.032883,-0.043415,-0.052952,-4e-06,-0.002778,-0.004545,-0.013395,-0.023709,0.057029,-0.968672,-0.123996,-0.90896,1,0,0,0,0,0,0,0,0,0,0
3567,0.006823,0.018864,0.03388,0.042831,0.049682,-0.018456,-0.029973,-0.045163,-0.057496,-0.066243,0.004024,0.011575,0.01694,0.021838,0.026765,-0.003295,-0.011575,-0.017435,-0.02245,-0.033413,0.006968,0.020876,0.040556,0.059041,0.072861,-0.017756,-0.042014,-0.049595,-0.067176,-0.079742,0.009068,0.026561,0.041081,0.052919,0.067701,-0.000175,-0.003557,-0.00554,-0.018631,-0.032742,0.00269,0.006911,0.010354,0.002069,-0.001213,0.000711,-0.011775,-0.003702,-0.00773,-0.010519,-0.006225,-0.018555,-0.030377,-0.038952,-0.050311,-8.5e-05,-0.003575,-0.007453,-0.018318,-0.025877,0.050759,-0.96056,-0.125281,-0.902007,1,0,0,0,0,0,0,0,0,0,0
3568,0.007142,0.01972,0.033368,0.038486,0.046755,-0.005205,-0.01946,-0.031922,-0.044616,-0.053666,0.004135,0.010207,0.015007,0.020183,0.024462,-0.003759,-0.010294,-0.01599,-0.023768,-0.039035,0.009311,0.022322,0.044789,0.058205,0.071275,-0.006072,-0.031777,-0.035623,-0.056153,-0.066706,0.011045,0.025069,0.037387,0.050283,0.068065,-0.002718,-0.003585,-0.005928,-0.025618,-0.049155,0.000552,0.005777,0.008842,-0.003242,-0.01152,-0.000645,-0.011986,-0.002414,-0.009077,-0.009853,-0.007938,-0.017724,-0.027097,-0.035585,-0.050027,-0.002388,-0.003961,-0.011837,-0.021017,-0.025764,0.04208,-0.943887,-0.127371,-0.895881,1,0,0,0,0,0,0,0,0,0,0
3569,0.004757,0.019515,0.028312,0.035047,0.045793,-0.006161,-0.021091,-0.033213,-0.04181,-0.050808,0.003324,0.008597,0.013411,0.018254,0.020145,-0.004413,-0.010173,-0.015102,-0.025877,-0.04115,0.004442,0.023785,0.041953,0.055536,0.070294,-0.017824,-0.025275,-0.042555,-0.054906,-0.062929,0.006247,0.020518,0.032152,0.046681,0.06141,-0.00063,-0.002579,-0.015446,-0.029315,-0.055421,0.003601,0.006985,-0.001157,-0.004383,-0.015079,-0.011633,-0.003698,-0.007657,-0.010398,-0.008816,-0.003469,-0.013943,-0.02154,-0.031604,-0.044174,-0.000849,-0.004285,-0.013911,-0.020608,-0.024076,0.037843,-0.931441,-0.131331,-0.889414,1,0,0,0,0,0,0,0,0,0,0
3570,0.007667,0.02112,0.026165,0.034316,0.04375,-0.007923,-0.020208,-0.03272,-0.041641,-0.048139,0.002679,0.00741,0.012512,0.016731,0.017415,-0.002052,-0.007667,-0.015334,-0.030383,-0.042468,0.008408,0.030554,0.043779,0.056661,0.07134,-0.00761,-0.011401,-0.031637,-0.04204,-0.046401,0.00761,0.019752,0.032463,0.049992,0.060937,-0.000228,-0.002537,-0.021946,-0.045147,-0.061165,0.001569,0.00459,-0.007322,-0.015481,-0.019156,0.00039,0.009826,0.003258,0.002493,0.005435,-0.005507,-0.013983,-0.021658,-0.034716,-0.044,-0.000605,-0.007727,-0.016026,-0.020319,-0.024621,0.03293,-0.926012,-0.134341,-0.886676,1,0,0,0,0,0,0,0,0,0,0
3571,0.006952,0.015627,0.022268,0.032864,0.038686,-0.006867,-0.01882,-0.027298,-0.036171,-0.040692,0.002543,0.007291,0.012066,0.013931,0.016362,-0.003645,-0.008506,-0.019131,-0.034193,-0.04479,0.010738,0.028654,0.042048,0.056601,0.067424,0.000198,-0.016842,-0.029021,-0.036934,-0.037668,0.006528,0.018001,0.032328,0.046852,0.056743,-0.001696,-0.014384,-0.028061,-0.053804,-0.068074,0.001782,-0.006248,-0.009429,-0.019976,-0.023402,0.007438,0.003534,0.000831,0.00239,0.006942,-0.00431,-0.011199,-0.020325,-0.031722,-0.0381,-0.002546,-0.011274,-0.017347,-0.020492,-0.024209,0.030415,-0.919846,-0.135116,-0.88764,1,0,0,0,0,0,0,0,0,0,0
3572,0.006349,0.011322,0.019356,0.028655,0.033571,-0.005281,-0.017614,-0.026407,-0.032813,-0.032728,0.002135,0.007164,0.011322,0.011996,0.015002,-0.00191,-0.009467,-0.0243,-0.036212,-0.044752,0.011153,0.024188,0.036886,0.051354,0.060906,-0.003933,-0.023879,-0.034133,-0.038431,-0.036886,0.005478,0.018008,0.035285,0.046073,0.052253,-0.00059,-0.019721,-0.042589,-0.058377,-0.070654,0.001206,-0.010535,-0.018577,-0.022199,-0.025805,0.001906,-0.004567,-0.005322,-0.002421,-0.0002,-0.003523,-0.01046,-0.022263,-0.030655,-0.033294,-0.003993,-0.011495,-0.015375,-0.019263,-0.022939,0.029713,-0.91807,-0.13599,-0.889066,1,0,0,0,0,0,0,0,0,0,0
3573,0.002246,0.008762,0.01916,0.024873,0.030196,-0.006516,-0.014835,-0.023542,-0.027978,-0.026231,0.002551,0.007237,0.009067,0.011452,0.014835,-0.002884,-0.01331,-0.028089,-0.038487,-0.046168,0.006572,0.019715,0.033995,0.044615,0.055679,-0.012838,-0.024789,-0.032553,-0.033274,-0.0315,0.005851,0.019909,0.034162,0.043867,0.048941,-0.011868,-0.025288,-0.050549,-0.064552,-0.073619,-0.00907,-0.012191,-0.022541,-0.025903,-0.027214,-0.005713,-0.008365,-0.006834,-0.002368,-0.001342,-0.002818,-0.010812,-0.020795,-0.026381,-0.027647,-0.004001,-0.00932,-0.012074,-0.015331,-0.019802,0.028475,-0.915258,-0.137225,-0.891149,1,0,0,0,0,0,0,0,0,0,0
3574,0.002644,0.010519,0.019634,0.024453,0.032163,-0.005618,-0.014237,-0.020515,-0.020432,-0.019854,0.002396,0.006471,0.007132,0.010078,0.014567,-0.004544,-0.019083,-0.030759,-0.03913,-0.046592,0.006251,0.018697,0.032879,0.042241,0.054798,-0.006802,-0.016853,-0.021066,-0.019551,-0.018037,0.006471,0.023406,0.03398,0.040039,0.046124,-0.006967,-0.029382,-0.044857,-0.056891,-0.063142,-0.002501,-0.010384,-0.013935,-0.01747,-0.016186,-0.000673,-0.001412,0.001431,0.003608,0.005394,-0.003346,-0.013607,-0.020902,-0.023197,-0.024263,-0.002711,-0.006084,-0.009464,-0.01266,-0.016173,0.027422,-0.914518,-0.137817,-0.894271,1,0,0,0,0,0,0,0,0,0,0
3575,0.003806,0.014072,0.019712,0.024969,0.034305,-0.002628,-0.011225,-0.015606,-0.013881,-0.014976,0.002245,0.004052,0.006407,0.009747,0.014127,-0.005777,-0.020369,-0.030636,-0.03822,-0.044955,0.006762,0.020862,0.031348,0.042272,0.054127,-0.005038,-0.012704,-0.013415,-0.011663,-0.00898,0.007447,0.021519,0.031102,0.036112,0.041697,-0.006324,-0.031266,-0.045092,-0.054045,-0.056345,-0.000595,-0.010814,-0.014133,-0.015428,-0.010942,-0.00195,-0.000439,0.003971,0.004984,0.009158,-0.004099,-0.013233,-0.018343,-0.019501,-0.020172,-0.002263,-0.004783,-0.007762,-0.011853,-0.013184,0.027239,-0.91366,-0.13838,-0.898362,1,0,0,0,0,0,0,0,0,0,0
3576,0.003992,0.012982,0.017734,0.025339,0.035958,-0.005893,-0.012085,-0.012004,-0.011434,-0.014448,0.001792,0.002444,0.00535,0.009777,0.015236,-0.008609,-0.020124,-0.02838,-0.03574,-0.043698,0.005567,0.019554,0.028788,0.041172,0.052443,-0.004916,-0.009071,-0.007577,-0.006083,-0.003015,0.009315,0.019744,0.025719,0.031721,0.035659,-0.015833,-0.031096,-0.042964,-0.049129,-0.050297,-0.007185,-0.010686,-0.014173,-0.012907,-0.006193,0.001205,0.004009,0.006156,0.007917,0.014017,-0.005439,-0.012061,-0.014143,-0.015111,-0.013858,-0.000923,-0.003991,-0.006891,-0.010081,-0.009716,0.02894,-0.913597,-0.139804,-0.900902,1,0,0,0,0,0,0,0,0,0,0
3577,0.006142,0.011692,0.016864,0.026051,0.037419,-0.002613,-0.006924,-0.005226,-0.006304,-0.008163,0.0,0.002317,0.005603,0.009914,0.017107,-0.005819,-0.015921,-0.023384,-0.030011,-0.037204,0.008351,0.018669,0.029418,0.041083,0.052829,-0.002667,-0.003367,-0.001643,0.000997,0.004068,0.004607,0.014036,0.018966,0.024461,0.027963,-0.008836,-0.022441,-0.03125,-0.033513,-0.034213,-0.002928,-0.006195,-0.007469,-0.003055,0.003273,0.000291,0.004631,0.005627,0.009734,0.01465,-0.003017,-0.007582,-0.008616,-0.009215,-0.006584,-0.001379,-0.004039,-0.007693,-0.008882,-0.008508,0.029996,-0.91426,-0.140109,-0.90284,1,0,0,0,0,0,0,0,0,0,0
3578,0.002745,0.007409,0.014871,0.025291,0.038029,-0.003491,-0.003411,-0.002852,-0.00581,-0.005277,0.00064,0.003491,0.007835,0.013192,0.020467,-0.005543,-0.013645,-0.020867,-0.028675,-0.03214,0.005463,0.014524,0.026677,0.037736,0.051194,-0.001439,2.7e-05,0.001492,0.004504,0.008688,0.005676,0.011539,0.017429,0.021293,0.024411,-0.006236,-0.017882,-0.023932,-0.025078,-0.024625,-0.000539,-0.00396,-0.002718,0.00387,0.007626,0.002463,0.00457,0.006298,0.012284,0.016005,-0.003004,-0.004829,-0.005677,-0.004579,-0.001826,-0.00141,-0.003951,-0.006745,-0.006426,-0.00645,0.032584,-0.915563,-0.138506,-0.904504,1,0,0,0,0,0,0,0,0,0,0
3579,0.002727,0.007809,0.016836,0.028006,0.042036,-0.000768,0.0009,-0.000159,-0.001985,-0.00135,0.001641,0.004871,0.009106,0.016174,0.022156,-0.004421,-0.011753,-0.018265,-0.025333,-0.026868,0.004712,0.015274,0.026736,0.038277,0.052625,0.000741,0.002435,0.00503,0.008047,0.015141,0.003627,0.008471,0.013871,0.017312,0.018424,-0.007174,-0.01583,-0.018053,-0.018742,-0.017762,-0.002674,-0.003926,0.000412,0.006629,0.008983,0.001817,0.002797,0.006832,0.011662,0.018071,-0.001171,-0.002085,-0.002615,-0.000288,0.002805,-0.001008,-0.004239,-0.005291,-0.00496,-0.004361,0.037375,-0.916543,-0.137615,-0.909598,1,0,0,0,0,0,0,0,0,0,0
3580,0.001896,0.009269,0.019566,0.032153,0.046452,0.000843,0.001396,-0.001527,-0.001001,-0.000843,0.001185,0.005477,0.01077,0.017959,0.024148,-0.003608,-0.010744,-0.01846,-0.021883,-0.021936,0.004266,0.016274,0.027202,0.0405,0.054194,0.000711,0.002159,0.005135,0.009269,0.019618,0.002186,0.008005,0.011824,0.014905,0.01609,-0.004371,-0.010349,-0.011481,-0.011034,-0.008558,-0.00072,0.000507,0.007017,0.010728,0.013119,0.000274,0.001982,0.007896,0.011573,0.021489,-0.000549,-0.001329,-0.000319,0.002213,0.005321,-0.001365,-0.003935,-0.003641,-0.003664,-0.001943,0.041093,-0.917619,-0.136009,-0.915925,1,0,0,0,0,0,0,0,0,0,0
3581,0.00315,0.0121,0.023177,0.037088,0.050658,0.000814,-0.000236,-0.002047,-0.001417,-0.003911,0.002021,0.006221,0.013229,0.019161,0.02777,-0.003675,-0.010132,-0.01714,-0.018662,-0.01924,0.006221,0.017586,0.02903,0.043256,0.057299,0.000971,0.003543,0.006536,0.01357,0.024699,0.002625,0.007979,0.011392,0.012494,0.015722,-0.004226,-0.006431,-0.007113,-0.006142,-0.004016,-0.000524,0.003777,0.009943,0.012277,0.014869,0.000698,0.004699,0.009488,0.015843,0.029331,-0.000325,-0.000824,0.001368,0.004284,0.007606,-0.001711,-0.002702,-0.00239,-0.001826,-0.00044,0.045821,-0.917209,-0.135978,-0.923477,1,0,0,0,0,0,0,0,0,0,0
3582,0.004184,0.014408,0.026906,0.041105,0.055826,-0.000261,-0.003164,-0.002641,-0.002484,-0.00855,0.002249,0.007504,0.014643,0.020788,0.031378,-0.003425,-0.011087,-0.014486,-0.014538,-0.015453,0.005726,0.016578,0.029783,0.04338,0.060036,0.000471,0.003425,0.007531,0.017807,0.026096,0.003164,0.006955,0.010015,0.011191,0.015035,-0.001726,-0.00285,-0.002406,5.2e-05,0.004158,0.00174,0.008204,0.01189,0.014263,0.019192,0.001,0.006874,0.010524,0.020371,0.034842,-0.000426,0.000536,0.002945,0.005903,0.010059,-0.00078,-0.000501,-0.000522,0.001116,0.001612,0.051319,-0.919466,-0.137097,-0.928508,1,0,0,0,0,0,0,0,0,0,0
3583,0.004723,0.015733,0.029562,0.043051,0.062907,-0.000783,-0.002583,-0.001957,-0.004436,-0.009132,0.001931,0.008897,0.014794,0.023352,0.036789,-0.003001,-0.009967,-0.01148,-0.012054,-0.012968,0.005584,0.01696,0.031101,0.045061,0.061968,0.002087,0.005062,0.012054,0.023117,0.033737,0.002166,0.005558,0.006653,0.009863,0.013881,-0.00047,-0.001148,-0.000183,0.001931,0.010332,0.002539,0.008668,0.010988,0.013564,0.022847,0.002979,0.00774,0.014057,0.027465,0.042053,-5.9e-05,0.002044,0.00484,0.008027,0.013989,-0.000182,0.000117,0.000658,0.001987,0.006725,0.057075,-0.923596,-0.134975,-0.937193,1,0,0,0,0,0,0,0,0,0,0
3584,0.005463,0.017899,0.032026,0.046673,0.068552,-0.002107,-0.001587,-0.001431,-0.007467,-0.008533,0.003304,0.010406,0.01652,0.027057,0.04238,-0.004631,-0.008013,-0.008065,-0.008976,-0.011213,0.005229,0.018367,0.031896,0.048468,0.064442,0.000859,0.004943,0.015167,0.023414,0.032624,0.001613,0.004657,0.005828,0.009652,0.015193,-0.00065,-0.000208,0.002237,0.006322,0.011577,0.0039,0.007567,0.009928,0.014832,0.022379,0.002873,0.006505,0.016302,0.030701,0.039842,0.000986,0.003312,0.006167,0.010178,0.016465,0.000448,0.000427,0.002009,0.002487,0.008977,0.060748,-0.923791,-0.132118,-0.937827,1,0,0,0,0,0,0,0,0,0,0
3585,0.005493,0.019224,0.032619,0.052336,0.071534,0.000311,0.000933,-0.001529,-0.006192,-0.00684,0.003627,0.009483,0.017981,0.031324,0.047543,-0.002306,-0.003809,-0.004379,-0.005285,-0.011763,0.006089,0.020131,0.033992,0.050781,0.067285,0.002099,0.009042,0.020028,0.030572,0.034018,0.001762,0.00285,0.006037,0.010027,0.017022,-2.6e-05,0.000933,0.003031,0.011374,0.011892,0.002202,0.004506,0.007064,0.016281,0.023439,0.001866,0.008139,0.021453,0.035938,0.039544,0.001044,0.003706,0.006739,0.012415,0.018408,-0.000151,0.000364,0.001629,0.006139,0.00902,0.064242,-0.926427,-0.128735,-0.938651,1,0,0,0,0,0,0,0,0,0,0
3586,0.006872,0.020901,0.035447,0.057175,0.075855,0.000207,0.000362,-0.005632,-0.006692,-0.007777,0.003436,0.009508,0.019971,0.035189,0.052318,-0.001059,-0.001111,-0.002015,-0.004237,-0.016948,0.006976,0.02041,0.036868,0.052731,0.070687,0.001964,0.012117,0.020307,0.029453,0.03555,0.001266,0.002429,0.006226,0.01173,0.019868,0.000465,0.002894,0.00695,0.012169,0.008242,0.001446,0.003791,0.008661,0.016156,0.025176,0.001746,0.011475,0.025774,0.034852,0.041831,0.001192,0.003912,0.007733,0.013721,0.01963,0.000128,0.001634,0.00209,0.008272,0.009906,0.067259,-0.926391,-0.123862,-0.942799,1,0,0,0,0,0,0,0,0,0,0
3587,0.006805,0.020133,0.03975,0.058852,0.081201,0.000412,-0.002036,-0.006677,-0.007321,-0.0091,0.002397,0.010853,0.024128,0.040265,0.054753,-0.000438,-0.001005,-0.001908,-0.008352,-0.022736,0.007012,0.020803,0.037507,0.053928,0.075298,0.004949,0.015879,0.026371,0.0298,0.038822,-0.00018,0.00299,0.00696,0.01392,0.020726,0.00049,0.002578,0.010878,0.011394,0.005285,0.00085,0.003395,0.012566,0.019688,0.028237,0.004499,0.017745,0.032158,0.035745,0.046264,0.001396,0.004324,0.009802,0.015587,0.020765,0.000371,0.001592,0.005945,0.008725,0.011156,0.071394,-0.928149,-0.123189,-0.948718,1,0,0,0,0,0,0,0,0,0,0
3588,0.007177,0.021658,0.043291,0.061888,0.085682,-0.000257,-0.006225,-0.007279,-0.00836,-0.011858,0.003653,0.01407,0.029221,0.046275,0.059856,0.000386,-0.000514,-0.002727,-0.015382,-0.032925,0.006379,0.022764,0.038558,0.056435,0.078171,0.00517,0.013324,0.02243,0.0285,0.037015,0.001338,0.005119,0.010598,0.0187,0.024436,0.001929,0.005968,0.011164,0.007254,-0.000695,0.001487,0.006335,0.013797,0.022778,0.032715,0.005197,0.019433,0.028471,0.035419,0.046981,0.001262,0.004967,0.010773,0.016503,0.021914,0.001095,0.001537,0.007531,0.009116,0.012827,0.075811,-0.928179,-0.122606,-0.952923,1,0,0,0,0,0,0,0,0,0,0
3589,0.006109,0.025641,0.04466,0.066914,0.090938,-0.002182,-0.006802,-0.007443,-0.009214,-0.01653,0.004774,0.017993,0.03406,0.048485,0.061626,-0.00095,-0.001848,-0.008265,-0.022587,-0.041478,0.007366,0.023999,0.040348,0.061626,0.082211,0.005724,0.01617,0.019584,0.028567,0.03329,0.001822,0.005775,0.012705,0.019481,0.026257,0.000154,0.008419,0.008932,0.002849,-0.007546,0.001051,0.010182,0.017273,0.025785,0.034596,0.008003,0.022354,0.025925,0.036399,0.047801,0.001597,0.006912,0.012525,0.017548,0.022014,0.000106,0.004329,0.007027,0.009385,0.014595,0.080073,-0.926021,-0.12318,-0.954464,1,0,0,0,0,0,0,0,0,0,0
3590,0.008315,0.029831,0.048328,0.071993,0.093714,-0.003761,-0.00481,-0.005884,-0.009364,-0.022539,0.005603,0.020672,0.037634,0.051142,0.063115,5.1e-05,-0.002149,-0.014736,-0.032185,-0.050324,0.008954,0.024663,0.042444,0.064062,0.082534,0.002405,0.011462,0.017499,0.025968,0.027272,0.001944,0.007394,0.015453,0.021158,0.028705,0.003863,0.009031,0.005142,-0.002763,-0.015939,0.003775,0.011197,0.020129,0.030012,0.035222,0.006182,0.015172,0.022082,0.033582,0.047453,0.002006,0.007597,0.013114,0.018324,0.021524,0.000322,0.006094,0.007619,0.011193,0.016704,0.08278,-0.921897,-0.122885,-0.958696,1,0,0,0,0,0,0,0,0,0,0
3591,0.011104,0.029977,0.052058,0.075896,0.095278,-0.00084,-0.001477,-0.003235,-0.010493,-0.026182,0.007539,0.023482,0.037795,0.050835,0.065149,-0.000942,-0.007309,-0.021521,-0.040266,-0.060361,0.00759,0.023813,0.044927,0.065352,0.083231,0.007972,0.011359,0.020273,0.024959,0.024526,0.001987,0.008863,0.015587,0.02231,0.02934,0.004355,0.004864,-0.001172,-0.011486,-0.030409,0.005302,0.012339,0.020785,0.029528,0.031175,0.008085,0.011629,0.022022,0.033336,0.048239,0.003091,0.008406,0.013164,0.017394,0.022932,0.003688,0.006243,0.008477,0.013411,0.017314,0.086891,-0.917705,-0.12415,-0.964524,1,0,0,0,0,0,0,0,0,0,0
3592,0.010273,0.028613,0.052078,0.073614,0.094972,-0.000203,-0.001268,-0.004718,-0.017782,-0.03148,0.007432,0.02425,0.037644,0.049516,0.064685,-0.001243,-0.013723,-0.031023,-0.049008,-0.061336,0.008016,0.025646,0.04708,0.065395,0.084851,0.00104,0.007027,0.015423,0.016717,0.016285,0.003424,0.011415,0.017072,0.024555,0.030871,0.000786,-0.003069,-0.010908,-0.023971,-0.035488,0.002077,0.010934,0.020733,0.025899,0.027343,0.00086,0.007712,0.019114,0.032868,0.045764,0.002262,0.007459,0.012368,0.015382,0.021998,0.001851,0.003289,0.006655,0.011847,0.016115,0.089655,-0.92195,-0.123101,-0.967743,1,0,0,0,0,0,0,0,0,0,0
3593,0.008498,0.030425,0.054097,0.073343,0.095649,-0.00043,-0.002175,-0.009383,-0.024962,-0.032549,0.008422,0.022635,0.035584,0.049797,0.062771,-0.005083,-0.019196,-0.03781,-0.057764,-0.060773,0.008118,0.029084,0.049367,0.067121,0.085887,0.002327,0.011178,0.015832,0.015402,0.015023,0.003414,0.010091,0.016768,0.023748,0.030121,-0.000278,-0.006272,-0.016515,-0.035306,-0.037228,0.004916,0.013303,0.021985,0.02362,0.025237,0.002662,0.012981,0.024217,0.039015,0.045703,0.002846,0.007376,0.011403,0.016677,0.021537,0.00062,0.002746,0.007444,0.011161,0.016459,0.092146,-0.923584,-0.122356,-0.967959,1,0,0,0,0,0,0,0,0,0,0
3594,0.009734,0.033001,0.054357,0.075536,0.09669,-0.000629,-0.00405,-0.017004,-0.030587,-0.035617,0.008301,0.021582,0.033353,0.048395,0.059664,-0.00732,-0.024474,-0.042308,-0.054533,-0.057803,0.009407,0.030662,0.048823,0.068116,0.085975,0.003622,0.011948,0.013231,0.012803,0.012602,0.004528,0.010137,0.017557,0.02382,0.029907,-0.003547,-0.011319,-0.024273,-0.035693,-0.039793,0.003893,0.013609,0.018732,0.020164,0.019789,0.004147,0.015453,0.029091,0.041879,0.046256,0.00216,0.006786,0.009628,0.015865,0.019671,0.000758,0.003932,0.008826,0.012849,0.017432,0.093606,-0.922766,-0.123866,-0.968851,1,0,0,0,0,0,0,0,0,0,0
3595,0.012006,0.035418,0.054452,0.076513,0.094197,-0.001101,-0.008229,-0.023637,-0.031141,-0.035868,0.005803,0.018609,0.032666,0.045498,0.055103,-0.006678,-0.025088,-0.044823,-0.047799,-0.050801,0.011381,0.031441,0.049,0.067559,0.082742,0.005153,0.009755,0.00933,0.008955,0.009105,0.002101,0.008704,0.015608,0.021911,0.028664,-0.002401,-0.012531,-0.031116,-0.033017,-0.035718,0.004424,0.01301,0.014628,0.016226,0.016785,0.006082,0.017194,0.03183,0.038444,0.042979,0.002116,0.005843,0.010724,0.015223,0.017197,0.001239,0.005587,0.009027,0.013931,0.017533,0.095222,-0.926787,-0.124466,-0.972295,1,0,0,0,0,0,0,0,0,0,0
3596,0.011054,0.032145,0.053061,0.073953,0.08456,-0.002285,-0.015079,-0.028493,-0.033461,-0.036567,0.007353,0.018979,0.033834,0.044963,0.051248,-0.010309,-0.027922,-0.039995,-0.043224,-0.042926,0.009688,0.027624,0.046677,0.064314,0.074052,0.003105,0.004372,0.00395,0.003751,0.002931,0.003453,0.010781,0.016967,0.022978,0.028195,-0.005291,-0.018085,-0.029363,-0.033412,-0.03284,0.005202,0.010261,0.011676,0.011305,0.011678,0.005125,0.018594,0.031223,0.035546,0.03771,0.002223,0.004826,0.010541,0.01403,0.014732,0.001727,0.006211,0.009898,0.014097,0.015389,0.097701,-0.928982,-0.122235,-0.973756,1,0,0,0,0,0,0,0,0,0,0
3597,0.012125,0.030917,0.052697,0.070156,0.077095,-0.004766,-0.019978,-0.027386,-0.032053,-0.041066,0.005334,0.019212,0.03188,0.041363,0.045338,-0.007927,-0.027411,-0.030349,-0.033312,-0.032967,0.010174,0.027509,0.045832,0.060822,0.068329,0.001457,0.001037,0.000667,0.000815,-0.003531,0.003087,0.009902,0.016125,0.022793,0.025336,-0.004741,-0.023089,-0.024966,-0.027633,-0.027262,0.003305,0.004902,0.006481,0.007032,0.007194,0.005876,0.020325,0.026855,0.031333,0.036034,0.001275,0.005737,0.00985,0.011655,0.012585,0.002318,0.005463,0.009946,0.01324,0.013235,0.101239,-0.931029,-0.122304,-0.972603,1,0,0,0,0,0,0,0,0,0,0
3598,0.008793,0.029475,0.050132,0.06062,0.068578,-0.007909,-0.021173,-0.026085,-0.029155,-0.044556,0.00619,0.020878,0.031882,0.038096,0.041854,-0.00953,-0.021467,-0.02466,-0.024366,-0.027608,0.007614,0.026454,0.043893,0.053521,0.062142,-0.000196,-0.000614,-0.000811,-0.001621,-0.009456,0.004176,0.010292,0.016236,0.021394,0.022352,-0.007934,-0.019085,-0.023089,-0.022524,-0.021983,0.001714,0.003113,0.002747,0.003115,0.007154,0.007474,0.01996,0.024235,0.026375,0.033965,0.001177,0.006458,0.00968,0.01033,0.011881,0.00191,0.005317,0.009196,0.010389,0.010662,0.104686,-0.931312,-0.123113,-0.970551,1,0,0,0,0,0,0,0,0,0,0
3599,0.009867,0.031462,0.048772,0.055652,0.062532,-0.007198,-0.014544,-0.019171,-0.028108,-0.040668,0.00759,0.02015,0.029552,0.033494,0.037803,-0.009818,-0.012732,-0.01567,-0.015327,-0.021889,0.009598,0.027765,0.042627,0.05007,0.057072,-0.00022,-0.000588,-0.000441,-0.00475,-0.012487,0.002595,0.008765,0.015376,0.017898,0.018461,-0.010283,-0.012144,-0.014788,-0.014421,-0.013687,-0.000125,0.00144,0.001986,0.002147,0.009783,0.006877,0.013351,0.017791,0.022452,0.027256,0.003052,0.006926,0.008625,0.009502,0.011444,0.001094,0.005317,0.008419,0.008414,0.008931,0.106268,-0.933261,-0.12208,-0.96954,1,0,0,0,0,0,0,0,0,0,0
3600,0.010733,0.031294,0.041734,0.049655,0.054521,-0.006014,-0.010904,-0.01396,-0.029289,-0.035548,0.007041,0.017994,0.02418,0.02792,0.031783,-0.002078,-0.005256,-0.004963,-0.00819,-0.012518,0.009168,0.026527,0.036111,0.044692,0.049264,-0.000196,-0.000391,-0.001198,-0.008997,-0.015158,0.003496,0.009413,0.014547,0.0155,0.016038,-0.000831,-0.004816,-0.004254,-0.003716,-0.001956,0.001518,0.001153,0.00152,0.00554,0.01194,0.005562,0.009817,0.011946,0.019502,0.019564,0.002091,0.005211,0.005839,0.007341,0.009133,0.002215,0.00597,0.007125,0.00739,0.007735,0.108149,-0.93713,-0.119875,-0.968983,1,0,0,0,0,0,0,0,0,0,0
3601,0.010831,0.028116,0.034987,0.041857,0.046502,-0.00132,-0.005941,-0.014865,-0.027407,-0.029339,0.005501,0.014889,0.018826,0.023129,0.025965,-0.000831,-0.003765,-0.003423,-0.009975,-0.013007,0.008973,0.023813,0.031246,0.038238,0.040977,-0.000171,-2.4e-05,-0.004327,-0.012053,-0.014938,0.002665,0.009266,0.011784,0.012347,0.012273,-0.001027,-0.003667,-0.003301,-0.002567,0.00066,4.5e-05,0.000591,0.000751,0.008376,0.01491,0.000903,0.005336,0.009991,0.014788,0.013619,0.001744,0.003427,0.004294,0.006218,0.00776,0.001966,0.005037,0.005032,0.005543,0.007562,0.109269,-0.941711,-0.116209,-0.969994,1,0,0,0,0,0,0,0,0,0,0
3602,0.00972,0.020149,0.028061,0.032921,0.037586,-0.003566,-0.006618,-0.021931,-0.028184,-0.027378,0.005446,0.011625,0.015362,0.01922,0.021467,-0.002345,-0.002051,-0.005275,-0.009598,-0.016265,0.008377,0.017951,0.026523,0.03109,0.031847,-2.4e-05,-0.00083,-0.008621,-0.014776,-0.013848,0.003248,0.008377,0.009329,0.009867,0.009378,-0.002955,-0.002393,-0.001856,-9.8e-05,0.001758,-0.000409,-4.3e-05,0.003973,0.010366,0.019136,0.003348,0.005476,0.013023,0.013085,0.012759,0.001365,0.001989,0.00348,0.005258,0.006545,0.001777,0.002923,0.003185,0.003528,0.007909,0.110008,-0.943095,-0.112858,-0.971737,1,0,0,0,0,0,0,0,0,0,0
3603,0.007523,0.014363,0.021204,0.02583,0.028337,-0.001047,-0.009933,-0.022422,-0.024345,-0.023249,0.00392,0.007839,0.012124,0.014948,0.015897,-0.000584,-0.000243,-0.006768,-0.009787,-0.016043,0.006427,0.013828,0.02079,0.023517,0.02415,0.00017,-0.004114,-0.011807,-0.01468,-0.01283,0.003335,0.005843,0.006403,0.00633,0.005989,0.000316,0.000682,0.001412,0.004626,0.006403,0.000951,0.001111,0.008704,0.015209,0.023336,0.001076,0.005712,0.010488,0.009324,0.009862,0.000298,0.00114,0.003006,0.004503,0.004779,0.001243,0.001239,0.001735,0.003694,0.00584,0.110239,-0.946923,-0.111304,-0.975381,1,0,0,0,0,0,0,0,0,0,0
3604,0.002869,0.010745,0.015583,0.020226,0.023386,-0.001993,-0.017236,-0.023459,-0.022657,-0.021976,0.002237,0.005956,0.009797,0.012033,0.011644,0.000875,-0.002334,-0.006637,-0.013273,-0.017454,0.003112,0.011644,0.01619,0.016944,0.019278,-0.000972,-0.008727,-0.014853,-0.01393,-0.010186,0.001775,0.002723,0.003258,0.002771,0.002237,0.000243,0.000778,0.002528,0.004376,0.008095,-0.000585,0.003412,0.009775,0.018505,0.026374,0.001043,0.008555,0.008617,0.008293,0.011247,0.000309,0.001752,0.003474,0.00472,0.004166,-0.000121,0.000133,0.000465,0.004706,0.005996,0.110485,-0.951552,-0.111262,-0.978079,1,0,0,0,0,0,0,0,0,0,0
3605,0.003956,0.010775,0.015386,0.017885,0.022326,-0.006868,-0.019317,-0.021234,-0.020142,-0.020215,0.001674,0.005946,0.008761,0.009707,0.009076,-0.000534,-0.007038,-0.010047,-0.016283,-0.020142,0.004271,0.011212,0.01393,0.01456,0.019098,-0.0033,-0.010969,-0.013832,-0.011988,-0.009076,0.000728,0.001286,0.001213,0.000874,-0.000752,0.000121,0.000849,0.004053,0.005824,0.009489,0.000743,0.008312,0.014797,0.022898,0.030484,0.003579,0.008341,0.00718,0.007717,0.010695,0.000518,0.002343,0.003807,0.004077,0.004221,0.000115,0.0006,0.002516,0.004614,0.00485,0.110672,-0.952705,-0.113129,-0.979548,1,0,0,0,0,0,0,0,0,0,0
3606,0.003894,0.008707,0.013326,0.01647,0.018961,-0.00832,-0.014511,-0.013713,-0.013036,-0.013157,0.002032,0.005853,0.008078,0.007691,0.007183,-0.00266,-0.006941,-0.013544,-0.017703,-0.022444,0.004232,0.008755,0.009505,0.011827,0.017244,-0.004426,-0.010521,-0.009601,-0.005877,-0.004426,0.000218,0.00075,0.000266,-0.000266,-0.003531,0.000411,0.002152,0.003991,0.007691,0.011802,0.003236,0.009567,0.018252,0.02608,0.035183,0.003906,0.003968,0.003646,0.006585,0.008472,0.000886,0.002547,0.003749,0.003215,0.004657,0.000133,0.000453,0.004544,0.005789,0.002777,0.111686,-0.958015,-0.115977,-0.982433,1,0,0,0,0,0,0,0,0,0,0
3607,0.002891,0.007467,0.009948,0.014356,0.015778,-0.004071,-0.005974,-0.00489,-0.004962,-0.00778,0.002216,0.00501,0.00595,0.005323,0.004312,-0.003806,-0.006793,-0.012983,-0.016813,-0.022835,0.002674,0.005372,0.005998,0.010502,0.014886,-0.003204,-0.006046,-0.004215,-0.001325,0.000723,0.000337,0.000265,-7.2e-05,-0.001686,-0.007058,0.000313,0.003493,0.005251,0.008888,0.011659,0.00429,0.010727,0.018767,0.026298,0.035529,0.000835,-0.000317,0.000216,0.003172,0.00834,0.000871,0.002261,0.002517,0.002654,0.00545,0.000331,0.00215,0.004143,0.004366,0.001765,0.114157,-0.961954,-0.118411,-0.989895,1,0,0,0,0,0,0,0,0,0,0
3608,0.001896,0.006478,0.009598,0.012069,0.012381,-0.002087,-0.001296,-0.000624,-0.000744,-0.007462,0.001584,0.003791,0.003407,0.002903,-0.001176,-0.000456,-0.007006,-0.011133,-0.015836,-0.023658,0.001824,0.002567,0.004871,0.010245,0.013413,-0.002855,-0.001943,0.001752,0.003191,0.003935,0.000192,-0.000288,-0.000816,-0.004055,-0.012309,0.001416,0.003239,0.00691,0.010989,0.011349,0.002008,0.010624,0.018391,0.027422,0.036033,-0.000771,-0.001091,0.001825,0.003697,0.011439,0.000723,0.00186,0.001355,0.002719,0.005418,-2e-05,0.00385,0.005028,0.002179,-1.3e-05,0.116844,-0.961173,-0.11913,-0.992122,1,0,0,0,0,0,0,0,0,0,0
3609,0.002656,0.005121,0.009501,0.010913,0.009884,0.000191,0.001268,0.001197,-0.001603,-0.010458,0.001197,0.00213,0.001508,0.000503,-0.008209,-0.002513,-0.008663,-0.012469,-0.018452,-0.028814,0.000862,0.001484,0.005959,0.010315,0.012229,2.4e-05,0.001843,0.004715,0.006749,0.006821,-0.000263,-0.000598,-0.002202,-0.007539,-0.018308,0.001747,0.003494,0.007108,0.00986,0.010937,0.004392,0.012381,0.019863,0.029035,0.040637,-0.000375,0.000154,0.00309,0.008225,0.017435,0.000617,0.000862,0.000993,0.003665,0.004229,0.001757,0.003661,0.003875,0.00139,-0.000721,0.118549,-0.959842,-0.119053,-0.989978,1,0,0,0,0,0,0,0,0,0,0
3610,0.001908,0.005008,0.007464,0.007774,0.006749,0.000596,0.001264,0.001145,-0.005533,-0.015715,0.001002,0.00062,0.000119,-0.003935,-0.014666,-0.004006,-0.008108,-0.012782,-0.020556,-0.028951,-0.000119,0.00217,0.007512,0.01066,0.011685,0.000882,0.004555,0.005986,0.006725,0.006725,-0.000215,-0.000739,-0.003959,-0.012162,-0.02151,7.2e-05,0.00372,0.007774,0.008132,0.009324,0.004187,0.011906,0.020882,0.029441,0.0388,5.6e-05,0.002954,0.004815,0.01251,0.022864,0.000487,3e-06,0.00131,0.003896,0.00156,0.001993,0.003121,0.000392,-0.001708,-0.002661,0.115593,-0.959192,-0.120059,-0.989629,1,0,0,0,0,0,0,0,0,0,0
3611,0.000546,0.004892,0.006294,0.005272,0.00418,0.000475,0.000404,-0.002375,-0.011162,-0.021992,-7.1e-05,-0.000689,-0.001686,-0.010331,-0.024272,-0.002114,-0.00589,-0.011827,-0.022111,-0.02565,0.000736,0.005177,0.0095,0.0114,0.011732,0.000926,0.003776,0.005795,0.005866,0.005391,-0.000119,-0.00171,-0.007006,-0.017693,-0.031777,0.001662,0.005249,0.00798,0.009049,0.016363,0.003758,0.011183,0.020285,0.031799,0.042594,0.000469,0.003383,0.008479,0.017619,0.02807,-0.000241,-0.000117,0.002415,0.00295,0.001981,-0.000132,7e-05,-0.002286,-0.004286,-0.004497,0.116061,-0.962765,-0.126838,-0.991972,1,0,0,0,0,0,0,0,0,0,0
3612,0.002531,0.004968,0.005275,0.004258,0.002839,0.000189,7.1e-05,-0.006553,-0.016654,-0.028837,-0.000308,-0.000804,-0.004826,-0.015471,-0.0361,-0.001963,-0.0066,-0.014312,-0.022639,-0.024674,0.001538,0.006837,0.009959,0.010977,0.011213,0.00272,0.00414,0.004873,0.004873,0.001963,-0.000402,-0.003596,-0.011734,-0.021007,-0.043646,0.001963,0.005985,0.00634,0.007523,0.016489,0.003914,0.012818,0.021309,0.030593,0.041751,0.002407,0.004253,0.011886,0.022157,0.031562,-0.000223,0.001012,0.003457,0.001248,0.001921,0.001195,-0.001385,-0.00337,-0.004271,-0.004947,0.114907,-0.959537,-0.132695,-0.984383,1,0,0,0,0,0,0,0,0,0,0
3613,0.001789,0.003178,0.002165,0.001083,-0.003107,-0.000259,-0.003013,-0.011722,-0.022455,-0.030575,-0.000306,-0.001295,-0.009862,-0.023679,-0.048252,-0.001789,-0.007673,-0.017865,-0.021372,-0.022808,0.002872,0.007155,0.009038,0.009368,0.009415,0.000118,0.002118,0.002189,0.001718,-0.000942,-0.001177,-0.006426,-0.017018,-0.030975,-0.052136,0.001601,0.004307,0.005367,0.012616,0.017677,0.003464,0.012485,0.023896,0.034594,0.040667,0.000493,0.005543,0.014601,0.024959,0.030898,0.000332,0.00271,0.003212,0.002302,-0.001836,-0.000963,-0.003176,-0.005055,-0.005252,-0.009689,0.106357,-0.959103,-0.139588,-0.98145,1,0,0,0,0,0,0,0,0,0,0
3614,0.000632,0.000936,-7e-05,-0.001474,-0.014861,0.00014,-0.006412,-0.016405,-0.028458,-0.030939,-0.000187,-0.004166,-0.014697,-0.035104,-0.058437,-0.002808,-0.010438,-0.018675,-0.020688,-0.024807,0.002387,0.005476,0.006483,0.006717,0.004727,0.001287,0.002013,0.002013,-0.000866,-0.000374,-0.001989,-0.01004,-0.019214,-0.04161,-0.061175,0.002387,0.002738,0.003908,0.012778,0.019565,0.005364,0.013764,0.022948,0.033987,0.044408,0.001336,0.008888,0.019049,0.028353,0.032792,0.000827,0.003093,0.001046,0.00167,-0.003164,-0.001467,-0.003308,-0.004143,-0.00477,-0.018243,0.102026,-0.964584,-0.146567,-0.983547,1,0,0,0,0,0,0,0,0,0,0
3615,0.000746,-0.000257,-0.001329,-0.005481,-0.027472,-0.002869,-0.011497,-0.022132,-0.030178,-0.035635,-0.000793,-0.009282,-0.022971,-0.047319,-0.068471,-0.003032,-0.01313,-0.016605,-0.018027,-0.029222,0.001866,0.003731,0.004058,0.004105,-0.002379,0.0007,0.00077,0.000303,-0.002332,-0.001586,-0.003218,-0.013713,-0.027542,-0.048508,-0.063597,0.000303,0.001353,0.008536,0.01355,0.017048,0.003592,0.014898,0.025499,0.031515,0.045526,0.003673,0.012647,0.02291,0.028795,0.037112,0.001422,0.001893,0.00104,-0.00284,-0.010882,-0.000642,-0.002404,-0.002589,-0.006749,-0.024656,0.094507,-0.971771,-0.1505,-0.993355,1,0,0,0,0,0,0,0,0,0,0
3616,-0.000442,-0.001441,-0.002836,-0.016132,-0.040842,-0.003649,-0.013575,-0.025546,-0.02801,-0.038703,-0.003161,-0.013622,-0.033891,-0.057067,-0.079847,-0.004556,-0.012738,-0.014737,-0.018829,-0.033148,0.001209,0.002208,0.002441,0.000465,-0.013203,2.3e-05,2.3e-05,-0.002836,-0.002348,-0.003975,-0.004789,-0.013901,-0.036146,-0.055579,-0.068945,4.6e-05,0.001209,0.010019,0.01676,0.016992,0.004763,0.013886,0.02485,0.035201,0.048793,0.00384,0.013932,0.023174,0.027583,0.038211,0.000772,-0.001181,-0.000586,-0.005196,-0.016841,-0.001128,-0.001925,-0.002523,-0.015373,-0.02741,0.091191,-0.97969,-0.152153,-1.003913,1,0,0,0,0,0,0,0,0,0,0
3617,-0.000554,-0.001617,-0.005728,-0.027508,-0.049218,-0.00492,-0.015451,-0.02342,-0.028824,-0.048664,-0.005266,-0.018823,-0.042936,-0.063884,-0.087858,-0.005474,-0.008915,-0.010324,-0.02141,-0.040626,0.000647,0.00097,0.001016,-0.005405,-0.02342,4.6e-05,-0.000416,-0.003026,-0.002287,-0.004527,-0.005635,-0.019332,-0.040095,-0.055038,-0.073053,0.000993,0.008107,0.013072,0.016537,0.014989,0.006465,0.016963,0.022922,0.036797,0.053893,0.005073,0.015236,0.021064,0.029302,0.047261,-0.000298,-0.001095,-0.00472,-0.012235,-0.020613,-0.000568,-0.000741,-0.004627,-0.021359,-0.022213,0.088025,-0.9806,-0.150953,-1.007773,1,0,0,0,0,0,0,0,0,0,0
3618,-0.000435,-0.001809,-0.014907,-0.039249,-0.057225,-0.0049,-0.016694,-0.019121,-0.029654,-0.053515,-0.005084,-0.025052,-0.047882,-0.070323,-0.093337,-0.002633,-0.004603,-0.008633,-0.022739,-0.042661,0.000343,0.000572,-0.001374,-0.014839,-0.036341,-4.6e-05,-0.002862,-0.002382,-0.003984,-0.007053,-0.003389,-0.025304,-0.044447,-0.057614,-0.074789,0.00016,0.008839,0.01548,0.015709,0.011633,0.002577,0.013379,0.023575,0.036965,0.052313,0.004913,0.014017,0.018361,0.02883,0.048834,-0.001478,-0.000942,-0.005093,-0.015577,-0.023872,-0.000183,-0.000721,-0.012291,-0.023129,-0.013752,0.083245,-0.977233,-0.146539,-1.006913,1,0,0,0,0,0,0,0,0,0,0
3619,-0.000615,-0.00467,-0.026153,-0.047568,-0.066249,-0.005513,-0.013373,-0.018704,-0.038273,-0.051509,-0.008315,-0.032099,-0.052762,-0.076409,-0.098667,-0.000775,-0.002164,-0.013099,-0.032054,-0.044469,-2.3e-05,2.3e-05,-0.00631,-0.02408,-0.047408,-0.00041,-0.002984,-0.002255,-0.004465,-0.005513,-0.010138,-0.030618,-0.045358,-0.063128,-0.080305,0.006857,0.011755,0.015172,0.013646,0.009614,0.007791,0.013669,0.027354,0.044218,0.052212,0.005137,0.010886,0.019011,0.036726,0.048079,0.000702,-0.002592,-0.009418,-0.017029,-0.023787,2e-05,-0.003511,-0.018711,-0.019486,-0.010415,0.080426,-0.976163,-0.14319,-1.009898,1,0,0,0,0,0,0,0,0,0,0
3620,-0.000747,-0.013698,-0.037766,-0.05554,-0.073245,-0.006181,-0.008581,-0.018996,-0.042589,-0.052008,-0.011479,-0.034053,-0.056242,-0.078996,-0.100076,-0.001177,-0.005162,-0.019109,-0.038808,-0.048385,0.000249,-0.001675,-0.014989,-0.036249,-0.057985,-0.002377,-0.001902,-0.003487,-0.006521,-0.008242,-0.011592,-0.030521,-0.04354,-0.060521,-0.0792,0.001766,0.008332,0.008559,0.004528,0.000408,0.002937,0.013019,0.026257,0.041433,0.046715,0.003896,0.008191,0.018543,0.038321,0.045366,-0.000177,-0.004012,-0.013698,-0.021361,-0.024648,-0.000516,-0.011204,-0.021217,-0.012555,-0.005182,0.077948,-0.975079,-0.138697,-1.009769,1,0,0,0,0,0,0,0,0,0,0
3621,-0.003248,-0.024375,-0.045434,-0.063805,-0.077941,-0.001613,-0.006855,-0.0261,-0.039116,-0.052872,-0.012031,-0.03235,-0.055605,-0.077493,-0.098642,-0.000202,-0.010955,-0.029595,-0.041805,-0.052648,-0.000202,-0.00643,-0.023904,-0.046845,-0.066426,-0.000179,0.000538,-0.001635,-0.002666,-0.008401,-0.00867,-0.023165,-0.04064,-0.057532,-0.077941,0.003069,0.00643,0.004929,0.000963,-0.006676,0.002874,0.016333,0.032916,0.040778,0.043926,0.001798,0.009789,0.02721,0.038374,0.045568,-0.002765,-0.008837,-0.015606,-0.021617,-0.022693,-0.002661,-0.01618,-0.01687,-0.008802,0.000273,0.076911,-0.968366,-0.13582,-1.009004,1,0,0,0,0,0,0,0,0,0,0
3622,-0.009485,-0.033098,-0.050535,-0.067906,-0.082856,-0.000755,-0.010973,-0.03412,-0.04336,-0.062775,-0.010218,-0.031987,-0.054312,-0.074992,-0.097117,-0.00371,-0.017393,-0.036719,-0.046115,-0.0558,-0.001688,-0.01475,-0.035608,-0.056933,-0.076725,0.000644,-0.000911,-0.003887,-0.005576,-0.018815,-0.009974,-0.022746,-0.039406,-0.057732,-0.080345,0.003399,0.003621,-0.000333,-0.004376,-0.009241,0.007041,0.02003,0.034918,0.0401,0.044942,0.002431,0.012587,0.031991,0.038903,0.044383,-0.00075,-0.009224,-0.015929,-0.018804,-0.01861,-0.006844,-0.015604,-0.008025,-0.001575,0.006111,0.076675,-0.96804,-0.130525,-0.999786,1,0,0,0,0,0,0,0,0,0,0
3623,-0.011378,-0.032105,-0.050186,-0.0641,-0.078521,-0.00441,-0.023351,-0.036162,-0.049701,-0.071001,-0.009856,-0.032744,-0.054287,-0.075103,-0.095433,-0.006902,-0.025247,-0.037265,-0.047937,-0.055522,-0.004454,-0.021653,-0.044233,-0.063504,-0.082181,6.6e-05,-0.002073,-0.003087,-0.008732,-0.029283,-0.004366,-0.021565,-0.038191,-0.058279,-0.076735,-6.6e-05,-0.001544,-0.005446,-0.012965,-0.015082,0.006257,0.022579,0.030316,0.033414,0.038755,0.005451,0.022598,0.033586,0.040667,0.040867,-0.00472,-0.010777,-0.016155,-0.017118,-0.019575,-0.005596,-0.006213,0.001006,0.009125,0.014859,0.072883,-0.965768,-0.128312,-0.99159,1,0,0,0,0,0,0,0,0,0,0
3624,-0.012011,-0.029248,-0.046419,-0.061197,-0.073932,-0.005709,-0.028589,-0.037724,-0.056915,-0.078258,-0.011704,-0.033771,-0.054214,-0.076084,-0.096681,-0.006653,-0.025757,-0.035045,-0.044619,-0.05428,-0.008476,-0.029094,-0.050174,-0.069738,-0.086229,-0.001603,-0.004545,-0.006214,-0.019301,-0.045607,-0.008278,-0.024747,-0.042862,-0.065215,-0.081135,0.000285,-0.003623,-0.007619,-0.012428,-0.018247,0.006608,0.021326,0.026448,0.031234,0.034788,0.004611,0.023792,0.030624,0.036041,0.030651,-0.003231,-0.009415,-0.012067,-0.011887,-0.017206,-0.002645,0.004345,0.010293,0.017382,0.021379,0.071324,-0.963924,-0.126771,-0.978576,1,0,0,0,0,0,0,0,0,0,0
3625,-0.008584,-0.026495,-0.040277,-0.054562,-0.066488,-0.013084,-0.025774,-0.039185,-0.060285,-0.077933,-0.01103,-0.03237,-0.052989,-0.073128,-0.096761,-0.011555,-0.023459,-0.03403,-0.041544,-0.051613,-0.008606,-0.030972,-0.050062,-0.068563,-0.085076,-0.000524,-0.001529,-0.007121,-0.027478,-0.054365,-0.008802,-0.025271,-0.04517,-0.063452,-0.079964,-0.001747,-0.005613,-0.013062,-0.015159,-0.020947,0.009594,0.017259,0.020328,0.025618,0.029514,0.012398,0.023283,0.030297,0.030495,0.020772,-0.002554,-0.007587,-0.008488,-0.010788,-0.018683,0.001971,0.008727,0.016325,0.021691,0.025768,0.067652,-0.961038,-0.124868,-0.970479,1,0,0,0,0,0,0,0,0,0,0
3626,-0.008474,-0.025379,-0.039927,-0.052465,-0.061133,-0.009576,-0.018569,-0.037463,-0.058475,-0.068397,-0.010809,-0.030934,-0.052465,-0.072742,-0.093192,-0.007371,-0.016516,-0.025941,-0.035452,-0.042154,-0.011781,-0.032534,-0.051795,-0.068029,-0.080373,-0.002378,-0.004021,-0.016905,-0.042802,-0.058345,-0.007501,-0.025335,-0.047342,-0.063014,-0.077627,-0.002118,-0.006053,-0.010787,-0.016516,-0.021617,0.004993,0.010036,0.014748,0.018247,0.019556,0.006614,0.01334,0.018672,0.013365,0.00735,-0.003167,-0.005544,-0.005383,-0.01015,-0.016168,0.004431,0.009763,0.016117,0.019699,0.022942,0.06781,-0.959636,-0.123126,-0.965642,1,0,0,0,0,0,0,0,0,0,0
3627,-0.009152,-0.022645,-0.036629,-0.048305,-0.058333,-0.002951,-0.01608,-0.036736,-0.054014,-0.068255,-0.0102,-0.030386,-0.050101,-0.073237,-0.089617,-0.004362,-0.014712,-0.022067,-0.031925,-0.036309,-0.010243,-0.028931,-0.047043,-0.063209,-0.077514,0.001369,-0.004106,-0.024035,-0.050357,-0.076103,-0.008703,-0.028183,-0.046081,-0.062246,-0.07792,-0.001689,-0.008981,-0.011034,-0.0167,-0.025018,0.002564,0.005569,0.010747,0.014562,0.0106,0.004115,0.010981,0.011175,0.001656,-0.01026,-0.001403,-0.00218,-0.004162,-0.010966,-0.011487,0.001716,0.008264,0.012889,0.016403,0.019209,0.068336,-0.954625,-0.11777,-0.946346,1,0,0,0,0,0,0,0,0,0,0
3628,-0.007506,-0.021776,-0.034075,-0.042577,-0.054346,-0.005895,-0.024427,-0.045037,-0.05477,-0.075189,-0.009627,-0.030746,-0.050635,-0.070694,-0.084476,-0.004644,-0.013889,-0.023218,-0.029791,-0.030894,-0.010199,-0.029092,-0.045016,-0.057123,-0.07485,-0.002969,-0.015606,-0.041008,-0.056254,-0.091643,-0.008863,-0.030449,-0.045822,-0.060155,-0.072263,-0.002184,-0.006828,-0.012447,-0.017451,-0.022943,0.002404,0.007026,0.010457,0.011741,0.007286,0.002518,0.007748,0.002543,-0.003358,-0.018896,-0.000754,-0.000613,-0.004778,-0.010035,-0.011316,0.00304,0.00859,0.01172,0.014553,0.018196,0.064523,-0.955407,-0.114394,-0.933559,1,0,0,0,0,0,0,0,0,0,0
3629,-0.005817,-0.01955,-0.031015,-0.040864,-0.048801,-0.007056,-0.02734,-0.044307,-0.058293,-0.073076,-0.010289,-0.02965,-0.052371,-0.068456,-0.078536,-0.005565,-0.012788,-0.022469,-0.026773,-0.02543,-0.008253,-0.026039,-0.041914,-0.055962,-0.065516,-0.002436,-0.022007,-0.047856,-0.073139,-0.085339,-0.010352,-0.027928,-0.043804,-0.059196,-0.066986,-0.004998,-0.007014,-0.012578,-0.020747,-0.018584,0.00057,0.005655,0.009401,0.00551,0.006232,0.004249,0.00444,-0.004908,-0.01661,-0.014218,2e-05,-0.001725,-0.007718,-0.008177,-0.010087,0.002927,0.007001,0.010095,0.012566,0.014018,0.060475,-0.953574,-0.116811,-0.937734,1,0,0,0,0,0,0,0,0,0,0
3630,-0.008232,-0.020288,-0.028623,-0.04016,-0.046354,-0.011183,-0.031388,-0.040929,-0.060946,-0.067993,-0.010518,-0.030016,-0.04968,-0.063191,-0.070093,-0.003555,-0.012701,-0.019144,-0.020225,-0.019186,-0.010352,-0.025962,-0.037832,-0.055209,-0.062464,-0.009978,-0.03488,-0.049826,-0.084518,-0.082024,-0.010913,-0.025983,-0.040035,-0.051904,-0.057745,0.000395,-0.005114,-0.010019,-0.015403,-0.012202,0.003967,0.007331,0.008589,0.004221,0.00634,0.000921,-0.004182,-0.009966,-0.025199,-0.015821,0.000103,-0.00352,-0.008095,-0.009209,-0.010107,0.002103,0.004826,0.007291,0.010461,0.012073,0.058902,-0.953878,-0.115025,-0.93943,1,0,0,0,0,0,0,0,0,0,0
3631,-0.005315,-0.016563,-0.026224,-0.034011,-0.043282,-0.008817,-0.025462,-0.039182,-0.053685,-0.067323,-0.00857,-0.03086,-0.04664,-0.056528,-0.063573,-0.003564,-0.013061,-0.017284,-0.015965,-0.015389,-0.00719,-0.022764,-0.036545,-0.045919,-0.058217,-0.009311,-0.034671,-0.059474,-0.071443,-0.08129,-0.006427,-0.022001,-0.037102,-0.044744,-0.050018,-0.002369,-0.007828,-0.015842,-0.01372,-0.011784,0.001058,0.004733,0.000915,0.001623,0.002914,-0.000725,-0.009896,-0.021376,-0.01903,-0.015573,-0.001624,-0.006865,-0.007266,-0.008937,-0.0103,0.001588,0.004294,0.006455,0.007725,0.010246,0.062866,-0.960886,-0.114284,-0.937909,1,0,0,0,0,0,0,0,0,0,0
3632,-0.006589,-0.014793,-0.026149,-0.032247,-0.04215,-0.011131,-0.020523,-0.040227,-0.047163,-0.06077,-0.010681,-0.030037,-0.043337,-0.05013,-0.057619,-0.005463,-0.011806,-0.01287,-0.011847,-0.01154,-0.008225,-0.019909,-0.037014,-0.044155,-0.056289,-0.015264,-0.029976,-0.064125,-0.06167,-0.072576,-0.00845,-0.022282,-0.033966,-0.039715,-0.046058,-0.003069,-0.007898,-0.013197,-0.010046,-0.003294,0.002261,0.003499,-0.0008,0.001285,0.007684,-0.004302,-0.009996,-0.024991,-0.015759,-0.013294,-0.001696,-0.005792,-0.00679,-0.007594,-0.008596,0.000924,0.003132,0.00597,0.007413,0.009216,0.062528,-0.966432,-0.111295,-0.938395,1,0,0,0,0,0,0,0,0,0,0
3633,-0.004571,-0.014142,-0.021856,-0.03104,-0.036937,-0.005388,-0.018979,-0.033346,-0.046855,-0.051406,-0.011428,-0.02706,-0.036856,-0.043835,-0.049223,-0.003959,-0.008143,-0.006836,-0.006265,-0.005816,-0.007224,-0.020877,-0.030162,-0.042345,-0.052529,-0.009898,-0.034468,-0.046325,-0.05608,-0.056835,-0.007,-0.021958,-0.02953,-0.034754,-0.039121,-0.002347,-0.010285,-0.008183,-0.006265,0.001143,0.001386,-0.002396,-0.001695,-0.000416,0.006504,-0.004794,-0.016166,-0.013842,-0.010417,-0.007045,-0.003242,-0.003617,-0.005181,-0.006457,-0.007409,0.001626,0.003649,0.004838,0.007199,0.010564,0.062399,-0.968478,-0.108592,-0.940639,1,0,0,0,0,0,0,0,0,0,0
3634,-0.003594,-0.014862,-0.020913,-0.03074,-0.034395,-0.003959,-0.023512,-0.030395,-0.043897,-0.047775,-0.007837,-0.021035,-0.027776,-0.035207,-0.041704,-0.002355,-0.003411,-0.002396,-0.002091,-0.001766,-0.004406,-0.02138,-0.028466,-0.040506,-0.048851,-0.004751,-0.038638,-0.036202,-0.047024,-0.046577,-0.006761,-0.018355,-0.02406,-0.030354,-0.035856,-0.002457,-0.007715,-0.004589,0.002112,0.006152,-0.00015,-0.004416,-0.002347,0.004003,0.007683,-0.000881,-0.01576,-0.006599,-0.004153,-0.000275,-0.000752,-0.001697,-0.00246,-0.003409,-0.004238,0.000522,0.003211,0.004578,0.006286,0.0099,0.064254,-0.97175,-0.107156,-0.940646,1,0,0,0,0,0,0,0,0,0,0
3635,-0.005884,-0.013502,-0.02257,-0.028394,-0.033693,-0.009491,-0.023678,-0.037018,-0.041512,-0.044031,-0.007658,-0.01733,-0.024222,-0.029542,-0.036253,-0.001793,-0.000504,6e-05,0.000504,0.000725,-0.009108,-0.018277,-0.030308,-0.040364,-0.048102,-0.019547,-0.031255,-0.040887,-0.041633,-0.041371,-0.008061,-0.015537,-0.020696,-0.025008,-0.030147,-0.005401,-0.003325,-0.001431,0.005884,0.012534,-0.003586,-0.002894,-0.00163,0.005202,0.011578,-0.010356,-0.008061,-0.004679,-0.001348,0.00121,0.00037,-0.001062,-0.00223,-0.003101,-0.004416,0.001357,0.002445,0.004606,0.007687,0.009544,0.062643,-0.975929,-0.105629,-0.940243,1,0,0,0,0,0,0,0,0,0,0
3636,-0.005272,-0.011246,-0.020948,-0.024556,-0.029828,-0.009863,-0.016658,-0.029989,-0.033817,-0.037225,-0.005412,-0.012068,-0.019404,-0.025819,-0.03065,0.000742,0.001744,0.002045,0.002365,0.003588,-0.007698,-0.014694,-0.026581,-0.03482,-0.041134,-0.014012,-0.011607,-0.022291,-0.02185,-0.023113,-0.003428,-0.009061,-0.015275,-0.020707,-0.023414,0.00018,0.003267,0.009883,0.013872,0.022431,-0.000645,0.001398,0.007667,0.0113,0.018569,-0.004389,0.004656,0.007071,0.010899,0.012948,-0.001221,-0.001918,-0.002786,-0.003544,-0.005259,0.001151,0.002401,0.003963,0.007268,0.008098,0.060707,-0.979825,-0.106098,-0.938535,1,0,0,0,0,0,0,0,0,0,0
3637,-0.002299,-0.011293,-0.01707,-0.022327,-0.025765,-0.004238,-0.01747,-0.021927,-0.024426,-0.030043,-0.004198,-0.011034,-0.016311,-0.022967,-0.026944,0.00054,0.001099,0.001539,0.001759,0.005457,-0.001419,-0.013352,-0.023326,-0.031002,-0.03468,0.002359,-0.007196,-0.007935,-0.007676,-0.011154,-0.003998,-0.009115,-0.013392,-0.018489,-0.020008,0.001879,0.003758,0.011014,0.01761,0.029923,0.00133,0.002583,0.00936,0.015684,0.02423,0.006652,0.010007,0.01331,0.015848,0.017959,-0.000156,-0.001259,-0.002082,-0.003325,-0.005368,-0.0001,0.001942,0.004852,0.006606,0.006889,0.059543,-0.986127,-0.106936,-0.936815,1,0,0,0,0,0,0,0,0,0,0
3638,-0.003642,-0.013273,-0.016855,-0.022089,-0.024576,-0.002527,-0.015761,-0.019561,-0.022944,-0.027382,-0.002428,-0.009711,-0.016079,-0.020875,-0.023223,0.000458,0.000756,0.001075,0.002288,0.007462,-0.005532,-0.017333,-0.025511,-0.03178,-0.033611,4e-05,-0.010567,-0.010129,-0.011383,-0.013611,-0.001612,-0.007781,-0.013174,-0.01586,-0.015442,0.001194,0.007761,0.011721,0.020218,0.03576,0.000704,0.006927,0.010534,0.01775,0.028046,0.002355,0.004753,0.008553,0.010587,0.012843,-0.000511,-0.001335,-0.002056,-0.003685,-0.005998,0.001285,0.002768,0.005908,0.006698,0.006381,0.059632,-0.993169,-0.107856,-0.93664,1,0,0,0,0,0,0,0,0,0,0
3639,-0.005299,-0.011034,-0.016254,-0.019667,-0.021473,-0.010617,-0.015043,-0.017524,-0.0231,-0.024013,-0.004366,-0.009605,-0.016214,-0.020163,-0.020897,9.9e-05,0.000536,0.000754,0.004426,0.011014,-0.006331,-0.016234,-0.023854,-0.027506,-0.028359,-0.009526,-0.01026,-0.010002,-0.013455,-0.013336,-0.003473,-0.00772,-0.012781,-0.014289,-0.013297,0.000675,0.007879,0.014428,0.026653,0.042866,0.000542,0.007271,0.01355,0.022035,0.03162,0.000982,0.004261,0.006781,0.008877,0.009985,-0.000548,-0.001331,-0.002512,-0.004456,-0.005994,0.000681,0.003449,0.005117,0.005386,0.004814,0.05808,-0.999653,-0.108243,-0.935,1,0,0,0,0,0,0,0,0,0,0
3640,-0.004328,-0.007918,-0.013164,-0.015657,-0.016674,-0.002593,-0.006402,-0.009793,-0.014241,-0.012884,-0.002912,-0.009294,-0.014101,-0.016455,-0.016534,0.000199,0.000519,0.001735,0.006921,0.013622,-0.005465,-0.013662,-0.019945,-0.02178,-0.022538,-0.001057,-0.000618,-0.001875,-0.004109,-0.00361,-0.002693,-0.008098,-0.01079,-0.010371,-0.009873,0.005904,0.009873,0.018389,0.033966,0.045873,0.005693,0.009307,0.01654,0.02686,0.032052,0.001417,0.005225,0.007264,0.009525,0.008693,-0.00027,-0.001003,-0.002658,-0.005008,-0.005584,0.000802,0.003992,0.004794,0.004472,0.004245,0.057091,-1.001489,-0.108183,-0.93455,1,0,0,0,0,0,0,0,0,0,0
3641,-0.001434,-0.006671,-0.010096,-0.011908,-0.013601,-0.001852,-0.004341,-0.009937,-0.010853,-0.010036,-0.00235,-0.008981,-0.012944,-0.01368,-0.013203,0.000239,0.000458,0.004142,0.010753,0.016448,-0.00448,-0.012127,-0.015791,-0.016648,-0.017484,0.000319,0.000577,-0.002887,-0.002768,-0.00225,-0.001573,-0.006651,-0.008164,-0.007169,-0.007129,0.001334,0.007906,0.020172,0.036441,0.042117,0.001068,0.007368,0.015882,0.0255,0.025489,0.001877,0.004404,0.006508,0.00762,0.007396,-0.000535,-0.001744,-0.003735,-0.00531,-0.004933,0.002041,0.00375,0.004026,0.003439,0.002845,0.057359,-1.002681,-0.108245,-0.934608,1,0,0,0,0,0,0,0,0,0,0
3642,-0.002148,-0.007377,-0.009863,-0.010877,-0.012885,-0.001949,-0.005329,-0.009764,-0.008411,-0.008034,-0.004017,-0.008809,-0.011155,-0.011235,-0.010459,8e-05,0.001293,0.006463,0.013144,0.019368,-0.003699,-0.009962,-0.011792,-0.012547,-0.013363,0.000119,-0.001133,-0.003361,-0.002863,-0.002665,-0.003818,-0.006502,-0.006085,-0.005588,-0.005627,0.002625,0.011116,0.026646,0.038517,0.042971,0.002537,0.009748,0.020037,0.025214,0.023461,0.001924,0.003956,0.00621,0.00538,0.005305,-0.000188,-0.001809,-0.004109,-0.004674,-0.003953,0.001103,0.001888,0.001573,0.00135,0.000543,0.05781,-1.00082,-0.107932,-0.933155,1,0,0,0,0,0,0,0,0,0,0
3643,-0.003079,-0.006495,-0.008302,-0.009991,-0.010865,-0.000536,-0.006118,-0.007031,-0.006217,-0.005879,-0.002602,-0.006554,-0.007289,-0.006813,-0.006376,0.000139,0.003814,0.010408,0.016088,0.025066,-0.003933,-0.007587,-0.008441,-0.009276,-0.009494,0.000139,-0.003317,-0.003198,-0.002681,-0.002602,-0.001251,-0.002761,-0.001768,-0.001728,-0.001827,0.003933,0.016168,0.032395,0.038056,0.04326,0.00375,0.012242,0.021835,0.021824,0.018062,0.0006,0.002698,0.003807,0.003584,0.003384,-0.001002,-0.002957,-0.004504,-0.004134,-0.003618,0.000584,0.000855,0.000279,-0.000304,-0.000754,0.057833,-0.998947,-0.108211,-0.930383,1,0,0,0,0,0,0,0,0,0,0
3644,-0.002142,-0.004622,-0.005634,-0.007637,-0.007736,-0.002837,-0.00726,-0.005911,-0.005534,-0.004959,-0.002182,-0.004523,-0.004602,-0.003828,-0.003571,0.001071,0.006229,0.012894,0.019102,0.027513,-0.002321,-0.004146,-0.0049,-0.005713,-0.005395,-0.001389,-0.00361,-0.003114,-0.002916,-0.002618,-0.001428,-0.001012,-0.000516,-0.000555,-0.000436,0.004543,0.020035,0.031877,0.03632,0.039633,0.003448,0.013712,0.018876,0.017128,0.012035,0.001428,0.003677,0.002849,0.002774,0.002534,-0.0006,-0.002862,-0.003417,-0.002708,-0.002506,0.000193,-0.000117,-0.000335,-0.001129,-0.001419,0.058138,-0.997387,-0.109027,-0.928452,1,0,0,0,0,0,0,0,0,0,0
3645,-0.001268,-0.003071,-0.004755,-0.005627,-0.005468,-0.002734,-0.003646,-0.002833,-0.002496,0.002378,-0.001763,-0.002496,-0.002021,-0.001585,0.000376,0.002595,0.009173,0.01484,0.023795,0.02754,-0.001327,-0.002179,-0.003012,-0.003229,-0.003646,-0.002061,-0.001942,-0.001427,-0.001347,0.001248,-7.9e-05,0.000911,0.000951,0.000852,0.00109,0.007668,0.023855,0.029501,0.034692,0.035128,0.005027,0.014596,0.014585,0.010833,0.007566,0.000666,0.001773,0.00155,0.001351,-0.000969,-0.001326,-0.002846,-0.002483,-0.001976,-0.000581,7.5e-05,-0.000491,-0.001064,-0.001506,-0.001267,0.059388,-0.997387,-0.109702,-0.929324,1,0,0,0,0,0,0,0,0,0,0
3646,-0.001207,-0.002216,-0.004215,-0.004314,-0.004136,-0.001682,-0.000336,4e-05,0.000613,0.012427,-0.000574,-0.000653,0.000119,0.000376,0.003245,0.002553,0.009202,0.015395,0.023785,0.028752,-0.000495,-0.001247,-0.002058,-0.001741,-0.002355,-0.000158,0.000336,0.000534,0.000831,0.007915,0.000495,0.000989,0.00095,0.001069,0.00184,0.007797,0.01961,0.024043,0.027347,0.027664,0.005218,0.01037,0.008626,0.003545,-0.001052,0.001578,0.000752,0.000677,0.000438,-0.004343,-0.000909,-0.001455,-0.000758,-0.000559,0.001137,-0.000379,-0.000594,-0.001374,-0.001659,-0.001418,0.059659,-0.99222,-0.110302,-0.928444,1,0,0,0,0,0,0,0,0,0,0
3647,-0.000593,-0.002274,-0.003144,-0.002986,-0.002709,0.000771,0.001582,0.001918,0.006782,0.027997,-0.000158,0.000316,0.000751,0.002709,0.005279,0.004014,0.009669,0.018605,0.022342,0.026633,-0.000356,-0.001186,-0.001404,-0.001819,-0.002254,0.000277,0.000791,0.00087,0.00346,0.009589,0.000494,0.000534,0.000435,0.000672,0.001661,0.008364,0.013999,0.019179,0.019614,0.019713,0.004335,0.004325,0.00058,-0.00268,-0.006826,-0.000472,-0.000695,-0.000893,-0.003209,-0.018299,-0.000594,-0.000236,0.000263,0.001638,0.002884,-0.000181,-0.000746,-0.001182,-0.000946,-0.00131,0.061665,-0.99082,-0.110621,-0.925337,1,0,0,0,0,0,0,0,0,0,0
3648,-0.000415,-0.002408,-0.002507,-0.00233,-0.002053,0.000573,0.000948,0.00152,0.013306,0.033265,7.9e-05,0.000849,0.001106,0.003968,0.007995,0.002626,0.008805,0.017175,0.02213,0.024243,-0.000395,-0.001204,-0.000888,-0.0015,-0.001915,0.000217,0.000415,0.000711,0.007778,0.009654,0.0,-3.9e-05,7.9e-05,0.000849,0.001204,0.003435,0.007857,0.011154,0.01147,0.010048,0.000811,-0.000929,-0.005998,-0.010584,-0.014003,-0.000352,-0.000427,-0.000666,-0.005435,-0.023508,5.1e-05,0.000737,0.000933,0.0026,0.005304,-3.2e-05,-0.000799,-0.00108,-0.000843,-0.001339,0.06552,-0.98787,-0.111067,-0.922715,1,0,0,0,0,0,0,0,0,0,0
3649,-0.001263,-0.002131,-0.001973,-0.001697,-0.001421,0.000237,0.000572,0.005427,0.026602,0.033055,0.000395,0.000829,0.002783,0.005348,0.010874,0.003019,0.011939,0.015669,0.019951,0.026385,-0.000434,-0.000651,-0.001066,-0.0015,-0.00146,0.000296,0.000375,0.00296,0.009078,0.01261,3.9e-05,-5.9e-05,0.000178,0.001164,0.00152,0.00219,0.007361,0.007795,0.007894,0.007538,-0.000821,-0.004559,-0.007812,-0.01195,-0.018553,0.00013,-6.8e-05,-0.002379,-0.01744,-0.02037,0.000302,0.000795,0.002152,0.003381,0.00715,-0.000525,-0.000955,-0.000723,-0.001082,-0.001098,0.06922,-0.987093,-0.111859,-0.92576,1,0,0,0,0,0,0,0,0,0,0
3650,-0.00073,-0.000829,-0.000651,-0.000375,-5.9e-05,0.000138,0.00071,0.01249,0.032438,0.036404,0.000375,0.000631,0.003492,0.007518,0.015134,0.003157,0.011523,0.016476,0.018587,0.024684,-0.000375,-5.9e-05,-0.000671,-0.001085,-0.000967,-9.9e-05,0.000197,0.007261,0.009136,0.013496,-7.9e-05,3.9e-05,0.000809,0.001164,0.002506,0.00223,0.005525,0.00584,0.00442,0.005071,-0.000917,-0.005984,-0.010568,-0.013984,-0.019162,-0.000205,-0.000443,-0.00521,-0.023274,-0.022899,0.000381,0.000576,0.002238,0.004932,0.009302,-0.000239,-0.000519,-0.000283,-0.000777,-0.000661,0.073013,-0.988566,-0.112741,-0.923376,1,0,0,0,0,0,0,0,0,0,0
3651,-0.000138,2e-05,0.000296,0.000572,0.000808,0.000197,0.005046,0.026195,0.03264,0.042731,5.9e-05,0.00201,0.004573,0.010092,0.018212,0.005755,0.009481,0.013758,0.020183,0.023218,0.000158,-0.000256,-0.00069,-0.00065,-0.000749,0.000177,0.002759,0.00887,0.012398,0.01697,-2e-05,0.000217,0.001202,0.001557,0.004041,0.002937,0.00337,0.003469,0.003114,0.002503,-0.002816,-0.006066,-0.010199,-0.016793,-0.020169,6e-06,-0.002302,-0.017344,-0.020271,-0.025798,0.00011,0.001456,0.002674,0.006411,0.010226,-0.000188,4.2e-05,-0.000314,-0.00033,-0.00041,0.074954,-0.989511,-0.113448,-0.920434,1,0,0,0,0,0,0,0,0,0,0
3652,3.9e-05,0.000217,0.000493,0.000809,0.001045,0.000375,0.012151,0.032092,0.036057,0.047419,0.000197,0.003057,0.007081,0.014695,0.019942,0.002604,0.007555,0.009665,0.01576,0.028443,0.000158,-0.000454,-0.000868,-0.00075,-0.000907,0.000118,0.00718,0.009054,0.013413,0.017673,0.000138,0.000907,0.001262,0.002604,0.005977,0.000355,0.000671,-0.00075,-9.9e-05,0.00144,-0.002247,-0.006829,-0.010244,-0.015421,-0.026454,-0.000245,-0.00501,-0.023068,-0.022693,-0.029801,8.4e-05,0.001742,0.00443,0.00879,0.010385,-9e-05,0.000146,-0.000348,-0.000231,-0.000345,0.075995,-0.990111,-0.114317,-0.917695,1,0,0,0,0,0,0,0,0,0,0
3653,0.000119,0.000396,0.000673,0.000911,0.000911,0.004497,0.025751,0.032229,0.042371,0.05386,0.001763,0.004338,0.009885,0.018046,0.021492,0.001129,0.005428,0.011885,0.014936,0.033437,-0.000574,-0.00101,-0.000971,-0.00107,-0.001367,0.002476,0.008617,0.012163,0.016758,0.018798,9.9e-05,0.001089,0.001446,0.003942,0.007507,7.9e-05,0.000178,-0.000178,-0.000792,0.001169,-0.001009,-0.005163,-0.011791,-0.015184,-0.031706,-0.002074,-0.017192,-0.020133,-0.025687,-0.035124,0.001307,0.002569,0.006438,0.010389,0.010856,0.00033,-3.8e-05,-5.5e-05,-0.000138,-0.000397,0.078015,-0.986459,-0.115299,-0.918368,1,0,0,0,0,0,0,0,0,0,0
3654,6e-05,0.000339,0.000658,0.000897,0.000638,0.007379,0.02754,0.031548,0.043035,0.062638,0.001117,0.005185,0.012883,0.018187,0.022196,0.003869,0.006003,0.012165,0.024988,0.042616,-4e-05,-0.000459,-0.000339,-0.000499,-0.001017,0.004647,0.006541,0.010948,0.015256,0.023472,0.000678,0.001037,0.002393,0.005803,0.009692,0.000239,-0.001197,-0.000538,0.001017,0.001555,-0.003617,-0.00707,-0.012303,-0.023457,-0.040515,-0.00273,-0.020987,-0.020608,-0.027794,-0.039157,0.00042,0.003323,0.00803,0.009753,0.010357,-9.2e-05,-0.000625,-0.000499,-0.000622,-0.000974,0.078973,-0.981924,-0.116457,-0.923299,1,0,0,0,0,0,0,0,0,0,0
3655,0.000221,0.000502,0.000743,0.000743,0.000301,0.014117,0.020683,0.030964,0.042611,0.067029,0.001486,0.007109,0.015382,0.018876,0.02488,0.000462,0.007008,0.010101,0.028856,0.046507,-0.000402,-0.000361,-0.000462,-0.000763,-0.001466,0.001546,0.005141,0.009799,0.011868,0.023936,0.000321,0.000683,0.003213,0.006827,0.011366,-0.000141,-0.000502,-0.001125,0.000863,0.001185,-0.000569,-0.007288,-0.010727,-0.027476,-0.044691,-0.012576,-0.015558,-0.021188,-0.030755,-0.043076,0.000947,0.005204,0.00955,0.010065,0.011363,-0.000309,-0.000328,-0.000419,-0.000703,-0.001094,0.080318,-0.978856,-0.117133,-0.923363,1,0,0,0,0,0,0,0,0,0,0
3656,6.1e-05,0.000384,0.000626,0.000364,0.000101,0.006223,0.010284,0.021922,0.041783,0.079304,0.002627,0.010426,0.0158,0.019861,0.02764,0.001697,0.00794,0.020932,0.038793,0.049178,-2e-05,0.000101,-6.1e-05,-0.000586,-0.001616,0.000364,0.004829,0.009193,0.017518,0.049502,4e-05,0.001414,0.004869,0.008809,0.011416,-0.001313,-0.000647,0.000929,0.001475,0.001273,-0.002926,-0.008228,-0.019529,-0.036811,-0.04705,-0.005843,-0.005459,-0.012739,-0.024252,-0.029835,0.002192,0.00735,0.009238,0.009901,0.012884,-0.000261,-0.000124,-0.000258,-0.000644,-0.000541,0.084957,-0.977481,-0.116972,-0.945248,1,0,0,0,0,0,0,0,0,0,0
3657,0.000223,0.000467,0.000467,2e-05,6.1e-05,0.000386,0.010778,0.02255,0.047232,0.090688,0.003045,0.011407,0.014939,0.021008,0.029167,0.004912,0.008038,0.026995,0.044837,0.052895,6.1e-05,-4.1e-05,-0.000345,-0.001055,-0.001786,0.003268,0.007977,0.010067,0.022266,0.063774,0.000325,0.002882,0.006536,0.011123,0.012138,0.000954,0.000325,0.002334,0.002659,0.002557,-0.003852,-0.007328,-0.024258,-0.041659,-0.049303,0.002856,-0.002835,-0.012505,-0.02496,-0.026971,0.002326,0.007011,0.007566,0.008966,0.012881,0.00025,0.000151,-0.000155,-0.000576,-0.000314,0.08824,-0.971321,-0.116648,-0.951788,1,0,0,0,0,0,0,0,0,0,0
3658,0.000102,0.000347,8.2e-05,-0.000184,0.000409,0.003718,0.015487,0.03557,0.07351,0.097904,0.004822,0.010256,0.014363,0.022229,0.030115,0.001369,0.014506,0.032567,0.043068,0.054734,6.1e-05,-0.000102,-0.000633,-0.001675,-0.001696,0.001226,0.005639,0.014056,0.046398,0.069771,0.001062,0.004556,0.00854,0.011176,0.015017,-0.000286,0.001308,0.001859,0.001655,0.001614,-0.001484,-0.012912,-0.030388,-0.040741,-0.05211,-0.002486,-0.009848,-0.02149,-0.027136,-0.028209,0.003142,0.005182,0.005898,0.009123,0.011634,-0.000113,-0.000258,-0.000675,-0.000563,-0.00033,0.088656,-0.963541,-0.116244,-0.958179,1,0,0,0,0,0,0,0,0,0,0
3659,0.000144,0.000144,-0.000309,-0.000268,0.000844,0.006793,0.018732,0.043762,0.087834,0.107451,0.003623,0.007205,0.013359,0.021634,0.028262,0.001791,0.021017,0.03911,0.047282,0.059901,-0.000165,-0.000473,-0.001194,-0.001935,-0.001997,0.003541,0.005661,0.018032,0.060127,0.081638,0.001523,0.005228,0.009881,0.01091,0.015027,-0.00035,0.001688,0.002017,0.001914,0.002161,-0.00203,-0.0192,-0.036847,-0.044598,-0.056721,-0.003267,-0.013074,-0.025704,-0.027744,-0.025963,0.001859,0.002471,0.004015,0.008335,0.010033,1e-05,-0.000328,-0.000792,-0.000503,0.000134,0.090927,-0.954521,-0.11511,-0.963642,1,0,0,0,0,0,0,0,0,0,0
3660,0.000104,-0.000166,-0.000436,0.000166,0.00108,0.005108,0.025517,0.064074,0.088865,0.104042,0.001869,0.006042,0.014036,0.02205,0.026825,0.011544,0.029898,0.04057,0.052426,0.069887,0.0,-0.00054,-0.001599,-0.001619,-0.001848,0.000914,0.009468,0.042335,0.066088,0.08766,0.002014,0.006063,0.008741,0.012645,0.014036,0.001972,0.002533,0.002325,0.002284,0.003633,-0.009566,-0.027325,-0.037847,-0.0494,-0.065158,-0.004186,-0.016017,-0.021755,-0.022845,-0.016576,0.00031,0.001111,0.004721,0.007531,0.009798,-0.000173,-0.00064,-0.000515,-0.000255,0.000615,0.091119,-0.948171,-0.115343,-0.969094,1,0,0,0,0,0,0,0,0,0,0
3661,-0.000105,-0.000565,-0.000523,0.000607,0.001026,0.00699,0.032441,0.077251,0.097196,0.101717,0.001758,0.008016,0.01643,0.023169,0.027941,0.007911,0.026308,0.034617,0.047447,0.062244,-0.000314,-0.001046,-0.0018,-0.001863,-0.001528,0.001235,0.013813,0.056614,0.078486,0.091211,0.001737,0.006467,0.007514,0.0117,0.01216,8.4e-05,0.000419,0.000314,0.000565,0.000628,-0.007815,-0.025758,-0.033639,-0.045965,-0.060234,-0.005751,-0.018593,-0.020667,-0.018857,-0.010691,0.00036,0.002095,0.006947,0.008856,0.011416,-0.000197,-0.000718,-0.000394,0.000322,0.000755,0.092489,-0.948521,-0.115941,-0.971124,1,0,0,0,0,0,0,0,0,0,0
3662,-0.000169,-0.000444,0.000169,0.0011,0.001164,0.013733,0.053026,0.07829,0.093758,0.100191,0.002476,0.010622,0.01879,0.023656,0.026703,0.010707,0.021583,0.033665,0.05146,0.057025,-0.000233,-0.001312,-0.001333,-0.001566,-0.001037,0.007469,0.040965,0.065171,0.087156,0.092531,0.00237,0.005099,0.009077,0.010495,0.00967,0.000487,0.000275,0.000233,0.001608,-0.000381,-0.010198,-0.020921,-0.032695,-0.048754,-0.055895,-0.006243,-0.01209,-0.013201,-0.006812,-0.007825,0.000527,0.004648,0.007857,0.010445,0.012564,-0.000321,-0.000178,0.00012,0.001113,0.000774,0.094423,-0.949482,-0.116443,-0.971927,1,0,0,0,0,0,0,0,0,0,0
3663,-0.0003,-0.000257,0.0009,0.001328,0.000643,0.012145,0.058003,0.078416,0.083043,0.088697,0.003898,0.012509,0.019406,0.024289,0.025425,0.007989,0.016493,0.029623,0.044766,0.046887,-0.000514,-0.001285,-0.001349,-0.001007,-0.000835,0.005312,0.049114,0.071498,0.08452,0.084842,0.002442,0.003513,0.007797,0.008268,0.005376,-0.00015,-0.000257,0.0,6.4e-05,-0.00422,-0.00804,-0.016105,-0.028719,-0.043323,-0.049269,-0.006823,-0.008946,-0.007093,0.001264,-0.003974,0.001467,0.007172,0.009416,0.012427,0.014624,-0.000264,0.000118,0.000959,0.001468,0.000621,0.098107,-0.945737,-0.117099,-0.972977,1,0,0,0,0,0,0,0,0,0,0
3664,2.2e-05,0.000649,0.001602,0.001667,0.000952,0.02792,0.053762,0.069583,0.076162,0.079344,0.004394,0.012748,0.017726,0.020842,0.023548,0.003052,0.01541,0.033612,0.039304,0.038005,-0.000584,-0.000606,-0.000844,-0.000303,-0.000303,0.028894,0.053653,0.076141,0.081638,0.078824,0.000325,0.004394,0.005844,0.005,0.001991,-6.5e-05,-0.000108,0.001299,-0.000736,-0.011709,-0.002844,-0.014887,-0.031314,-0.038617,-0.047599,0.000914,-0.000223,0.006313,0.005276,-0.000632,0.003251,0.007009,0.010041,0.012522,0.015783,0.000451,0.000799,0.001962,0.001565,0.000729,0.100983,-0.9406,-0.1174,-0.972039,1,0,0,0,0,0,0,0,0,0,0
3665,2.2e-05,0.001203,0.00164,0.00094,0.000897,0.01861,0.03945,0.044174,0.049947,0.051827,0.004352,0.011393,0.016379,0.017538,0.020512,0.005598,0.019003,0.034464,0.036629,0.03442,-0.000197,-0.000262,8.7e-05,0.000262,-4.4e-05,0.015526,0.038378,0.051674,0.052002,0.049094,0.000765,0.005139,0.00562,0.002668,-0.002012,-4.4e-05,0.000219,0.000284,-0.004089,-0.015133,-0.005361,-0.018239,-0.033149,-0.039219,-0.047067,-0.00309,-0.001199,0.007333,0.001986,-0.002807,0.003102,0.005696,0.009178,0.011718,0.01592,-4.4e-05,0.00093,0.001518,0.000538,0.000417,0.106463,-0.938394,-0.11757,-0.97097,1,0,0,0,0,0,0,0,0,0,0
3666,0.000617,0.001586,0.001652,0.000925,0.000374,0.007553,0.023651,0.030346,0.033583,0.032063,0.004118,0.009183,0.012354,0.015107,0.017375,0.006937,0.025457,0.031248,0.029927,0.028562,0.000176,-6.6e-05,0.000484,0.000484,-0.000749,0.009557,0.032438,0.038031,0.035168,0.032724,0.003369,0.004845,0.003986,0.000925,-0.007179,0.0,0.001431,-0.000639,-0.011803,-0.025677,-0.006855,-0.023569,-0.031,-0.040139,-0.051162,0.001956,0.008605,0.00755,0.001539,0.000557,0.000986,0.004408,0.00721,0.010891,0.016644,0.00044,0.001753,0.001304,0.000361,0.000781,0.112959,-0.929517,-0.117606,-0.97107,1,0,0,0,0,0,0,0,0,0,0
3667,0.000576,0.001019,0.00031,0.000266,-0.001595,0.013517,0.018303,0.024153,0.026058,0.025172,0.002991,0.008044,0.009218,0.012232,0.014337,0.006603,0.022269,0.024463,0.022225,0.021184,-0.000244,0.000111,0.000288,-2.2e-05,-0.002282,0.013539,0.027011,0.027344,0.024397,0.021006,0.001041,0.001529,-0.001462,-0.006204,-0.016021,0.000266,0.000332,-0.004099,-0.015289,-0.036761,-0.006152,-0.021259,-0.02741,-0.035362,-0.053805,-5.1e-05,0.008594,0.003176,-0.001681,-0.004211,0.001816,0.005634,0.00842,0.013029,0.019802,0.000608,0.001253,0.000179,4.6e-05,0.000176,0.120238,-0.920713,-0.117458,-0.970033,1,0,0,0,0,0,0,0,0,0,0
3668,0.0004,0.000467,-0.000267,-0.000823,-0.004294,0.002692,0.009455,0.012726,0.011191,0.010879,0.002114,0.005317,0.008098,0.01039,0.012259,0.012081,0.017932,0.016597,0.015218,0.014261,0.0,0.000556,0.000556,-0.00069,-0.002403,0.009522,0.015173,0.012281,0.009811,0.001847,0.000445,-0.000423,-0.003515,-0.011702,-0.028811,0.001179,-0.000912,-0.012192,-0.026208,-0.04098,-0.010709,-0.018216,-0.027449,-0.038586,-0.048946,0.006769,0.005703,-0.00037,-0.001362,-0.008822,0.001808,0.004818,0.008772,0.014953,0.023917,0.000785,0.000303,-0.000711,-0.000259,-0.002,0.133423,-0.919007,-0.118037,-0.964342,1,0,0,0,0,0,0,0,0,0,0
3669,4.5e-05,-0.000669,-0.000714,-0.002587,-0.006357,0.002119,0.008008,0.009926,0.009034,0.007562,0.002967,0.004149,0.007182,0.009301,0.010751,0.003658,0.005866,0.003614,0.002565,0.001851,0.000357,0.000535,0.000223,-0.002052,-0.003279,0.004015,0.00435,0.001383,-0.00203,-0.012045,4.5e-05,-0.002967,-0.00774,-0.017622,-0.042849,-0.001115,-0.005576,-0.016841,-0.038455,-0.045459,-0.004471,-0.010663,-0.018668,-0.037233,-0.03812,0.001916,-0.003538,-0.008428,-0.010974,-0.019244,0.002158,0.005076,0.009903,0.016997,0.028588,-0.000124,-0.001249,-0.001388,-0.001252,-0.003615,0.148877,-0.918666,-0.117963,-0.96055,1,0,0,0,0,0,0,0,0,0,0
3670,2.2e-05,-0.000715,-0.001274,-0.004762,-0.008048,0.004673,0.007959,0.006416,0.006103,0.004986,0.000246,0.00304,0.005343,0.007221,0.007691,0.002213,0.000872,-0.000514,-0.001476,-0.002079,0.000201,0.000201,-0.001051,-0.002772,-0.004449,0.001654,-0.001252,-0.003734,-0.011737,-0.016678,-0.000917,-0.004024,-0.012251,-0.029444,-0.059558,-0.000984,-0.012318,-0.026403,-0.041248,-0.052583,-0.003063,-0.012341,-0.023532,-0.033943,-0.037209,-0.002991,-0.009094,-0.010091,-0.017588,-0.021238,0.000922,0.005013,0.011408,0.020684,0.034371,-0.000373,-0.001422,-0.000954,-0.002756,-0.004118,0.166277,-0.91121,-0.117954,-0.958889,1,0,0,0,0,0,0,0,0,0,0
3671,-0.00074,-0.000785,-0.002668,-0.006458,-0.009642,0.001233,0.003162,0.002265,0.000785,4.5e-05,0.000942,0.003991,0.006121,0.007579,0.007557,0.0,-0.002265,-0.003319,-0.004036,-0.004507,-2.2e-05,-0.000336,-0.002623,-0.003857,-0.00592,-0.001323,-0.004305,-0.007736,-0.017804,-0.019239,-0.002108,-0.006906,-0.01684,-0.0422,-0.067628,-0.003498,-0.014822,-0.03655,-0.04359,-0.073884,-0.003152,-0.011199,-0.029863,-0.030753,-0.052658,-0.002483,-0.007398,-0.009958,-0.018271,-0.018853,0.002086,0.007094,0.014453,0.026478,0.039711,-0.000787,-0.000931,-0.00079,-0.003241,-0.004065,0.175512,-0.887516,-0.117784,-0.957505,1,0,0,0,0,0,0,0,0,0,0
3672,0.0,-0.000562,-0.004068,-0.007372,-0.011553,0.002068,0.000517,0.000202,-0.000922,-0.001326,0.001865,0.00418,0.006068,0.00654,0.006585,-0.001349,-0.002742,-0.003709,-0.004315,-0.00472,2.2e-05,-0.001236,-0.002967,-0.004652,-0.007822,-0.001596,-0.004091,-0.012137,-0.017104,-0.01834,-0.001011,-0.009283,-0.026566,-0.056841,-0.075564,-0.007889,-0.022049,-0.036973,-0.048368,-0.087768,-0.006168,-0.017418,-0.027885,-0.031168,-0.062506,-0.003647,-0.004649,-0.012186,-0.015856,-0.016583,0.002126,0.008764,0.018391,0.032597,0.042868,-0.000289,0.000197,-0.001674,-0.003087,-0.003852,0.184953,-0.864249,-0.116759,-0.954231,1,0,0,0,0,0,0,0,0,0,0
3673,-4.5e-05,-0.001937,-0.005743,-0.008941,-0.013738,-0.000135,-0.001036,-0.002522,-0.003266,-0.003468,0.001194,0.003333,0.004797,0.004774,0.004774,-0.000923,-0.001982,-0.002702,-0.003175,-0.002815,-0.000338,-0.002635,-0.003874,-0.005945,-0.009684,-0.001396,-0.004842,-0.014954,-0.016395,-0.016958,-0.003806,-0.013783,-0.039254,-0.064792,-0.088349,-0.003468,-0.025291,-0.032362,-0.062788,-0.095082,-0.001902,-0.020647,-0.021541,-0.043541,-0.065957,-0.001282,-0.003853,-0.012203,-0.012787,-0.013039,0.003007,0.010593,0.022989,0.036632,0.046337,0.000144,0.00029,-0.002237,-0.003087,-0.00386,0.196648,-0.841328,-0.11813,-0.948059,1,0,0,0,0,0,0,0,0,0,0
3674,-0.000519,-0.004041,-0.007359,-0.011558,-0.016457,-0.001422,-0.001738,-0.002867,-0.003273,-0.004402,0.001129,0.003025,0.003499,0.003544,0.00298,-0.000474,-0.001445,-0.002054,-0.002461,0.001445,-0.000926,-0.002664,-0.004357,-0.00754,-0.010565,-0.001106,-0.009188,-0.014177,-0.015419,-0.022101,-0.004492,-0.021853,-0.052261,-0.071066,-0.102896,-0.010746,-0.025735,-0.037181,-0.076755,-0.093347,-0.009394,-0.019906,-0.023204,-0.05468,-0.061424,0.000278,-0.007292,-0.010977,-0.011707,-0.017037,0.003787,0.013716,0.028366,0.038958,0.048812,0.000354,-0.001575,-0.003033,-0.003821,-0.005533,0.210694,-0.829685,-0.11914,-0.932273,1,0,0,0,0,0,0,0,0,0,0
3675,-0.001383,-0.005214,-0.008433,-0.013261,-0.017886,0.000521,-0.000975,-0.001723,-0.001927,-0.004216,0.00102,0.002494,0.002471,0.002471,0.001632,-0.000589,-0.001315,-0.001791,-0.001428,0.005939,-0.001383,-0.00263,-0.004715,-0.008478,-0.010632,-0.002358,-0.012536,-0.013987,-0.014553,-0.027067,-0.005531,-0.03117,-0.056876,-0.080588,-0.117198,-0.011176,-0.018294,-0.04892,-0.081427,-0.10439,-0.009435,-0.010336,-0.032481,-0.055044,-0.066312,-0.002868,-0.011272,-0.01186,-0.012114,-0.022021,0.004044,0.017022,0.031306,0.041467,0.053366,-0.000212,-0.002858,-0.003747,-0.004556,-0.007036,0.226995,-0.80558,-0.120869,-0.925071,1,0,0,0,0,0,0,0,0,0,0
3676,-0.002164,-0.005513,-0.00975,-0.014694,-0.019045,-0.000843,-0.001982,-0.002392,-0.003531,-0.008064,0.000888,0.001367,0.001412,0.000843,-0.00303,-0.000387,-0.001002,-0.001412,0.002529,0.00672,-0.000364,-0.002073,-0.005285,-0.008338,-0.010639,-0.005786,-0.010821,-0.012074,-0.018817,-0.034308,-0.01196,-0.042646,-0.061622,-0.093743,-0.13058,-0.003896,-0.015445,-0.05538,-0.072124,-0.11395,-0.001127,-0.004455,-0.036218,-0.043024,-0.066778,-0.004757,-0.008477,-0.009214,-0.014592,-0.025259,0.006394,0.022007,0.033294,0.043795,0.056172,-0.001836,-0.003389,-0.00423,-0.006054,-0.008246,0.243775,-0.784492,-0.122475,-0.917071,1,0,0,0,0,0,0,0,0,0,0
3677,-0.001692,-0.004938,-0.009808,-0.014472,-0.021102,-0.000663,-0.001417,-0.001623,-0.003932,-0.012414,0.000594,0.000572,0.000572,-0.000274,-0.009099,-0.000343,-0.000823,-0.000457,0.006973,0.007362,-0.000892,-0.002995,-0.00679,-0.008962,-0.013146,-0.004458,-0.005921,-0.006493,-0.019113,-0.039368,-0.013854,-0.03978,-0.063694,-0.100616,-0.133811,-0.003269,-0.034156,-0.06694,-0.090099,-0.129765,0.000223,-0.022111,-0.044866,-0.05623,-0.076331,-0.003701,-0.004295,-0.004551,-0.014542,-0.025962,0.007217,0.022374,0.033157,0.045783,0.054763,-0.000925,-0.001869,-0.002728,-0.005359,-0.00781,0.256136,-0.764423,-0.123665,-0.908031,1,0,0,0,0,0,0,0,0,0,0
3678,-0.001675,-0.005944,-0.010924,-0.015308,-0.022239,-0.000482,-0.000895,-0.002043,-0.00661,-0.01416,-0.000115,-6.9e-05,-0.000643,-0.004544,-0.018934,-0.000275,-0.000689,0.003282,0.007505,0.008124,-0.000826,-0.004062,-0.007137,-0.009455,-0.015675,-0.000597,-0.001859,-0.008652,-0.024258,-0.039658,-0.017006,-0.036123,-0.068483,-0.105593,-0.138251,-0.008354,-0.048585,-0.065453,-0.10759,-0.153719,-0.003576,-0.035575,-0.042431,-0.066362,-0.09262,-3.1e-05,-0.000773,-0.006192,-0.016938,-0.024653,0.009029,0.020916,0.031974,0.045009,0.052763,-0.000686,-0.001571,-0.003492,-0.005801,-0.006855,0.270505,-0.737503,-0.125068,-0.905462,1,0,0,0,0,0,0,0,0,0,0
3679,-0.001588,-0.006489,-0.011183,-0.017856,-0.022827,-0.000276,-0.000483,-0.002807,-0.011344,-0.023126,9.2e-05,9.2e-05,-0.000759,-0.009642,-0.024369,-0.000207,0.000161,0.00764,0.008031,0.008031,-0.001289,-0.005108,-0.007294,-0.011505,-0.018248,-0.000874,-0.00145,-0.014152,-0.034539,-0.051337,-0.009043,-0.033113,-0.070275,-0.103687,-0.123155,-0.022712,-0.055709,-0.07902,-0.118944,-0.170925,-0.018893,-0.041797,-0.053235,-0.073467,-0.110336,-0.000566,-0.000824,-0.010879,-0.022374,-0.027563,0.006664,0.017948,0.031162,0.040559,0.046293,-0.000289,-0.001188,-0.003941,-0.006507,-0.005782,0.271039,-0.715263,-0.126973,-0.899059,1,0,0,0,0,0,0,0,0,0,0
3680,-0.002696,-0.007697,-0.012099,-0.019058,-0.023276,-0.000138,-0.001291,-0.005877,-0.013458,-0.026779,-4.6e-05,-0.000622,-0.00454,-0.018989,-0.029867,-0.000207,0.003779,0.00802,0.008642,0.007605,-0.001959,-0.005047,-0.007374,-0.01362,-0.021017,-0.000392,-0.007213,-0.022884,-0.038347,-0.053511,-0.01014,-0.042634,-0.079898,-0.112691,-0.12267,-0.017653,-0.034591,-0.076902,-0.123223,-0.172102,-0.01321,-0.020095,-0.044125,-0.070492,-0.105775,-0.000178,-0.005619,-0.01641,-0.024157,-0.026349,0.005503,0.016886,0.030304,0.038286,0.041828,-0.000619,-0.002596,-0.004973,-0.006058,-0.004261,0.276949,-0.691699,-0.126451,-0.896916,1,0,0,0,0,0,0,0,0,0,0
3681,-0.002206,-0.006895,-0.013561,-0.018525,-0.021973,-6.9e-05,-0.00239,-0.010917,-0.022685,-0.027558,4.6e-05,-0.000804,-0.009676,-0.024386,-0.037188,0.000575,0.008044,0.008435,0.008435,0.006321,-0.001862,-0.004045,-0.008251,-0.014986,-0.022731,-0.000184,-0.012871,-0.033235,-0.050013,-0.053139,-0.013928,-0.051048,-0.084421,-0.103865,-0.118989,-0.015353,-0.038636,-0.078514,-0.130435,-0.172749,-0.009702,-0.021126,-0.041335,-0.078161,-0.104415,-7.9e-05,-0.010124,-0.021605,-0.026787,-0.025524,0.005791,0.018897,0.028218,0.033905,0.036602,-0.000284,-0.003015,-0.005559,-0.004841,-0.002157,0.28116,-0.672792,-0.125343,-0.897094,1,0,0,0,0,0,0,0,0,0,0
3682,-0.002764,-0.007128,-0.014027,-0.018207,-0.020857,-0.001074,-0.00562,-0.013136,-0.02634,-0.027231,-0.000617,-0.0045,-0.018824,-0.029607,-0.043062,0.003381,0.007584,0.008201,0.007173,0.005369,-0.001211,-0.003518,-0.009709,-0.017042,-0.025266,-0.006579,-0.022114,-0.037443,-0.052475,-0.052817,-0.018367,-0.055307,-0.087815,-0.097707,-0.115206,-0.001531,-0.043474,-0.089392,-0.137846,-0.172501,0.002818,-0.021003,-0.04714,-0.082116,-0.100481,-0.005315,-0.016011,-0.023691,-0.025864,-0.025898,0.005159,0.017781,0.025289,0.028622,0.030481,-0.001588,-0.003824,-0.004845,-0.003154,0.000106,0.288691,-0.656182,-0.123091,-0.897428,1,0,0,0,0,0,0,0,0,0,0
3683,-0.001877,-0.008434,-0.013318,-0.01671,-0.019582,-0.001221,-0.00961,-0.021187,-0.025981,-0.025822,-0.000226,-0.008954,-0.023426,-0.03602,-0.047801,0.004002,0.004387,0.004387,0.002306,0.001425,-0.00095,-0.005088,-0.011713,-0.019333,-0.027043,-0.005969,-0.026003,-0.04251,-0.045585,-0.049881,-0.018338,-0.05117,-0.070299,-0.085178,-0.103109,-0.021391,-0.060622,-0.111701,-0.153329,-0.184759,-0.014028,-0.033909,-0.070139,-0.095967,-0.109998,-0.004621,-0.015916,-0.021015,-0.019772,-0.024687,0.006888,0.015201,0.020273,0.022679,0.024241,-0.000957,-0.003227,-0.002586,-0.000192,0.002188,0.293236,-0.63999,-0.121757,-0.893563,1,0,0,0,0,0,0,0,0,0,0
3684,-0.002438,-0.009256,-0.013387,-0.016006,-0.020792,-0.003273,-0.010701,-0.023749,-0.02463,-0.024539,-0.003612,-0.017767,-0.028422,-0.041719,-0.05303,0.000158,0.000768,-0.000248,-0.002032,-0.00298,-0.001332,-0.00745,-0.014697,-0.022824,-0.028806,-0.009391,-0.024539,-0.039394,-0.039733,-0.046212,-0.018196,-0.050321,-0.060096,-0.077388,-0.089128,-0.020092,-0.065469,-0.113351,-0.147598,-0.169789,-0.009534,-0.035363,-0.069927,-0.088076,-0.100243,-0.005957,-0.013546,-0.015694,-0.015727,-0.022382,0.004805,0.011715,0.014782,0.016493,0.01737,-0.001111,-0.00205,-0.000494,0.002506,0.002813,0.295112,-0.632951,-0.120523,-0.891096,1,0,0,0,0,0,0,0,0,0,0
3685,-0.004114,-0.008997,-0.012388,-0.015259,-0.020774,-0.005109,-0.016683,-0.021475,-0.021317,-0.021339,-0.005109,-0.019576,-0.032167,-0.043945,-0.05484,0.000226,0.000226,-0.001854,-0.002735,-0.003391,-0.002803,-0.009426,-0.017044,-0.024753,-0.029319,-0.010624,-0.027126,-0.030201,-0.034496,-0.036801,-0.014603,-0.033727,-0.048601,-0.066527,-0.078598,-0.019101,-0.070167,-0.111783,-0.143204,-0.154168,-0.010329,-0.046548,-0.072369,-0.086396,-0.09122,-0.005328,-0.010424,-0.009182,-0.014096,-0.016277,0.003448,0.00851,0.01091,0.012469,0.012885,-0.001144,-0.000505,0.001885,0.00426,0.00367,0.300166,-0.628202,-0.120624,-0.891147,1,0,0,0,0,0,0,0,0,0,0
3686,-0.002716,-0.006859,-0.009485,-0.014284,-0.018494,-0.002332,-0.015416,-0.016299,-0.016208,-0.016299,-0.009077,-0.019762,-0.033095,-0.044436,-0.054555,0.000385,-0.000634,-0.002422,-0.003373,-0.003735,-0.003328,-0.010594,-0.018743,-0.024742,-0.028273,-0.00455,-0.019445,-0.019785,-0.026281,-0.026304,-0.017589,-0.027391,-0.04473,-0.056502,-0.070174,-0.026372,-0.074385,-0.108725,-0.130977,-0.136998,-0.015557,-0.050214,-0.068412,-0.080613,-0.080771,-0.002275,-0.004429,-0.004462,-0.011134,-0.011001,0.003562,0.006687,0.008431,0.009325,0.009624,0.000198,0.001784,0.004841,0.005154,0.004814,0.304131,-0.626029,-0.120294,-0.890969,1,0,0,0,0,0,0,0,0,0,0
3687,-0.002177,-0.00558,-0.00846,-0.013995,-0.016989,-0.009277,-0.014085,-0.013927,-0.013949,-0.012362,-0.005421,-0.018055,-0.029872,-0.040805,-0.050172,-0.000386,-0.002472,-0.003357,-0.004015,-0.004173,-0.003312,-0.010955,-0.01869,-0.023272,-0.026379,-0.011999,-0.015083,-0.019393,-0.021707,-0.021457,-0.001565,-0.01649,-0.034477,-0.046589,-0.060289,-0.024814,-0.066571,-0.098099,-0.1091,-0.111482,-0.020755,-0.046664,-0.060737,-0.065578,-0.063137,-0.002835,-0.001588,-0.006519,-0.008707,-0.01005,0.001572,0.00403,0.005627,0.006053,0.006245,0.000454,0.002901,0.005334,0.00473,0.00472,0.31047,-0.624942,-0.119728,-0.891203,1,0,0,0,0,0,0,0,0,0,0
3688,-0.001985,-0.004633,-0.009471,-0.013715,-0.015495,-0.003857,-0.004747,-0.004655,-0.004747,0.001141,-0.005317,-0.018758,-0.030192,-0.040392,-0.048243,-0.000639,-0.002442,-0.0034,-0.003765,-0.003628,-0.003994,-0.012209,-0.018256,-0.021816,-0.024532,-0.002944,-0.003286,-0.009836,-0.009858,-0.009402,-0.008307,-0.025787,-0.037654,-0.051437,-0.062802,-0.023437,-0.058055,-0.080488,-0.086558,-0.087243,-0.014057,-0.032403,-0.044703,-0.044862,-0.042339,0.000681,0.000647,-0.006079,-0.005945,-0.011441,0.001667,0.003513,0.004458,0.004775,0.004899,0.001204,0.00444,0.004771,0.004411,0.004619,0.3132,-0.623655,-0.118857,-0.890282,1,0,0,0,0,0,0,0,0,0,0
3689,-0.001439,-0.004339,-0.009911,-0.012926,-0.014228,-0.000982,-0.000822,-0.000845,0.000754,0.009843,-0.007399,-0.019298,-0.030305,-0.039737,-0.045972,-0.001462,-0.002352,-0.003015,-0.003174,-0.002581,-0.0037,-0.011487,-0.0161,-0.019229,-0.021513,-0.00016,-0.004499,-0.006828,-0.006577,0.001918,-0.006714,-0.024824,-0.037019,-0.050813,-0.056911,-0.01859,-0.050334,-0.06141,-0.063808,-0.063397,-0.012019,-0.026189,-0.031063,-0.028606,-0.028819,0.000574,-0.00439,-0.006594,-0.007946,-0.008632,0.000903,0.002577,0.003024,0.003226,0.00323,0.001356,0.003908,0.003274,0.003264,0.003735,0.314251,-0.622854,-0.118627,-0.896938,1,0,0,0,0,0,0,0,0,0,0
3690,-0.001211,-0.006054,-0.010303,-0.012084,-0.013889,9.1e-05,0.000183,9.1e-05,0.005985,0.013455,-0.006054,-0.017498,-0.027709,-0.035568,-0.037532,-0.000343,-0.001302,-0.001668,-0.001531,-0.001142,-0.004523,-0.010577,-0.01414,-0.016859,-0.017955,-0.000183,-0.006739,-0.006762,-0.006305,0.007584,-0.010782,-0.022661,-0.036459,-0.047835,-0.046441,-0.016059,-0.038514,-0.044591,-0.045276,-0.046373,-0.006342,-0.018654,-0.018814,-0.016288,-0.01992,-0.000608,-0.007341,-0.007207,-0.012709,-0.006251,0.000954,0.001907,0.002225,0.002351,0.002324,0.0019,0.002233,0.001871,0.00208,0.002022,0.309943,-0.621327,-0.119575,-0.901919,1,0,0,0,0,0,0,0,0,0,0
3691,-0.001691,-0.007268,-0.010284,-0.011587,-0.014078,6.9e-05,4.6e-05,0.001645,0.010741,0.015929,-0.005851,-0.016866,-0.026305,-0.032544,-0.030624,-0.000548,-0.001211,-0.001371,-0.000777,-0.000731,-0.003268,-0.007885,-0.011016,-0.013301,-0.013324,-0.004159,-0.006491,-0.006239,0.002263,0.01065,-0.007336,-0.01954,-0.033344,-0.039446,-0.032658,-0.015701,-0.026785,-0.029184,-0.028773,-0.030876,-0.007836,-0.012713,-0.010254,-0.010467,-0.015729,-0.00436,-0.006565,-0.007918,-0.008605,-0.005179,0.000726,0.001175,0.001378,0.001382,0.001346,0.000659,2.2e-05,1.2e-05,0.000485,-0.00068,0.306947,-0.621422,-0.121109,-0.905283,1,0,0,0,0,0,0,0,0,0,0
3692,-0.003155,-0.007407,-0.00919,-0.010996,-0.014471,2.3e-05,-6.9e-05,0.00583,0.013305,0.01662,-0.005601,-0.01582,-0.023684,-0.02565,-0.023844,-0.000411,-0.000777,-0.00064,-0.000251,0.000183,-0.002789,-0.006355,-0.009076,-0.010173,-0.010082,-0.0024,-0.002423,-0.001966,0.011933,0.014082,-0.004549,-0.018357,-0.029742,-0.028347,-0.015934,-0.006767,-0.012848,-0.013534,-0.014631,-0.014494,-0.004483,-0.004643,-0.002116,-0.005751,-0.014816,-0.002377,-0.002242,-0.007749,-0.001286,-0.002085,0.00023,0.00055,0.000676,0.00065,0.000417,-0.000325,-0.00069,-0.000479,-0.000538,-0.00254,0.297909,-0.623495,-0.122745,-0.905743,1,0,0,0,0,0,0,0,0,0,0
3693,-0.002423,-0.005441,-0.006744,-0.009236,-0.013054,-4.6e-05,0.001555,0.010653,0.015843,0.016574,-0.005418,-0.01486,-0.021101,-0.01918,-0.017077,-0.000251,-0.000411,0.000183,0.000229,-0.001189,-0.001829,-0.004961,-0.007247,-0.00727,-0.007155,6.9e-05,0.00032,0.008824,0.017214,0.01646,-0.007658,-0.021466,-0.02757,-0.020781,0.025467,-0.004321,-0.006721,-0.00631,-0.008413,-0.012231,-0.000395,0.002064,0.001851,-0.003412,-0.040904,0.000171,-0.001182,-0.001869,0.001558,0.000494,0.00022,0.000423,0.000427,0.000391,-0.000349,-0.000313,-0.000323,0.000151,-0.001017,-0.003223,0.262484,-0.623062,-0.124912,-0.909644,1,0,0,0,0,0,0,0,0,0,0
3694,-0.001829,-0.003612,-0.005418,-0.008894,-0.012597,-4.6e-05,0.005853,0.013329,0.016644,0.013718,-0.004801,-0.012666,-0.014632,-0.012826,-0.006013,-0.000114,2.3e-05,0.000412,0.000846,-0.007613,-0.001738,-0.004458,-0.005556,-0.005464,-0.005236,-9.1e-05,0.000366,0.014266,0.016416,0.0131,-0.00615,-0.017536,-0.016141,-0.003727,0.075013,-0.00176,-0.002446,-0.003544,-0.003407,-0.017856,0.000235,0.002763,-0.000872,-0.009938,-0.070091,-3.7e-05,-0.005543,0.00092,0.000121,0.000167,0.0001,0.000227,0.0002,-3.3e-05,-0.000883,-5.2e-05,0.000159,0.0001,-0.001902,-0.004042,0.221781,-0.617089,-0.127474,-0.91051,0,0,1,0,0,0,0,0,0,0,0
3695,-0.001189,-0.002492,-0.004985,-0.008803,-0.012759,0.001646,0.010747,0.015937,0.016669,0.013536,-0.004642,-0.010884,-0.008963,-0.00686,0.008506,-4.6e-05,0.000549,0.000594,-0.000823,-0.017629,-0.001395,-0.003681,-0.003704,-0.00359,-0.003407,0.000343,0.008849,0.01724,0.016486,0.01109,-0.00766,-0.013765,-0.006974,0.039283,0.116521,-0.00064,-0.000229,-0.002332,-0.006151,-0.030297,0.002225,0.002011,-0.003253,-0.040752,-0.091034,-0.001317,-0.002004,0.001424,0.000359,-0.001415,0.000103,0.000107,7.1e-05,-0.00067,-0.001107,4.2e-05,0.000516,-0.000653,-0.002862,-0.00522,0.187587,-0.608413,-0.129744,-0.914627,0,0,1,0,0,0,0,0,0,0,0
3696,-0.000595,-0.002401,-0.005878,-0.009583,-0.013768,0.004254,0.011733,0.015049,0.012121,0.01187,-0.003225,-0.005192,-0.003385,0.003431,0.02159,0.000183,0.000572,0.001006,-0.007456,-0.040527,-0.001327,-0.002424,-0.002333,-0.002104,-0.002173,0.000114,0.01402,0.01617,0.012853,0.009354,-0.003728,-0.002333,0.010086,0.088853,0.19511,-4.6e-05,-0.001144,-0.001006,-0.015461,-0.065982,0.000303,-0.003333,-0.012402,-0.072576,-0.138905,-0.004191,0.002274,0.001475,0.001521,-0.001211,2.3e-05,-4e-06,-0.000237,-0.001089,-0.001344,0.000169,0.000111,-0.001897,-0.004042,-0.006427,0.115856,-0.575219,-0.131632,-0.915745,0,0,1,0,0,0,0,0,0,0,0
3697,-0.000709,-0.003202,-0.007023,-0.01098,-0.014457,0.004849,0.010042,0.010774,0.00764,0.008761,-0.003019,-0.001098,0.001006,0.016378,0.035158,0.000412,0.000457,-0.000961,-0.017774,-0.033832,-0.000961,-0.000984,-0.000869,-0.000686,-0.001395,0.008395,0.01679,0.016035,0.010637,0.009653,-0.002379,0.004415,0.05069,0.127961,0.269578,0.000457,-0.001647,-0.005467,-0.029623,-0.121808,-0.000517,-0.005784,-0.043298,-0.093601,-0.212996,0.003505,0.006934,0.005869,0.004094,0.002347,-1.9e-05,-5.5e-05,-0.000799,-0.001236,-0.001382,0.000307,-0.000866,-0.003082,-0.005446,-0.007033,0.043732,-0.523553,-0.134442,-0.919108,0,0,1,0,0,0,0,0,0,0,0
3698,-0.001097,-0.004572,-0.008276,-0.012459,-0.015774,0.002629,0.005944,0.003018,0.002766,0.003932,0.001052,0.002858,0.00967,0.027822,0.060262,-2.3e-05,0.000412,-0.008047,-0.041105,-0.03939,-0.000137,-4.6e-05,0.000183,0.000114,-0.001212,0.00551,0.007659,0.004344,0.000846,0.002378,0.003772,0.016186,0.09492,0.201133,0.323647,-0.001555,-0.001417,-0.015866,-0.066366,-0.149695,-0.003118,-0.012183,-0.072332,-0.138634,-0.218642,0.00296,0.002161,0.002207,-0.000524,9.2e-05,-8e-06,-0.00024,-0.00109,-0.001345,-0.001358,-0.000364,-0.002366,-0.004505,-0.006883,-0.00789,-0.010437,-0.497339,-0.136697,-0.919103,0,0,1,0,0,0,0,0,0,0,0
3699,-0.001394,-0.005212,-0.009166,-0.012641,-0.01735,0.00256,0.003292,0.00016,0.00128,0.001303,0.000869,0.002972,0.018333,0.0371,0.068782,6.9e-05,-0.001349,-0.01815,-0.034197,-0.082292,0.000114,0.000229,0.000411,-0.000297,-0.002034,0.00288,0.002126,-0.003269,-0.004252,-0.003132,0.003017,0.049261,0.126478,0.267997,0.387983,-0.000549,-0.004366,-0.028505,-0.120626,-0.138365,-0.002145,-0.039633,-0.089902,-0.209215,-0.136724,0.000467,-0.000597,-0.00237,-0.004116,-0.002642,-2.9e-05,-0.000769,-0.001204,-0.001348,-0.001349,-0.000804,-0.003008,-0.005362,-0.006941,-0.008418,-0.081278,-0.510335,-0.137535,-0.915513,0,0,1,0,0,0,0,0,0,0,0
3700,-0.002082,-0.005789,-0.009976,-0.013294,-0.016795,0.000755,-0.002174,-0.002425,-0.001258,-0.001693,0.000938,0.007757,0.025924,0.058392,0.082417,0.000366,-0.0081,-0.041186,-0.03947,-0.091089,-2.3e-05,0.000206,0.000137,-0.00119,-0.005469,-0.000732,-0.00405,-0.007551,-0.006018,-0.006384,0.009404,0.088206,0.194511,0.317129,0.464345,0.000686,-0.013774,-0.064318,-0.147719,-0.139711,-0.006926,-0.067127,-0.133485,-0.213563,-0.078094,-0.001267,-0.001221,-0.003954,-0.003338,-0.00337,-0.000205,-0.00106,-0.001316,-0.001329,-0.001438,-0.001205,-0.003357,-0.005749,-0.006762,-0.006348,-0.162511,-0.510159,-0.134548,-0.914375,0,0,1,0,0,0,0,0,0,0,0
3701,-0.001743,-0.00571,-0.009195,-0.013919,-0.016372,-2.3e-05,-0.003164,-0.002041,-0.002018,-0.002568,0.001169,0.016579,0.035404,0.067186,0.103369,-0.001789,-0.018642,-0.034739,-0.082984,-0.094266,0.000138,0.000321,-0.00039,-0.002133,-0.00853,-2.3e-05,-0.005434,-0.00642,-0.005297,-0.005687,0.036963,0.114422,0.256383,0.376743,0.524873,-0.004517,-0.028732,-0.12114,-0.138934,-0.160511,-0.030664,-0.081089,-0.200775,-0.128058,-0.035646,0.000202,-0.001576,-0.003328,-0.001849,-0.002198,-0.000548,-0.000993,-0.00114,-0.001141,-0.001692,-0.00103,-0.003435,-0.00505,-0.006559,-0.004445,-0.232431,-0.490266,-0.131605,-0.913242,0,0,1,0,0,0,0,0,0,0,0
3702,-0.001983,-0.006203,-0.009547,-0.013075,-0.026633,-0.002929,-0.003182,-0.002006,-0.002444,-0.002237,0.005696,0.024005,0.056726,0.080938,0.123667,-0.006733,-0.040077,-0.038348,-0.090369,-0.09814,9.2e-05,2.3e-05,-0.001314,-0.005626,-0.014089,-0.003321,-0.006849,-0.005304,-0.005673,-0.005788,0.042245,0.149378,0.272953,0.421317,0.544107,-0.010031,-0.060969,-0.14502,-0.136949,-0.183944,-0.029833,-0.096709,-0.177411,-0.040886,0.020139,-0.000157,-0.002911,-0.00229,-0.002322,-0.001963,-0.000333,-0.000603,-0.000617,-0.000732,-0.001966,-0.001201,-0.003727,-0.004796,-0.004359,-0.007195,-0.284466,-0.468173,-0.126506,-0.912257,0,0,1,0,0,0,0,0,0,0,0
3703,-0.002016,-0.005539,-0.010314,-0.012794,-0.032448,-0.000232,0.000904,0.000927,0.000371,0.000765,0.00985,0.028879,0.061002,0.097575,0.135794,-0.010267,-0.026538,-0.075302,-0.086705,-0.098178,9.3e-05,-0.000626,-0.002387,-0.008854,-0.017638,-0.002132,-0.003129,-0.001993,-0.002387,-0.003685,0.035832,0.179321,0.300977,0.450701,0.552007,-0.014393,-0.107796,-0.125782,-0.147591,-0.19974,-0.020982,-0.141956,-0.068457,0.02495,0.076909,-0.00164,-0.003411,-0.001916,-0.002268,-0.002459,-0.000135,-0.000294,-0.000294,-0.000889,-0.002748,-0.001348,-0.003088,-0.004715,-0.002437,-0.008749,-0.330577,-0.446958,-0.124768,-0.909441,0,0,1,0,0,0,0,0,0,0,0
3704,-0.002242,-0.005628,-0.009201,-0.022932,-0.02877,-2.3e-05,0.001168,0.000724,0.000934,0.001144,0.008617,0.041753,0.066273,0.109544,0.147491,-0.023422,-0.021671,-0.074353,-0.082222,-0.103986,-0.000163,-0.001518,-0.005885,-0.014455,-0.017654,-0.001424,0.00014,-0.000234,-0.00035,0.010625,0.072391,0.197534,0.347781,0.47213,0.564207,-0.037083,-0.122201,-0.114028,-0.161619,-0.217127,-0.046584,-0.12831,0.009947,0.071747,0.120568,-0.001136,-0.000508,-0.00054,-0.000176,0.010853,-0.000153,-0.000168,-0.000294,-0.001642,-0.004009,-0.001338,-0.002506,-0.002029,-0.005127,-0.005622,-0.373323,-0.42173,-0.125027,-0.919025,0,0,1,0,0,0,0,0,0,0,0
3705,-0.001315,-0.006151,-0.008663,-0.028571,-0.023876,0.001174,0.001197,0.000634,0.001033,0.001409,0.010611,0.04315,0.080195,0.118908,0.15417,0.007066,-0.042328,-0.053878,-0.065499,-0.090948,-0.000563,-0.002348,-0.008898,-0.017795,-0.017185,0.000423,0.001573,0.001174,-0.000141,0.036623,0.072566,0.195793,0.347451,0.450067,0.517726,-0.057329,-0.075547,-0.097638,-0.15046,-0.202977,-0.075704,-0.001256,0.093358,0.145988,0.17617,-0.000651,0.000863,0.000507,0.000314,0.03578,-1.5e-05,-1.5e-05,-0.000666,-0.0027,-0.005205,-0.000514,-0.002294,0.000198,-0.006707,8.5e-05,-0.395383,-0.402981,-0.125037,-0.94103,0,0,1,0,0,0,0,0,0,0,0
3706,-0.002108,-0.005733,-0.019663,-0.025585,-0.022861,2.4e-05,-0.000426,-0.000213,0.0,0.002369,0.022908,0.047783,0.091681,0.130178,0.168721,-0.005354,-0.058799,-0.066783,-0.088862,-0.113144,-0.000805,-0.005236,-0.01393,-0.017175,-0.016465,0.001161,0.000782,0.000663,0.011798,0.041742,0.053729,0.206152,0.332302,0.425713,0.468284,-0.028499,-0.020208,-0.068488,-0.1248,-0.176634,-0.006516,0.133744,0.196439,0.245966,0.249313,0.001295,0.001262,0.001631,0.01282,0.039868,-1e-06,-0.00014,-0.001631,-0.004248,-0.007146,-0.000744,-0.000215,-0.003641,-0.004189,0.000637,-0.414429,-0.374505,-0.125614,-0.945917,0,0,1,0,0,0,0,0,0,0,0
3707,-0.002781,-0.005325,-0.025485,-0.02073,-0.020516,0.0,-0.000571,-0.000166,0.000214,0.003305,0.009961,0.047475,0.086678,0.122385,0.165915,-0.044646,-0.056343,-0.068111,-0.093881,-0.124525,-0.000998,-0.007631,-0.016641,-0.016023,-0.015738,0.0,-0.000404,-0.001735,0.035494,0.0407,0.070868,0.224445,0.328358,0.396873,0.434364,0.010151,-0.01222,-0.06571,-0.118891,-0.167983,0.08193,0.17774,0.231035,0.261599,0.255568,0.000234,-0.000127,-0.000323,0.035592,0.037699,0.0,-0.00071,-0.002932,-0.005667,-0.00763,-0.001181,0.00154,-0.006,0.001416,0.001621,-0.432438,-0.356477,-0.125931,-0.945839,0,0,1,0,0,0,0,0,0,0,0
3708,-0.000857,-0.014856,-0.020808,-0.01807,-0.017427,-0.000452,-0.000238,-2.4e-05,0.002357,0.001786,0.015022,0.059138,0.097825,0.136559,0.164461,-0.008999,-0.017022,-0.039211,-0.063613,-0.095968,-0.003452,-0.012189,-0.015451,-0.014737,-0.014713,-0.000381,-0.0005,0.01069,0.040782,0.039401,0.082207,0.208981,0.302854,0.345636,0.364729,-0.001833,-0.050353,-0.106943,-0.159033,-0.200411,0.058907,0.121912,0.171684,0.175048,0.166568,-0.000267,0.000104,0.011348,0.03853,0.037648,-0.000144,-0.001687,-0.004396,-0.007397,-0.008316,0.00174,-0.001806,-0.002373,0.002623,0.003138,-0.431689,-0.339176,-0.127424,-0.942178,0,0,1,0,0,0,0,0,0,0,0
3709,-0.001691,-0.021889,-0.017125,-0.016911,-0.016244,-0.000119,0.000286,0.000667,0.003763,-0.000333,0.022556,0.061832,0.097606,0.141217,0.152888,-0.002715,-0.014505,-0.040324,-0.071025,-0.103513,-0.003192,-0.012219,-0.011599,-0.011314,-0.011171,-2.4e-05,-0.001358,0.035941,0.041158,0.038419,0.071621,0.17573,0.244373,0.281934,0.277838,-0.020579,-0.074169,-0.12745,-0.176635,-0.218459,0.037057,0.090453,0.121074,0.115031,0.099718,-9.4e-05,-0.00029,0.035692,0.037803,0.039083,-0.000575,-0.002826,-0.005597,-0.007586,-0.008516,0.001012,-0.006628,0.000886,0.001094,0.001798,-0.425681,-0.323686,-0.128501,-0.939219,0,0,1,0,0,0,0,0,0,0,0
3710,-0.012297,-0.018243,-0.015508,-0.014866,-0.014295,0.000333,0.000547,0.002926,0.002355,-0.004995,0.02155,0.060201,0.0989,0.126776,0.128489,-0.005304,-0.027472,-0.051852,-0.084177,-0.109532,-0.005542,-0.008801,-0.008087,-0.008063,-0.008158,-9.5e-05,0.011084,0.041149,0.039769,0.036844,0.055135,0.148921,0.191663,0.210739,0.204555,-0.027924,-0.084462,-0.136505,-0.177844,-0.207813,0.025941,0.075667,0.079028,0.070555,0.062948,0.000465,0.011699,0.038856,0.037974,0.042278,-0.000964,-0.003656,-0.006637,-0.007551,-0.007969,-0.004526,-0.005089,-0.000125,0.000386,0.001641,-0.423451,-0.319939,-0.129693,-0.939354,1,0,0,0,0,0,0,0,0,0,0
3711,-0.00784,-0.003103,-0.00289,-0.002226,-0.001919,7.1e-05,0.00045,0.003529,-0.000545,-0.008977,0.017599,0.053175,0.096543,0.108149,0.107841,-0.006443,-0.032118,-0.062649,-0.094956,-0.10706,-0.003458,-0.002842,-0.002558,-0.002416,-0.002866,-0.001232,0.03586,0.041047,0.038324,0.033184,0.048627,0.116889,0.154242,0.150168,0.147539,-0.025486,-0.078471,-0.127382,-0.168974,-0.186525,0.027267,0.057718,0.051709,0.036481,0.034566,-0.000658,0.035125,0.037224,0.038496,0.041666,-0.001229,-0.003894,-0.005807,-0.006702,-0.007127,-0.002953,0.004274,0.004473,0.005151,0.006334,-0.420534,-0.316462,-0.129582,-0.936224,1,0,0,0,0,0,0,0,0,0,0
3712,0.001908,0.004618,0.005254,0.005819,0.006196,0.000141,0.002497,0.001932,-0.005348,-0.013099,0.020779,0.059109,0.08672,0.088416,0.090819,-0.015549,-0.039697,-0.071713,-0.096827,-0.100149,0.000212,0.000919,0.000942,0.000848,0.000636,0.012298,0.042076,0.04071,0.037812,0.030014,0.044526,0.086861,0.105756,0.09963,0.09579,-0.03065,-0.082197,-0.123142,-0.152826,-0.161755,0.022132,0.025461,0.017069,0.009534,0.003752,0.011781,0.038679,0.037806,0.042068,0.041948,-0.001334,-0.004122,-0.004976,-0.005367,-0.005807,0.002318,0.00696,0.007438,0.008611,0.009185,-0.415659,-0.317391,-0.129502,-0.931241,1,0,0,0,0,0,0,0,0,0,0
3713,0.002791,0.003002,0.003659,0.003964,0.007693,0.000235,0.003283,-0.00075,-0.0091,-0.016652,0.014541,0.057483,0.068975,0.06867,0.070499,-0.009944,-0.040175,-0.072165,-0.084149,-0.085228,0.000399,0.00068,0.000821,0.000375,0.00061,0.024485,0.029621,0.026924,0.021835,0.014517,0.023265,0.060251,0.056217,0.053613,0.049744,-0.021952,-0.070382,-0.111565,-0.128944,-0.128968,0.008119,0.002169,-0.012909,-0.014805,-0.020571,0.023703,0.025782,0.027041,0.03018,0.029988,-0.001195,-0.00298,-0.003815,-0.004212,-0.004182,0.004498,0.004684,0.005317,0.006421,0.009789,-0.411915,-0.32049,-0.129514,-0.927059,1,0,0,0,0,0,0,0,0,0,0
3714,-9.4e-05,0.000538,0.001099,0.001473,0.005962,0.002104,0.001543,-0.005681,-0.013373,-0.016717,0.023544,0.050945,0.052629,0.055014,0.055224,-0.014052,-0.045825,-0.070749,-0.074045,-0.07498,0.000304,0.000327,0.000234,2.3e-05,0.000678,0.005144,0.003788,0.000912,-0.006827,-0.011901,0.018821,0.037572,0.031493,0.027682,0.025368,-0.029272,-0.069907,-0.099366,-0.108227,-0.105959,-0.004791,-0.013119,-0.020597,-0.026334,-0.02912,0.003065,0.002199,0.006429,0.006309,0.004127,-0.001474,-0.002284,-0.002655,-0.003072,-0.002885,-0.0,0.000453,0.001565,0.002109,0.005512,-0.409017,-0.322981,-0.12982,-0.92395,1,0,0,0,0,0,0,0,0,0,0
3715,0.000304,0.000958,0.001262,0.004979,0.006077,0.000935,-0.003085,-0.011407,-0.018933,-0.017835,0.019261,0.030714,0.03041,0.032233,0.031532,-0.016082,-0.047964,-0.059909,-0.060984,-0.059044,-2.3e-05,0.000117,-0.000327,-9.3e-05,0.000958,-2.3e-05,-0.002711,-0.007784,-0.015077,-0.016596,0.018045,0.014025,0.01143,0.007573,0.006942,-0.019003,-0.060049,-0.077369,-0.077393,-0.075359,-0.001141,-0.016168,-0.018058,-0.023805,-0.023743,-0.000993,0.000263,0.003391,0.003199,0.000594,-0.000272,-0.001088,-0.001476,-0.001446,-0.00144,0.000182,0.0008,0.001878,0.005168,0.004932,-0.407564,-0.327035,-0.130099,-0.922367,1,0,0,0,0,0,0,0,0,0,0
3716,0.000327,0.000888,0.001262,0.00575,0.006334,-0.001496,-0.008718,-0.016408,-0.01975,-0.018675,0.008134,0.009816,0.0122,0.012411,0.012271,-0.015683,-0.040598,-0.043894,-0.044828,-0.04165,4.7e-05,-4.7e-05,-0.000257,0.000397,0.001683,-0.001332,-0.004207,-0.011943,-0.017015,-0.016267,0.000701,-0.005376,-0.009185,-0.011499,-0.009793,-0.02162,-0.051069,-0.059927,-0.05766,-0.05392,-0.007185,-0.01466,-0.020396,-0.023181,-0.021383,0.000126,0.004355,0.004235,0.002054,0.001812,-0.000536,-0.000906,-0.001322,-0.001136,-0.001091,0.00027,0.00138,0.001922,0.005318,0.004642,-0.407863,-0.33126,-0.130399,-0.921487,1,0,0,0,0,0,0,0,0,0,0
3717,0.000326,0.00063,0.004338,0.005434,0.006903,-0.002519,-0.010821,-0.01833,-0.017234,-0.016884,0.003312,0.003008,0.004827,0.004128,0.004851,-0.016161,-0.028078,-0.029151,-0.027215,-0.025676,9.3e-05,-0.00035,-0.000117,0.000933,0.002472,-0.001353,-0.006413,-0.013689,-0.015205,-0.010331,-0.004711,-0.007299,-0.011147,-0.011777,-0.009048,-0.019379,-0.03666,-0.036683,-0.034655,-0.030177,-0.007824,-0.009709,-0.015443,-0.015381,-0.013602,0.001127,0.004248,0.004056,0.001457,0.005958,-0.000274,-0.000656,-0.000627,-0.000622,-0.000429,0.000342,0.001403,0.00464,0.004407,0.004842,-0.406864,-0.334097,-0.130398,-0.924662,1,0,0,0,0,0,0,0,0,0,0
3718,0.000233,0.000606,0.005078,0.00566,0.007616,-0.004682,-0.012345,-0.015675,-0.014604,-0.013276,-0.00163,0.000745,0.000955,0.000815,0.001491,-0.008688,-0.011972,-0.012904,-0.009736,-0.009317,-0.000186,-0.000396,0.000256,0.001537,0.003494,-0.001514,-0.009224,-0.014278,-0.013533,-0.002003,-0.001351,-0.005147,-0.007453,-0.005753,-0.003564,-0.009992,-0.01882,-0.01656,-0.012834,-0.008571,0.000365,-0.005351,-0.008126,-0.006335,-0.005091,0.003089,0.00297,0.000796,0.000555,0.010686,-8.9e-05,-0.000495,-0.000313,-0.00027,-2.3e-05,0.000745,0.001274,0.004588,0.003928,0.005065,-0.405442,-0.336053,-0.129712,-0.93072,1,0,0,0,0,0,0,0,0,0,0
3719,7e-05,0.00378,0.004877,0.006347,0.009497,-0.003617,-0.011131,-0.010034,-0.009684,-0.004154,0.00133,0.00315,0.00245,0.003173,0.004644,-0.00322,-0.004294,-0.002357,-0.000817,4.7e-05,-0.000257,-2.3e-05,0.001027,0.002567,0.00567,-0.003547,-0.010827,-0.012344,-0.007467,0.005134,-0.001237,-0.005087,-0.005717,-0.002987,0.000653,-0.00728,-0.007304,-0.005274,-0.000793,0.001867,-0.002252,-0.007989,-0.007927,-0.006147,-0.004101,2.8e-05,-0.000163,-0.002764,0.00174,0.008756,-0.000293,-0.000264,-0.000258,-6.5e-05,5.7e-05,0.000312,0.003562,0.003329,0.003765,0.004632,-0.407296,-0.336249,-0.129953,-0.934878,1,0,0,0,0,0,0,0,0,0,0
3720,0.000303,0.004785,0.005368,0.007329,0.01097,-0.004061,-0.007399,-0.006325,-0.004995,0.003711,0.00105,0.00126,0.00112,0.001797,0.002731,-7e-05,-0.001004,0.002171,0.002591,0.009826,4.7e-05,0.0007,0.001984,0.003944,0.007422,-0.004178,-0.009243,-0.008496,0.003057,0.01174,-0.002567,-0.004878,-0.003174,-0.00098,0.002147,-0.001564,0.0007,0.004435,0.008706,0.010736,-0.003475,-0.006256,-0.004461,-0.003215,-0.000656,-0.000148,-0.002326,-0.002568,0.007584,0.007542,-0.000118,6.7e-05,0.000111,0.000361,2.6e-05,0.000225,0.003587,0.002918,0.00407,0.004233,-0.406313,-0.337216,-0.129254,-0.934325,1,0,0,0,0,0,0,0,0,0,0
3721,0.003403,0.004499,0.005967,0.009114,0.013519,-0.00345,-0.002354,-0.002005,0.00352,0.009207,0.000769,7e-05,0.000792,0.002261,0.001026,-0.001002,0.000932,0.002471,0.003333,0.01839,0.000186,0.001235,0.002774,0.005874,0.007808,-0.0031,-0.004615,0.000256,0.012843,0.016782,-0.001282,-0.001911,0.000816,0.004452,0.003986,0.001538,0.003566,0.008041,0.010699,0.015267,-0.00226,-0.002198,-0.00042,0.001624,0.003242,-4.4e-05,-0.002641,0.001857,0.008866,0.006848,0.000146,0.000152,0.000344,0.000465,-0.000225,0.003003,0.002771,0.003204,0.004064,0.006317,-0.404914,-0.339668,-0.127791,-0.933118,1,0,0,0,0,0,0,0,0,0,0
3722,0.001071,0.001653,0.003609,0.00724,0.011268,0.000116,0.001187,0.002514,0.011198,0.018183,-0.000559,-0.000698,-2.3e-05,0.000908,-0.002351,7e-05,0.003236,0.003655,0.010872,0.034619,0.000466,0.001746,0.003702,0.007171,0.008009,-0.001956,-0.001211,0.010314,0.018974,0.024818,-0.001024,0.000675,0.002864,0.005983,0.003935,0.000722,0.004447,0.008707,0.010733,0.025377,-0.000516,0.001274,0.002517,0.00507,0.007147,-0.002129,-0.00237,0.007756,0.007714,0.00622,3.7e-05,8e-05,0.000326,-3e-06,-0.000599,0.000325,-0.000332,0.0008,0.00096,0.003977,-0.402386,-0.350949,-0.126944,-0.936078,1,0,0,0,0,0,0,0,0,0,0
3723,2.3e-05,0.001488,0.004627,0.009022,0.011766,0.000977,0.001325,0.006836,0.01251,0.029857,-0.00014,0.000581,0.002046,0.000814,-0.010603,0.00186,0.003395,0.004255,0.019277,0.055597,0.000581,0.002116,0.005209,0.007139,0.008208,0.000442,0.005302,0.017858,0.021788,0.035995,0.000395,0.003116,0.006743,0.006278,0.001604,0.001302,0.005767,0.008418,0.012975,0.044971,0.000578,0.002351,0.00439,0.006005,0.013168,-0.000465,0.004022,0.011014,0.009002,0.005698,-3.1e-05,0.000158,0.000277,-0.000401,-0.00064,-0.000551,-0.000125,0.000721,0.002937,0.004219,-0.39897,-0.368864,-0.125131,-0.944227,1,0,0,0,0,0,0,0,0,0,0
3724,0.000557,0.002506,0.006127,0.010142,0.018287,9.3e-05,0.001416,0.010072,0.017034,0.029427,0.0,0.000673,0.001601,-0.001648,-0.024948,0.0013,0.001717,0.008912,0.032583,0.07844,0.000696,0.002646,0.006103,0.006939,0.00912,0.000302,0.011789,0.020422,0.026247,0.040334,0.0013,0.003481,0.006591,0.004549,-0.00912,0.002414,0.00666,0.008679,0.023277,0.075911,0.001208,0.002447,0.004992,0.007063,0.015982,0.000224,0.010318,0.010276,0.008787,0.009854,7.3e-05,0.000313,-9e-06,-0.000592,0.0,-0.0001,0.001008,0.001164,0.004115,0.009936,-0.388897,-0.400422,-0.12536,-0.948097,1,0,0,0,0,0,0,0,0,0,0
3725,0.000904,0.004033,0.008414,0.011149,0.027999,0.000255,0.005748,0.011404,0.028694,0.035231,0.000719,0.002179,0.00095,-0.01043,-0.038684,0.000232,0.001089,0.016062,0.052266,0.099016,0.000834,0.003917,0.005841,0.006907,0.011102,0.004543,0.017059,0.020976,0.035138,0.043134,0.001414,0.00503,0.004566,-9.3e-05,-0.020095,0.00204,0.004682,0.009225,0.041118,0.12676,0.000561,0.002594,0.004203,0.011343,0.017849,0.00425,0.011219,0.009213,0.005919,0.006165,0.000112,0.000229,-0.000434,-0.000668,0.002448,0.000516,0.001342,0.003509,0.004763,0.016907,-0.378282,-0.452027,-0.124999,-0.948806,1,0,0,0,0,0,0,0,0,0,0
3726,0.001042,0.004652,0.008656,0.01678,0.026293,0.001065,0.009698,0.016641,0.029001,0.046105,-4.6e-05,0.00088,-0.002361,-0.025598,-0.050572,0.000185,0.00736,0.030968,0.076702,0.131232,0.001111,0.00456,0.005393,0.007568,0.01229,0.00692,0.01553,0.02134,0.035389,0.036731,0.000764,0.003865,0.001828,-0.011804,-0.031199,0.002199,0.004212,0.018771,0.071263,0.166366,0.000675,0.003213,0.005278,0.014174,0.019112,0.005824,0.005782,0.004297,0.005361,-0.010781,0.000125,-0.000191,-0.000763,-0.000182,0.003071,0.000576,0.00073,0.003625,0.009339,0.012841,-0.365778,-0.489202,-0.123146,-0.943518,1,0,0,0,0,0,0,0,0,0,0
3727,0.002082,0.006453,0.009183,0.025998,0.028403,0.004418,0.010061,0.027316,0.033839,0.060947,0.001503,0.000278,-0.011079,-0.039274,-0.066082,0.000671,0.015613,0.051741,0.098394,0.154114,0.001966,0.003886,0.00495,0.009136,0.013716,0.005574,0.009483,0.023616,0.031595,0.029421,0.002845,0.002382,-0.002267,-0.022228,-0.058241,0.000439,0.004973,0.0368,0.122264,0.214159,0.001353,0.002959,0.010084,0.016576,0.010466,0.001135,-0.000867,-0.004154,-0.003908,-0.032889,-9e-06,-0.000663,-0.000893,0.002178,0.005113,0.000241,0.002376,0.003612,0.01558,0.011567,-0.338109,-0.531773,-0.122115,-0.937355,1,0,0,0,0,0,0,0,0,0,0
3728,0.001526,0.005527,0.013645,0.023151,0.026735,0.004209,0.011147,0.023497,0.040589,0.076367,-0.000578,-0.003816,-0.027036,-0.05199,-0.082079,0.006499,0.030089,0.075788,0.130277,0.162285,0.00148,0.002313,0.004487,0.009205,0.017484,0.00303,0.008835,0.022873,0.024214,0.024145,0.000254,-0.001781,-0.015403,-0.034784,-0.11048,0.001573,0.01612,0.068573,0.163603,0.26911,0.001183,0.003246,0.012135,0.01707,-0.013568,-0.001177,-0.002661,-0.001597,-0.017727,-0.052931,-0.000305,-0.000874,-0.000296,0.002939,0.008327,-8.8e-05,0.002792,0.008475,0.011959,0.006913,-0.288768,-0.583501,-0.125302,-0.938694,1,0,0,0,0,0,0,0,0,0,0
3729,0.002842,0.005568,0.022362,0.024765,0.025019,0.001432,0.018666,0.025181,0.052256,0.073071,-0.000647,-0.01199,-0.040151,-0.066926,-0.097489,0.008432,0.044517,0.091113,0.146765,0.168943,0.000439,0.001502,0.005683,0.010257,0.017326,0.000878,0.014993,0.022963,0.020792,0.018874,-0.000716,-0.00536,-0.025296,-0.061266,-0.149999,0.002957,0.034745,0.120106,0.211889,0.323123,0.000423,0.007539,0.014023,0.00792,-0.018044,-0.000824,-0.004107,-0.003862,-0.032808,-0.054721,-0.000346,-0.000574,0.002471,0.005381,0.010828,0.002205,0.00343,0.015297,0.011318,0.005963,-0.250137,-0.635364,-0.124751,-0.936373,1,0,0,0,0,0,0,0,0,0,0
3730,0.001154,0.009258,0.018747,0.022326,0.02221,0.005495,0.017824,0.034886,0.070603,0.069587,-0.002586,-0.025766,-0.050678,-0.080715,-0.11791,0.015123,0.060744,0.115139,0.147093,0.159514,0.000392,0.002563,0.007273,0.015538,0.022395,0.004918,0.018932,0.020271,0.020202,0.017778,-0.001316,-0.014915,-0.034262,-0.109829,-0.181701,0.011567,0.06393,0.158798,0.264125,0.364949,0.001638,0.010512,0.015437,-0.015148,-0.001607,-0.000658,0.000404,-0.015699,-0.050842,-0.051426,-0.000219,0.000353,0.00355,0.008873,0.013463,0.00065,0.006266,0.009708,0.004722,0.000987,-0.216591,-0.679822,-0.128147,-0.936115,1,0,0,0,0,0,0,0,0,0,0
3731,0.001569,0.018346,0.020746,0.021,0.021046,0.011723,0.01823,0.045276,0.066068,0.067176,-0.008746,-0.036876,-0.063622,-0.094152,-0.127844,0.02093,0.067476,0.123067,0.145221,0.151682,0.000669,0.004846,0.009415,0.016477,0.023492,0.009184,0.017146,0.014977,0.013061,0.014769,-0.003323,-0.023238,-0.059168,-0.147805,-0.223174,0.020192,0.10546,0.197143,0.308257,0.415009,0.005472,0.011949,0.005852,-0.020083,0.014313,-0.002622,-0.002377,-0.031291,-0.053181,-0.051743,-9e-06,0.003013,0.005901,0.011307,0.017925,0.000568,0.012345,0.008396,0.003082,-0.000535,-0.169022,-0.742412,-0.12685,-0.933408,1,0,0,0,0,0,0,0,0,0,0
3732,0.006529,0.01601,0.019586,0.019471,0.019194,0.0006,0.017648,0.053338,0.052322,0.05343,-0.014419,-0.039311,-0.069325,-0.106491,-0.125523,0.024662,0.079014,0.110943,0.123355,0.128661,0.0015,0.006206,0.014465,0.021317,0.022332,0.004822,0.00616,0.00609,0.003668,0.005375,-0.010266,-0.029599,-0.105106,-0.176923,-0.262028,0.032136,0.12693,0.232175,0.332921,0.438005,0.003397,0.008319,-0.022243,-0.008712,0.026963,0.003682,-0.012408,-0.047524,-0.048107,-0.047349,0.000577,0.003757,0.009051,0.013615,0.023202,0.005018,0.008442,0.003483,-0.000231,-0.000868,-0.123943,-0.784082,-0.125316,-0.930248,1,0,0,0,0,0,0,0,0,0,0
3733,0.010254,0.012656,0.01291,0.012956,0.012494,0.005912,0.03298,0.053788,0.054897,0.046282,-0.013718,-0.040486,-0.07104,-0.104759,-0.117762,0.021894,0.07753,0.099701,0.106168,0.104136,0.002679,0.007252,0.014319,0.02134,0.020531,0.003141,0.00097,-0.000947,0.000762,-0.002748,-0.009654,-0.045613,-0.134321,-0.209749,-0.300166,0.053165,0.144921,0.256124,0.362962,0.438967,0.003082,-0.00302,-0.028976,0.005447,0.036698,-0.00344,-0.032378,-0.054285,-0.052846,-0.047828,0.002457,0.005362,0.010798,0.017453,0.02919,0.006786,0.002815,-0.002528,-0.006166,-0.005624,-0.07292,-0.815497,-0.124116,-0.928157,1,0,0,0,0,0,0,0,0,0,0
3734,-0.000764,0.002823,0.002707,0.00243,0.002129,0.011176,0.046973,0.045955,0.047065,0.038596,-0.011223,-0.041327,-0.078604,-0.097694,-0.1141,0.03258,0.064605,0.077054,0.082376,0.083464,0.002036,0.01032,0.017193,0.018211,0.015897,-0.001805,-0.001874,-0.004304,-0.002592,-0.005993,-0.009719,-0.085454,-0.157486,-0.242847,-0.334317,0.041813,0.147374,0.248424,0.353824,0.440365,0.001849,-0.028805,-0.015233,0.02055,0.075722,-0.012691,-0.047913,-0.048498,-0.047737,-0.04296,0.000757,0.006164,0.010825,0.020616,0.035888,-0.003382,-0.008446,-0.012239,-0.012889,-0.011386,-0.026433,-0.868401,-0.120919,-0.929553,1,0,0,0,0,0,0,0,0,0,0
3735,0.003174,0.003428,0.003475,0.003011,0.002988,0.015961,0.036833,0.037945,0.029304,0.023397,-0.015613,-0.046261,-0.080082,-0.093124,-0.111656,0.023188,0.045427,0.051913,0.049875,0.048624,0.002548,0.009637,0.016679,0.015868,0.01193,-0.000371,-0.002293,-0.000579,-0.0041,-0.004262,-0.026339,-0.115316,-0.190974,-0.281665,-0.375091,0.050176,0.161716,0.268878,0.345115,0.422185,-0.007971,-0.034006,0.000522,0.031867,0.093234,-0.01632,-0.038294,-0.03685,-0.031817,-0.02659,0.002204,0.007757,0.014555,0.026543,0.04843,-0.000648,-0.006106,-0.009822,-0.009268,-0.006581,0.026729,-0.890245,-0.116876,-0.929156,1,0,0,0,0,0,0,0,0,0,0
3736,0.000417,0.000301,2.3e-05,-0.000278,0.000417,0.019874,0.018855,0.019966,0.011489,0.007366,-0.014523,-0.051839,-0.070948,-0.08737,-0.103167,0.008871,0.021333,0.02666,0.027749,0.032636,0.005744,0.012624,0.013643,0.011327,0.006949,0.000301,-0.002131,-0.000417,-0.003822,-0.002895,-0.049476,-0.121582,-0.20703,-0.298593,-0.392124,0.055498,0.156651,0.262157,0.348787,0.416631,-0.022715,-0.009129,0.02669,0.081918,0.137204,-0.018939,-0.019524,-0.018763,-0.013982,-0.009551,0.003243,0.007938,0.017798,0.03318,0.061784,-0.004453,-0.008273,-0.008928,-0.007414,-0.004017,0.073731,-0.936543,-0.110129,-0.929287,1,0,0,0,0,0,0,0,0,0,0
3737,-0.000163,-0.000116,-0.000582,-0.000606,0.000186,0.001002,0.00212,-0.00657,-0.012512,-0.010624,-0.016216,-0.050233,-0.06335,-0.081989,-0.094291,0.013444,0.019967,0.017917,0.016659,0.022414,0.001351,0.008434,0.007619,0.003658,-0.001817,-0.002237,-0.000513,-0.004054,-0.004217,-0.000233,-0.039725,-0.115819,-0.207035,-0.301,-0.380916,0.05636,0.164142,0.240819,0.318335,0.369965,-0.003337,0.03139,0.062916,0.124638,0.170351,-0.003051,-0.001599,0.003463,0.008721,0.010123,0.002402,0.00948,0.021962,0.04475,0.078237,-0.001043,-0.004912,-0.004335,-0.001538,0.002557,0.113259,-0.945134,-0.103301,-0.930617,1,0,0,0,0,0,0,0,0,0,0
3738,4.7e-05,-0.000235,-0.00054,0.000164,0.000611,-0.002044,-0.000916,-0.009517,-0.013699,-0.004911,-0.021501,-0.040887,-0.057547,-0.073572,-0.081797,-0.000916,0.004488,0.005593,0.010551,0.008201,0.005616,0.00665,0.0043,-0.000141,-0.008318,-0.000211,0.001527,-0.001927,-0.000987,0.005875,-0.033085,-0.11977,-0.212657,-0.307542,-0.364149,0.045774,0.152808,0.24069,0.309516,0.316824,0.017148,0.053485,0.109513,0.165598,0.178178,0.002483,0.003255,0.008106,0.0126,0.009822,0.002642,0.013546,0.030554,0.062184,0.091115,-0.003117,-0.003841,-0.002167,0.001589,0.007166,0.134113,-0.945191,-0.095716,-0.930801,1,0,0,0,0,0,0,0,0,0,0
3739,0.0,-0.000472,-0.000496,0.000307,0.000708,0.003187,-0.005618,-0.011637,-0.009725,0.005146,-0.012864,-0.026153,-0.045037,-0.0575,-0.064416,0.00753,0.005453,0.004178,0.010008,0.010881,0.001534,0.000708,-0.003305,-0.008852,-0.017278,0.001959,-0.001629,-0.001794,0.002242,0.014847,-0.043856,-0.136266,-0.231462,-0.312424,-0.355407,0.063212,0.140893,0.219424,0.27173,0.284807,0.017957,0.049896,0.112426,0.158737,0.175011,-0.001023,0.004106,0.009432,0.010853,0.007782,0.005026,0.018698,0.043658,0.080338,0.103694,-0.00102,-0.000389,0.002676,0.007161,0.012925,0.157581,-0.960077,-0.091876,-0.93453,1,0,0,0,0,0,0,0,0,0,0
3740,-0.000284,-0.000591,0.000118,0.000568,0.000639,-0.002058,-0.010715,-0.014925,-0.006079,0.009201,-0.006623,-0.023393,-0.039524,-0.047802,-0.05504,-0.002105,-0.000993,0.003997,0.001632,0.002507,-0.000497,-0.002862,-0.007332,-0.015563,-0.023937,-0.000213,-0.00369,-0.002744,0.004163,0.018828,-0.043308,-0.136807,-0.232317,-0.289297,-0.328324,0.044396,0.132857,0.202136,0.209492,0.211101,0.018583,0.074979,0.131434,0.144097,0.149559,0.001802,0.006685,0.011209,0.008413,0.007115,0.006317,0.024125,0.057242,0.087533,0.1107,0.000277,0.00203,0.005962,0.011802,0.017425,0.173923,-0.949709,-0.086613,-0.933959,1,0,0,0,0,0,0,0,0,0,0
3741,-0.000189,-0.000213,0.000592,0.000994,-0.000426,-0.006769,-0.012804,-0.010887,0.004023,0.016661,-0.006698,-0.025631,-0.038127,-0.045062,-0.05325,2.4e-05,-0.001254,0.004591,0.005467,0.004639,-0.000331,-0.004355,-0.009916,-0.018365,-0.030104,-0.003384,-0.00355,0.000497,0.013135,0.023974,-0.049322,-0.14477,-0.225947,-0.269045,-0.302107,0.033465,0.112204,0.16465,0.177762,0.15639,0.01343,0.076126,0.12256,0.138877,0.123228,0.003339,0.00868,0.010103,0.007025,0.004493,0.007585,0.033013,0.07038,0.094175,0.114362,0.000365,0.003487,0.008056,0.013928,0.020704,0.189547,-0.934927,-0.079907,-0.931743,1,0,0,0,0,0,0,0,0,0,0
3742,-0.000119,0.000594,0.001046,0.001117,-0.002638,-0.001901,-0.006132,0.002757,0.018111,0.027262,-0.010125,-0.026335,-0.034653,-0.041926,-0.049936,0.001093,0.006108,0.003732,0.004611,0.004706,-0.002044,-0.006536,-0.014807,-0.023221,-0.038124,-9.5e-05,0.000856,0.007796,0.022532,0.029282,-0.044422,-0.140396,-0.197653,-0.23687,-0.260258,0.055284,0.1249,0.132292,0.133908,0.116034,0.043183,0.099912,0.112637,0.118126,0.103663,0.001553,0.006099,0.00329,0.001985,-0.001076,0.010609,0.044871,0.076208,0.100176,0.113096,0.001438,0.005506,0.011547,0.017365,0.02477,0.193909,-0.927693,-0.071967,-0.930592,1,0,0,0,0,0,0,0,0,0,0
3743,9.6e-05,0.000907,0.001313,-0.000119,-0.009026,-0.004179,-0.002245,0.012799,0.02555,0.030469,-0.00893,-0.021538,-0.028534,-0.036796,-0.044509,-0.002388,0.00351,0.004394,0.003558,0.004417,-0.002006,-0.007617,-0.016142,-0.027985,-0.04353,-7.2e-05,0.004012,0.016762,0.027699,0.029227,-0.051672,-0.133574,-0.177057,-0.210414,-0.226652,0.023902,0.076816,0.090045,0.068483,0.058167,0.019872,0.066721,0.083183,0.067394,0.058427,0.003828,0.005264,0.002158,-0.000396,-0.004133,0.016102,0.055869,0.081191,0.102675,0.109664,0.001837,0.0067,0.012949,0.02016,0.024585,0.200456,-0.924749,-0.067058,-0.92868,1,0,0,0,0,0,0,0,0,0,0
3744,0.000621,0.001075,0.001147,-0.002627,-0.014929,-7.2e-05,0.008862,0.024292,0.033489,0.034755,-0.007357,-0.015717,-0.023026,-0.031076,-0.040774,0.007429,0.00504,0.005924,0.006019,0.009841,-0.002508,-0.010821,-0.019276,-0.034253,-0.046602,0.001027,0.008002,0.022811,0.029595,0.028281,-0.044763,-0.102305,-0.141718,-0.165222,-0.178813,0.046053,0.053482,0.055106,0.037143,0.032079,0.037133,0.049921,0.055438,0.040902,0.033152,0.000739,-0.002084,-0.003395,-0.006472,-0.009051,0.019335,0.051783,0.0766,0.089979,0.093708,0.00237,0.008626,0.01465,0.022317,0.022276,0.198901,-0.923082,-0.064604,-0.927091,1,0,0,0,0,0,0,0,0,0,0
3745,0.000192,0.000599,-0.000838,-0.00977,-0.020235,0.002011,0.017098,0.029885,0.034818,0.036542,-0.005268,-0.012284,-0.02057,-0.028305,-0.036446,-0.001533,-0.000647,-0.001485,-0.000623,0.005484,-0.003113,-0.011662,-0.023539,-0.039128,-0.049066,0.003065,0.015852,0.02682,0.028353,0.025575,-0.037261,-0.080867,-0.11432,-0.130604,-0.137979,0.006897,0.020163,-0.001461,-0.011806,-0.016475,0.009756,0.026266,0.010432,0.001439,-0.009207,0.000699,-0.002416,-0.004977,-0.008725,-0.013197,0.020891,0.046724,0.068641,0.075771,0.076822,0.002549,0.008923,0.016279,0.020794,0.020294,0.195945,-0.921514,-0.066086,-0.924861,1,0,0,0,0,0,0,0,0,0,0
3746,0.000264,0.000336,-0.003455,-0.015813,-0.026443,0.006959,0.02246,0.031698,0.03297,0.038657,-0.003119,-0.010462,-0.018549,-0.028291,-0.036209,-0.000864,2.4e-05,0.00012,0.003959,0.01195,-0.005231,-0.013725,-0.028771,-0.041176,-0.052406,0.003935,0.018812,0.025627,0.024307,0.02222,-0.020468,-0.060061,-0.083672,-0.097326,-0.102845,0.000552,0.002184,-0.015861,-0.020948,-0.02054,0.00307,0.008612,-0.00599,-0.013775,-0.02171,-0.003537,-0.004854,-0.007945,-0.010536,-0.01833,0.012308,0.037929,0.051741,0.055592,0.055352,0.003873,0.010093,0.018008,0.017965,0.018114,0.190207,-0.924537,-0.07001,-0.927607,1,0,0,0,0,0,0,0,0,0,0
3747,0.000144,-0.001295,-0.010241,-0.020721,-0.034392,0.008154,0.020961,0.025902,0.027628,0.029715,-0.003909,-0.012207,-0.019954,-0.028108,-0.035351,0.001751,0.000911,0.001775,0.00789,0.014198,-0.003334,-0.015229,-0.030842,-0.040795,-0.056552,0.008874,0.019858,0.021393,0.018611,0.00813,-0.023215,-0.05672,-0.073028,-0.080415,-0.079959,0.012735,-0.008922,-0.019282,-0.023959,-0.022232,0.013466,-0.002392,-0.011399,-0.022061,-0.028316,0.000416,-0.002149,-0.005903,-0.010382,-0.023032,0.013848,0.036,0.043207,0.044269,0.040764,0.002584,0.010019,0.014582,0.014078,0.014975,0.181462,-0.92589,-0.070678,-0.923141,1,0,0,0,0,0,0,0,0,0,0
3748,-7.2e-05,-0.003869,-0.016246,-0.026892,-0.04547,0.007354,0.016606,0.01788,0.023576,0.021317,-0.003437,-0.011536,-0.021293,-0.029224,-0.034511,-0.000865,-0.000769,0.003076,0.011079,0.013723,-0.005167,-0.020235,-0.03266,-0.043907,-0.060778,0.006008,0.012833,0.011512,0.009421,-0.003749,-0.01639,-0.040038,-0.053713,-0.05924,-0.053785,-0.011127,-0.0292,-0.034294,-0.033886,-0.034246,-0.007943,-0.022568,-0.030365,-0.038312,-0.043652,-0.001736,-0.004831,-0.007425,-0.015232,-0.026044,0.01185,0.025812,0.029705,0.029462,0.024223,0.003665,0.011667,0.011624,0.011774,0.01058,0.173252,-0.929675,-0.072137,-0.92627,1,0,0,0,0,0,0,0,0,0,0
3749,-0.001371,-0.01034,-0.020848,-0.034554,-0.054007,0.005482,0.010436,0.012167,0.014259,0.013658,-0.004881,-0.012648,-0.020824,-0.028085,-0.03376,2.4e-05,0.00089,0.007021,0.013345,0.017121,-0.006757,-0.022411,-0.03239,-0.048188,-0.065332,0.005002,0.00654,0.003751,-0.006757,-0.010388,-0.017193,-0.033544,-0.04095,-0.040493,-0.03388,-0.01058,-0.020968,-0.025657,-0.023925,-0.022411,-0.007952,-0.016982,-0.027672,-0.033944,-0.038776,-0.000835,-0.004599,-0.00909,-0.021772,-0.024691,0.010666,0.018005,0.019087,0.015517,0.009481,0.003893,0.00854,0.008026,0.008941,0.007546,0.159618,-0.930115,-0.074007,-0.930879,1,0,0,0,0,0,0,0,0,0,0
3750,-0.002418,-0.014746,-0.025351,-0.043856,-0.063749,0.003758,0.005027,0.010701,0.00845,0.007948,-0.003208,-0.012927,-0.020827,-0.026093,-0.032916,7.2e-05,0.003902,0.011874,0.014507,0.026165,-0.008283,-0.020659,-0.031862,-0.048667,-0.066789,0.001819,0.000503,-0.00158,-0.014698,-0.016374,-0.00644,-0.020061,-0.025567,-0.020132,-0.0158,-0.007469,-0.012544,-0.012137,-0.012496,0.000766,-0.006651,-0.014418,-0.022334,-0.027653,-0.028317,-0.002251,-0.004836,-0.012612,-0.023383,-0.024458,0.003247,0.007034,0.006799,0.001701,-0.003922,0.004012,0.00397,0.004117,0.002955,0.001976,0.147917,-0.939584,-0.077834,-0.934285,1,0,0,0,0,0,0,0,0,0,0
3751,-0.006516,-0.016986,-0.030641,-0.050023,-0.073884,0.001174,0.002899,0.004983,0.004384,0.004312,-0.004528,-0.012673,-0.019908,-0.025562,-0.034786,0.000791,0.0069,0.0132,0.016962,0.027982,-0.007307,-0.017249,-0.032989,-0.05007,-0.065475,-0.000287,-0.003067,-0.013536,-0.017153,-0.01919,-0.009846,-0.017225,-0.01677,-0.010182,-0.006085,-0.002875,-0.007547,-0.005822,-0.004312,0.015165,-0.00234,-0.012991,-0.01924,-0.024054,-0.018182,-0.001497,-0.005971,-0.018607,-0.021514,-0.022971,0.003888,0.004942,0.001463,-0.004419,-0.011943,0.000495,-6e-06,0.000885,-0.000474,-0.005064,0.135942,-0.945029,-0.080496,-0.936273,1,0,0,0,0,0,0,0,0,0,0
3752,-0.005824,-0.016441,-0.034967,-0.054883,-0.076909,9.6e-05,0.005776,0.003523,0.00302,0.00314,-0.005201,-0.01311,-0.018382,-0.025213,-0.036645,0.003044,0.011025,0.013661,0.025333,0.029383,-0.005081,-0.016297,-0.033122,-0.051264,-0.065644,-0.001031,-0.003116,-0.016249,-0.017927,-0.019077,-0.003787,-0.009299,-0.003859,0.000479,0.005632,-0.002205,-0.001797,-0.002157,0.01112,0.029647,-0.005434,-0.01336,-0.018685,-0.01935,-0.007823,-0.001091,-0.008875,-0.019658,-0.020735,-0.021502,-8e-05,-0.000318,-0.005457,-0.011126,-0.021234,-0.000539,-0.000391,-0.001562,-0.002549,-0.006678,0.124848,-0.953119,-0.085107,-0.939847,1,0,0,0,0,0,0,0,0,0,0
3753,-0.004657,-0.018342,-0.037764,-0.061675,-0.081841,0.001632,0.003721,0.003121,0.003049,0.003361,-0.002953,-0.010203,-0.015869,-0.025112,-0.037019,0.003073,0.009387,0.013156,0.024199,0.028761,-0.004873,-0.020646,-0.037764,-0.0532,-0.07075,-0.001753,-0.012244,-0.015869,-0.017909,-0.018078,-0.003601,-0.003145,0.003457,0.007562,0.010875,-0.002473,-0.000744,0.000768,0.020286,0.033898,-0.00523,-0.011492,-0.016316,-0.010431,-0.003724,-0.003391,-0.016054,-0.018967,-0.020427,-0.020716,0.001151,-0.002379,-0.008348,-0.015983,-0.025417,3.7e-05,0.000941,-0.000438,-0.005096,-0.006522,0.114028,-0.952033,-0.088593,-0.942659,1,0,0,0,0,0,0,0,0,0,0
3754,-0.005997,-0.024614,-0.044627,-0.06676,-0.087689,0.00407,0.001806,0.001301,0.001421,0.004022,-0.004985,-0.010284,-0.017148,-0.028635,-0.0414,0.004937,0.007586,0.019315,0.023385,0.033597,-0.006382,-0.023289,-0.04152,-0.05597,-0.074756,-0.000337,-0.013535,-0.015221,-0.016377,-0.01551,-0.001927,0.00354,0.007899,0.013077,0.01433,0.00289,0.002529,0.015871,0.034488,0.044627,-0.002717,-0.008069,-0.008737,0.002846,0.000973,-0.004421,-0.015256,-0.016338,-0.017109,-0.018673,-0.001423,-0.006741,-0.012606,-0.023065,-0.031312,0.000115,-0.001096,-0.002118,-0.00639,-0.007628,0.104615,-0.957244,-0.092727,-0.946165,1,0,0,0,0,0,0,0,0,0,0
3755,-0.00776,-0.027317,-0.051395,-0.071702,-0.095007,-0.001982,-0.002587,-0.002659,-0.002345,0.001813,-0.002297,-0.008002,-0.017309,-0.0293,-0.043539,0.001402,0.005198,0.016318,0.020911,0.033796,-0.009476,-0.026713,-0.042257,-0.059929,-0.080768,-0.010226,-0.013876,-0.015931,-0.0161,-0.014867,0.002393,0.009041,0.013175,0.016511,0.016076,-0.00116,0.000363,0.020017,0.033724,0.04158,-0.003578,-0.008436,-0.00251,0.004244,-0.002322,-0.008313,-0.011247,-0.012717,-0.013008,-0.01573,-0.002245,-0.008511,-0.016527,-0.026431,-0.034263,0.000831,-0.000617,-0.005507,-0.007004,-0.008491,0.096572,-0.954085,-0.093772,-0.949834,1,0,0,0,0,0,0,0,0,0,0
3756,-0.010993,-0.031204,-0.053556,-0.074691,-0.100593,-0.000292,-0.000803,-0.000681,0.001946,0.004159,-0.00304,-0.009972,-0.021573,-0.034463,-0.049883,0.001265,0.013109,0.01722,0.027532,0.037504,-0.00754,-0.025951,-0.040544,-0.059514,-0.083155,-0.00304,-0.004743,-0.00591,-0.005035,-0.005886,0.003113,0.007515,0.012744,0.014009,0.011334,0.000803,0.014277,0.033077,0.043316,0.053385,-0.001805,-0.00248,0.009218,0.007326,0.006169,-0.002579,-0.003671,-0.00445,-0.006029,-0.008896,-0.003354,-0.009636,-0.02084,-0.029673,-0.037259,-0.002165,-0.003259,-0.007835,-0.009161,-0.010569,0.090238,-0.961706,-0.094918,-0.95135,1,0,0,0,0,0,0,0,0,0,0
3757,-0.008745,-0.033141,-0.053717,-0.07733,-0.103246,-0.000318,-0.000392,-7.3e-05,0.00414,0.004458,-0.002719,-0.012149,-0.024299,-0.038726,-0.054305,0.002572,0.01384,0.018494,0.031549,0.042058,-0.009871,-0.025622,-0.043527,-0.064642,-0.087103,-0.000637,-0.002719,-0.00289,-0.001641,-0.006222,0.003601,0.007789,0.01117,0.010729,0.005217,0.000735,0.020649,0.034538,0.042498,0.054525,-0.003105,0.0029,0.009743,0.00309,0.003727,-0.000375,-0.001865,-0.00216,-0.004917,-0.009499,-0.003346,-0.012134,-0.022994,-0.031581,-0.037979,0.000688,-0.004674,-0.006315,-0.007946,-0.010162,0.083958,-0.959254,-0.097595,-0.951998,1,0,0,0,0,0,0,0,0,0,0
3758,-0.011678,-0.034318,-0.055727,-0.081965,-0.106256,-0.000197,-7.4e-05,0.002587,0.004829,0.00473,-0.004287,-0.016038,-0.029095,-0.044715,-0.060186,0.009411,0.013575,0.02402,0.034121,0.045454,-0.008721,-0.023503,-0.042719,-0.066666,-0.084946,-0.001084,-0.002267,-0.00138,-0.002242,-0.007908,0.000838,0.006134,0.007415,0.004706,-4.9e-05,0.012909,0.031953,0.042325,0.052524,0.054988,0.002439,0.014288,0.012372,0.0112,0.001576,-0.000729,-0.001518,-0.003117,-0.006021,-0.011006,-0.003391,-0.015651,-0.025316,-0.033616,-0.039921,-0.001913,-0.006921,-0.008371,-0.009912,-0.013656,0.074855,-0.95703,-0.103189,-0.95498,1,0,0,0,0,0,0,0,0,0,0
3759,-0.012927,-0.033729,-0.057602,-0.083803,-0.108914,0.000124,0.000446,0.004705,0.005027,0.004903,-0.005225,-0.017508,-0.032095,-0.047845,-0.06518,0.001932,0.006637,0.019836,0.03046,0.042619,-0.007157,-0.02526,-0.046607,-0.069315,-0.084347,-0.001015,-0.001189,7.4e-05,-0.004557,-0.007652,0.003393,0.00681,0.006364,0.000792,-0.004532,0.007157,0.021198,0.029247,0.041406,0.047721,0.003619,0.010538,0.003812,0.004455,-0.002127,-0.000773,-0.001071,-0.003859,-0.008491,-0.010411,-0.005972,-0.017696,-0.026967,-0.033874,-0.041114,-0.003804,-0.005576,-0.007337,-0.00973,-0.015763,0.069272,-0.960524,-0.108168,-0.958851,1,0,0,0,0,0,0,0,0,0,0
3760,-0.009875,-0.031492,-0.057984,-0.082511,-0.107336,0.0,0.002687,0.00495,0.004851,0.004577,-0.006617,-0.019801,-0.035571,-0.051193,-0.068581,0.002264,0.012811,0.023009,0.034452,0.054476,-0.007736,-0.027139,-0.051317,-0.069775,-0.083182,-0.000174,0.000721,-0.000149,-0.005871,-0.010597,0.00194,0.003234,0.000498,-0.004303,-0.009726,0.01204,0.022512,0.03281,0.035298,0.047337,0.008329,0.006394,0.005211,-0.004507,-0.013056,-2e-05,-0.001635,-0.004567,-0.0096,-0.012721,-0.006955,-0.017296,-0.026176,-0.032922,-0.040019,-0.001432,-0.002984,-0.004633,-0.008638,-0.015675,0.061751,-0.964656,-0.115575,-0.958889,1,0,0,0,0,0,0,0,0,0,0
3761,-0.011073,-0.035167,-0.061612,-0.086956,-0.105102,0.000325,0.004624,0.004949,0.004824,0.00165,-0.005749,-0.020471,-0.036367,-0.053863,-0.06901,0.002474,0.015797,0.026519,0.038792,0.059887,-0.010498,-0.032043,-0.054963,-0.070135,-0.080558,0.0,0.001275,-0.003399,-0.006524,-0.020171,0.0015,0.00105,-0.004574,-0.009948,-0.015647,0.002075,0.010198,0.02247,0.028844,0.041991,-0.001386,-0.008174,-0.007525,-0.014168,-0.022475,-0.000281,-0.003095,-0.00777,-0.009708,-0.019134,-0.005317,-0.015208,-0.022578,-0.030302,-0.035832,-0.00041,-0.002288,-0.004841,-0.011278,-0.016613,0.057484,-0.971844,-0.122312,-0.953443,1,0,0,0,0,0,0,0,0,0,0
3762,-0.010707,-0.037473,-0.062254,-0.087337,-0.099803,0.002388,0.004675,0.004574,0.004298,2.5e-05,-0.00754,-0.023474,-0.039258,-0.056825,-0.067783,0.008168,0.018473,0.030034,0.050266,0.06439,-0.009048,-0.033477,-0.052126,-0.065672,-0.074192,0.000905,2.5e-05,-0.005755,-0.010531,-0.027244,-0.000201,-0.002966,-0.007816,-0.013295,-0.020961,0.008495,0.0189,0.021413,0.033578,0.046018,-0.000562,-0.001757,-0.011575,-0.020213,-0.021998,-0.001349,-0.004312,-0.009398,-0.012551,-0.02435,-0.005589,-0.015133,-0.022384,-0.030013,-0.031975,-0.001242,-0.003014,-0.007319,-0.014884,-0.018097,0.054238,-0.978142,-0.12699,-0.949744,1,0,0,0,0,0,0,0,0,0,0
3763,-0.013608,-0.040369,-0.066017,-0.08438,-0.095358,0.001948,0.002276,0.00215,-0.001062,-0.00301,-0.00731,-0.023397,-0.041102,-0.05643,-0.066396,0.005261,0.016112,0.028531,0.049879,0.060604,-0.012697,-0.035892,-0.051245,-0.061793,-0.068749,0.000379,-0.004351,-0.007512,-0.021323,-0.032073,-0.000253,-0.005944,-0.011382,-0.017149,-0.023675,-0.000329,0.01209,0.01854,0.031845,0.039737,-0.006305,-0.005648,-0.01237,-0.020777,-0.023692,-0.001489,-0.006221,-0.008182,-0.017721,-0.025866,-0.004906,-0.012916,-0.021311,-0.027322,-0.029392,-0.000743,-0.003518,-0.010514,-0.016312,-0.019225,0.050304,-0.976046,-0.129889,-0.94514,1,0,0,0,0,0,0,0,0,0,0
3764,-0.013414,-0.038512,-0.063914,-0.07654,-0.085856,0.000356,0.000255,-2.5e-05,-0.004353,-0.010843,-0.008782,-0.024767,-0.042559,-0.053657,-0.062362,0.005142,0.01685,0.037341,0.051646,0.058035,-0.011963,-0.03085,-0.04457,-0.053198,-0.059307,-0.001273,-0.007127,-0.011963,-0.02889,-0.041642,-0.002545,-0.007458,-0.013007,-0.02077,-0.026472,0.010869,0.013414,0.025734,0.038333,0.042533,0.005134,-0.004809,-0.013558,-0.015365,-0.017625,-0.001502,-0.006652,-0.009846,-0.021795,-0.027525,-0.005303,-0.013228,-0.021565,-0.023709,-0.025589,-0.001161,-0.005865,-0.014132,-0.017644,-0.019946,0.050664,-0.981438,-0.1301,-0.939633,1,0,0,0,0,0,0,0,0,0,0
3765,-0.013578,-0.039506,-0.058071,-0.069168,-0.073899,-2.6e-05,-0.000153,-0.003401,-0.00537,-0.012632,-0.007441,-0.02534,-0.040836,-0.050911,-0.056204,0.005804,0.01836,0.039941,0.050783,0.054925,-0.01143,-0.026951,-0.037614,-0.044646,-0.048788,-0.003503,-0.006699,-0.020661,-0.031528,-0.042268,-0.003196,-0.008694,-0.014524,-0.021121,-0.025928,0.001637,0.008157,0.021607,0.029585,0.032986,-0.004493,-0.011289,-0.019788,-0.022735,-0.023486,-0.003275,-0.005257,-0.0149,-0.023135,-0.026486,-0.003168,-0.012227,-0.018713,-0.020947,-0.02125,-0.001796,-0.009346,-0.015602,-0.018746,-0.019368,0.051353,-0.983851,-0.132869,-0.941012,1,0,0,0,0,0,0,0,0,0,0
3766,-0.011707,-0.037386,-0.050149,-0.059566,-0.061933,-7.7e-05,-0.00036,-0.004734,-0.011296,-0.017471,-0.008671,-0.026657,-0.037875,-0.046675,-0.051023,0.005995,0.026708,0.041169,0.047627,0.052567,-0.00759,-0.021459,-0.030182,-0.036357,-0.036846,-0.002393,-0.007282,-0.024392,-0.037283,-0.051641,-0.00175,-0.007359,-0.015207,-0.02097,-0.024289,0.000926,0.01338,0.026116,0.030362,0.033398,-0.00553,-0.014373,-0.0162,-0.018485,-0.020408,-0.001911,-0.005139,-0.017219,-0.02301,-0.030807,-0.005238,-0.01423,-0.016543,-0.01857,-0.01923,-0.003199,-0.012115,-0.015902,-0.018385,-0.020092,0.050265,-0.98642,-0.140413,-0.931571,1,0,0,0,0,0,0,0,0,0,0
3767,-0.014504,-0.033341,-0.044602,-0.049402,-0.049583,-5.2e-05,-0.003347,-0.005345,-0.012714,-0.021302,-0.009419,-0.025142,-0.035365,-0.040736,-0.044965,0.006694,0.028593,0.039594,0.043797,0.049402,-0.008095,-0.018915,-0.02605,-0.030253,-0.028281,-0.00083,-0.014997,-0.026024,-0.036922,-0.05306,-0.003814,-0.00973,-0.016424,-0.021302,-0.024156,0.005682,0.01933,0.027425,0.030876,0.036481,-0.001319,-0.009943,-0.012934,-0.013696,-0.01372,-8.4e-05,-0.009869,-0.018225,-0.021625,-0.028755,-0.00448,-0.011664,-0.014138,-0.014473,-0.015427,-0.00497,-0.0119,-0.015382,-0.01607,-0.017965,0.050991,-0.988022,-0.145997,-0.929731,1,0,0,0,0,0,0,0,0,0,0
3768,-0.011476,-0.024441,-0.034008,-0.036413,-0.034662,-0.000235,-0.004679,-0.011345,-0.017619,-0.0235,-0.008783,-0.02018,-0.02912,-0.033538,-0.035891,0.014299,0.02899,0.035551,0.04057,0.044125,-0.005934,-0.014795,-0.021069,-0.021566,-0.019893,-0.00413,-0.021513,-0.03461,-0.049196,-0.054319,-0.001856,-0.009829,-0.015684,-0.019056,-0.021043,0.006927,0.019867,0.02418,0.027264,0.03325,-0.007655,-0.009511,-0.011832,-0.013786,-0.011362,-0.003195,-0.015467,-0.02135,-0.029271,-0.028535,-0.005324,-0.007908,-0.010172,-0.010909,-0.0112,-0.004723,-0.008953,-0.011727,-0.013634,-0.013519,0.05338,-0.989284,-0.14632,-0.928886,1,0,0,0,0,0,0,0,0,0,0
3769,-0.007558,-0.018986,-0.023858,-0.024042,-0.023542,-0.003107,-0.005135,-0.012613,-0.02133,-0.026175,-0.00711,-0.017485,-0.022936,-0.027228,-0.026254,0.007821,0.018986,0.023252,0.02894,0.033074,-0.005003,-0.012245,-0.016511,-0.014509,-0.013272,-0.010217,-0.021409,-0.032469,-0.048848,-0.053324,-0.004134,-0.010928,-0.015879,-0.018775,-0.01975,0.006873,0.015089,0.018591,0.024279,0.030573,-0.001041,-0.004076,-0.004849,-0.004874,-0.00268,-0.006712,-0.015192,-0.018644,-0.02588,-0.025399,-0.002362,-0.005106,-0.005478,-0.006536,-0.005052,-0.002713,-0.006575,-0.007338,-0.00944,-0.009849,0.055019,-0.992402,-0.147785,-0.92739,1,0,0,0,0,0,0,0,0,0,0
3770,-0.005542,-0.015246,-0.017685,-0.015909,-0.015617,-0.001379,-0.00814,-0.014504,-0.020469,-0.025109,-0.004401,-0.013469,-0.01795,-0.020337,-0.018428,0.007026,0.013682,0.018772,0.022378,0.029484,-0.003951,-0.010314,-0.010818,-0.009121,-0.007557,-0.007345,-0.020628,-0.035424,-0.040621,-0.042344,-0.003924,-0.009863,-0.013284,-0.015299,-0.015511,0.006204,0.010579,0.013708,0.01978,0.028821,-0.000835,-0.003189,-0.005171,-0.002712,-0.000735,-0.005689,-0.011657,-0.019691,-0.018944,-0.015863,-0.000376,-0.002877,-0.003691,-0.004012,-0.002317,-0.001826,-0.00489,-0.006996,-0.00687,-0.007371,0.056188,-0.996081,-0.148464,-0.930115,1,0,0,0,0,0,0,0,0,0,0
3771,-0.005994,-0.010922,-0.011109,-0.010602,-0.008977,-0.000666,-0.008232,-0.017049,-0.021951,-0.023975,-0.006074,-0.011588,-0.01593,-0.014945,-0.013346,0.004236,0.008551,0.014305,0.018488,0.027145,-0.003357,-0.007672,-0.005648,-0.004395,-0.002211,-0.003943,-0.015131,-0.031701,-0.036229,-0.034604,-0.00293,-0.007939,-0.010869,-0.011854,-0.011428,0.002078,0.005621,0.011375,0.017742,0.025441,-0.002232,-0.003014,-0.003039,-0.000819,-0.001752,-0.002863,-0.006354,-0.013674,-0.013188,-0.009496,-0.002587,-0.00299,-0.004137,-0.002529,-0.001524,-0.002301,-0.003128,-0.005407,-0.00585,-0.005834,0.056669,-0.997302,-0.147978,-0.93127,1,0,0,0,0,0,0,0,0,0,0
3772,-0.003757,-0.006208,-0.004423,-0.00413,-0.002371,-0.006128,-0.012523,-0.018518,-0.02318,-0.02302,-0.003037,-0.00754,-0.009938,-0.00802,-0.006981,0.002451,0.007567,0.01119,0.018331,0.026697,-0.003037,-0.003544,-0.001838,-0.000266,0.003224,-0.009405,-0.024273,-0.029495,-0.031227,-0.030134,-0.003037,-0.006474,-0.008499,-0.008713,-0.007967,0.002318,0.005462,0.011563,0.020649,0.026377,-0.000133,-0.002125,0.000346,0.002332,-0.000299,-0.003134,-0.011207,-0.010456,-0.007361,-0.006162,2e-06,-0.000839,-0.001172,0.000582,0.000881,-0.000866,-0.003046,-0.002915,-0.003434,-0.004501,0.057355,-1.000823,-0.149348,-0.931466,1,0,0,0,0,0,0,0,0,0,0
3773,-0.001178,-0.001365,-0.000856,0.000776,0.004255,-0.001445,-0.010304,-0.015229,-0.017263,-0.013061,-0.002489,-0.006852,-0.005861,-0.004255,0.000964,0.001873,0.007655,0.011856,0.020555,0.024543,-0.001285,0.000749,0.002007,0.004202,0.012633,-0.001793,-0.01844,-0.02299,-0.021358,-0.014105,-0.001981,-0.004925,-0.005915,-0.005487,-0.00463,0.001231,0.007012,0.013409,0.021144,0.023686,-0.000652,-0.000677,0.001553,0.000615,-0.000708,-0.00036,-0.007714,-0.007226,-0.003516,0.000305,-0.000419,-0.001604,5.7e-05,0.001096,0.00481,3.9e-05,-0.002315,-0.002773,-0.002757,-0.005881,0.061509,-1.00066,-0.155188,-0.937338,1,0,0,0,0,0,0,0,0,0,0
3774,-0.001289,0.00051,0.000806,0.002578,0.011657,-0.004996,-0.011039,-0.015739,-0.015578,-0.011334,-0.002041,-0.004458,-0.002525,-0.001477,0.009938,0.003277,0.006929,0.014128,0.022561,0.024817,0.000779,0.002498,0.004082,0.007601,0.019634,-0.013187,-0.018452,-0.020198,-0.019096,-0.008971,-0.001477,-0.003518,-0.003733,-0.002981,-0.0018,0.001934,0.008084,0.017243,0.023018,0.022615,-0.001353,0.001138,0.00314,0.000488,-0.001824,-0.007777,-0.00702,-0.003899,-0.002692,0.003596,-0.00046,-0.000812,0.001043,0.001359,0.010205,-0.002345,-0.002207,-0.002756,-0.003884,-0.005276,0.06906,-1.000498,-0.155667,-0.939427,1,0,0,0,0,0,0,0,0,0,0
3775,0.001106,0.001618,0.003263,0.006768,0.01893,-0.00391,-0.008872,-0.010921,-0.006688,-0.004449,-0.002346,-0.001348,0.00027,0.005528,0.023164,0.002535,0.006768,0.015532,0.01955,0.021735,0.001267,0.002535,0.004746,0.01324,0.027155,-0.003533,-0.008117,-0.006472,0.000836,0.007551,-0.001483,-0.002481,-0.002049,-0.001187,0.004234,0.003883,0.010328,0.018121,0.020683,0.021034,0.001333,0.003581,0.002636,0.001303,3.2e-05,0.000398,0.000891,0.004628,0.008478,0.013187,-0.000775,0.000976,0.002071,0.005986,0.016657,-7e-05,-0.000553,-0.000535,-0.003829,-0.00463,0.073963,-1.001059,-0.158903,-0.941474,1,0,0,0,0,0,0,0,0,0,0
3776,0.000703,0.001,0.002785,0.011923,0.023792,-0.002163,-0.006894,-0.006732,-0.00246,0.000324,-8.1e-05,0.001866,0.00292,0.01441,0.037175,0.001136,0.008381,0.016871,0.019142,0.019034,0.00046,0.002055,0.005597,0.017709,0.029956,-0.001757,-0.003515,-0.002406,0.007787,0.011436,-0.000568,-0.000784,-2.7e-05,0.001163,0.016709,0.002298,0.011518,0.01733,0.016925,0.015925,0.001171,0.003186,0.000517,-0.001811,-0.00232,0.000362,0.003504,0.00472,0.011049,0.011965,0.000421,0.002364,0.002695,0.01196,0.018354,0.000216,-0.000359,-0.001541,-0.002998,-0.003175,0.077208,-1.001847,-0.153058,-0.936916,1,0,0,0,0,0,0,0,0,0,0
3777,-0.00019,0.001463,0.004986,0.017206,0.032515,-0.002818,-0.004877,-0.000623,0.001626,0.010866,0.001084,0.00271,0.007993,0.025714,0.051564,0.003116,0.011922,0.01596,0.018154,0.018073,0.000813,0.003035,0.01157,0.025552,0.036255,-0.002845,-0.001192,0.006151,0.012898,0.013494,-0.000434,0.0,0.000867,0.006313,0.032136,0.004173,0.012004,0.014578,0.01493,0.009267,0.001085,0.000136,-0.001204,-0.002481,-0.008051,0.000132,0.003887,0.007756,0.012488,0.003194,0.001384,0.002516,0.006565,0.017603,0.017935,-0.000719,-0.000701,-0.004107,-0.004936,-0.00242,0.073892,-0.992736,-0.143916,-0.925835,1,0,0,0,0,0,0,0,0,0,0
3778,0.000489,0.002281,0.01146,0.023382,0.039594,-0.001928,-0.001765,0.002526,0.005323,0.020965,0.000869,0.001928,0.01347,0.036335,0.062514,0.004155,0.012682,0.014963,0.014855,0.015859,0.000788,0.004345,0.016511,0.028813,0.043532,0.001086,0.0022,0.012438,0.016104,0.01643,0.000217,0.000978,0.002173,0.017787,0.04307,0.005078,0.010917,0.01051,0.009505,0.005024,0.000937,-0.001744,-0.004082,-0.004594,-0.010013,0.003024,0.004245,0.010602,0.011522,-0.003827,0.000599,0.00094,0.010497,0.017092,0.018126,0.000137,-0.001082,-0.002585,-0.002768,-0.003465,0.077026,-0.991617,-0.137373,-0.919412,1,0,0,0,0,0,0,0,0,0,0
3779,0.001171,0.004712,0.016995,0.032384,0.052457,-0.000136,0.00414,0.0064,0.015688,0.04031,0.000763,0.006074,0.023886,0.049869,0.074545,0.004685,0.008743,0.010949,0.010867,0.013836,0.001444,0.010023,0.024077,0.034835,0.050115,0.000572,0.007953,0.014735,0.015334,0.019828,0.000218,0.001089,0.006564,0.03252,0.054282,0.002778,0.005366,0.00572,2.7e-05,-0.001525,-0.001894,-0.003241,-0.004524,-0.010123,-0.01445,0.000742,0.004631,0.009387,4.6e-05,-0.020593,0.000563,0.00476,0.016203,0.016547,0.01928,-0.000121,-0.003653,-0.004512,-0.001904,-0.00118,0.079595,-0.987637,-0.132307,-0.911863,1,0,0,0,0,0,0,0,0,0,0
3780,0.000628,0.009854,0.021838,0.038134,0.062101,0.0003,0.004613,0.007425,0.023148,0.041028,0.0003,0.011902,0.034886,0.0612,0.084649,0.003876,0.006169,0.00606,0.00707,0.009499,0.002129,0.014358,0.026724,0.041519,0.055577,0.000546,0.010837,0.014522,0.01485,0.0208,0.000546,0.001747,0.017443,0.042857,0.061582,0.003085,0.002675,0.001665,-0.002839,-0.005132,-0.000797,-0.003147,-0.003661,-0.009109,-0.013494,0.000484,0.006874,0.007799,-0.00763,-0.020995,-0.000218,0.009691,0.016529,0.017601,0.021833,-0.001141,-0.0027,-0.002889,-0.003612,0.001414,0.085528,-0.98606,-0.126463,-0.908675,1,0,0,0,0,0,0,0,0,0,0
3781,0.002932,0.015291,0.030774,0.05097,0.071961,0.004001,0.006275,0.01562,0.040392,0.039981,0.005042,0.022964,0.049107,0.073934,0.096542,0.000192,0.002411,0.002329,0.005316,0.00348,0.006495,0.020635,0.031459,0.046832,0.058588,0.006878,0.013702,0.014305,0.018826,0.020443,0.000329,0.005837,0.031952,0.053847,0.069522,-0.000493,-0.000137,-0.005864,-0.007426,-0.018552,-0.000555,-0.001846,-0.00748,-0.011833,-0.020574,0.003427,0.008213,-0.001186,-0.021952,-0.021332,0.004605,0.016548,0.016908,0.01976,0.026121,-0.002513,-0.00341,-0.000688,6.8e-05,0.00607,0.091256,-0.975529,-0.116466,-0.907074,1,0,0,0,0,0,0,0,0,0,0
3782,0.006346,0.018406,0.034807,0.058927,0.079036,0.00033,0.003159,0.018983,0.036977,0.035631,0.006621,0.029752,0.056235,0.079833,0.103047,0.002115,0.002005,0.003022,0.005467,-0.002994,0.005797,0.018241,0.033131,0.047279,0.0589,0.003461,0.00717,0.0075,0.013489,0.018324,0.000879,0.016675,0.042252,0.061097,0.080712,8.2e-05,-0.000934,-0.005467,-0.007775,-0.033131,-0.001809,-0.002326,-0.007809,-0.012222,-0.028776,0.002995,0.003926,-0.011601,-0.025052,-0.02013,0.005675,0.012826,0.013947,0.018371,0.022432,0.000928,0.00073,-2.5e-05,0.005229,0.01128,0.091507,-0.961143,-0.11288,-0.909056,1,0,0,0,0,0,0,0,0,0,0
3783,0.00606,0.021624,0.041926,0.063027,0.081125,0.001956,0.011349,0.036252,0.035838,0.034902,0.011377,0.037656,0.062614,0.08534,0.106138,0.00011,2.8e-05,0.00303,0.001185,-0.011735,0.008402,0.019283,0.034736,0.046554,0.058151,0.003388,0.003994,0.008539,0.010165,0.015812,0.004655,0.030907,0.052917,0.068674,0.090877,0.000275,-0.005482,-0.007052,-0.018236,-0.049584,0.000515,-0.005147,-0.009524,-0.018311,-0.036792,0.001807,-0.007641,-0.028515,-0.027893,-0.022216,0.006603,0.006976,0.009935,0.016533,0.016697,-0.001876,0.000947,0.001731,0.007956,0.012985,0.090976,-0.945956,-0.109211,-0.908238,1,0,0,0,0,0,0,0,0,0,0
3784,0.006055,0.022562,0.046839,0.067078,0.084525,0.000885,0.016811,0.034922,0.033567,0.033373,0.011862,0.038516,0.062267,0.085631,0.102691,-0.000221,0.000802,0.003263,-0.005253,-0.018138,0.004092,0.019078,0.033318,0.045014,0.055217,0.000332,0.000664,0.006691,0.011558,0.015926,0.011226,0.036968,0.055935,0.075677,0.095253,-0.0013,-0.005862,-0.008184,-0.033705,-0.064507,-0.001038,-0.006556,-0.010999,-0.02766,-0.045725,-0.000877,-0.016505,-0.030043,-0.025088,-0.021442,0.000703,0.001875,0.006505,0.010753,0.010079,0.001718,0.000928,0.006425,0.012756,0.018348,0.091763,-0.931919,-0.104194,-0.909332,1,0,0,0,0,0,0,0,0,0,0
3785,0.009589,0.030013,0.051241,0.069448,0.087018,0.008563,0.033616,0.0332,0.032258,0.03672,0.014549,0.039657,0.06252,0.083443,0.100598,0.000139,0.003159,0.001303,-0.011695,-0.021561,0.006845,0.022392,0.034281,0.045948,0.058252,0.000277,0.00485,0.006485,0.012166,0.024692,0.015159,0.037301,0.053153,0.07549,0.091979,-0.004489,-0.006069,-0.017321,-0.048858,-0.069642,-0.004656,-0.009059,-0.017899,-0.036492,-0.047313,-0.008626,-0.029626,-0.029,-0.023289,-0.015888,-0.000325,0.002761,0.009642,0.009814,0.010754,0.001199,0.002016,0.008509,0.013754,0.018357,0.092726,-0.926318,-0.099581,-0.915189,1,0,0,0,0,0,0,0,0,0,0
3786,0.006936,0.031198,0.051426,0.068863,0.085167,0.007378,0.025478,0.024124,0.023931,0.029844,0.012131,0.035868,0.059219,0.076269,0.096248,0.000884,0.003344,-0.005167,-0.018045,-0.025229,0.008152,0.022383,0.034072,0.044269,0.057119,5.5e-05,0.006079,0.010943,0.015309,0.02744,0.010611,0.029568,0.049298,0.068863,0.084697,-8.3e-05,-0.002404,-0.02791,-0.058694,-0.073284,-0.000872,-0.005311,-0.021963,-0.040018,-0.047027,-0.007018,-0.020548,-0.015596,-0.011952,-0.006146,0.001487,0.006097,0.010328,0.009656,0.012442,-0.001962,0.003513,0.009818,0.015387,0.018562,0.094144,-0.918475,-0.093533,-0.915616,1,0,0,0,0,0,0,0,0,0,0
3787,0.013466,0.03469,0.052893,0.07046,0.084978,0.01765,0.017234,0.016292,0.020753,0.022748,0.012939,0.035798,0.056717,0.073868,0.092016,0.002133,0.000277,-0.012718,-0.022581,-0.029536,0.00737,0.019257,0.030921,0.043223,0.053032,0.004516,0.006151,0.011831,0.024355,0.033554,0.011499,0.027347,0.049679,0.066165,0.080185,-0.001496,-0.012745,-0.044276,-0.065057,-0.076195,-0.003528,-0.012366,-0.030955,-0.041774,-0.045556,-0.01396,-0.013333,-0.007624,-0.000224,0.006457,0.001567,0.008438,0.00861,0.009549,0.012134,0.002816,0.009299,0.014536,0.019133,0.023536,0.097712,-0.915568,-0.089006,-0.91945,1,0,0,0,0,0,0,0,0,0,0
3788,0.010853,0.031118,0.048587,0.064921,0.078902,0.000498,-0.000858,-0.001052,0.004873,0.006866,0.010853,0.034246,0.051328,0.071344,0.08419,0.000332,-0.008195,-0.021096,-0.028294,-0.034689,0.006894,0.018604,0.02882,0.041694,0.049501,0.001523,0.006395,0.010769,0.022923,0.039756,0.007503,0.02727,0.046871,0.062734,0.071566,-0.000831,-0.026384,-0.057225,-0.071843,-0.075968,-0.000923,-0.017605,-0.035694,-0.042716,-0.04006,0.000393,0.005354,0.009005,0.014822,0.029003,0.003113,0.0074,0.006719,0.009541,0.011689,0.002747,0.009134,0.014777,0.017994,0.024494,0.100307,-0.916476,-0.084762,-0.927865,1,0,0,0,0,0,0,0,0,0,0
3789,0.010359,0.028555,0.046115,0.060628,0.074033,-0.000914,-0.001856,0.002603,0.004598,0.008724,0.011993,0.032904,0.050048,0.068189,0.078825,-0.002188,-0.015178,-0.025038,-0.03199,-0.037806,0.004985,0.016646,0.028943,0.038748,0.046697,0.000111,0.005789,0.018308,0.027503,0.041794,0.008337,0.03066,0.04714,0.061154,0.069824,-0.010414,-0.041933,-0.062705,-0.07384,-0.079822,-0.007911,-0.026493,-0.037308,-0.041088,-0.041056,0.000233,0.00594,0.013337,0.020015,0.029648,0.003731,0.003902,0.004839,0.007417,0.008555,0.003711,0.008934,0.013519,0.01791,0.023666,0.100581,-0.912813,-0.082291,-0.928668,1,0,0,0,0,0,0,0,0,0,0
3790,0.009918,0.027399,0.043744,0.057734,0.068622,-0.000443,-0.000637,0.005291,0.007286,0.014101,0.011414,0.028507,0.048537,0.061391,0.069315,-0.006344,-0.019254,-0.026457,-0.032857,-0.040447,0.006732,0.016955,0.029837,0.037649,0.045074,0.004765,0.009142,0.021304,0.038148,0.047179,0.011442,0.031056,0.04693,0.055767,0.064771,-0.015154,-0.046016,-0.060643,-0.064771,-0.07419,-0.008781,-0.026881,-0.033908,-0.03125,-0.03318,0.004731,0.008385,0.014206,0.028396,0.030315,0.000569,-0.000115,0.002721,0.004879,0.004373,0.0027,0.008369,0.011601,0.018132,0.021561,0.102596,-0.910868,-0.08086,-0.932107,1,0,0,0,0,0,0,0,0,0,0
3791,0.008289,0.025864,0.04039,0.053807,0.063204,-0.000499,0.003964,0.00596,0.01009,0.021678,0.009508,0.026668,0.044825,0.05547,0.05985,-0.006653,-0.016522,-0.02348,-0.029301,-0.038338,0.004934,0.017242,0.027056,0.035012,0.041692,0.000915,0.013445,0.022648,0.036952,0.048678,0.010894,0.027388,0.041415,0.050092,0.056024,-0.016383,-0.037174,-0.048318,-0.054305,-0.060487,-0.009813,-0.020637,-0.02442,-0.024387,-0.021703,0.000978,0.008381,0.015066,0.024707,0.024627,-0.000399,0.000543,0.003136,0.004282,0.003225,0.002544,0.007156,0.011574,0.017365,0.019956,0.103562,-0.912129,-0.080204,-0.935348,1,0,0,0,0,0,0,0,0,0,0
3792,0.009214,0.025589,0.039604,0.050512,0.058338,0.000305,0.006245,0.008243,0.01507,0.025617,0.007605,0.02767,0.040548,0.048486,0.051761,-0.006272,-0.013488,-0.019899,-0.027504,-0.036801,0.005301,0.018206,0.026033,0.033471,0.039826,0.003469,0.015653,0.032527,0.041575,0.051761,0.008742,0.024645,0.033499,0.042519,0.04818,-0.014515,-0.029169,-0.033304,-0.042741,-0.04929,-0.008309,-0.015349,-0.012686,-0.014619,-0.012119,0.002681,0.008512,0.022728,0.024651,0.024177,-0.00029,0.002582,0.004767,0.004255,0.002689,0.003176,0.006449,0.013063,0.016536,0.017913,0.102686,-0.909579,-0.080781,-0.936939,1,0,0,0,0,0,0,0,0,0,0
3793,0.00838,0.02292,0.03635,0.045757,0.052416,0.004162,0.00616,0.010295,0.021893,0.025417,0.009573,0.027748,0.038403,0.042788,0.045951,-0.003607,-0.010572,-0.016399,-0.025445,-0.036183,0.00702,0.016843,0.024807,0.031494,0.037127,0.009074,0.018286,0.032604,0.044341,0.047782,0.007769,0.02181,0.030495,0.036433,0.042149,-0.006299,-0.017454,-0.023447,-0.029635,-0.038986,-0.002528,-0.006315,-0.006282,-0.003595,-0.002458,0.00473,0.011421,0.021071,0.020991,0.02083,0.001238,0.003849,0.005003,0.003939,0.00235,0.001473,0.00592,0.011751,0.01436,0.015332,0.103761,-0.907258,-0.081657,-0.934569,1,0,0,0,0,0,0,0,0,0,0
3794,0.007993,0.022009,0.032916,0.040743,0.045711,0.001776,0.003775,0.010602,0.021149,0.022869,0.010491,0.023369,0.031307,0.034582,0.036885,-0.003608,-0.010019,-0.017624,-0.026921,-0.036497,0.005884,0.01371,0.021149,0.027504,0.031889,0.003108,0.019983,0.029031,0.039216,0.038106,0.008132,0.016985,0.026006,0.031667,0.036996,-0.008354,-0.012489,-0.021926,-0.028476,-0.034387,-0.004511,-0.001849,-0.003782,-0.001281,0.002092,0.0011,0.015317,0.017239,0.016765,0.013898,0.001632,0.003818,0.003306,0.00174,-0.00029,0.001799,0.008413,0.011886,0.013263,0.013618,0.10333,-0.906974,-0.083019,-0.93219,1,0,0,0,0,0,0,0,0,0,0
3795,0.006552,0.019989,0.029401,0.036064,0.040034,0.000222,0.004359,0.015964,0.019489,0.024209,0.00769,0.018351,0.022738,0.025903,0.026708,-0.003359,-0.009189,-0.01824,-0.028984,-0.033843,0.003942,0.01191,0.018601,0.024237,0.027652,0.006108,0.020433,0.032177,0.03562,0.035259,0.005913,0.014603,0.020544,0.026264,0.031622,-0.002804,-0.008801,-0.014992,-0.024348,-0.025486,0.000724,0.000757,0.003445,0.004582,0.007893,0.005594,0.015249,0.015169,0.015008,0.0099,0.000986,0.002143,0.001076,-0.00052,-0.003522,0.002662,0.008515,0.011133,0.012108,0.012257,0.1014,-0.908027,-0.083826,-0.928485,1,0,0,0,0,0,0,0,0,0,0
3796,0.007459,0.018356,0.026175,0.031138,0.033883,0.001775,0.008596,0.019132,0.020851,0.024872,0.005185,0.013115,0.016387,0.018688,0.018439,-0.00305,-0.010647,-0.019936,-0.029502,-0.029974,0.003882,0.011313,0.017663,0.022043,0.025066,0.010758,0.019798,0.029974,0.028865,0.030611,0.002939,0.011951,0.017607,0.022931,0.026896,-0.001331,-0.010758,-0.017302,-0.023208,-0.022709,0.001937,6e-06,0.002504,0.005874,0.006495,0.008616,0.010537,0.010063,0.007198,0.004953,0.001194,0.000686,-0.00087,-0.002886,-0.005541,0.003932,0.007383,0.00875,0.009103,0.008706,0.099458,-0.907789,-0.086295,-0.928019,1,0,0,0,0,0,0,0,0,0,0
3797,0.005957,0.015351,0.022001,0.025963,0.025908,0.002355,0.013938,0.017457,0.022167,0.023082,0.005459,0.009837,0.012996,0.013799,0.012414,-0.002771,-0.011804,-0.022527,-0.027377,-0.027266,0.004073,0.010751,0.016376,0.019784,0.021031,0.003547,0.015268,0.018704,0.018343,0.020976,0.005736,0.011666,0.017374,0.022721,0.023248,-0.004655,-0.010834,-0.020172,-0.021308,-0.021059,-0.001903,0.00078,0.001915,0.00522,0.005207,0.001026,0.000947,0.000785,-0.004313,-0.002501,-4.7e-05,-0.0011,-0.002674,-0.005636,-0.00682,0.00186,0.004443,0.005405,0.005553,0.004505,0.099457,-0.908056,-0.087624,-0.928895,1,0,0,0,0,0,0,0,0,0,0
3798,0.004925,0.012728,0.017681,0.020421,0.018567,0.004455,0.01497,0.016685,0.020697,0.024765,0.002463,0.005728,0.008024,0.007775,0.00617,-0.004815,-0.014084,-0.02363,-0.024101,-0.02471,0.003348,0.009685,0.014056,0.017073,0.016187,0.005479,0.015634,0.014527,0.01627,0.017156,0.003265,0.00891,0.014222,0.018179,0.016574,-0.004759,-0.011289,-0.017183,-0.016685,-0.016021,-2.7e-05,0.002466,0.005829,0.006449,0.007718,0.000892,0.000419,-0.00244,-0.004681,-0.007778,-0.000455,-0.001988,-0.003975,-0.006591,-0.006651,0.001559,0.002907,0.003254,0.002863,0.001786,0.099474,-0.908677,-0.0875,-0.925861,1,0,0,0,0,0,0,0,0,0,0
3799,0.004452,0.011089,0.015044,0.014988,0.012776,0.007107,0.010619,0.01532,0.016233,0.020077,0.001908,0.005061,0.005863,0.00448,0.003512,-0.004203,-0.014906,-0.019745,-0.019634,-0.018362,0.003318,0.008932,0.012334,0.013578,0.010868,0.006222,0.009651,0.009292,0.011919,0.011476,0.002655,0.008352,0.013689,0.014214,0.0125,-0.00141,-0.01073,-0.011864,-0.011615,-0.006499,0.002704,0.003838,0.007136,0.007123,0.011013,-0.000971,-0.001132,-0.00622,-0.004411,-0.008723,-0.000586,-0.002138,-0.005059,-0.006227,-0.005946,0.000995,0.001944,0.002089,0.001056,0.001175,0.099888,-0.911392,-0.085884,-0.924842,1,0,0,0,0,0,0,0,0,0,0
3800,0.003349,0.008303,0.011043,0.009188,0.006338,0.003404,0.00512,0.009133,0.013201,0.013063,0.001356,0.003653,0.003404,0.001799,0.000609,-0.005065,-0.014613,-0.015083,-0.015692,-0.013561,0.003017,0.007389,0.010406,0.00952,0.002546,0.00393,0.002823,0.004566,0.005452,0.005895,0.002989,0.008303,0.01226,0.010655,0.009299,-0.00512,-0.011015,-0.010517,-0.009852,-0.005009,-0.000213,0.00315,0.00377,0.005039,0.007756,0.000499,-0.00236,-0.004602,-0.007699,-0.007428,-0.000946,-0.002936,-0.005556,-0.005616,-0.005647,0.000349,0.000697,0.000305,-0.000773,0.002813,0.098845,-0.909303,-0.082971,-0.923903,1,0,0,0,0,0,0,0,0,0,0
3801,0.003295,0.007256,0.0072,0.004985,-0.003295,0.000111,0.004819,0.005732,0.009582,0.009609,0.0018,0.002603,0.001218,0.000249,-0.005511,-0.005649,-0.010496,-0.010385,-0.009111,-0.007062,0.002603,0.006009,0.007256,0.004542,-0.007699,-0.000498,-0.000858,0.001772,0.001329,0.001772,0.002714,0.008059,0.008585,0.006868,0.005179,-0.004209,-0.005345,-0.005096,2.8e-05,0.007449,0.001348,0.004651,0.004638,0.008533,0.013596,-0.00066,-0.005755,-0.003944,-0.008262,-0.008136,-0.000617,-0.003567,-0.004747,-0.004463,-0.007408,0.000607,0.000754,-0.000289,-0.000169,0.003281,0.094224,-0.91263,-0.083007,-0.921908,1,0,0,0,0,0,0,0,0,0,0
3802,0.001662,0.004404,0.002548,-0.000305,-0.017423,0.001607,0.005623,0.009695,0.009556,0.012326,0.000499,0.000249,-0.001357,-0.002548,-0.014597,-0.003906,-0.004376,-0.004986,-0.002853,0.003435,0.001773,0.004792,0.003906,-0.003075,-0.018004,-0.000609,0.001136,0.002022,0.002465,0.00205,0.002604,0.006565,0.004958,0.003601,0.000249,-0.00169,-0.001191,-0.000526,0.004321,0.022049,0.002018,0.002638,0.003909,0.006628,0.017469,-0.002201,-0.004445,-0.007545,-0.007274,-0.010291,-0.001384,-0.004019,-0.004079,-0.004112,-0.010623,-0.000258,-0.000653,-0.001737,0.00187,-0.000176,0.089298,-0.922003,-0.086573,-0.92242,1,0,0,0,0,0,0,0,0,0,0
3803,0.0023,0.002245,2.8e-05,-0.008258,-0.027682,0.003104,0.004018,0.00787,0.007897,0.012469,0.000305,-0.001081,-0.002051,-0.007814,-0.025465,-0.000942,-0.000831,0.000443,0.002494,0.015878,0.001635,0.002882,0.000166,-0.012082,-0.027322,0.000249,0.002882,0.002438,0.002882,0.001884,0.002743,0.00327,0.001552,-0.000139,-0.007205,0.000554,0.000804,0.00593,0.013356,0.025659,0.001286,0.001273,0.005171,0.010237,0.008571,-0.002896,-0.001084,-0.005405,-0.005278,-0.010526,-0.001575,-0.00276,-0.002475,-0.005433,-0.012905,0.000406,-0.000641,-0.000521,0.002944,-0.000952,0.086291,-0.925313,-0.091361,-0.923996,1,0,0,0,0,0,0,0,0,0,0
3804,0.000444,-0.001414,-0.004269,-0.0214,-0.04183,0.000915,0.00499,0.004851,0.007623,0.009369,-0.000554,-0.002162,-0.003354,-0.015412,-0.030603,0.000471,-0.000139,0.001996,0.008288,0.019681,0.001386,0.000499,-0.006487,-0.021428,-0.038143,0.001497,0.002384,0.002827,0.002412,-0.006985,0.00122,-0.000388,-0.001746,-0.0051,-0.016715,-5.5e-05,0.00061,0.005461,0.023202,0.024976,-0.000665,0.000606,0.003327,0.014177,0.004386,0.000652,-0.00245,-0.002179,-0.005199,-0.016006,-0.00107,-0.001131,-0.001163,-0.007709,-0.009977,-0.000804,-0.001894,0.001733,-0.000325,-0.004,0.086847,-0.941538,-0.096761,-0.934088,1,0,0,0,0,0,0,0,0,0,0
3805,-0.000499,-0.002716,-0.011002,-0.030428,-0.052099,0.0,0.003852,0.00388,0.008452,0.007842,-0.000831,-0.001801,-0.007565,-0.025218,-0.038132,-0.00036,0.000914,0.002965,0.01635,0.021144,-0.000139,-0.002854,-0.015103,-0.030345,-0.049161,0.001136,0.000693,0.001136,0.000139,-0.010586,-0.000693,-0.002411,-0.004101,-0.011168,-0.025384,0.000305,0.005432,0.012858,0.025162,0.028017,0.000652,0.004551,0.009617,0.007951,0.006071,0.001161,-0.00316,-0.003034,-0.008282,-0.018127,-0.000117,0.000168,-0.002792,-0.010268,-0.00934,-0.000246,-0.000126,0.003341,-0.000557,-0.003429,0.085361,-0.945458,-0.096424,-0.93572,1,0,0,0,0,0,0,0,0,0,0
3806,-0.001358,-0.004212,-0.021338,-0.041761,-0.060661,0.004074,0.003935,0.006706,0.008452,0.007399,-0.000776,-0.001968,-0.014022,-0.029208,-0.041872,-0.000249,0.001884,0.008175,0.019564,0.023333,-0.000748,-0.007732,-0.022668,-0.039378,-0.057834,-0.000249,0.000194,-0.000222,-0.009616,-0.013274,-0.000914,-0.002272,-0.005625,-0.017237,-0.032007,0.00036,0.00521,0.022945,0.024719,0.031286,0.000618,0.003339,0.014185,0.004397,0.007299,-0.004262,-0.003991,-0.007009,-0.017814,-0.02037,5.7e-05,2.5e-05,-0.006508,-0.008771,-0.007448,-0.000842,0.002777,0.000724,-0.002944,-0.003435,0.086307,-0.958817,-0.099547,-0.947389,1,0,0,0,0,0,0,0,0,0,0
3807,-0.000859,-0.009146,-0.028575,-0.05025,-0.068431,-0.000222,-0.000194,0.004379,0.003769,0.003298,-0.000194,-0.005959,-0.023614,-0.03653,-0.045288,0.001524,0.003575,0.016962,0.021757,0.031735,-0.001968,-0.014218,-0.029462,-0.048282,-0.066075,-0.000194,0.000249,-0.000748,-0.011475,-0.012722,-0.000804,-0.002494,-0.009562,-0.023781,-0.036031,0.004767,0.012195,0.024501,0.027356,0.035366,0.00328,0.008347,0.006681,0.004801,0.003013,-5.9e-05,6.8e-05,-0.005181,-0.015028,-0.015768,0.000228,-0.002734,-0.010219,-0.00929,-0.006887,0.000963,0.004434,0.000531,-0.002343,-0.002675,0.082855,-0.9652,-0.099344,-0.954158,1,0,0,0,0,0,0,0,0,0,0
3808,-0.001997,-0.019135,-0.039573,-0.058485,-0.077592,8.3e-05,0.002856,0.004603,0.00355,0.004298,-0.000998,-0.013061,-0.028258,-0.040932,-0.050332,0.00061,0.006905,0.018303,0.022074,0.036189,-0.005019,-0.019967,-0.036689,-0.055158,-0.076012,0.000638,0.000222,-0.009179,-0.01284,-0.013311,-0.000555,-0.00391,-0.01553,-0.03031,-0.040599,8.3e-05,0.017831,0.019606,0.026178,0.036578,-0.00056,0.010294,0.000499,0.003403,-0.00026,0.000331,-0.00269,-0.013502,-0.016061,-0.017426,-0.000261,-0.006826,-0.009101,-0.007772,-0.007052,0.00267,0.000607,-0.003079,-0.003572,-0.002386,0.078913,-0.965889,-0.094684,-0.955611,1,0,0,0,0,0,0,0,0,0,0
3809,-0.006289,-0.025709,-0.047373,-0.065546,-0.085631,-5.5e-05,0.004516,0.003906,0.003435,0.004488,-0.004765,-0.022412,-0.035322,-0.044076,-0.055462,0.001441,0.014821,0.019614,0.029587,0.042386,-0.007231,-0.022467,-0.041278,-0.059063,-0.079453,-0.000194,-0.001191,-0.011912,-0.013159,-0.017841,-0.001136,-0.0082,-0.022412,-0.034657,-0.04607,0.007341,0.019642,0.022495,0.030501,0.043245,0.005624,0.003958,0.002079,0.000292,0.000238,-0.000203,-0.00545,-0.015292,-0.016031,-0.021771,-0.002693,-0.010153,-0.009227,-0.006832,-0.006812,0.000808,-0.003081,-0.005947,-0.006277,-0.006368,0.076955,-0.96694,-0.093754,-0.952803,1,0,0,0,0,0,0,0,0,0,0
3810,-0.010829,-0.031242,-0.050131,-0.069214,-0.085665,0.002825,0.00457,0.003517,0.004265,0.010331,-0.007284,-0.022462,-0.035119,-0.044508,-0.055781,0.004847,0.01623,0.019997,0.034094,0.049715,-0.0077,-0.024401,-0.042847,-0.063674,-0.083034,-0.000222,-0.009611,-0.013267,-0.013737,-0.017116,-0.002216,-0.013821,-0.028583,-0.038858,-0.048718,0.010386,0.012159,0.018723,0.029109,0.040022,0.005218,-0.004565,-0.001665,-0.005323,-0.0101,-0.002814,-0.013612,-0.016167,-0.017531,-0.02718,-0.003819,-0.006074,-0.004756,-0.004043,-0.004771,-0.002852,-0.006505,-0.006995,-0.005818,-0.004506,0.073547,-0.964446,-0.089155,-0.952828,1,0,0,0,0,0,0,0,0,0,0
3811,-0.008618,-0.030359,-0.048597,-0.068753,-0.079456,0.001751,0.00114,0.000667,0.001724,0.012149,-0.010398,-0.023353,-0.032138,-0.043565,-0.053045,0.008563,0.013372,0.023381,0.036225,0.047596,-0.007562,-0.026439,-0.044287,-0.064749,-0.083265,-0.000778,-0.011538,-0.012789,-0.017487,-0.013484,-0.004865,-0.019127,-0.031415,-0.04287,-0.051488,0.001918,0.004782,0.012816,0.025605,0.029219,-0.006909,-0.008795,-0.010588,-0.010642,-0.018434,-0.002441,-0.012318,-0.01306,-0.018819,-0.025843,-0.003726,-0.002777,-0.000321,-0.000301,-0.000604,-0.001059,-0.003996,-0.004335,-0.004428,0.000383,0.071879,-0.950623,-0.086284,-0.94898,1,0,0,0,0,0,0,0,0,0,0
3812,-0.011959,-0.03106,-0.050358,-0.066994,-0.074892,0.0,-0.001064,-0.000308,0.005826,0.011231,-0.004873,-0.017673,-0.027167,-0.038566,-0.047641,0.002885,0.006694,0.02095,0.036746,0.044756,-0.00927,-0.027924,-0.048985,-0.068562,-0.080914,-0.00871,-0.012407,-0.012883,-0.0163,-0.012491,-0.006834,-0.021762,-0.032153,-0.042123,-0.050862,-0.00014,0.006498,0.017001,0.028036,0.030332,-0.002932,1e-06,-0.003698,-0.00853,-0.014253,-0.00846,-0.011044,-0.012423,-0.022181,-0.024101,0.001485,0.00291,0.003681,0.002894,0.002887,-0.002835,-0.003364,-0.002092,-0.000673,0.002246,0.069129,-0.943132,-0.087573,-0.945675,1,0,0,0,0,0,0,0,0,0,0
3813,-0.010172,-0.028968,-0.049742,-0.060773,-0.067048,-0.00063,-0.001117,-2.9e-05,0.010716,0.011347,-0.008367,-0.017421,-0.029197,-0.038968,-0.047106,0.002006,0.012321,0.025558,0.037278,0.048997,-0.009971,-0.028366,-0.049455,-0.068538,-0.074985,-0.002178,-0.003467,-0.008309,-0.004183,-0.004011,-0.007708,-0.020372,-0.032177,-0.04106,-0.048452,0.003095,0.011375,0.024556,0.028281,0.03212,0.001056,-0.000792,-0.000848,-0.008878,-0.016787,-0.001524,-0.002289,-0.008224,-0.015464,-0.015933,-0.00057,0.002463,0.002488,0.002113,0.00187,-0.000302,-0.000721,-0.000836,0.005107,0.005216,0.066929,-0.935189,-0.093823,-0.944562,1,0,0,0,0,0,0,0,0,0,0
3814,-0.009421,-0.02927,-0.046383,-0.054507,-0.059318,-0.000461,0.000317,0.006626,0.012186,0.011898,-0.004754,-0.01452,-0.026245,-0.035579,-0.041197,0.001901,0.016565,0.032814,0.041053,0.054363,-0.009161,-0.030826,-0.050963,-0.063668,-0.066088,-0.001613,-0.002103,-0.005618,-0.0017,-0.005186,-0.007606,-0.018294,-0.02855,-0.037538,-0.042551,0.003716,0.01452,0.025871,0.028233,0.034657,0.001954,-0.001851,-0.00682,-0.012707,-0.019615,-0.001125,-0.002544,-0.012581,-0.014556,-0.017574,0.002328,0.003268,0.002308,0.0023,0.002147,-0.000331,0.001219,0.002948,0.006505,0.004456,0.064788,-0.933286,-0.098655,-0.9402,1,0,0,0,0,0,0,0,0,0,0
3815,-0.009616,-0.030805,-0.042057,-0.048458,-0.053924,-2.9e-05,0.001081,0.012041,0.012684,0.006985,-0.004413,-0.016426,-0.026392,-0.034692,-0.038813,0.008593,0.022096,0.034049,0.046003,0.059301,-0.00947,-0.03098,-0.050446,-0.057022,-0.058483,0.000321,-0.004618,-0.000409,-0.000234,-0.016455,-0.005202,-0.017244,-0.026304,-0.033845,-0.036095,0.004676,0.018121,0.02192,0.025837,0.038112,-0.003868,-0.003925,-0.012117,-0.020183,-0.0213,0.000362,-0.005693,-0.013077,-0.013556,-0.023741,0.00091,0.000938,0.000508,0.000229,-0.001099,-0.000115,-0.000247,0.00658,0.006705,0.002785,0.061365,-0.935962,-0.10065,-0.928251,1,0,0,0,0,0,0,0,0,0,0
3816,-0.0106,-0.028089,-0.036393,-0.04131,-0.046669,0.000824,0.007273,0.012955,0.012661,-0.000766,-0.005535,-0.017519,-0.027059,-0.0328,-0.035951,0.00633,0.022937,0.031358,0.044961,0.056208,-0.012602,-0.033183,-0.046168,-0.048641,-0.048582,-0.000824,-0.004417,-0.000412,-0.003975,-0.026529,-0.005683,-0.016165,-0.025351,-0.030474,-0.031682,0.00633,0.017931,0.020346,0.026912,0.041958,8e-06,-0.005071,-0.011088,-0.018148,-0.01445,-0.001814,-0.012072,-0.014091,-0.017176,-0.025832,0.000137,-0.000981,-0.00099,-0.001169,-0.002807,0.001927,0.003941,0.008083,0.005697,0.000686,0.060432,-0.941696,-0.106326,-0.919905,1,0,0,0,0,0,0,0,0,0,0
3817,-0.01078,-0.02215,-0.028618,-0.034141,-0.037655,0.000295,0.01137,0.01202,0.006261,-0.005759,-0.006586,-0.016657,-0.025044,-0.029209,-0.031069,0.007295,0.019374,0.031453,0.044891,0.052688,-0.009096,-0.028766,-0.035411,-0.036887,-0.034465,-0.004164,8.9e-05,0.000266,-0.016125,-0.032339,-0.006468,-0.015623,-0.023243,-0.025517,-0.025812,0.007236,0.011075,0.015032,0.027436,0.040992,-6.5e-05,-0.008343,-0.016494,-0.017623,-0.011944,-0.004299,-0.01176,-0.012244,-0.022537,-0.026187,-0.000109,-0.000572,-0.000872,-0.002301,-0.003783,-0.00211,0.005235,0.005369,0.001152,-0.0039,0.060463,-0.94635,-0.112756,-0.914318,1,0,0,0,0,0,0,0,0,0,0
3818,-0.006773,-0.015113,-0.020052,-0.025435,-0.027002,0.006181,0.011889,0.011594,-0.001893,-0.007719,-0.005442,-0.015024,-0.020792,-0.023956,-0.024666,0.009375,0.017834,0.031498,0.042796,0.046433,-0.011564,-0.024607,-0.027091,-0.027032,-0.024015,0.000562,0.004584,0.001006,-0.021649,-0.029309,-0.004052,-0.013279,-0.018426,-0.019638,-0.019076,0.004407,0.006832,0.013427,0.02854,0.036112,-0.005036,-0.01108,-0.018171,-0.014457,-0.010586,-0.005999,-0.008027,-0.011126,-0.01982,-0.021217,-0.001043,-0.001053,-0.001237,-0.002928,-0.004136,0.004209,0.008483,0.006021,0.000851,-0.002937,0.060484,-0.947665,-0.11578,-0.913877,1,0,0,0,0,0,0,0,0,0,0
3819,-0.004611,-0.011085,-0.016613,-0.020131,-0.020663,0.004907,0.005557,-0.000207,-0.012238,-0.014278,-0.004641,-0.013036,-0.017204,-0.019067,-0.019126,0.00272,0.01481,0.02826,0.036064,0.037039,-0.008129,-0.01478,-0.016258,-0.013834,-0.011972,0.003695,0.003872,-0.012534,-0.028763,-0.031364,-0.005114,-0.012741,-0.015017,-0.015312,-0.015046,-0.000562,0.003399,0.015815,0.029383,0.032073,-0.003251,-0.01141,-0.01254,-0.006856,-0.005157,-0.001472,-0.001957,-0.012259,-0.015913,-0.016236,0.000574,0.000272,-0.001166,-0.002658,-0.002995,0.003198,0.003333,-0.000912,-0.005997,-0.007933,0.060299,-0.947358,-0.116491,-0.912398,1,0,0,0,0,0,0,0,0,0,0
3820,-0.003697,-0.008596,-0.013936,-0.015491,-0.016341,0.000792,0.000499,-0.01288,-0.018659,-0.020038,-0.0049,-0.01062,-0.01376,-0.014464,-0.014464,0.005692,0.019246,0.030453,0.034062,0.034179,-0.00487,-0.007335,-0.007276,-0.004283,-0.00223,0.000323,-0.003227,-0.0257,-0.033299,-0.035558,-0.004078,-0.009183,-0.010386,-0.009828,-0.010239,0.002963,0.009506,0.024498,0.032008,0.032566,-0.002768,-0.009803,-0.006119,-0.002278,-0.00182,-0.00055,-0.003624,-0.012249,-0.013634,-0.014212,-0.000553,-0.000728,-0.002325,-0.003467,-0.003149,0.001006,-0.001321,-0.006208,-0.009788,-0.012038,0.061074,-0.946935,-0.118389,-0.912082,1,0,0,0,0,0,0,0,0,0,0
3821,-0.002718,-0.008184,-0.011663,-0.012189,-0.012277,-0.000146,-0.005846,-0.017743,-0.019759,-0.023676,-0.00342,-0.007541,-0.009383,-0.009441,-0.0095,0.006284,0.019584,0.027301,0.028265,0.028558,-0.001725,-0.003186,-0.000789,0.001052,0.006898,-0.000146,-0.016369,-0.032416,-0.034988,-0.036099,-0.003478,-0.005729,-0.006021,-0.005758,-0.006957,0.000965,0.013241,0.026658,0.029318,0.030078,-0.005309,-0.006427,-0.000806,0.000873,0.001392,6.9e-05,-0.010117,-0.01373,-0.01405,-0.010622,0.00026,-0.001069,-0.002448,-0.00276,-0.001867,-0.000855,-0.004779,-0.009479,-0.011268,-0.015451,0.062572,-0.946338,-0.122644,-0.912405,1,0,0,0,0,0,0,0,0,0,0
3822,-0.002161,-0.007475,-0.009023,-0.00987,-0.009169,-0.000146,-0.013462,-0.019214,-0.020587,-0.024616,-0.002278,-0.005402,-0.006103,-0.006103,-0.006015,0.007213,0.018367,0.021959,0.022076,0.022047,-0.00073,-0.000672,0.002307,0.004351,0.013403,-0.003387,-0.025755,-0.033318,-0.035567,-0.037173,-0.001606,-0.002803,-0.002248,-0.002657,-0.00584,0.005548,0.02047,0.027945,0.0285,0.028909,-0.001697,0.001969,0.005792,0.006248,0.006843,-0.003129,-0.011713,-0.013092,-0.013667,-0.010301,-0.000427,-0.001973,-0.003078,-0.00277,-0.000182,-0.001402,-0.006131,-0.009596,-0.011773,-0.017848,0.065403,-0.94551,-0.127365,-0.911234,1,0,0,0,0,0,0,0,0,0,0
3823,-0.003296,-0.006768,-0.007293,-0.00738,-0.00668,-0.005542,-0.017415,-0.019428,-0.023337,-0.024649,-0.001838,-0.003676,-0.003734,-0.003792,-0.002129,0.006067,0.013769,0.014731,0.015023,0.014556,-0.000729,0.001663,0.0035,0.009335,0.020799,-0.012806,-0.028821,-0.031388,-0.032496,-0.033488,-0.000642,-0.000933,-0.000671,-0.001867,-0.009101,0.006709,0.020099,0.022753,0.023512,0.020069,0.000581,0.00619,0.007866,0.008384,0.005918,-0.007041,-0.010646,-0.010965,-0.007544,-0.005871,-0.000887,-0.002246,-0.002553,-0.001673,0.005437,-0.002476,-0.007109,-0.008874,-0.012997,-0.021106,0.070869,-0.942145,-0.133612,-0.911583,1,0,0,0,0,0,0,0,0,0,0
3824,-0.002015,-0.003563,-0.00441,-0.003709,-0.003125,-0.007769,-0.013523,-0.014896,-0.018927,-0.018021,-0.001285,-0.001986,-0.001986,-0.001899,0.002191,0.005082,0.008675,0.008792,0.008762,0.008441,0.000789,0.003768,0.005812,0.014867,0.02728,-0.009551,-0.017116,-0.019365,-0.020971,-0.01989,-0.000555,0.0,-0.000409,-0.003593,-0.01694,0.008207,0.015685,0.01624,0.016648,0.009259,0.003087,0.00691,0.007366,0.007962,0.00217,-0.001537,-0.002916,-0.003492,-0.000125,0.001668,-0.000654,-0.001761,-0.001452,0.00114,0.014952,-0.002239,-0.005709,-0.007889,-0.013974,-0.02304,0.080997,-0.938814,-0.1394,-0.91209,1,0,0,0,0,0,0,0,0,0,0
3825,-0.001463,-0.001989,-0.002077,-0.001375,-0.000702,-0.004124,-0.006143,-0.010062,-0.011379,-0.008073,-0.000556,-0.000614,-0.000673,0.000995,0.00702,0.002633,0.003598,0.00389,0.003422,0.003247,0.001609,0.003452,0.009302,0.020797,0.030391,-0.006494,-0.009068,-0.010179,-0.011174,-0.00857,0.000263,0.000527,-0.000673,-0.007927,-0.035218,0.005207,0.007868,0.008629,0.005177,-0.014625,0.002534,0.004214,0.004733,0.002261,-0.013692,-0.002077,-0.002396,0.001034,0.002712,0.003336,-0.000725,-0.001038,-0.000141,0.007107,0.03266,-0.002461,-0.00426,-0.008463,-0.016729,-0.023756,0.102553,-0.923949,-0.140371,-0.912752,1,0,0,0,0,0,0,0,0,0,0
3826,-8.8e-05,-0.000937,-0.000234,0.000351,0.002811,-0.00164,-0.003016,-0.007056,-0.006149,-0.002664,-0.000146,-0.000146,-5.9e-05,0.004041,0.009018,0.000966,0.001083,0.001054,0.000732,0.000732,0.001376,0.003426,0.012502,0.024946,0.032091,-0.001083,-0.003338,-0.004948,-0.003865,-0.001318,0.000293,-0.000117,-0.003309,-0.016689,-0.064825,0.002284,0.00284,0.00325,-0.004158,-0.037537,0.001297,0.001754,0.002351,-0.003455,-0.028004,0.000696,0.000119,0.003494,0.005291,0.005093,-0.000396,-8.2e-05,0.002555,0.016607,0.054143,-0.001052,-0.00327,-0.009461,-0.018684,-0.022472,0.135156,-0.907113,-0.140687,-0.913087,1,0,0,0,0,0,0,0,0,0,0
3827,-0.00044,-0.000527,0.000176,0.00085,0.006769,-0.000381,-0.004308,-0.005626,-0.002315,-0.000322,8.8e-05,2.9e-05,0.0017,0.007736,0.009289,0.0,0.000293,-0.000176,-0.000352,0.000117,0.000469,0.00633,0.017846,0.027458,0.033407,-0.001495,-0.002608,-0.003604,-0.000996,0.00044,-2.9e-05,-0.001231,-0.008498,-0.035839,-0.089231,0.000381,0.001143,-0.002315,-0.022154,-0.063502,0.000386,0.000906,-0.001571,-0.017553,-0.046206,-0.001017,0.00242,0.0041,0.004725,0.00418,8.1e-05,0.00099,0.008331,0.034212,0.070181,-0.000764,-0.005021,-0.013393,-0.020511,-0.020607,0.162862,-0.884649,-0.140827,-0.914325,1,0,0,0,0,0,0,0,0,0,0
3828,-0.000411,0.000293,0.00088,0.003343,0.011233,-0.000997,-0.005044,-0.004135,-0.000645,0.000528,-8.8e-05,0.0,0.004106,0.009092,0.008974,0.000117,8.8e-05,-0.000235,-0.000235,0.002874,0.001584,0.010675,0.02314,0.030296,0.035927,-0.000763,-0.002376,-0.00129,0.001261,0.002024,-0.000381,-0.003578,-0.016981,-0.065196,-0.116022,0.000176,0.000587,-0.006833,-0.040268,-0.084993,7.2e-05,0.00067,-0.005146,-0.029736,-0.060188,0.00044,0.00382,0.005621,0.005422,0.004659,0.000236,0.002904,0.017119,0.055092,0.084688,-0.001476,-0.007739,-0.01707,-0.020901,-0.019177,0.192841,-0.865098,-0.141878,-0.91612,1,0,0,0,0,0,0,0,0,0,0
3829,0.000323,0.001028,0.001703,0.007634,0.01659,-0.002936,-0.004258,-0.00094,0.001057,0.001497,2.9e-05,0.001703,0.007752,0.009308,0.006489,0.000176,-0.000294,-0.00047,0.0,0.002936,0.004287,0.015826,0.025457,0.031418,0.03867,-0.000352,-0.001351,0.001263,0.002701,0.002907,-0.000822,-0.008104,-0.035499,-0.088997,-0.141262,0.000587,-0.002878,-0.022756,-0.064186,-0.12109,0.00045,-0.002032,-0.018046,-0.046756,-0.083471,0.003003,0.004687,0.005314,0.004767,0.00427,0.000684,0.008127,0.03437,0.070843,0.097383,-0.002829,-0.011317,-0.018535,-0.018633,-0.017318,0.223069,-0.830645,-0.143108,-0.918343,1,0,0,0,0,0,0,0,0,0,0
3830,0.000382,0.00097,0.00344,0.01135,0.019407,-0.001117,-0.000206,0.003293,0.004469,0.001911,5.9e-05,0.004175,0.009174,0.009056,0.001,-0.000206,-0.000529,-0.000529,0.002588,0.001588,0.004822,0.017319,0.024494,0.030139,0.037167,-0.001264,-0.000176,0.002382,0.003146,0.001088,-0.002382,-0.015819,-0.064159,-0.115117,-0.169073,-0.000176,-0.007616,-0.041136,-0.085977,-0.153753,0.00015,-0.005681,-0.030335,-0.060866,-0.098995,0.000382,0.002187,0.001988,0.001223,0.001558,0.002026,0.016501,0.055166,0.085302,0.107038,-0.00352,-0.013021,-0.016923,-0.015166,-0.014285,0.256431,-0.800891,-0.143567,-0.91943,1,0,0,0,0,0,0,0,0,0,0
3831,0.000324,0.001,0.006943,0.015917,0.023037,-0.000206,0.003119,0.005119,0.005561,0.002324,0.001618,0.007679,0.009238,0.006414,-0.007355,-0.000265,-0.000441,2.9e-05,0.002972,-0.000382,0.006737,0.016388,0.02236,0.029627,0.034276,0.000265,0.002883,0.004325,0.004531,0.001912,-0.004913,-0.032363,-0.085969,-0.138339,-0.196622,-0.003295,-0.023213,-0.064727,-0.121745,-0.179764,-0.002637,-0.018683,-0.04745,-0.084239,-0.106037,0.001306,0.001933,0.001386,0.000887,0.001123,0.005514,0.032129,0.069116,0.096031,0.112615,-0.005074,-0.012393,-0.012493,-0.011159,-0.009104,0.289847,-0.77502,-0.142754,-0.920049,1,0,0,0,0,0,0,0,0,0,0
3832,0.000265,0.002738,0.010658,0.018726,0.026764,0.001119,0.004623,0.0058,0.003239,0.002532,0.002503,0.007508,0.00739,-0.000677,-0.017784,-5.9e-05,-5.9e-05,0.003062,0.002061,-0.002238,0.005771,0.012955,0.018608,0.025645,0.029943,0.000824,0.003386,0.004151,0.00209,0.001619,-0.008538,-0.056943,-0.107967,-0.161995,-0.214992,-0.004151,-0.037716,-0.082617,-0.150483,-0.203569,-0.0032,-0.027886,-0.058458,-0.096637,-0.112995,0.000501,0.000301,-0.000464,-0.000129,-0.000454,0.009067,0.048092,0.078509,0.100447,0.113155,-0.004489,-0.008427,-0.006655,-0.005765,-0.00273,0.317424,-0.749492,-0.141511,-0.919371,1,0,0,0,0,0,0,0,0,0,0
3833,0.000413,0.006371,0.015368,0.022506,0.031001,0.002212,0.004218,0.00466,0.001416,0.00466,0.003569,0.005132,0.002301,-0.011504,-0.030735,-0.000118,0.000354,0.003304,-5.9e-05,-0.003038,0.003894,0.009881,0.017167,0.021827,0.026724,0.001799,0.003245,0.003451,0.000826,0.001947,-0.018966,-0.072709,-0.125212,-0.183645,-0.220663,-0.01581,-0.05743,-0.114594,-0.172761,-0.227329,-0.012881,-0.041722,-0.078605,-0.100459,-0.126527,0.000127,-0.000421,-0.000922,-0.000685,-0.003308,0.017912,0.055567,0.082967,0.09985,0.109006,-0.002905,-0.003006,-0.001649,0.000444,0.003098,0.333947,-0.72124,-0.140045,-0.919025,1,0,0,0,0,0,0,0,0,0,0
3834,0.002068,0.010016,0.018111,0.026177,0.035071,0.0013,0.002482,-8.9e-05,-0.000798,0.004727,0.001448,0.00133,-0.006766,-0.023932,-0.045175,0.000118,0.00325,0.002245,-0.002068,-0.006618,0.003309,0.008982,0.016043,0.020357,0.025764,0.000768,0.001536,-0.000532,-0.001005,0.000414,-0.029575,-0.080778,-0.134994,-0.188176,-0.215003,-0.017846,-0.062903,-0.131005,-0.184276,-0.245524,-0.011869,-0.042548,-0.08086,-0.097275,-0.131912,-0.000328,-0.001096,-0.000759,-0.001086,-0.005645,0.021866,0.053033,0.075512,0.088534,0.095276,-0.001096,0.00072,0.001631,0.004742,0.007062,0.348221,-0.686592,-0.139409,-0.917845,1,0,0,0,0,0,0,0,0,0,0
3835,0.003904,0.012924,0.020081,0.028599,0.036466,0.00071,0.001153,-0.0021,0.001153,0.00346,0.000118,-0.002721,-0.016562,-0.035844,-0.06119,0.000355,0.003312,-5.9e-05,-0.003046,-0.015408,0.002691,0.009996,0.014669,0.019578,0.024251,0.00068,0.000887,-0.001745,-0.000621,8.9e-05,-0.024281,-0.076924,-0.135511,-0.172627,-0.206401,-0.023867,-0.081182,-0.139504,-0.194217,-0.260138,-0.017036,-0.054017,-0.075929,-0.102066,-0.129213,-0.000222,-0.000724,-0.000486,-0.003116,-0.00514,0.016342,0.044254,0.061453,0.07078,0.07628,0.001001,0.002384,0.004515,0.007219,0.009559,0.370332,-0.652928,-0.138679,-0.916495,1,0,0,0,0,0,0,0,0,0,0
3836,0.004057,0.012172,0.020258,0.029172,0.035096,0.000474,-0.002103,-0.002814,0.002725,0.002695,-0.000237,-0.008352,-0.025559,-0.046854,-0.071317,0.002784,0.001777,-0.002547,-0.007108,-0.026922,0.002991,0.01007,0.014394,0.019814,0.023693,8.9e-05,-0.001984,-0.002458,-0.001037,-0.000533,-0.02701,-0.081357,-0.134667,-0.161559,-0.187858,-0.021265,-0.089531,-0.14293,-0.204325,-0.269719,-0.013692,-0.052097,-0.068551,-0.103272,-0.127994,-0.000547,-0.00021,-0.000537,-0.005108,-0.004859,0.01519,0.038051,0.051293,0.05815,0.061901,0.000836,0.001763,0.004926,0.007285,0.008962,0.378164,-0.619767,-0.138791,-0.915398,1,0,0,0,0,0,0,0,0,0,0
3837,0.004986,0.012169,0.020718,0.028613,0.032412,-3e-05,-0.003295,-3e-05,0.002285,0.001573,-0.002612,-0.016503,-0.035855,-0.061292,-0.080348,0.000178,-0.003206,-0.006203,-0.01861,-0.037696,0.004334,0.009023,0.01395,0.01864,0.023152,0.000119,-0.002523,-0.001395,-0.000683,-0.000564,-0.025764,-0.084563,-0.121813,-0.155709,-0.172034,-0.036211,-0.094743,-0.149654,-0.215814,-0.276157,-0.023392,-0.045384,-0.071616,-0.098861,-0.122491,4.5e-05,0.000284,-0.002356,-0.004386,-0.003466,0.013202,0.030841,0.040406,0.046046,0.048658,0.000569,0.002755,0.005528,0.007928,0.007442,0.392284,-0.592405,-0.138719,-0.915028,1,0,0,0,0,0,0,0,0,0,0
3838,0.003154,0.011278,0.020236,0.026187,0.028479,-0.002559,-0.003273,0.002291,0.002262,0.00125,-0.005535,-0.022825,-0.044221,-0.068801,-0.084157,-0.00119,-0.005535,-0.010118,-0.030026,-0.048893,0.002768,0.007112,0.012558,0.016456,0.020801,-0.002202,-0.002678,-0.00125,-0.000744,-0.000952,-0.028776,-0.082341,-0.109362,-0.135787,-0.155755,-0.032288,-0.085942,-0.147631,-0.213338,-0.260356,-0.015136,-0.031669,-0.066555,-0.091397,-0.100735,0.000293,-3.5e-05,-0.004628,-0.004377,-0.003302,0.010194,0.023887,0.030977,0.034855,0.036702,0.000379,0.00365,0.006089,0.007822,0.006223,0.404877,-0.573265,-0.137744,-0.914262,1,0,0,0,0,0,0,0,0,0,0
3839,0.004062,0.012663,0.020608,0.024431,0.026461,-0.000717,0.002568,0.004898,0.004181,0.003853,-0.008422,-0.027895,-0.05349,-0.072664,-0.082281,-0.00221,-0.005227,-0.017711,-0.036915,-0.056089,0.001941,0.006899,0.011618,0.016158,0.020727,-0.000448,0.000687,0.001404,0.001523,0.000687,-0.030284,-0.067766,-0.101873,-0.1183,-0.13171,-0.026491,-0.081744,-0.148315,-0.209033,-0.247352,-0.006938,-0.033333,-0.060747,-0.084525,-0.089346,-5.4e-05,-0.002711,-0.004754,-0.003828,-0.003978,0.007966,0.017956,0.023846,0.026573,0.027801,0.001894,0.004791,0.007297,0.00679,0.004591,0.411908,-0.555666,-0.136518,-0.912677,1,0,0,0,0,0,0,0,0,0,0
3840,0.004099,0.013106,0.01909,0.021394,0.023339,0.0,0.005595,0.005565,0.004548,0.004638,-0.008946,-0.03046,-0.055175,-0.070614,-0.074713,-0.002154,-0.006762,-0.02678,-0.04575,-0.063912,0.002424,0.007899,0.011819,0.016187,0.020915,-3e-05,0.001406,0.001915,0.001706,-0.000419,-0.023518,-0.050687,-0.077257,-0.097334,-0.100117,-0.027408,-0.089435,-0.155501,-0.202776,-0.238173,-0.009673,-0.044751,-0.069728,-0.079118,-0.08731,-0.000276,-0.004894,-0.004642,-0.00356,-0.005358,0.006156,0.013523,0.017552,0.019471,0.020423,0.001479,0.004013,0.005814,0.004153,0.001526,0.413719,-0.540836,-0.136348,-0.910906,1,0,0,0,0,0,0,0,0,0,0
3841,0.004533,0.012518,0.016361,0.018402,0.021074,0.003302,0.005644,0.004923,0.004593,0.005644,-0.010597,-0.036323,-0.055596,-0.065262,-0.065292,-0.000871,-0.013419,-0.032721,-0.051993,-0.069195,0.002552,0.007295,0.011858,0.016451,0.022304,0.001171,0.001891,0.002011,0.001171,-0.00045,-0.014079,-0.048361,-0.064872,-0.07835,-0.074748,-0.028038,-0.094951,-0.15598,-0.194495,-0.226316,-0.016826,-0.044381,-0.06828,-0.073126,-0.082003,-0.002393,-0.004447,-0.003516,-0.003667,-0.005846,0.004055,0.01016,0.012986,0.014259,0.014963,0.001489,0.004086,0.00356,0.001281,-0.001766,0.415188,-0.529523,-0.137692,-0.910975,1,0,0,0,0,0,0,0,0,0,0
3842,0.004516,0.010537,0.012855,0.014811,0.018996,0.002318,0.002288,0.001264,0.001355,0.00283,-0.011018,-0.035884,-0.051418,-0.055542,-0.052923,-0.003763,-0.023903,-0.042989,-0.061262,-0.074629,0.00295,0.006894,0.011289,0.016046,0.02312,0.000271,0.000783,0.000572,-0.001565,-0.001656,-0.013216,-0.039948,-0.060148,-0.062948,-0.058824,-0.034289,-0.100759,-0.148324,-0.183937,-0.206967,-0.018419,-0.043549,-0.052996,-0.061238,-0.066157,-0.002246,-0.001993,-0.000905,-0.002713,-0.003832,0.003551,0.007756,0.009759,0.010753,0.011226,0.001126,0.003006,0.001272,-0.00147,-0.004161,0.416543,-0.523686,-0.138104,-0.909781,1,0,0,0,0,0,0,0,0,0,0
3843,0.003494,0.00735,0.009398,0.012079,0.016417,3e-05,-0.000693,-0.001024,3e-05,0.000602,-0.01479,-0.034129,-0.043829,-0.043859,-0.040033,-0.008826,-0.028195,-0.047534,-0.064794,-0.076844,0.001807,0.006386,0.010995,0.016869,0.023978,0.000452,0.000572,-0.000271,-0.001898,-0.003916,-0.021176,-0.037744,-0.051269,-0.047654,-0.042503,-0.032834,-0.094074,-0.132722,-0.164652,-0.183599,-0.00922,-0.033202,-0.038064,-0.046972,-0.050592,0.000187,0.001121,0.00097,-0.001217,-0.003353,0.002687,0.005583,0.006887,0.007607,0.007926,0.001529,0.000991,-0.001344,-0.004465,-0.007172,0.416992,-0.515161,-0.139901,-0.906691,1,0,0,0,0,0,0,0,0,0,0
3844,0.002529,0.004847,0.006804,0.01099,0.015446,-6e-05,-0.001084,-0.000994,0.000482,0.001505,-0.010086,-0.025622,-0.029747,-0.027128,-0.023936,-0.011321,-0.030409,-0.048685,-0.062053,-0.071567,0.002138,0.006533,0.011291,0.018366,0.025773,6e-05,-0.000151,-0.002288,-0.002379,-0.004366,-0.00557,-0.025773,-0.028573,-0.024448,-0.01957,-0.033661,-0.081232,-0.11685,-0.139883,-0.15578,-0.015918,-0.025366,-0.03361,-0.038529,-0.042277,6.7e-05,0.001155,-0.000654,-0.001773,-0.004288,0.001531,0.003535,0.00453,0.005004,0.005285,0.000357,-0.001378,-0.004123,-0.006816,-0.009701,0.416837,-0.511494,-0.141172,-0.904863,1,0,0,0,0,0,0,0,0,0,0
3845,0.001326,0.003375,0.006057,0.010396,0.015669,-0.000663,-0.000994,6e-05,0.000633,0.004429,-0.009251,-0.018953,-0.018984,-0.015157,-0.012957,-0.008045,-0.027391,-0.044657,-0.05671,-0.062194,0.002441,0.007051,0.012927,0.020038,0.026607,6e-05,-0.000783,-0.002411,-0.004429,-0.002923,-0.010998,-0.024528,-0.020912,-0.015759,-0.012806,-0.027571,-0.066231,-0.098172,-0.117125,-0.122158,-0.008059,-0.012923,-0.021834,-0.025455,-0.026014,0.000867,0.000716,-0.001471,-0.003608,-0.005664,0.001363,0.00267,0.003392,0.003711,0.003677,-0.000898,-0.003239,-0.006367,-0.00908,-0.010472,0.416518,-0.511744,-0.141652,-0.903968,1,0,0,0,0,0,0,0,0,0,0
3846,0.000995,0.002954,0.007144,0.011605,0.01682,-0.000362,-0.000271,0.001206,0.002231,0.007415,-0.0063,-0.01043,-0.007807,-0.004612,-0.003286,-0.011063,-0.02936,-0.042743,-0.052268,-0.056006,0.001959,0.006722,0.013806,0.021221,0.027671,-0.000271,-0.002411,-0.002502,-0.004491,-0.002924,-0.009224,-0.012027,-0.007898,-0.003014,-0.001236,-0.020045,-0.055705,-0.078764,-0.09468,-0.093715,-0.001398,-0.009651,-0.014575,-0.018328,-0.017168,0.000222,-0.001589,-0.00271,-0.005228,-0.008598,0.000655,0.001658,0.002135,0.002418,0.002186,-0.000848,-0.003615,-0.00633,-0.009239,-0.010734,0.416511,-0.512719,-0.143457,-0.901691,1,0,0,0,0,0,0,0,0,0,0
3847,0.001056,0.00374,0.008083,0.013361,0.017674,3e-05,0.001086,0.001659,0.005459,0.010375,-0.003408,-0.003438,0.000392,0.002594,0.003468,-0.008294,-0.025576,-0.037641,-0.04313,-0.047473,0.002654,0.008535,0.015653,0.022228,0.028683,-0.000573,-0.002202,-0.004223,-0.002714,-0.003589,-0.004313,-0.000694,0.004464,0.00742,0.007269,-0.018639,-0.05061,-0.069581,-0.074618,-0.074226,-0.00347,-0.012389,-0.016014,-0.016573,-0.013984,-0.000373,-0.002563,-0.004701,-0.006759,-0.012121,0.000658,0.001385,0.001706,0.001672,0.001462,-0.001504,-0.004653,-0.007383,-0.008784,-0.01128,0.418311,-0.512562,-0.145246,-0.899196,1,0,0,0,0,0,0,0,0,0,0
3848,0.000905,0.005098,0.009562,0.01478,0.017344,6e-05,0.001538,0.002564,0.007752,0.011552,-0.000724,0.0019,0.005098,0.006425,0.007179,-0.010014,-0.023407,-0.032938,-0.036678,-0.041535,0.002111,0.0092,0.01662,0.023075,0.028323,-0.001568,-0.001659,-0.00365,-0.002081,-0.003499,0.001508,0.005641,0.010527,0.012307,0.010044,-0.017042,-0.040117,-0.056043,-0.055078,-0.055742,-0.004788,-0.009716,-0.013471,-0.012311,-0.008016,-0.001439,-0.00256,-0.00508,-0.008453,-0.013149,0.000349,0.000829,0.001113,0.00088,0.000727,-0.001275,-0.004003,-0.006925,-0.008427,-0.011216,0.420501,-0.512363,-0.146595,-0.897355,1,0,0,0,0,0,0,0,0,0,0
3849,0.00178,0.006124,0.011403,0.015716,0.018672,0.000995,0.001569,0.005369,0.010286,0.013454,0.000694,0.004525,0.006727,0.007602,0.006968,-0.00727,-0.019336,-0.024826,-0.02917,-0.032971,0.003771,0.01089,0.017466,0.023921,0.029532,-6e-05,-0.002081,-0.000573,-0.001448,-0.001508,0.002112,0.00727,0.010226,0.010075,0.004283,-0.014932,-0.033906,-0.038944,-0.038551,-0.038491,-0.004132,-0.007757,-0.008317,-0.005727,0.000464,-0.000751,-0.00289,-0.004948,-0.010311,-0.013039,0.000378,0.0007,0.000666,0.000455,0.000357,-0.001876,-0.00461,-0.006013,-0.008511,-0.010977,0.424239,-0.511698,-0.148779,-0.895396,1,0,0,0,0,0,0,0,0,0,0
3850,0.002414,0.00688,0.0121,0.014665,0.019494,0.000483,0.001509,0.006699,0.010501,0.014333,0.001931,0.00513,0.006458,0.007212,0.004858,-0.006126,-0.015661,-0.019403,-0.024261,-0.027037,0.003319,0.010743,0.0172,0.022451,0.028788,-3e-05,-0.002022,-0.000453,-0.001871,-0.001509,0.002022,0.00691,0.008691,0.006427,-0.003893,-0.008147,-0.02408,-0.023115,-0.023778,-0.023205,-0.000796,-0.004553,-0.003392,0.000905,0.009542,-0.000371,-0.002892,-0.006266,-0.010964,-0.01412,0.000102,0.000387,0.000153,-0.0,-1.6e-05,-0.000855,-0.003786,-0.005292,-0.008089,-0.009695,0.430282,-0.511648,-0.151006,-0.894009,1,0,0,0,0,0,0,0,0,0,0
3851,0.001929,0.007205,0.011516,0.014471,0.019746,9e-05,0.003889,0.008803,0.011968,0.015013,0.001899,0.0041,0.004974,0.004341,0.00211,-0.005939,-0.011426,-0.015767,-0.019566,-0.021646,0.003799,0.010371,0.016822,0.022429,0.028097,-0.00199,-0.000482,-0.001357,-0.001417,-0.00202,0.003135,0.00609,0.005939,0.000151,-0.010883,-0.010823,-0.015857,-0.015465,-0.015405,-0.016822,-0.002827,-0.003386,-0.000798,0.005389,0.01386,-0.001767,-0.003824,-0.009184,-0.01191,-0.015433,0.000219,0.000185,-2.5e-05,-0.000123,4.7e-05,-0.001873,-0.00327,-0.005757,-0.008213,-0.008983,0.43582,-0.509478,-0.152697,-0.892058,1,0,0,0,0,0,0,0,0,0,0
3852,0.002531,0.007744,0.010305,0.015126,0.019796,0.000934,0.006117,0.009913,0.01374,0.015699,0.001296,0.002621,0.003375,0.001024,0.000301,-0.003586,-0.007322,-0.012173,-0.014945,-0.016271,0.003616,0.010064,0.015307,0.021635,0.026335,0.0,0.001567,0.000151,0.000512,-0.000542,0.001748,0.003525,0.001266,-0.009039,-0.015156,-0.005092,-0.004128,-0.004791,-0.004218,-0.010305,-0.000925,0.000234,0.004525,0.013149,0.016563,-0.000751,-0.00412,-0.008811,-0.011963,-0.014923,6.4e-05,-0.000167,-0.000319,-0.000335,0.000104,-0.001035,-0.002526,-0.005295,-0.006884,-0.007294,0.4388,-0.50488,-0.153798,-0.8909,1,0,0,0,0,0,0,0,0,0,0
3853,0.002738,0.007041,0.009989,0.015255,0.018654,0.002858,0.007763,0.010922,0.013961,0.014893,0.000903,0.001775,0.001143,-0.001083,-0.000722,-0.001896,-0.006228,-0.010019,-0.012095,-0.014773,0.002949,0.009387,0.014984,0.02064,0.024582,0.001504,0.000632,0.000572,-3e-05,-0.000692,0.001204,0.001053,-0.004724,-0.015736,-0.016428,6e-05,0.000451,0.000511,-0.000903,-0.012908,0.000366,0.002949,0.009124,0.017578,0.015468,-0.001303,-0.006652,-0.009373,-0.012889,-0.014362,-9.7e-05,-0.000304,-0.0004,-0.000233,0.000394,-0.000353,-0.002807,-0.005229,-0.005989,-0.006572,0.442082,-0.497399,-0.154587,-0.890294,1,0,0,0,0,0,0,0,0,0,0
3854,0.002462,0.005015,0.00982,0.014475,0.016426,0.002312,0.006096,0.00991,0.011862,0.012042,0.00042,0.001171,-0.001171,-0.001892,0.002222,-0.001832,-0.006667,-0.009429,-0.010751,-0.016547,0.003483,0.008709,0.015015,0.0197,0.022883,6e-05,-0.001351,-0.000991,-0.002042,-0.002432,0.000571,-0.001682,-0.011952,-0.018048,-0.014084,0.000901,0.00024,0.000811,-0.005255,-0.021051,0.00079,0.005066,0.013662,0.017064,0.014023,-0.002057,-0.006733,-0.009873,-0.012824,-0.013166,-0.00013,-0.000279,-0.000295,0.000134,0.000765,-0.001108,-0.003812,-0.005364,-0.005765,-0.006689,0.443237,-0.489955,-0.155058,-0.890843,1,0,0,0,0,0,0,0,0,0,0
3855,0.00183,0.00477,0.01002,0.01341,0.01413,0.00258,0.00573,0.00876,0.00969,0.00963,0.00045,-0.00018,-0.0024,-0.00204,0.00711,-0.00249,-0.00627,-0.00834,-0.01101,-0.01908,0.00294,0.00852,0.01416,0.01809,0.02106,-0.00093,-0.00099,-0.00159,-0.00225,-0.00252,-0.00072,-0.00648,-0.01746,-0.01815,-0.00603,-0.00051,-0.00045,-0.00186,-0.01383,-0.033329,0.001786,0.007943,0.016373,0.014268,0.008019,-0.003278,-0.005991,-0.009496,-0.010965,-0.010765,-7.3e-05,-0.000168,-4e-06,0.00061,0.001241,-0.001304,-0.003676,-0.004421,-0.004992,-0.006566,0.439339,-0.480502,-0.155783,-0.891679,1,0,0,0,0,0,0,0,0,0,0
3856,0.00072,0.005519,0.010169,0.012119,0.012779,0.0012,0.00501,0.006959,0.007139,0.007049,0.0003,-0.00204,-0.00276,0.00135,0.014189,-0.00234,-0.0051,-0.006419,-0.012209,-0.023548,0.00228,0.008579,0.013259,0.016438,0.019438,-0.00048,-0.00012,-0.00117,-0.00156,-0.00159,-0.00153,-0.011789,-0.017878,-0.013919,0.014159,-0.00015,0.00042,-0.005639,-0.021418,-0.049015,0.002486,0.011072,0.01447,0.011432,-0.007759,-0.001392,-0.004529,-0.007477,-0.007818,-0.007331,-7.4e-05,-9e-05,0.000336,0.000962,0.001602,-0.00138,-0.00292,-0.003318,-0.004236,-0.005839,0.424102,-0.467658,-0.156106,-0.892301,1,0,0,0,0,0,0,0,0,0,0
3857,0.002219,0.007468,0.010857,0.011576,0.013406,0.001949,0.004978,0.005908,0.005848,0.007108,-0.00093,-0.003149,-0.002789,0.006358,0.03152,-0.00144,-0.003509,-0.006178,-0.014246,-0.037938,0.003299,0.008937,0.012866,0.015835,0.018564,0.00042,-0.00018,-0.00084,-0.00111,-9e-05,-0.004229,-0.015205,-0.015895,-0.003779,0.052424,0.00021,-0.0012,-0.013166,-0.03266,-0.060012,0.00367,0.012097,0.009994,0.003745,-0.027016,-0.00132,-0.004825,-0.006293,-0.006093,-0.006163,-2e-05,0.000143,0.000756,0.001385,0.001275,-0.000989,-0.001733,-0.002302,-0.003874,-0.004524,0.392315,-0.46105,-0.155548,-0.894186,1,0,0,0,0,0,0,0,0,0,0
3858,0.002575,0.007216,0.009162,0.009821,0.011378,0.001856,0.003803,0.003982,0.003892,0.005689,-0.001407,-0.002126,0.001976,0.014791,0.05626,-0.001317,-0.002635,-0.008414,-0.019731,-0.049703,0.002994,0.007665,0.010839,0.013833,0.016079,-6e-05,-0.001108,-0.001497,-0.001527,-0.000569,-0.006018,-0.012096,-0.008144,0.019881,0.093836,0.000359,-0.005689,-0.021438,-0.048984,-0.078626,0.004906,0.008297,0.005266,-0.01389,-0.045004,-0.001813,-0.004755,-0.005096,-0.00461,-0.005306,5e-06,0.000425,0.001043,0.001674,0.001306,-0.000542,-0.000935,-0.00184,-0.003423,-0.003998,0.360393,-0.448353,-0.155637,-0.897461,0,0,1,0,0,0,0,0,0,0,0
3859,0.002662,0.006043,0.006761,0.008585,0.008735,0.001167,0.002094,0.002034,0.003291,0.003261,-0.000808,-0.000449,0.008675,0.033773,0.082682,-0.000748,-0.00341,-0.011457,-0.035089,-0.064524,0.002632,0.006551,0.009513,0.012235,0.012773,-0.000538,-0.001197,-0.001466,-0.000449,-0.004696,-0.004936,-0.005624,0.006461,0.06252,0.143378,-0.001765,-0.013701,-0.033145,-0.060426,-0.10766,0.003504,0.001406,-0.004826,-0.035509,-0.071205,-0.001684,-0.003149,-0.002949,-0.003018,-0.007089,0.000156,0.000758,0.001376,0.001267,0.00141,-0.000191,-0.000751,-0.002294,-0.002934,-0.003732,0.32132,-0.426656,-0.155667,-0.897269,0,0,1,0,0,0,0,0,0,0,0
3860,0.001973,0.003916,0.004574,0.006128,0.004843,0.000777,0.000957,0.000867,0.002661,0.000538,9e-05,0.004185,0.01698,0.058382,0.10119,-0.000568,-0.006337,-0.017637,-0.047561,-0.079936,0.002033,0.005202,0.008191,0.010433,0.009835,-0.000508,-0.000897,-0.000927,3e-05,-0.007892,-0.001136,0.00281,0.03079,0.104628,0.197926,-0.004275,-0.019999,-0.047501,-0.077096,-0.141995,-0.000115,-0.003142,-0.022267,-0.053331,-0.110415,-0.001255,-0.001595,-0.00111,-0.001804,-0.007369,0.00026,0.000871,0.001496,0.001131,0.001346,-0.000198,-0.001093,-0.002658,-0.003227,-0.00438,0.274813,-0.394267,-0.155512,-0.893789,0,0,1,0,0,0,0,0,0,0,0
3861,0.001405,0.002122,0.003945,0.004095,0.001106,0.000149,9e-05,0.001345,0.001315,-0.000329,0.000269,0.009385,0.03446,0.083325,0.120175,-0.002092,-0.010132,-0.033742,-0.063151,-0.085895,0.001883,0.004842,0.007561,0.008099,0.006695,-0.000149,-0.000418,0.000598,-0.003646,-0.010132,0.000448,0.012523,0.068531,0.149315,0.257805,-0.007651,-0.027078,-0.054334,-0.101526,-0.157773,-0.001981,-0.008208,-0.038862,-0.074526,-0.151754,-0.000209,-1e-05,-7.9e-05,-0.004146,-0.008596,0.000339,0.000953,0.000845,0.000987,0.001099,-0.000359,-0.001892,-0.002527,-0.003321,-0.004904,0.217935,-0.378683,-0.154689,-0.890192,0,0,1,0,0,0,0,0,0,0,0
3862,0.000538,0.001196,0.002751,0.001465,-0.002811,3e-05,-6e-05,0.001734,-0.000389,-0.000329,0.003827,0.016625,0.058037,0.100855,0.147171,-0.003678,-0.01498,-0.044911,-0.077293,-0.10543,0.001286,0.004276,0.006518,0.00592,0.0029,-0.000239,-0.000269,0.000688,-0.007236,-0.012199,0.003498,0.031485,0.10534,0.19866,0.315004,-0.008073,-0.035582,-0.065184,-0.130098,-0.183531,-0.001046,-0.020175,-0.051247,-0.108344,-0.181352,-0.000131,0.000354,-0.00034,-0.005906,-0.010591,0.000272,0.000898,0.000533,0.000748,0.000767,-0.000537,-0.002105,-0.002675,-0.003829,-0.005203,0.159284,-0.349748,-0.15392,-0.884047,0,0,1,0,0,0,0,0,0,0,0
3863,0.00018,0.002005,0.002155,-0.000838,-0.006285,-9e-05,0.001167,0.001137,-0.000509,-0.000359,0.005297,0.030407,0.07934,0.116241,0.16679,-0.00437,-0.028013,-0.057462,-0.080238,-0.156555,0.001676,0.004399,0.004938,0.003532,0.000389,-3e-05,0.000988,-0.003262,-0.009757,-0.012271,0.008589,0.064675,0.145571,0.25421,0.377724,-0.011373,-0.038667,-0.085924,-0.142249,-0.223803,-0.005188,-0.035885,-0.071598,-0.148933,-0.221391,0.000331,0.000261,-0.003812,-0.008268,-0.010425,0.000346,0.000237,0.000381,0.000494,0.000497,-0.001008,-0.001649,-0.00245,-0.004049,-0.00575,0.098954,-0.309194,-0.154429,-0.884073,0,0,1,0,0,0,0,0,0,0,0
3864,0.000479,0.002037,0.000749,-0.003535,-0.011055,0.0,0.001797,-0.00033,-0.00027,-0.00027,0.00752,0.049012,0.091912,0.138318,0.191134,-0.00695,-0.036939,-0.069383,-0.097574,-0.177893,0.001318,0.003565,0.002966,-6e-05,-0.002906,0.0,0.000959,-0.00698,-0.011953,-0.010006,0.019443,0.09344,0.18694,0.303508,0.433077,-0.016177,-0.045836,-0.110876,-0.164411,-0.245419,-0.013973,-0.045104,-0.102311,-0.17546,-0.250735,0.000155,-0.000541,-0.006118,-0.010811,-0.007963,0.000286,-8.4e-05,0.000134,0.000153,0.000152,-0.000574,-0.001152,-0.002322,-0.003714,-0.006301,0.041808,-0.281901,-0.15341,-0.885334,0,0,1,0,0,0,0,0,0,0,0
3865,0.00135,0.0015,-0.0015,-0.006959,-0.016948,0.00126,0.00123,-0.00042,-0.00027,0.00036,0.017638,0.066684,0.103671,0.154336,0.218141,-0.016739,-0.046256,-0.069084,-0.145577,-0.194473,0.00141,0.00195,0.00054,-0.00261,-0.007229,0.00102,-0.00324,-0.009749,-0.012269,-0.00369,0.036747,0.11783,0.22672,0.350519,0.45104,-0.011159,-0.058525,-0.11498,-0.196723,-0.262537,-0.016777,-0.052572,-0.130086,-0.202711,-0.240465,-0.000225,-0.004307,-0.008773,-0.010935,-0.002055,-0.000399,-0.000253,-0.000138,-0.000135,-0.000135,-7.3e-05,-0.000887,-0.002511,-0.00424,-0.00655,0.004475,-0.249349,-0.150663,-0.889822,0,0,1,0,0,0,0,0,0,0,0
3866,0.000211,-0.001083,-0.005384,-0.012935,-0.021087,0.000541,-0.001594,-0.001534,-0.001534,0.000211,0.023974,0.06705,0.113646,0.166678,0.192909,-0.013326,-0.045903,-0.07421,-0.154857,-0.166829,0.000842,0.000241,-0.002798,-0.005655,-0.011581,-6e-05,-0.008032,-0.013025,-0.01107,0.002767,0.037451,0.131333,0.248378,0.378478,0.448687,-0.01859,-0.083896,-0.13765,-0.218989,-0.244167,-0.014435,-0.071876,-0.145325,-0.220908,-0.196943,-0.000473,-0.006073,-0.010786,-0.007926,0.004366,2.6e-05,0.000251,0.000271,0.00027,0.00027,-0.00052,-0.001725,-0.003157,-0.005819,-0.005523,-0.030612,-0.261596,-0.148443,-0.894911,0,0,1,0,0,0,0,0,0,0,0
3867,-6e-05,-0.003083,-0.008584,-0.01865,-0.023093,-0.000574,-0.002237,-0.002086,-0.001451,0.001602,0.02533,0.0626,0.113652,0.177945,0.176524,-0.016353,-0.039355,-0.116433,-0.165703,-0.156514,-0.000302,-0.001723,-0.004897,-0.009552,-0.014841,-0.004232,-0.010791,-0.01333,-0.004685,0.01067,0.044071,0.153793,0.278539,0.379829,0.454035,-0.029048,-0.085935,-0.168302,-0.23462,-0.235103,-0.021564,-0.099671,-0.172851,-0.210893,-0.148809,-0.003638,-0.008138,-0.010317,-0.001369,0.010499,0.000127,0.000248,0.000252,0.000252,0.000252,-0.000321,-0.002034,-0.003857,-0.006294,-0.003702,-0.072473,-0.262481,-0.14586,-0.897765,0,0,1,0,0,0,0,0,0,0,0
3868,-0.001245,-0.005586,-0.013205,-0.021431,-0.026713,-0.001579,-0.001518,-0.001518,0.000243,0.000971,0.018032,0.065053,0.118571,0.145042,0.166413,-0.016453,-0.045018,-0.126403,-0.138485,-0.183837,-0.000304,-0.00337,-0.006253,-0.012234,-0.019974,-0.003795,-0.008834,-0.006861,0.007103,0.022464,0.050482,0.168598,0.299889,0.37074,0.463903,-0.036731,-0.090978,-0.173061,-0.198469,-0.234927,-0.03631,-0.110431,-0.186706,-0.162521,-0.091465,-0.001997,-0.006753,-0.003867,0.008537,0.022384,0.000109,0.00013,0.000129,0.000129,0.000134,-0.000953,-0.00248,-0.005317,-0.005002,-0.000417,-0.124504,-0.242408,-0.144155,-0.90093,0,0,1,0,0,0,0,0,0,0,0
3869,-0.001794,-0.007327,-0.017451,-0.021921,-0.02867,-9.1e-05,6.1e-05,0.000699,0.00377,-0.000882,0.019428,0.070778,0.135446,0.134017,0.166183,-0.006658,-0.084186,-0.133743,-0.1245,-0.183148,-0.001125,-0.004317,-0.008999,-0.01432,-0.02414,-0.002797,-0.005351,0.003344,0.018789,0.033231,0.059803,0.185276,0.287157,0.361796,0.502775,-0.020431,-0.103279,-0.169983,-0.17047,-0.235168,-0.042196,-0.115803,-0.154068,-0.091621,0.016958,-0.002526,-0.004718,0.004282,0.016219,0.034354,1.7e-05,2.1e-05,2.1e-05,2.1e-05,-2.5e-05,-0.000821,-0.00272,-0.005258,-0.002559,0.003716,-0.211456,-0.20883,-0.143003,-0.907304,0,0,1,0,0,0,0,0,0,0,0
3870,-0.002558,-0.010201,-0.018453,-0.023751,-0.027253,0.000152,0.000152,0.001918,0.002649,0.002497,0.02771,0.081394,0.107947,0.129385,0.174512,-0.021985,-0.103623,-0.115743,-0.161236,-0.163611,-0.001949,-0.004842,-0.01084,-0.018605,-0.024848,-0.002253,-0.000274,0.013733,0.029141,0.048142,0.058587,0.190286,0.261357,0.35481,0.519456,-0.033952,-0.116291,-0.141778,-0.178349,-0.250913,-0.032089,-0.108601,-0.084342,-0.013064,0.116589,-0.00224,0.000654,0.013097,0.026987,0.04529,5e-06,4e-06,4e-06,9e-06,-0.000752,-0.00073,-0.00363,-0.003307,0.001378,0.007926,-0.285736,-0.17497,-0.138389,-0.920481,0,0,1,0,0,0,0,0,0,0,0
3871,-0.002987,-0.013136,-0.017617,-0.024383,-0.026029,0.0,0.00064,0.003718,-0.000945,0.009205,0.023743,0.088572,0.08714,0.119387,0.17114,-0.055716,-0.105397,-0.096131,-0.154925,-0.137918,-0.00125,-0.005943,-0.011277,-0.021122,-0.024505,-0.000305,0.008412,0.023896,0.038373,0.057057,0.067145,0.169281,0.244107,0.385439,0.515158,-0.049071,-0.115943,-0.11643,-0.18129,-0.234964,-0.041672,-0.080032,-0.017429,0.091422,0.183742,4.6e-05,0.009068,0.021035,0.039215,0.047285,-1e-06,-1e-06,-1e-06,-4.7e-05,-0.001336,-0.001198,-0.003781,-0.001034,0.005352,0.008972,-0.33883,-0.158437,-0.139725,-0.926414,0,0,1,0,0,0,0,0,0,0,0
3872,-0.004682,-0.012974,-0.018298,-0.021816,-0.023561,0.0,0.001775,0.002509,0.002356,0.014198,0.030109,0.05679,0.078331,0.123678,0.167494,-0.0261,-0.038278,-0.083992,-0.086379,-0.076954,-0.001652,-0.00768,-0.015483,-0.021755,-0.024815,0.002295,0.01637,0.031853,0.050946,0.06239,0.064929,0.136345,0.230251,0.395695,0.498781,-0.033474,-0.059085,-0.095833,-0.168749,-0.192615,-0.035048,-0.010671,0.060952,0.191233,0.25796,0.002863,0.015366,0.029323,0.047714,0.047087,-0.0,0.0,5e-06,-0.000782,-0.001473,-0.001768,-0.001435,0.003412,0.010185,0.01162,-0.386713,-0.156507,-0.141258,-0.929065,0,0,1,0,0,0,0,0,0,0,0
3873,-0.005517,-0.010023,-0.016828,-0.018483,-0.022284,0.000644,0.003739,-0.00095,0.009257,0.015969,0.035035,0.033594,0.066023,0.118069,0.152276,-0.023816,-0.014498,-0.073625,-0.056521,-0.051341,-0.003065,-0.008429,-0.01833,-0.021732,-0.024215,0.006467,0.022038,0.036598,0.055387,0.062713,0.037671,0.11292,0.25505,0.385502,0.461272,-0.033716,-0.034207,-0.099433,-0.15341,-0.16423,-0.003468,0.059489,0.168955,0.261797,0.306317,0.006206,0.01824,0.036522,0.044639,0.04548,0.0,0.0,-4.8e-05,-0.001388,-0.001508,-0.000897,0.001961,0.008604,0.012369,0.010953,-0.411653,-0.158202,-0.141516,-0.928107,0,0,1,0,0,0,0,0,0,0,0
3874,-0.002789,-0.008122,-0.011646,-0.013393,-0.018542,0.001134,0.00187,0.001716,0.013577,0.01563,-0.008305,0.01327,0.05869,0.102577,0.130835,0.011615,-0.034172,-0.036563,-0.027123,-0.034908,-0.002973,-0.010788,-0.017071,-0.020135,-0.022281,0.007631,0.023139,0.042263,0.053725,0.060131,0.033866,0.127923,0.293634,0.396886,0.446351,0.00806,-0.028747,-0.101781,-0.125686,-0.133348,0.027884,0.099623,0.230115,0.296949,0.316967,0.006318,0.020298,0.038719,0.038091,0.042913,0.0,5e-06,-0.000791,-0.001489,-0.000312,0.001233,0.006135,0.012985,0.014437,0.011866,-0.433979,-0.157436,-0.14112,-0.929882,0,0,1,0,0,0,0,0,0,0,0
3875,-0.001713,-0.008502,-0.010153,-0.013945,-0.018869,0.001957,-0.002722,0.007462,0.014159,0.014435,0.00685,0.039206,0.091133,0.125262,0.173429,-0.002294,-0.061286,-0.044221,-0.039053,-0.058992,-0.002385,-0.012263,-0.015658,-0.018135,-0.021468,0.007921,0.022447,0.041194,0.048503,0.053243,0.041285,0.183092,0.313248,0.388846,0.452333,-0.008532,-0.07361,-0.127464,-0.13826,-0.148505,0.034989,0.144207,0.236838,0.281257,0.292741,0.005702,0.023943,0.032041,0.032881,0.037561,0.0,-4.7e-05,-0.001366,-0.001484,0.000896,0.001598,0.008136,0.011842,0.010448,0.009524,-0.474472,-0.152384,-0.140708,-0.927682,0,0,1,0,0,0,0,0,0,0,0
3876,-0.00359,-0.007089,-0.008823,-0.013935,-0.019503,-0.001217,-0.001369,0.010406,0.012444,0.012535,0.014604,0.059695,0.103264,0.131316,0.181123,-0.043174,-0.045547,-0.036176,-0.043904,-0.064806,-0.005385,-0.011623,-0.014665,-0.016795,-0.019046,0.007515,0.026501,0.03788,0.044239,0.045942,0.052301,0.216812,0.319315,0.368422,0.427235,-0.028052,-0.100556,-0.124288,-0.131894,-0.140109,0.036408,0.165954,0.232304,0.252177,0.257073,0.008206,0.026493,0.025869,0.030656,0.032856,5e-06,-0.000751,-0.001415,-0.000297,0.0023,0.003117,0.009627,0.011007,0.008563,0.004989,-0.491873,-0.156642,-0.14256,-0.926578,0,0,1,0,0,0,0,0,0,0,0
3877,-0.003149,-0.004784,-0.008538,-0.013413,-0.016078,-0.003421,0.006661,0.013292,0.013565,0.014352,0.017501,0.068913,0.102704,0.150392,0.174827,-0.015442,0.001453,0.00657,-0.013171,-0.032277,-0.004421,-0.007782,-0.010234,-0.013534,-0.013534,0.006903,0.025464,0.032701,0.037394,0.03803,0.088352,0.217216,0.292064,0.354922,0.387774,-0.036516,-0.089836,-0.100524,-0.110667,-0.110092,0.071902,0.163614,0.207593,0.218963,0.221898,0.009894,0.017912,0.018743,0.023377,0.023726,-4.9e-05,-0.001279,-0.001389,0.000831,0.004551,0.003084,0.00654,0.00524,0.004379,0.001264,-0.504033,-0.160961,-0.143049,-0.922291,0,0,1,0,0,0,0,0,0,0,0
3878,-0.000332,-0.002052,-0.007123,-0.012646,-0.013099,0.00326,0.01494,0.016962,0.017053,0.019981,0.027285,0.070505,0.098333,0.147741,0.16579,0.013039,0.022335,0.014668,-0.006067,-0.02822,-0.001781,-0.004799,-0.006912,-0.009145,-0.008934,0.011952,0.02324,0.029548,0.031238,0.030484,0.075123,0.176807,0.225521,0.283863,0.304658,-0.035524,-0.059066,-0.066612,-0.074761,-0.075697,0.056837,0.122656,0.142369,0.147227,0.144814,0.008278,0.00766,0.012409,0.014591,0.011101,-0.000667,-0.001295,-0.000237,0.002217,0.005906,0.003138,0.004442,0.002132,-0.001246,-0.00279,-0.507272,-0.16896,-0.143396,-0.915285,0,0,1,0,0,0,0,0,0,0,0
3879,-0.001293,-0.00502,-0.009859,-0.012504,-0.012655,0.006763,0.013346,0.013616,0.014398,0.016682,0.023866,0.057412,0.104754,0.129011,0.147888,0.003787,0.008867,-0.010731,-0.029698,-0.054827,-0.001563,-0.003998,-0.007274,-0.007274,-0.007064,0.006523,0.013707,0.018366,0.018997,0.014699,0.053113,0.127418,0.189819,0.222433,0.221621,-0.017554,-0.028165,-0.038234,-0.037663,-0.042082,0.034442,0.078102,0.08939,0.092303,0.068747,-0.000285,0.00054,0.005141,0.005487,-0.000905,-0.000521,-0.000625,0.001484,0.00502,0.007513,0.000236,-0.001,-0.001819,-0.004779,-0.006538,-0.496907,-0.174719,-0.144559,-0.905525,0,0,1,0,0,0,0,0,0,0,0
3880,-0.00042,-0.005466,-0.010963,-0.011413,-0.014357,0.004866,0.006878,0.006968,0.009882,0.011143,0.019163,0.046855,0.096023,0.113985,0.129032,0.005466,-0.002163,-0.022797,-0.044843,-0.070313,-0.001442,-0.003544,-0.005767,-0.005557,-0.005406,0.004716,0.010993,0.012675,0.011924,0.004025,0.048117,0.096594,0.154653,0.175347,0.158918,-0.005887,-0.013396,-0.021505,-0.022436,-0.026762,0.031083,0.050701,0.055535,0.053134,0.018307,-0.000331,0.004395,0.006567,0.003094,-0.005281,-8.9e-05,0.000934,0.003306,0.006871,0.008701,0.001026,-0.001206,-0.004472,-0.005963,-0.010906,-0.482015,-0.184194,-0.146399,-0.894837,0,0,1,0,0,0,0,0,0,0,0
3881,-0.003296,-0.008119,-0.010755,-0.010905,-0.016148,0.001708,0.001977,0.002756,0.005033,0.00719,0.01432,0.061506,0.085683,0.104498,0.114923,-0.000389,-0.019923,-0.038827,-0.063873,-0.086882,-0.000989,-0.004254,-0.004254,-0.004044,-0.003985,0.002457,0.0071,0.007729,0.003445,-0.005842,0.026065,0.08826,0.120766,0.119957,0.099554,-0.004704,-0.01474,-0.014171,-0.018575,-0.022589,0.012511,0.023761,0.026665,0.003187,-0.030259,0.001152,0.005738,0.006083,-0.000288,-0.010435,-1.5e-05,0.002046,0.005501,0.007937,0.009168,-0.002215,-0.003015,-0.005907,-0.007627,-0.014966,-0.464821,-0.191569,-0.148776,-0.885987,0,0,1,0,0,0,0,0,0,0,0
3882,-0.001731,-0.007194,-0.007641,-0.010567,-0.016059,0.000298,0.000388,0.003283,0.004537,0.00588,0.013253,0.062117,0.079967,0.094921,0.107935,-0.007194,-0.0277,-0.04961,-0.074922,-0.099637,-0.001104,-0.003313,-0.003104,-0.002955,-0.002925,0.003791,0.005462,0.004716,-0.003134,-0.011194,0.022208,0.079907,0.100473,0.084145,0.062743,-0.002776,-0.010835,-0.011761,-0.016059,-0.020865,0.007031,0.011835,0.009449,-0.025162,-0.061893,0.003548,0.005706,0.002255,-0.006068,-0.014106,0.000993,0.003264,0.006678,0.00843,0.009381,2.2e-05,-0.003105,-0.004533,-0.009265,-0.015936,-0.446082,-0.197952,-0.153854,-0.879737,1,0,0,0,0,0,0,0,0,0,0
3883,-0.003072,-0.005697,-0.005846,-0.011066,-0.016346,-3e-05,0.000746,0.003013,0.00516,0.007159,0.033736,0.057808,0.076541,0.086921,0.084803,-0.01226,-0.031082,-0.056018,-0.078927,-0.106101,-0.002148,-0.002148,-0.001939,-0.001879,-0.00179,0.000835,0.001462,-0.002804,-0.012051,-0.015869,0.039732,0.072096,0.071291,0.050977,0.030067,-0.007219,-0.006652,-0.011037,-0.015034,-0.018046,0.004175,0.007066,-0.01631,-0.04961,-0.070522,0.00102,0.001363,-0.00498,-0.015083,-0.019604,0.00101,0.004361,0.006725,0.007918,0.008928,-0.000798,-0.003603,-0.00527,-0.012389,-0.018084,-0.429147,-0.204105,-0.154484,-0.876334,1,0,0,0,0,0,0,0,0,0,0
3884,-0.002389,-0.002837,-0.005763,-0.011258,-0.016066,0.000119,0.003016,0.00427,0.005614,0.009914,0.01511,0.032967,0.047928,0.060948,0.053691,-0.008242,-0.03016,-0.055483,-0.080208,-0.112429,-6e-05,0.000149,0.000299,0.000328,0.000418,0.000836,9e-05,-0.007764,-0.015827,-0.016991,0.017947,0.038522,0.022187,0.000776,-0.01514,-0.000836,-0.001762,-0.006062,-0.01087,-0.012094,0.000626,-0.001761,-0.036386,-0.073133,-0.083008,0.001138,-0.002314,-0.010641,-0.018682,-0.022913,0.00126,0.004683,0.00644,0.007394,0.008642,-0.002332,-0.003764,-0.00851,-0.0152,-0.020339,-0.415986,-0.209835,-0.15448,-0.872057,1,0,0,0,0,0,0,0,0,0,0
3885,-0.000239,-0.000389,-0.005621,-0.010913,-0.015578,0.000658,0.00293,0.005083,0.007086,0.009837,0.009,0.027776,0.038181,0.036059,0.051576,-0.010614,-0.03561,-0.058573,-0.085811,-0.10991,6e-05,0.000269,0.000329,0.000419,0.000628,-0.000209,-0.004485,-0.013754,-0.017581,-0.018717,0.014471,0.013664,-0.006697,-0.027657,-0.036447,0.001405,-0.00299,-0.006996,-0.010016,-0.011362,0.002271,-0.02116,-0.054539,-0.0755,-0.099787,-0.000795,-0.007154,-0.01728,-0.021812,-0.02448,0.002136,0.004539,0.005752,0.006779,0.007631,-0.0005,-0.002195,-0.009432,-0.015222,-0.020008,-0.405989,-0.213424,-0.159259,-0.869762,1,0,0,0,0,0,0,0,0,0,0
3886,-0.00021,-0.00315,-0.008671,-0.013501,-0.016831,0.00225,0.00351,0.00486,0.009181,0.008911,0.008911,0.023942,0.037022,0.029732,0.040833,-0.011371,-0.036812,-0.061654,-0.094026,-0.122468,0.00015,0.0003,0.00033,0.00042,0.00057,-0.00054,-0.008431,-0.016531,-0.017701,-0.020641,0.00615,-0.010261,-0.031772,-0.047763,-0.068855,-0.00234,-0.00666,-0.011491,-0.012721,-0.012121,-0.004677,-0.039465,-0.076384,-0.086306,-0.115649,-0.002671,-0.011036,-0.019116,-0.023366,-0.025145,0.00135,0.003165,0.004151,0.00544,0.006185,-0.000968,-0.005873,-0.012786,-0.018096,-0.02153,-0.382625,-0.217371,-0.164637,-0.867042,1,0,0,0,0,0,0,0,0,0,0
3887,6e-05,-0.005191,-0.010502,-0.015183,-0.018483,3e-05,0.00219,0.004201,0.006961,0.006271,0.009932,0.020374,0.018243,0.033816,0.026945,-0.013712,-0.036757,-0.064092,-0.088276,-0.124342,6e-05,0.00012,0.00021,0.00042,3e-05,-0.003751,-0.013052,-0.016893,-0.018033,-0.022744,-0.006961,-0.027395,-0.048429,-0.05725,-0.094697,-0.00207,-0.006091,-0.009122,-0.010472,-0.009152,-0.018837,-0.052334,-0.07337,-0.097743,-0.122519,-0.00371,-0.013873,-0.018421,-0.021099,-0.024307,0.001112,0.002356,0.003409,0.004283,0.005113,-0.000769,-0.008188,-0.014123,-0.019029,-0.022227,-0.359696,-0.221969,-0.166043,-0.865683,1,0,0,0,0,0,0,0,0,0,0
3888,-0.003001,-0.008523,-0.013354,-0.016686,-0.019957,0.00123,0.002581,0.006902,0.006632,0.006422,0.005102,0.018186,0.010894,0.021997,0.016175,-0.011734,-0.036582,-0.068963,-0.097413,-0.122681,9e-05,0.00012,0.00021,0.00036,-0.00036,-0.004141,-0.012244,-0.013415,-0.016356,-0.019146,-0.009453,-0.03097,-0.046966,-0.068063,-0.102545,-0.002251,-0.007082,-0.008313,-0.007713,-0.006662,-0.015957,-0.052887,-0.062811,-0.092162,-0.113521,-0.004657,-0.012739,-0.01699,-0.01877,-0.020656,0.000705,0.001693,0.002985,0.003731,0.004206,-0.004144,-0.011071,-0.016391,-0.019831,-0.022417,-0.343039,-0.226717,-0.16574,-0.867179,1,0,0,0,0,0,0,0,0,0,0
3889,-0.002243,-0.007535,-0.0122,-0.015489,-0.018748,0.000927,0.00293,0.005681,0.004994,0.00601,0.005322,0.003199,0.018718,0.011871,0.009359,-0.011273,-0.038513,-0.062614,-0.098556,-0.111922,-3e-05,6e-05,0.000269,-0.00012,-0.002691,-0.005143,-0.00897,-0.010107,-0.014801,-0.013994,-0.010944,-0.031905,-0.040696,-0.078013,-0.102832,-0.001764,-0.004784,-0.00613,-0.004814,-0.004276,-0.017482,-0.038445,-0.062733,-0.087424,-0.104624,-0.005487,-0.010019,-0.012688,-0.015885,-0.01592,0.000527,0.001554,0.002407,0.003217,0.003455,-0.003201,-0.008994,-0.013783,-0.016904,-0.017486,-0.331245,-0.229196,-0.163514,-0.868327,1,0,0,0,0,0,0,0,0,0,0
3890,-0.003246,-0.00804,-0.011346,-0.014592,-0.016766,0.000417,0.004705,0.004437,0.004229,0.010006,0.007683,0.000447,0.011465,0.005688,0.00274,-0.01343,-0.045562,-0.073793,-0.098866,-0.099998,6e-05,0.000149,0.000298,-0.000417,-0.003246,-0.002918,-0.00408,-0.006998,-0.009768,-0.007385,-0.010452,-0.026325,-0.047259,-0.081476,-0.09565,-0.003037,-0.004258,-0.003663,-0.002621,-0.002382,-0.019234,-0.029082,-0.058207,-0.079402,-0.089505,-0.002555,-0.006773,-0.008539,-0.010411,-0.013862,0.000424,0.001648,0.002355,0.002805,0.002853,-0.003452,-0.008492,-0.011751,-0.0142,-0.014348,-0.326791,-0.229501,-0.162761,-0.868678,1,0,0,0,0,0,0,0,0,0,0
3891,-0.002017,-0.006643,-0.009905,-0.013137,-0.013256,0.001572,0.0043,0.003618,0.004626,0.014235,-0.009757,0.005635,-0.001157,-0.003648,-0.005308,-0.013642,-0.037544,-0.07319,-0.086446,-0.085438,3e-05,0.000237,-0.000148,-0.002699,-0.003855,-0.00089,-0.002017,-0.006673,-0.005872,-0.003588,-0.01038,-0.019098,-0.056109,-0.080723,-0.084578,3e-05,-0.001305,0.0,0.000534,0.001157,-0.001635,-0.025724,-0.050212,-0.06727,-0.069461,-0.001951,-0.004597,-0.007768,-0.007803,-0.015159,0.000558,0.001363,0.002128,0.002352,0.002355,-0.002115,-0.006634,-0.00958,-0.01013,-0.010726,-0.32711,-0.230321,-0.162122,-0.868975,1,0,0,0,0,0,0,0,0,0,0
3892,-0.00275,-0.006033,-0.009256,-0.011415,-0.010942,0.002691,0.002425,0.002218,0.007955,0.016412,0.002543,0.013485,0.007748,0.00482,0.003312,-0.018305,-0.046339,-0.071239,-0.072362,-0.069583,5.9e-05,0.000207,-0.000503,-0.003312,-0.003903,-0.000266,-0.003164,-0.005914,-0.003549,-0.001952,-0.005412,-0.026201,-0.060179,-0.074255,-0.074314,-0.001242,-0.000651,0.000384,0.000621,0.003282,-0.008148,-0.037071,-0.058118,-0.068151,-0.066834,-0.002244,-0.003998,-0.005856,-0.009284,-0.016195,0.000619,0.001292,0.001721,0.001766,0.001761,-0.002726,-0.00583,-0.008162,-0.008303,-0.008761,-0.326693,-0.232432,-0.161987,-0.869804,1,0,0,0,0,0,0,0,0,0,0
3893,-0.001857,-0.005099,-0.008312,-0.00843,-0.007487,2.9e-05,-0.000648,0.000354,0.009904,0.014266,0.012763,0.006013,0.003537,0.001886,-0.002388,-0.005512,-0.040941,-0.054117,-0.053115,-0.050079,0.000147,-0.000236,-0.002771,-0.00392,-0.003773,-0.000855,-0.005482,-0.004687,-0.002417,0.003478,-0.003272,-0.040057,-0.064522,-0.068353,-0.066732,-8.8e-05,0.001208,0.001739,0.002358,0.009609,-0.015821,-0.040159,-0.057113,-0.059292,-0.052287,-0.000394,-0.003545,-0.00358,-0.010891,-0.0096,0.000167,0.0009,0.001114,0.001118,0.001134,-0.001666,-0.004489,-0.005016,-0.005586,-0.004809,-0.328943,-0.237713,-0.162151,-0.874846,1,0,0,0,0,0,0,0,0,0,0
3894,-0.001412,-0.004619,-0.006767,-0.006296,-0.003913,-0.000294,-0.0005,0.005208,0.013622,0.015505,-0.001854,-0.007561,-0.010474,-0.011975,-0.016211,-0.02239,-0.047163,-0.048281,-0.045515,-0.042926,0.0,-0.000706,-0.003501,-0.00409,-0.00356,-0.00203,-0.004766,-0.002413,-0.000824,0.006944,-0.017418,-0.051223,-0.065228,-0.065287,-0.058931,0.000677,0.001706,0.001942,0.00459,0.013299,-0.012984,-0.033924,-0.043906,-0.042596,-0.030525,-0.001352,-0.003201,-0.006611,-0.013487,-0.008233,0.000485,0.000899,0.000943,0.000938,0.000954,-0.00135,-0.003601,-0.003736,-0.004179,-0.001975,-0.332845,-0.241157,-0.162517,-0.87658,1,0,0,0,0,0,0,0,0,0,0
3895,-0.001822,-0.005026,-0.005144,-0.004203,-0.000764,-0.000382,0.000617,0.010141,0.014491,0.018754,-0.004879,-0.007349,-0.008995,-0.013257,-0.015403,-0.012963,-0.026102,-0.025103,-0.022075,-0.008789,-0.000382,-0.00291,-0.004056,-0.003909,-0.002734,-0.002587,-0.001793,0.00047,0.006349,0.014433,-0.019283,-0.04368,-0.047501,-0.045884,-0.034391,0.000617,0.001146,0.001764,0.008995,0.013903,-0.0113,-0.028208,-0.03038,-0.023394,-0.013244,-0.001792,-0.001827,-0.009118,-0.00783,-0.004665,0.000237,0.000448,0.000451,0.000467,0.000324,-0.001427,-0.001944,-0.002504,-0.001741,0.000415,-0.3395,-0.242264,-0.163185,-0.880246,1,0,0,0,0,0,0,0,0,0,0
3896,-0.001383,-0.003532,-0.003061,-0.000677,0.001913,0.000177,0.005887,0.014305,0.016189,0.025108,-0.000824,-0.003738,-0.005239,-0.009478,-0.01145,-0.011803,-0.012922,-0.010155,-0.007565,0.017573,-0.000324,-0.00312,-0.003709,-0.003179,-0.001737,-0.000147,0.002208,0.003797,0.011568,0.02134,-0.014511,-0.028523,-0.028581,-0.022223,0.0005,0.000412,0.000648,0.003297,0.012009,0.01354,-0.009634,-0.01962,-0.01831,-0.006234,0.010706,-5.5e-05,-0.003467,-0.010346,-0.005089,-0.004534,0.000175,0.00022,0.000215,0.000231,-0.000154,-0.000817,-0.000953,-0.001396,0.000814,0.001746,-0.35486,-0.241946,-0.16112,-0.882088,1,0,0,0,0,0,0,0,0,0,0
3897,-0.001828,-0.001946,-0.001003,0.002447,0.003951,0.000826,0.010379,0.014743,0.019018,0.029073,-0.001651,-0.003302,-0.007578,-0.00973,-0.011028,-0.001356,-0.000354,0.002683,0.016011,0.036887,-0.002211,-0.003361,-0.003214,-0.002035,-0.000855,0.000944,0.003214,0.009111,0.01722,0.025004,-0.009937,-0.01377,-0.012148,-0.000619,0.03099,0.000118,0.000737,0.007991,0.012915,0.016453,-0.00731,-0.009489,-0.002481,0.0077,0.035575,2e-05,-0.007293,-0.006002,-0.002827,-0.00511,3.8e-05,4.1e-05,5.7e-05,-8.9e-05,-0.00048,0.000299,-0.000274,0.000505,0.00271,0.00255,-0.369466,-0.24385,-0.156637,-0.88219,1,0,0,0,0,0,0,0,0,0,0
3898,-0.000324,0.000147,0.002536,0.005132,0.007639,0.004896,0.013331,0.015219,0.024155,0.029228,-0.001268,-0.002772,-0.00702,-0.008996,-0.009497,0.000236,0.003008,0.005604,0.030792,0.063412,-0.00059,-0.00118,-0.000649,0.000796,0.002979,0.001416,0.003008,0.010795,0.020587,0.028314,-0.0041,-0.004159,0.002212,0.024981,0.049343,0.000118,0.002772,0.011503,0.013036,0.027518,-0.002695,-0.001382,0.010718,0.027692,0.04928,-0.003439,-0.010332,-0.005065,-0.004509,-0.002006,7e-06,2e-06,1.9e-05,-0.000371,-0.000909,-0.000437,-0.000887,0.001355,0.002299,0.002975,-0.377576,-0.253593,-0.153792,-0.88658,1,0,0,0,0,0,0,0,0,0,0
3899,0.000207,0.001151,0.004605,0.00611,0.011689,0.004664,0.009032,0.013313,0.023378,0.024765,-0.000384,-0.004664,-0.006819,-0.008117,-0.008973,0.000767,0.003808,0.01715,0.038048,0.090354,-0.000561,-0.000413,0.000767,0.001948,0.005225,0.000856,0.00676,0.014877,0.02267,0.032174,0.000266,0.001889,0.013431,0.045074,0.060748,0.000502,0.007763,0.012693,0.016235,0.050593,0.000515,0.00753,0.017723,0.045627,0.059566,-0.00388,-0.002587,0.000591,-0.001694,0.005664,-4e-06,1.3e-05,-0.000134,-0.000529,-0.001065,-0.000137,0.000648,0.002869,0.002709,0.005785,-0.384317,-0.272787,-0.151457,-0.893738,1,0,0,0,0,0,0,0,0,0,0
3900,0.000266,0.002658,0.005257,0.007768,0.015713,0.003781,0.005671,0.01462,0.0197,0.025342,-0.001122,-0.005376,-0.007354,-0.007857,-0.009865,0.002008,0.004608,0.029831,0.062498,0.132055,-3e-05,0.000502,0.001949,0.004135,0.00827,0.000738,0.008536,0.018342,0.02608,0.040405,-0.000325,0.006055,0.028857,0.053253,0.061819,0.002156,0.010899,0.012435,0.026937,0.085152,0.000799,0.012917,0.029914,0.051533,0.061082,-0.003021,0.002254,0.002811,0.005317,0.012898,-1e-06,1.6e-05,-0.000378,-0.000922,-0.001321,-0.000317,0.001948,0.002901,0.003584,0.007966,-0.3864,-0.299953,-0.150955,-0.903831,1,0,0,0,0,0,0,0,0,0,0
3901,0.00068,0.004137,0.005644,0.011229,0.021718,0.000591,0.004876,0.014952,0.016341,0.022575,-0.003162,-0.005319,-0.006619,-0.007476,-0.015011,0.001034,0.01439,0.035311,0.087672,0.159978,0.000177,0.001359,0.002541,0.005821,0.011258,0.005171,0.013297,0.021098,0.030613,0.049583,0.00195,0.013504,0.04518,0.060871,0.059393,0.005112,0.010047,0.013593,0.047988,0.11335,0.006223,0.016426,0.044361,0.058314,0.063817,0.004316,0.007498,0.00521,0.012576,0.02389,1.7e-05,-0.000131,-0.000528,-0.001069,-0.001316,0.001108,0.003346,0.003184,0.006284,0.012649,-0.384732,-0.323955,-0.149338,-0.918104,1,0,0,0,0,0,0,0,0,0,0
3902,0.001715,0.004316,0.006829,0.014781,0.029444,0.001301,0.010258,0.015343,0.020989,0.021995,-0.001094,-0.003075,-0.003577,-0.005587,-0.017944,0.001567,0.026813,0.05951,0.129129,0.187782,0.000355,0.001803,0.003991,0.00813,0.01419,0.002631,0.012446,0.020191,0.034529,0.050759,0.004434,0.027257,0.051675,0.060249,0.056494,0.003636,0.005173,0.019689,0.077957,0.139476,0.005903,0.022915,0.044554,0.054112,0.062884,0.000961,0.001519,0.004027,0.011615,0.024693,-1e-06,-0.000397,-0.000944,-0.001346,-0.001256,0.001167,0.002126,0.002813,0.007223,0.017446,-0.384564,-0.345484,-0.147351,-0.9294,1,0,0,0,0,0,0,0,0,0,0
3903,0.001746,0.003254,0.008846,0.019349,0.040148,0.002988,0.013077,0.014468,0.02071,0.018077,-0.001065,-0.002367,-0.003225,-0.010769,-0.032841,0.011805,0.032752,0.085179,0.157576,0.209944,0.000828,0.002012,0.005296,0.01074,0.015296,0.005503,0.013314,0.022841,0.041835,0.049675,0.00713,0.038847,0.054557,0.053078,0.051243,0.001302,0.004852,0.03929,0.104735,0.178316,0.004309,0.032278,0.046249,0.051759,0.074024,0.002223,-6.7e-05,0.007308,0.018636,0.025794,-0.000149,-0.00055,-0.001095,-0.001345,-0.000417,0.001084,0.000921,0.004048,0.010469,0.027288,-0.386962,-0.379877,-0.141648,-0.933227,1,0,0,0,0,0,0,0,0,0,0
3904,0.000858,0.003371,0.011327,0.025995,0.050925,0.005974,0.01106,0.016709,0.017714,-0.007541,-0.000917,-0.00142,-0.00343,-0.015792,-0.043887,0.013456,0.046164,0.115809,0.174482,0.229044,0.000621,0.002809,0.00695,0.013012,0.015289,0.004318,0.012066,0.026409,0.042645,0.043295,0.015703,0.040131,0.048707,0.044951,0.043443,0.000237,0.014757,0.073046,0.134588,0.241495,0.012712,0.034358,0.04392,0.052695,0.087449,-0.001665,0.000844,0.008435,0.021518,0.043218,-0.000249,-0.000797,-0.0012,-0.00111,0.001841,-0.000119,0.00057,0.004991,0.01524,0.042035,-0.388465,-0.433007,-0.134379,-0.936414,1,0,0,0,0,0,0,0,0,0,0
3905,0.000649,0.006229,0.016708,0.037461,0.060546,0.004103,0.005491,0.011719,0.009092,-0.017653,-0.000384,-0.00124,-0.008767,-0.030789,-0.054376,0.007469,0.059778,0.132014,0.184264,0.259422,0.000561,0.003838,0.009269,0.013815,0.019513,0.003483,0.012989,0.031941,0.039763,0.041594,0.01597,0.031645,0.030169,0.028339,0.020871,0.003306,0.037668,0.102966,0.176382,0.321739,0.015218,0.029158,0.034655,0.05687,0.090231,-0.000623,0.006735,0.018038,0.02518,0.050821,-0.000148,-0.000685,-0.000931,-1.7e-05,0.005131,-4.3e-05,0.003035,0.009356,0.025914,0.04952,-0.383309,-0.505022,-0.132151,-0.939359,1,0,0,0,0,0,0,0,0,0,0
3906,0.001852,0.009762,0.024347,0.049135,0.067542,0.00097,0.006587,0.007586,-0.017525,-0.02123,-0.000118,-0.002117,-0.014408,-0.042342,-0.076922,0.025082,0.094329,0.152667,0.206919,0.305511,0.001617,0.005734,0.011762,0.014026,0.020818,0.004234,0.018495,0.034638,0.035285,0.043518,0.00838,0.016908,0.013173,0.011674,-0.011938,0.011144,0.0691,0.130291,0.236588,0.3737,0.006365,0.015871,0.024597,0.059152,0.081327,0.003116,0.010663,0.023671,0.045247,0.055601,-0.000382,-0.000769,-0.000683,0.002152,0.00509,0.000704,0.004951,0.014797,0.04054,0.05629,-0.369969,-0.550383,-0.126525,-0.945069,1,0,0,0,0,0,0,0,0,0,0
3907,0.003693,0.014098,0.034703,0.057624,0.062754,0.00041,0.006595,0.003986,-0.022569,-0.003136,-0.000733,-0.008207,-0.030072,-0.053491,-0.104023,0.026936,0.098659,0.150538,0.225162,0.311892,0.001641,0.007034,0.011548,0.017205,0.019902,0.005217,0.024035,0.031802,0.033619,0.048216,0.00721,0.005745,0.003928,-0.003488,-0.044376,0.023009,0.087843,0.160738,0.305062,0.393316,0.007496,0.012955,0.035012,0.068136,0.07769,0.004201,0.015423,0.022514,0.047973,0.042869,-0.000137,-0.000371,0.000498,0.005396,0.005168,0.00224,0.008254,0.024005,0.046463,0.048853,-0.347964,-0.570221,-0.118432,-0.951242,1,0,0,0,0,0,0,0,0,0,0
3908,0.004183,0.018691,0.043349,0.061659,0.06125,0.005177,0.006172,-0.018808,-0.022493,0.004446,-0.001258,-0.013484,-0.041272,-0.07567,-0.12405,0.042003,0.100035,0.154002,0.252078,0.313327,0.002457,0.008453,0.010706,0.017462,0.019334,0.00898,0.025038,0.025682,0.033872,0.042442,0.001287,-0.002428,-0.00392,-0.027407,-0.083217,0.034691,0.09556,0.201299,0.337693,0.441619,0.001976,0.010655,0.04503,0.067088,0.078335,0.003316,0.016256,0.037718,0.048018,0.030052,-0.000238,-0.000154,0.002578,0.00541,0.010658,0.001885,0.011376,0.036189,0.051369,0.046098,-0.319424,-0.632532,-0.113467,-0.954924,1,0,0,0,0,0,0,0,0,0,0
3909,0.006194,0.026732,0.049578,0.054691,0.060826,0.000993,-0.001607,-0.028076,-0.008706,0.023635,-0.006194,-0.027988,-0.051331,-0.101698,-0.133923,0.029537,0.081248,0.155629,0.242077,0.304247,0.002922,0.007421,0.013059,0.015747,0.017383,0.009787,0.017529,0.01934,0.03389,0.033773,-0.002746,-0.004558,-0.011949,-0.052704,-0.120075,0.029975,0.102633,0.246489,0.334456,0.484534,0.003468,0.025453,0.058469,0.067992,0.080675,0.007874,0.014942,0.040319,0.035231,0.002466,8e-06,0.000857,0.005645,0.005422,0.017763,0.004009,0.019406,0.041358,0.043695,0.044118,-0.287236,-0.707984,-0.111304,-0.95533,1,0,0,0,0,0,0,0,0,0,0
3910,0.008271,0.032821,0.051051,0.050643,0.059584,0.0,-0.02487,-0.02854,-0.001718,0.019774,-0.005999,-0.033665,-0.067913,-0.116081,-0.145232,0.028336,0.082066,0.179713,0.240694,0.280388,0.003058,0.0053,0.012027,0.013891,0.014008,0.006232,0.006873,0.015027,0.02356,0.010222,-0.000961,-0.002446,-0.025831,-0.081396,-0.160958,0.030724,0.136,0.271797,0.375268,0.497144,0.005185,0.039409,0.061371,0.072569,0.082855,0.005035,0.026403,0.036658,0.018771,-0.016861,7.4e-05,0.002724,0.00547,0.010559,0.023957,0.005283,0.029346,0.044068,0.038955,0.042208,-0.243897,-0.747426,-0.108355,-0.946122,1,0,0,0,0,0,0,0,0,0,0
3911,0.012166,0.034871,0.039952,0.046049,0.054963,-0.002584,-0.02889,-0.00964,0.022502,0.01835,-0.015679,-0.038877,-0.088933,-0.120958,-0.153535,0.023141,0.097063,0.182977,0.244762,0.257421,0.001423,0.007026,0.009698,0.011324,0.01144,0.001481,0.003281,0.01774,0.017624,0.004152,-0.000842,-0.008188,-0.048691,-0.115645,-0.20121,0.041578,0.184544,0.271968,0.421119,0.495128,0.01668,0.049492,0.058957,0.071561,0.078207,0.002005,0.027225,0.022169,-0.010394,-0.02066,0.000741,0.005326,0.005112,0.016929,0.028821,0.00957,0.03059,0.032827,0.033232,0.038409,-0.202276,-0.772479,-0.104505,-0.950841,1,0,0,0,0,0,0,0,0,0,0
3912,0.012312,0.03049,0.030083,0.038998,0.044428,-0.022214,-0.025873,0.000871,0.022301,0.020559,-0.011906,-0.046054,-0.094084,-0.123151,-0.152741,0.030432,0.127797,0.188603,0.228182,0.24906,0.000813,0.007521,0.009379,0.009495,0.010047,-0.000842,0.007289,0.015797,0.002497,-0.001074,-0.000639,-0.023956,-0.079361,-0.158693,-0.233612,0.06339,0.198795,0.301967,0.423492,0.507703,0.017443,0.039341,0.050507,0.060764,0.083953,0.019302,0.029527,0.011691,-0.023838,-0.026184,0.001855,0.004546,0.009534,0.022663,0.034805,0.014003,0.02843,0.02342,0.026608,0.029666,-0.168303,-0.823576,-0.103061,-0.950455,1,0,0,0,0,0,0,0,0,0,0
3913,0.010402,0.015486,0.021588,0.030508,0.032193,-0.004097,0.015167,0.047331,0.043176,0.04181,-0.011302,-0.061393,-0.093441,-0.126041,-0.150098,0.043524,0.129498,0.191327,0.203995,0.224653,0.004794,0.007467,0.009094,0.00921,0.008077,0.002644,0.017113,0.016997,0.003516,-0.003138,-0.006712,-0.047243,-0.114244,-0.199869,-0.264662,0.07964,0.167124,0.31638,0.390441,0.486613,0.015382,0.024853,0.037466,0.044116,0.088139,0.005924,0.000865,-0.031721,-0.041994,-0.047544,0.002745,0.00253,0.014405,0.026356,0.042222,0.007063,0.009312,0.009719,0.014921,0.016369,-0.135151,-0.861634,-0.097818,-0.947512,1,0,0,0,0,0,0,0,0,0,0
3914,0.007792,0.007385,0.016312,0.021749,0.023145,0.000436,0.027215,0.048673,0.046929,0.044399,-0.022883,-0.070975,-0.10008,-0.129708,-0.147445,0.053936,0.114821,0.154452,0.175358,0.186406,0.001919,0.00378,0.003896,0.004449,0.002035,0.005495,0.014015,0.000698,-0.002879,-0.008839,-0.016631,-0.072109,-0.151544,-0.22656,-0.314603,0.055884,0.159191,0.280874,0.365195,0.426662,0.006534,0.017714,0.027985,0.051204,0.069063,0.00431,-0.013549,-0.049125,-0.051474,-0.055265,-4.3e-05,0.004991,0.018241,0.030494,0.053828,0.00746,0.002404,0.005622,0.008708,0.010855,-0.076558,-0.877996,-0.09429,-0.94774,1,0,0,0,0,0,0,0,0,0,0
3915,-0.002708,0.003406,0.012344,0.014033,0.017817,0.018865,0.051093,0.04693,0.045562,0.035751,-0.027279,-0.059391,-0.092056,-0.116161,-0.131038,0.032141,0.094093,0.106787,0.127486,0.14606,0.000757,0.002387,0.002504,0.001368,-0.000378,0.008996,0.008879,-0.004629,-0.011296,-0.022097,-0.02396,-0.091095,-0.176891,-0.241813,-0.333636,0.031704,0.181258,0.255467,0.351832,0.397714,0.002947,0.015586,0.02225,0.06636,0.068024,-0.009385,-0.042036,-0.05233,-0.057891,-0.059397,-0.000175,0.011867,0.023986,0.040075,0.063406,-0.005247,-0.004834,0.000441,0.001909,0.005264,-0.039972,-0.899909,-0.091439,-0.942717,1,0,0,0,0,0,0,0,0,0,0
3916,0.002299,0.011232,0.016674,0.01807,0.024065,0.007944,0.029419,0.027673,0.025141,-0.001368,-0.020864,-0.049992,-0.079644,-0.097394,-0.109994,0.028808,0.06847,0.089392,0.100449,0.109761,0.001106,0.001222,0.001775,-0.00064,-0.001164,-0.000466,-0.013793,-0.017372,-0.023337,-0.035995,-0.031572,-0.11107,-0.186145,-0.274257,-0.343425,0.0717,0.193478,0.277865,0.33938,0.405784,0.008243,0.018522,0.041759,0.059632,0.104033,-0.008493,-0.044096,-0.046447,-0.050241,-0.036999,0.005235,0.018558,0.030879,0.054342,0.076724,0.000145,0.00338,0.006483,0.008643,0.013581,-0.004426,-0.935173,-0.088707,-0.940454,1,0,0,0,0,0,0,0,0,0,0
3917,0.003849,0.012869,0.014573,0.018392,0.024445,0.024503,0.020302,0.018921,0.00902,-0.022153,-0.011341,-0.044306,-0.068633,-0.083646,-0.09957,0.033435,0.046245,0.067134,0.085879,0.088259,0.000529,0.000646,-0.000499,-0.002262,-0.002145,0.000353,-0.01328,-0.020008,-0.030908,-0.044365,-0.035874,-0.122458,-0.187976,-0.280642,-0.355886,0.078534,0.153425,0.250674,0.296978,0.363319,0.004432,0.011157,0.055672,0.057352,0.113631,-0.024376,-0.034764,-0.040376,-0.041896,-0.024705,0.007238,0.020157,0.03731,0.062183,0.095636,0.000285,0.005909,0.007474,0.011051,0.016419,0.037946,-0.950435,-0.084405,-0.930459,1,0,0,0,0,0,0,0,0,0,0
3918,0.005239,0.010806,0.012235,0.018367,0.023934,-0.002858,-0.004644,-0.007234,-0.034353,-0.053226,-0.018308,-0.048642,-0.0668,-0.07969,-0.092878,0.006698,0.028101,0.039413,0.048939,0.061085,-0.000417,0.000149,-0.002322,-0.002858,-0.002233,-0.013991,-0.017653,-0.023755,-0.036705,-0.049088,-0.04498,-0.121783,-0.211922,-0.282681,-0.347517,0.04501,0.131338,0.194269,0.262201,0.306734,0.006025,0.029797,0.048082,0.093504,0.122941,-0.011725,-0.01413,-0.018011,-0.004465,0.001658,0.007689,0.022137,0.04965,0.075897,0.111866,0.003481,0.00712,0.009652,0.015443,0.020065,0.062447,-0.961177,-0.079047,-0.92965,1,0,0,0,0,0,0,0,0,0,0
3919,0.003927,0.005665,0.009562,0.015736,0.024249,-0.001409,-0.002818,-0.012919,-0.044721,-0.050806,-0.015197,-0.040015,-0.055332,-0.071577,-0.07997,0.006324,0.027636,0.046759,0.049187,0.051945,0.00054,-0.000629,-0.002428,-0.002308,9e-05,0.00018,-0.006684,-0.017804,-0.031532,-0.037377,-0.043042,-0.109884,-0.204421,-0.281184,-0.337175,0.031083,0.130296,0.177535,0.245215,0.265298,0.000794,0.046209,0.047922,0.105338,0.123293,0.001208,-0.004518,-0.006068,0.01147,0.011316,0.006792,0.026521,0.05513,0.093608,0.132997,0.002816,0.004616,0.00873,0.014905,0.020468,0.097014,-0.96079,-0.077411,-0.928655,1,0,0,0,0,0,0,0,0,0,0
3920,0.001691,0.00314,0.00936,0.015007,0.023643,-0.000393,-0.00302,-0.030527,-0.049671,-0.050758,-0.01546,-0.033879,-0.046953,-0.06033,-0.067425,0.015339,0.026813,0.036476,0.048795,0.041005,3e-05,-0.002476,-0.00302,-0.002385,0.000845,-0.003895,-0.010085,-0.02322,-0.035781,-0.039827,-0.034543,-0.125974,-0.197747,-0.263512,-0.326197,0.056253,0.120086,0.188991,0.234162,0.229543,0.023312,0.041859,0.087933,0.117792,0.124632,-0.003657,-0.007593,0.006148,0.012358,0.009085,0.00881,0.039204,0.068199,0.107935,0.158804,0.001055,0.003852,0.010249,0.015356,0.020274,0.128256,-0.954398,-0.076195,-0.927018,1,0,0,0,0,0,0,0,0,0,0
3921,6.1e-05,0.004,0.010242,0.018848,0.024879,-0.00103,-0.011242,-0.043394,-0.049545,-0.051879,-0.009576,-0.025061,-0.041485,-0.04997,-0.053121,0.006152,0.025485,0.027939,0.030727,0.023,-0.001212,-0.00303,-0.002909,-0.000485,0.00103,-0.00303,-0.014273,-0.028152,-0.034061,-0.036818,-0.032909,-0.128485,-0.206091,-0.262697,-0.307364,0.043848,0.091606,0.16003,0.180333,0.165061,0.022518,0.02425,0.082297,0.100449,0.097601,-0.002119,-0.003686,0.014044,0.013889,0.013228,0.012264,0.043147,0.084683,0.127202,0.167356,0.000862,0.005303,0.011968,0.017974,0.022229,0.144335,-0.945165,-0.073698,-0.926952,1,0,0,0,0,0,0,0,0,0,0
3922,0.001394,0.007636,0.013303,0.02197,0.027909,-0.001606,-0.029212,-0.048424,-0.049515,-0.053121,-0.008909,-0.02203,-0.035454,-0.042576,-0.044151,0.005364,0.015061,0.027424,0.019606,0.015424,-0.001303,-0.001848,-0.001212,0.00203,0.002333,-0.003182,-0.016364,-0.02897,-0.03303,-0.035879,-0.058848,-0.130878,-0.196878,-0.259787,-0.288726,0.020212,0.089363,0.134697,0.13006,0.109878,-0.003904,0.042334,0.072299,0.079165,0.067709,-0.001831,0.011958,0.018191,0.014906,0.015396,0.018899,0.048627,0.089368,0.141523,0.168498,0.002006,0.008565,0.013801,0.018843,0.024222,0.160348,-0.933389,-0.071188,-0.925418,1,0,0,0,0,0,0,0,0,0,0
3923,0.002555,0.008821,0.017459,0.023512,0.029747,-0.008638,-0.04091,-0.047084,-0.049426,-0.052559,-0.0066,-0.023086,-0.031602,-0.034766,-0.036043,0.014022,0.016486,0.019284,0.011528,0.008608,-0.000517,-0.000395,0.002038,0.003559,0.00368,-0.008091,-0.022021,-0.027953,-0.03072,-0.033306,-0.036864,-0.114761,-0.171578,-0.216412,-0.234327,0.027648,0.096328,0.116707,0.101377,0.08474,0.005658,0.063921,0.082141,0.079283,0.068751,0.000265,0.018062,0.017906,0.017243,0.017539,0.012301,0.054935,0.098579,0.139795,0.156624,0.002499,0.009341,0.015505,0.019873,0.025836,0.1655,-0.929119,-0.06819,-0.92648,1,0,0,0,0,0,0,0,0,0,0
3924,0.00372,0.009421,0.018141,0.024118,0.029545,-0.019117,-0.038448,-0.039545,-0.043174,-0.043753,-0.006586,-0.020093,-0.027258,-0.028843,-0.029667,-0.004299,0.008141,0.000274,-0.003933,-0.006189,-3e-05,0.00061,0.003872,0.004177,0.004513,-0.005153,-0.017837,-0.021922,-0.024788,-0.023813,-0.035521,-0.101928,-0.165225,-0.194343,-0.202057,0.041863,0.087476,0.082811,0.062504,0.060797,0.040852,0.071003,0.07791,0.066384,0.068288,0.013609,0.01988,0.016574,0.017067,0.018441,0.018526,0.061059,0.115508,0.14367,0.149413,0.004306,0.009772,0.015036,0.020652,0.025745,0.171869,-0.934759,-0.065105,-0.930289,1,0,0,0,0,0,0,0,0,0,0
3925,0.002564,0.011233,0.017308,0.023566,0.02616,-0.013248,-0.019445,-0.021795,-0.024939,-0.023901,-0.009951,-0.018498,-0.021673,-0.022955,-0.022802,0.006777,0.009585,0.001801,-0.001129,-0.001923,0.000153,0.002595,0.004121,0.004243,0.00467,-0.008822,-0.014774,-0.017552,-0.020147,-0.013553,-0.042613,-0.099635,-0.144629,-0.162608,-0.167157,0.027015,0.047467,0.032082,0.015385,0.015629,0.017573,0.035858,0.03299,0.02242,0.024394,0.004236,0.00408,0.003414,0.003711,0.009195,0.025039,0.06979,0.112052,0.129308,0.133199,0.002674,0.008995,0.013474,0.019588,0.021936,0.172706,-0.931571,-0.064662,-0.936411,1,0,0,0,0,0,0,0,0,0,0
3926,0.003132,0.011828,0.017787,0.023199,0.022956,-0.006081,-0.007176,-0.010794,-0.011372,-0.008939,-0.003557,-0.010703,-0.012284,-0.013105,-0.012405,0.005655,-0.002189,-0.006385,-0.008635,-0.008574,0.000486,0.00374,0.004044,0.004378,0.00453,-0.003861,-0.007936,-0.010794,-0.009821,0.001703,-0.023777,-0.086898,-0.115935,-0.123627,-0.12384,0.018578,0.013926,-0.006324,-0.008027,-0.013439,0.012563,0.019451,0.007957,0.009855,0.004691,0.002035,-0.001262,-0.00077,0.000599,0.009698,0.017355,0.070754,0.098373,0.104005,0.105752,0.002759,0.007922,0.013429,0.018423,0.018275,0.172708,-0.929885,-0.063969,-0.943843,1,0,0,0,0,0,0,0,0,0,0
3927,0.005503,0.011553,0.017786,0.02037,0.019245,-9.1e-05,-0.002432,-0.005564,-0.00453,-0.001611,-0.004956,-0.008117,-0.009394,-0.009242,-0.008087,-0.002858,-0.01061,-0.013529,-0.01432,-0.014441,0.001946,0.003466,0.003588,0.004013,0.003253,-0.002067,-0.004834,-0.007418,-0.000851,0.014776,-0.033017,-0.077831,-0.095738,-0.100268,-0.09972,0.001794,-0.013529,-0.030159,-0.029916,-0.034537,0.00565,0.002793,-0.007734,-0.005768,-0.01004,-0.00219,-0.002853,-0.002557,0.002905,0.015618,0.026162,0.067248,0.084025,0.087807,0.089088,0.003387,0.007741,0.013686,0.015968,0.016016,0.173547,-0.931182,-0.06412,-0.956879,1,0,0,0,0,0,0,0,0,0,0
3928,0.003186,0.009134,0.014535,0.014293,0.013261,-0.001001,-0.004612,-0.005189,-0.002761,0.006008,-0.002185,-0.003763,-0.004582,-0.003884,-0.002428,-0.004977,-0.009164,-0.01141,-0.011349,-0.011835,0.001305,0.001608,0.001942,0.002094,0.000364,-0.002003,-0.004855,-0.003884,0.007617,0.029465,-0.030042,-0.059021,-0.066699,-0.066911,-0.064635,-0.006433,-0.026643,-0.028342,-0.033744,-0.038114,0.001236,-0.010236,-0.008341,-0.013495,-0.017465,-0.001104,-0.000613,0.000753,0.009834,0.022887,0.026848,0.054088,0.059643,0.061366,0.061396,0.001749,0.007181,0.012106,0.01196,0.01322,0.172077,-0.931306,-0.063839,-0.971597,1,0,0,0,0,0,0,0,0,0,0
3929,0.00285,0.009066,0.011643,0.010521,0.009884,-0.001334,-0.004457,-0.003426,-0.000515,0.010915,-0.00097,-0.002244,-0.002092,-0.00094,-9.1e-05,-0.002759,-0.00567,-0.006458,-0.00658,-0.007095,0.000212,0.000334,0.000758,0.0,-0.002092,-0.000758,-0.003335,0.003214,0.018799,0.03878,-0.014675,-0.032534,-0.037052,-0.036506,-0.032958,-0.008854,-0.025439,-0.025196,-0.029805,-0.032837,-0.004084,-0.014583,-0.012622,-0.016882,-0.019908,0.000442,0.000737,0.006184,0.018864,0.027371,0.013621,0.030083,0.033795,0.035051,0.033396,0.002533,0.008366,0.010606,0.010653,0.01273,0.170135,-0.931411,-0.063325,-0.980793,1,0,0,0,0,0,0,0,0,0,0
3930,0.003091,0.008485,0.008243,0.007212,0.00397,-0.002273,-0.002849,-0.000424,0.008333,0.012515,-0.000606,-0.001424,-0.000727,0.000727,0.001545,-0.001424,-0.003667,-0.003606,-0.004091,-0.004606,9.1e-05,0.000424,0.000576,-0.001152,-0.007364,-0.002091,-0.001121,0.010364,0.032182,0.038334,-0.014273,-0.02194,-0.022152,-0.019879,-0.017515,-0.011333,-0.01303,-0.018424,-0.022788,-0.02497,-0.007374,-0.005482,-0.010629,-0.014593,-0.016546,4.8e-05,0.001413,0.010482,0.023517,0.025412,0.013411,0.018912,0.020619,0.020649,0.019745,0.002856,0.007735,0.00759,0.008838,0.012622,0.169284,-0.937533,-0.061555,-0.987421,1,0,0,0,0,0,0,0,0,0,0
3931,0.003121,0.005697,0.004576,0.00394,-0.003849,-0.000849,0.000182,0.003091,0.014516,0.014789,-0.000667,-0.000515,0.000636,0.001485,0.002364,-0.001485,-0.002273,-0.002394,-0.002909,-0.003334,3e-05,0.000455,-0.000303,-0.002394,-0.014213,-0.000485,0.006061,0.021638,0.04161,0.039943,-0.003576,-0.008092,-0.007546,-0.004,-0.00203,-0.005243,-0.005,-0.009607,-0.012638,-0.014426,-0.003119,-0.001159,-0.005417,-0.008442,-0.010001,0.000247,0.005691,0.018364,0.026867,0.024841,0.002988,0.006687,0.007939,0.00629,0.005693,0.002955,0.005188,0.005234,0.007304,0.012281,0.167512,-0.94299,-0.059863,-0.996143,1,0,0,0,0,0,0,0,0,0,0
3932,0.002275,0.002032,0.001001,-0.002245,-0.013468,0.000273,0.0027,0.011466,0.015652,0.015773,-0.000152,0.000546,0.002002,0.002821,0.003428,-0.000758,-0.000698,-0.001183,-0.001699,-0.001941,0.000303,0.000455,-0.001274,-0.007492,-0.021537,0.001456,0.012952,0.034793,0.04095,0.039889,-0.004095,-0.004307,-0.002032,0.000334,0.001304,0.003549,-0.00185,-0.006218,-0.008402,-0.009616,0.005016,-0.000136,-0.004105,-0.006059,-0.007084,0.001119,0.010197,0.023244,0.025142,0.023906,0.002533,0.004251,0.004282,0.003371,0.003249,0.001938,0.001792,0.003049,0.00686,0.01035,0.163896,-0.942751,-0.059448,-0.999072,1,0,0,0,0,0,0,0,0,0,0
3933,0.000304,-0.000821,-0.00146,-0.009275,-0.024144,0.00076,0.003679,0.015143,0.015417,0.01189,0.000304,0.00146,0.002311,0.003193,0.003953,-3e-05,-0.000152,-0.000669,-0.001095,-0.001216,0.000122,-0.000639,-0.002737,-0.014596,-0.029861,0.005109,0.020739,0.040778,0.039105,0.036521,-0.000426,0.000122,0.003679,0.005656,0.005474,-0.003315,-0.007937,-0.010977,-0.012772,-0.012407,-0.003062,-0.007334,-0.010369,-0.011934,-0.011263,0.004341,0.017057,0.025589,0.023556,0.024491,0.001211,0.002493,0.000804,0.000193,0.000827,0.000314,0.000362,0.002481,0.007578,0.008092,0.160795,-0.943979,-0.060424,-1.003146,1,0,0,0,0,0,0,0,0,0,0
3934,-0.000548,-0.001583,-0.004841,-0.016105,-0.030596,0.001674,0.010473,0.014674,0.014796,0.005175,0.000396,0.001857,0.002679,0.003288,0.00344,9.1e-05,-0.000396,-0.000913,-0.001157,0.001096,3e-05,-0.001705,-0.007946,-0.022041,-0.037202,0.006424,0.028343,0.034523,0.033457,0.028586,0.000213,0.002496,0.004871,0.005845,0.006667,-0.002101,-0.006484,-0.008676,-0.009894,-0.009772,-0.002105,-0.006088,-0.008049,-0.009078,-0.011301,0.004764,0.01786,0.019764,0.018523,0.023262,0.000542,0.000573,-0.000361,-0.000487,-0.000651,-0.000466,0.000823,0.004731,0.008311,0.009295,0.1546,-0.940807,-0.065289,-1.006411,1,0,0,0,0,0,0,0,0,0,0
3935,-0.000579,-0.001219,-0.009051,-0.023954,-0.03776,0.00125,0.012739,0.013013,0.009478,0.000945,0.000762,0.001615,0.002499,0.003261,0.001158,-0.000213,-0.000731,-0.001158,-0.00128,0.001432,-0.000792,-0.002895,-0.014781,-0.03008,-0.044465,0.009234,0.029318,0.027642,0.025051,0.022034,0.000335,0.003901,0.005882,0.005699,0.006369,-0.00253,-0.005577,-0.007375,-0.007009,-0.007954,-0.002174,-0.005216,-0.006784,-0.006112,-0.01026,0.007975,0.016526,0.014488,0.015426,0.020932,0.000756,-0.000959,-0.00158,-0.000936,-0.002425,0.000518,0.002671,0.007847,0.008369,0.009224,0.144786,-0.939673,-0.071683,-1.010788,1,0,0,0,0,0,0,0,0,0,0
3936,-0.000459,-0.003732,-0.015051,-0.029613,-0.045765,0.007587,0.011808,0.011931,0.002264,-6.1e-05,0.000704,0.00153,0.002141,0.002294,-0.003793,-0.000275,-0.000795,-0.00104,0.001224,0.00621,-0.000948,-0.00722,-0.021384,-0.036618,-0.055432,0.012757,0.018967,0.017896,0.013001,0.012573,0.001958,0.004344,0.005323,0.006149,0.004436,-0.001866,-0.004069,-0.005292,-0.00517,-0.004956,-0.001819,-0.00379,-0.004824,-0.007059,-0.012619,0.005154,0.007067,0.005821,0.010582,0.012448,-0.000744,-0.00171,-0.00184,-0.00201,-0.004543,0.000802,0.004845,0.008549,0.009567,0.01333,0.134597,-0.937886,-0.073075,-1.012887,1,0,0,0,0,0,0,0,0,0,0
3937,-0.000184,-0.008064,-0.023058,-0.036948,-0.053874,0.003955,0.004231,0.000675,-0.007911,-0.00785,0.000153,0.001043,0.001809,-0.000307,-0.011498,-0.000245,-0.000675,-0.000797,0.001932,0.011621,-0.001165,-0.013123,-0.028516,-0.042989,-0.066691,0.00742,0.005734,0.003128,9.2e-05,-0.004323,0.001625,0.003618,0.003434,0.004109,-0.00138,-0.001196,-0.003005,-0.002637,-0.003587,-0.002668,-0.001237,-0.002814,-0.002138,-0.006312,-0.016039,0.003437,0.001387,0.002331,0.00787,0.003336,-0.001034,-0.001682,-0.001009,-0.002564,-0.005403,0.001432,0.006833,0.007379,0.008271,0.017708,0.12597,-0.936135,-0.073712,-1.010889,1,0,0,0,0,0,0,0,0,0,0
3938,-0.003102,-0.014465,-0.029083,-0.045298,-0.069528,0.000276,0.000399,-0.009305,-0.011639,-0.017843,0.000676,0.00129,0.001443,-0.004668,-0.019747,-0.000276,-0.000522,0.00175,0.006756,0.017413,-0.005129,-0.019347,-0.034641,-0.053528,-0.076407,-0.001198,-0.002273,-0.007186,-0.007616,-0.01904,0.000768,0.00175,0.00258,0.00086,-0.008077,-0.001013,-0.002242,-0.002119,-0.001904,-0.001106,-0.00074,-0.001778,-0.004021,-0.009603,-0.020466,-0.001522,-0.002773,0.002007,0.00388,-0.001327,5.2e-05,-8.1e-05,-0.000256,-0.002858,-0.005756,0.002707,0.006512,0.007558,0.011424,0.009678,0.117491,-0.932905,-0.077684,-1.005309,1,0,0,0,0,0,0,0,0,0,0
3939,-0.004828,-0.019961,-0.033981,-0.051064,-0.080402,0.0,-0.00359,-0.012255,-0.012193,-0.021633,0.000217,0.00099,-0.001145,-0.012441,-0.030669,-0.000155,-0.000279,0.002476,0.012255,0.021478,-0.006901,-0.022437,-0.037045,-0.060967,-0.084983,-0.000495,-0.003126,-0.00619,-0.010646,-0.024727,0.001238,0.001052,0.001733,-0.003807,-0.016186,-0.000805,-0.000433,-0.001393,-0.000464,0.002135,-0.000847,-0.000164,-0.004377,-0.014194,-0.021803,-0.000536,0.000417,0.006008,0.001432,-0.003173,-0.000747,-2.9e-05,-0.001688,-0.004717,-0.007838,0.002907,0.003489,0.00444,0.01451,0.00687,0.111722,-0.931995,-0.077996,-0.999952,1,0,0,0,0,0,0,0,0,0,0
3940,-0.006679,-0.021536,-0.038015,-0.062641,-0.093759,0.000125,-0.009738,-0.01211,-0.018415,-0.022316,0.000406,0.000562,-0.005649,-0.020974,-0.043665,-9.4e-05,0.002216,0.007303,0.018134,0.034738,-0.007491,-0.023034,-0.042229,-0.065482,-0.092011,-0.000593,-0.005587,-0.006024,-0.017634,-0.024844,-0.00025,0.000593,-0.001155,-0.010237,-0.027716,-0.000437,-0.000312,-9.4e-05,0.000718,0.021879,-0.000201,-0.00248,-0.008153,-0.019194,-0.015668,-0.000731,0.004127,0.00603,0.000739,-0.002494,0.000643,0.000447,-0.002467,-0.005713,-0.010028,0.001177,0.002349,0.006679,0.004723,-0.00195,0.106908,-0.946234,-0.081419,-1.001909,1,0,0,0,0,0,0,0,0,0,0
3941,-0.0086,-0.022766,-0.040028,-0.069674,-0.102634,-0.003753,-0.012509,-0.012446,-0.021984,-0.022391,0.000375,-0.001782,-0.013197,-0.031616,-0.059072,-3.1e-05,0.002752,0.012634,0.021953,0.040653,-0.008193,-0.022954,-0.047127,-0.071394,-0.099382,-0.002064,-0.00516,-0.009663,-0.023892,-0.031741,6.3e-05,0.000751,-0.004847,-0.017356,-0.038808,0.000813,-0.000156,0.000782,0.003409,0.030865,0.000891,-0.003366,-0.013286,-0.020975,-0.013408,0.001695,0.007345,0.002721,-0.001932,-0.009285,0.00012,-0.001664,-0.004923,-0.008279,-0.013952,-0.000567,0.000456,0.011288,0.00307,-0.004368,0.104434,-0.949864,-0.082001,-0.994476,1,0,0,0,0,0,0,0,0,0,0
3942,-0.006312,-0.022894,-0.047673,-0.078984,-0.112619,-0.006155,-0.008542,-0.014886,-0.018812,-0.01856,-0.00022,-0.006469,-0.021889,-0.044721,-0.074273,0.002355,0.007474,0.018372,0.03508,0.045318,-0.007412,-0.026726,-0.050123,-0.076817,-0.107218,-0.002952,-0.003392,-0.015075,-0.022329,-0.037341,0.000785,-0.000974,-0.010112,-0.027699,-0.049024,-0.000691,-0.000471,0.000345,0.021638,0.039916,-0.003188,-0.008896,-0.020006,-0.016457,-0.00989,0.003186,0.005101,-0.000223,-0.003476,-0.018654,-0.000328,-0.003371,-0.006761,-0.011267,-0.018934,0.001808,0.00633,0.004287,-0.002681,-0.007569,0.100783,-0.957035,-0.08432,-0.987056,1,0,0,0,0,0,0,0,0,0,0
3943,-0.007944,-0.025346,-0.055232,-0.08846,-0.129001,-0.002648,-0.002585,-0.0122,-0.01261,-0.012358,-0.001955,-0.013461,-0.03203,-0.059709,-0.091549,0.000441,0.010403,0.019798,0.03865,0.046941,-0.00744,-0.031809,-0.056273,-0.084488,-0.117904,-0.000158,-0.004697,-0.019041,-0.026954,-0.037483,-9.5e-05,-0.005738,-0.018348,-0.039974,-0.064879,-0.000284,0.000662,0.00331,0.030989,0.043883,-0.00109,-0.011091,-0.018842,-0.011214,-0.007769,0.002498,-0.002164,-0.006854,-0.014268,-0.024827,-0.001551,-0.004999,-0.008551,-0.014553,-0.021003,-0.000774,0.010687,0.001992,-0.005879,-0.015663,0.099314,-0.9584,-0.084907,-0.98619,1,0,0,0,0,0,0,0,0,0,0
3944,-0.008712,-0.033616,-0.065086,-0.098891,-0.143555,0.000253,-0.006123,-0.010069,-0.009817,-0.009817,-0.004324,-0.019822,-0.04277,-0.072472,-0.106625,0.004703,0.015656,0.032448,0.042738,0.050692,-0.011963,-0.035478,-0.062308,-0.092863,-0.130045,-0.000284,-0.012026,-0.019317,-0.034405,-0.041444,-0.001673,-0.010858,-0.028534,-0.049966,-0.081405,0.000505,0.001326,0.022726,0.041097,0.051545,-0.004645,-0.015811,-0.012245,-0.005644,-0.003591,-0.000576,-0.005927,-0.009196,-0.024451,-0.031212,-0.001588,-0.0051,-0.009768,-0.017711,-0.020368,0.005465,0.00335,-0.00387,-0.008934,-0.018871,0.100465,-0.966803,-0.084021,-0.98653,1,0,0,0,0,0,0,0,0,0,0
3945,-0.008712,-0.038637,-0.071907,-0.112501,-0.155178,-0.000189,-0.009817,-0.010227,-0.009975,-0.010638,-0.007197,-0.025789,-0.053504,-0.085386,-0.119572,0.005272,0.014678,0.033555,0.041856,0.04798,-0.012437,-0.036932,-0.065184,-0.098643,-0.13627,-0.004261,-0.018624,-0.026547,-0.03709,-0.046749,-0.003977,-0.016604,-0.038258,-0.063195,-0.09555,0.000442,0.003093,0.030808,0.043719,0.05281,-0.005368,-0.01313,-0.005491,-0.002042,0.000623,-0.004092,-0.008788,-0.016211,-0.026784,-0.03555,-0.00189,-0.005475,-0.011531,-0.01804,-0.020037,0.006098,-0.002676,-0.010618,-0.020491,-0.027201,0.099598,-0.972366,-0.084805,-0.988165,1,0,0,0,0,0,0,0,0,0,0
3946,-0.016208,-0.047709,-0.081547,-0.126255,-0.165685,-0.006193,-0.010142,-0.009889,-0.009889,-0.010174,-0.00831,-0.031279,-0.06101,-0.095196,-0.131183,0.005687,0.022496,0.032796,0.040758,0.047203,-0.01109,-0.037946,-0.06853,-0.105749,-0.144359,-0.007488,-0.014787,-0.029889,-0.036935,-0.046255,-0.005213,-0.022907,-0.04436,-0.075829,-0.110994,0.000379,0.021801,0.040189,0.050647,0.057535,-0.005804,-0.002233,0.004373,0.006428,0.006745,-0.001261,-0.004533,-0.019803,-0.026571,-0.03556,-0.001633,-0.006334,-0.014331,-0.017006,-0.01779,-0.008268,-0.015537,-0.020636,-0.03064,-0.032214,0.100871,-0.972174,-0.080996,-0.983963,1,0,0,0,0,0,0,0,0,0,0
3947,-0.013754,-0.047078,-0.087738,-0.130485,-0.165106,-0.003446,-0.003857,-0.003604,-0.004268,-0.002972,-0.010307,-0.038067,-0.070001,-0.104243,-0.137346,0.003731,0.022638,0.030954,0.037087,0.048912,-0.013437,-0.041735,-0.07525,-0.112938,-0.151037,-0.006893,-0.014829,-0.025389,-0.035064,-0.041956,-0.00743,-0.02912,-0.054097,-0.086505,-0.121,0.002276,0.030037,0.042968,0.052074,0.061338,-0.001966,0.005685,0.00914,0.011808,0.00948,-0.003442,-0.010877,-0.021467,-0.030248,-0.038589,-0.001984,-0.008111,-0.014694,-0.016714,-0.015146,-0.000566,-0.008599,-0.018585,-0.025373,-0.021897,0.099047,-0.9691,-0.082561,-0.982003,1,0,0,0,0,0,0,0,0,0,0
3948,-0.017797,-0.051712,-0.096521,-0.136042,-0.167329,-0.000507,-0.000253,-0.000253,-0.000538,0.00399,-0.012699,-0.042497,-0.076761,-0.11283,-0.143864,0.01311,0.023434,0.031414,0.037874,0.053391,-0.013459,-0.044112,-0.081416,-0.120113,-0.152762,-0.000412,-0.015549,-0.02261,-0.031952,-0.036481,-0.010292,-0.031794,-0.063334,-0.09858,-0.130817,0.01919,0.037621,0.048102,0.055006,0.062733,0.005548,0.012169,0.014229,0.014546,0.007022,0.000168,-0.015137,-0.02192,-0.030929,-0.040039,-0.00277,-0.010896,-0.013613,-0.01441,-0.01234,-0.006813,-0.011993,-0.022158,-0.023757,-0.022636,0.097162,-0.959625,-0.085131,-0.975127,1,0,0,0,0,0,0,0,0,0,0
3949,-0.015617,-0.056438,-0.099353,-0.134111,-0.16398,9.5e-05,0.000349,-0.000317,0.000984,0.005206,-0.015141,-0.047201,-0.081577,-0.114811,-0.14522,0.005841,0.014189,0.020347,0.032218,0.045899,-0.014919,-0.048565,-0.086402,-0.124651,-0.151664,-0.007555,-0.018157,-0.02787,-0.034789,-0.041424,-0.011459,-0.036535,-0.069071,-0.103702,-0.138396,0.008634,0.021616,0.030758,0.040059,0.042376,0.00212,0.005589,0.008268,0.00593,-0.004628,-0.007633,-0.018265,-0.02708,-0.035454,-0.046165,-0.003481,-0.010248,-0.012325,-0.010713,-0.005731,-0.001331,-0.011596,-0.018573,-0.015,-0.018474,0.099695,-0.951196,-0.088629,-0.970343,1,0,0,0,0,0,0,0,0,0,0
3950,-0.018424,-0.063449,-0.103161,-0.134599,-0.162824,0.000159,0.000159,-0.000127,0.004423,0.005155,-0.014765,-0.049194,-0.085437,-0.116621,-0.143032,0.004518,0.012537,0.019028,0.03462,0.041653,-0.015846,-0.053331,-0.092215,-0.125021,-0.150891,-0.007637,-0.014733,-0.02412,-0.02867,-0.040316,-0.010119,-0.041812,-0.077228,-0.10962,-0.140836,0.009864,0.020397,0.027334,0.035098,0.032425,0.004528,0.006598,0.006917,-0.000644,-0.009464,-0.007727,-0.014543,-0.023596,-0.03275,-0.045,-0.004863,-0.007674,-0.008498,-0.006357,-0.001164,-0.004005,-0.014519,-0.016172,-0.015012,-0.018031,0.099725,-0.947144,-0.091022,-0.965167,1,0,0,0,0,0,0,0,0,0,0
3951,-0.022556,-0.065689,-0.100623,-0.130644,-0.150169,9.6e-05,-0.000574,0.000734,0.004977,0.00402,-0.017419,-0.05197,-0.085373,-0.115937,-0.144777,0.00386,0.01005,0.021981,0.035732,0.039783,-0.01793,-0.055958,-0.094402,-0.121552,-0.146021,-0.002999,-0.012761,-0.019716,-0.026384,-0.043325,-0.015058,-0.047759,-0.082566,-0.117436,-0.146053,0.003158,0.012347,0.021694,0.024023,0.021599,-0.001054,0.001639,-0.000711,-0.011322,-0.017748,-0.002939,-0.011798,-0.020215,-0.03098,-0.047173,-0.002059,-0.00421,-0.00254,0.002621,0.00332,-0.006557,-0.013786,-0.010084,-0.013683,-0.009994,0.100273,-0.93918,-0.092022,-0.951993,1,0,0,0,0,0,0,0,0,0,0
3952,-0.022667,-0.062623,-0.094255,-0.122653,-0.137733,-9.6e-05,-0.000384,0.004194,0.00493,-0.009317,-0.017161,-0.053627,-0.085003,-0.111576,-0.140102,0.004194,0.010725,0.026413,0.033489,0.036274,-0.019722,-0.058845,-0.091854,-0.117883,-0.134852,-0.00413,-0.013575,-0.018153,-0.029871,-0.052922,-0.016776,-0.05241,-0.085003,-0.11641,-0.140935,0.007428,0.014407,0.022219,0.01953,0.017769,0.00314,0.003461,-0.004146,-0.013021,-0.018156,-0.003909,-0.013017,-0.022228,-0.034553,-0.043441,-0.000824,-0.001685,0.000551,0.005971,0.003489,-0.004255,-0.005981,-0.00477,-0.007921,-0.006419,0.097868,-0.937466,-0.099749,-0.943757,1,0,0,0,0,0,0,0,0,0,0
3953,-0.020724,-0.05596,-0.086241,-0.105935,-0.122186,-0.000579,0.00074,0.00502,0.004055,-0.014867,-0.017602,-0.051294,-0.082122,-0.111213,-0.131196,0.002027,0.014062,0.027932,0.032019,0.040257,-0.018535,-0.057312,-0.084697,-0.109378,-0.119837,-0.005696,-0.012711,-0.019436,-0.036524,-0.056121,-0.016122,-0.05123,-0.086402,-0.115267,-0.133095,0.001802,0.011231,0.01358,0.011134,0.011038,-0.00044,-0.00281,-0.013514,-0.019995,-0.02857,-0.005008,-0.013497,-0.024356,-0.040689,-0.041089,-0.001431,0.000343,0.005825,0.006567,0.005868,-0.003269,0.000663,-0.00316,0.000758,-0.004473,0.09675,-0.936002,-0.107794,-0.942681,1,0,0,0,0,0,0,0,0,0,0
3954,-0.019595,-0.051648,-0.080425,-0.095705,-0.107612,0.000292,0.004931,0.005677,-0.008759,-0.020147,-0.019206,-0.051,-0.077927,-0.106833,-0.123476,0.004574,0.020471,0.027641,0.030463,0.048923,-0.020958,-0.054406,-0.080782,-0.097976,-0.104854,-0.003828,-0.008467,-0.020341,-0.0437,-0.055639,-0.019855,-0.052881,-0.084707,-0.109558,-0.128342,0.005256,0.013172,0.010446,0.008662,0.016416,0.000769,-0.00694,-0.015933,-0.021136,-0.031351,-0.004181,-0.013514,-0.026004,-0.03501,-0.035289,0.000571,0.003023,0.00897,0.006246,0.00921,0.001567,0.002896,-0.000561,0.001086,-0.00366,0.098529,-0.941854,-0.115878,-0.94349,1,0,0,0,0,0,0,0,0,0,0
3955,-0.015946,-0.046506,-0.066381,-0.082782,-0.092395,0.001039,0.005359,0.004384,-0.014712,-0.028449,-0.014777,-0.045889,-0.075247,-0.095415,-0.111068,0.007567,0.021564,0.025689,0.034003,0.047448,-0.018154,-0.045791,-0.070701,-0.081255,-0.087263,-0.003248,-0.010035,-0.02728,-0.047058,-0.056801,-0.015556,-0.051053,-0.080184,-0.098175,-0.113959,0.004254,0.006625,0.004157,0.00406,0.015101,-0.003161,-0.013964,-0.020505,-0.029159,-0.031508,-0.004382,-0.015341,-0.031824,-0.032228,-0.028032,0.001316,0.007162,0.007954,0.007209,0.007618,0.002614,-0.001463,0.002716,-0.002862,-0.00606,0.098853,-0.94581,-0.122394,-0.941908,1,0,0,0,0,0,0,0,0,0,0
3956,-0.016193,-0.045093,-0.060438,-0.072396,-0.081128,0.003617,0.004366,-0.010133,-0.021569,-0.035611,-0.017105,-0.044148,-0.073178,-0.089892,-0.103218,0.008373,0.015574,0.018408,0.036947,0.042128,-0.015378,-0.041867,-0.059135,-0.066042,-0.069887,-0.001401,-0.013326,-0.036784,-0.048774,-0.055714,-0.017561,-0.049524,-0.074481,-0.093346,-0.105857,0.003682,0.000945,-0.000847,0.00694,0.015997,-0.00457,-0.013602,-0.018827,-0.029086,-0.025397,-0.004977,-0.01752,-0.026564,-0.026845,-0.019442,0.00118,0.007307,0.004501,0.007555,0.006464,-0.001305,-0.004867,-0.00317,-0.00806,-0.012579,0.10044,-0.949413,-0.129442,-0.94314,1,0,0,0,0,0,0,0,0,0,0
3957,-0.014399,-0.034247,-0.050624,-0.060224,-0.072321,0.000713,-0.000259,-0.019329,-0.033047,-0.048192,-0.014043,-0.04336,-0.063499,-0.079131,-0.09126,0.005643,0.009762,0.018064,0.03149,0.03282,-0.012291,-0.037166,-0.047706,-0.053705,-0.053089,-0.005384,-0.022604,-0.042355,-0.052084,-0.06204,-0.017967,-0.047057,-0.065024,-0.080785,-0.092882,-0.001297,-0.003762,-0.003859,0.007167,0.013524,-0.006238,-0.012771,-0.021412,-0.023759,-0.018804,-0.00599,-0.02245,-0.022853,-0.018663,-0.012538,0.004646,0.00543,0.004692,0.005098,0.004436,-0.002774,0.001364,-0.004159,-0.007326,-0.019945,0.100323,-0.950389,-0.137438,-0.939432,1,0,0,0,0,0,0,0,0,0,0
3958,-0.014377,-0.029662,-0.041572,-0.05027,-0.06695,3.2e-05,-0.014409,-0.0258,-0.039787,-0.056306,-0.012884,-0.041799,-0.058448,-0.071721,-0.080613,0.001525,0.004349,0.022814,0.027974,0.026384,-0.014085,-0.031285,-0.038165,-0.041994,-0.042384,-0.006491,-0.029857,-0.041799,-0.048712,-0.060752,-0.013857,-0.038716,-0.057507,-0.069969,-0.07727,-0.001428,-0.003213,0.004543,0.013565,0.014409,-0.002754,-0.007958,-0.018176,-0.014502,-0.012357,-0.0065,-0.015509,-0.015788,-0.008415,-0.002545,0.001291,-0.001439,0.001532,0.000471,-0.001068,-0.000678,0.000973,-0.003784,-0.00818,-0.024843,0.098518,-0.949619,-0.14252,-0.940094,1,0,0,0,0,0,0,0,0,0,0
3959,-0.005488,-0.021887,-0.031499,-0.043611,-0.058289,-0.001007,-0.020101,-0.033837,-0.049002,-0.058452,-0.016464,-0.03663,-0.052282,-0.064427,-0.071181,0.002598,0.010911,0.024355,0.025686,0.024322,-0.010814,-0.021367,-0.027375,-0.026758,-0.031109,-0.010749,-0.030525,-0.040267,-0.050236,-0.054977,-0.015262,-0.033252,-0.049034,-0.061147,-0.064979,-0.001039,-0.001137,0.009904,0.016269,0.015425,-0.003785,-0.012438,-0.014788,-0.009827,-0.009777,-0.009978,-0.010382,-0.006187,-5.3e-05,0.005652,-0.000506,-0.001251,-0.000841,-0.001509,-0.003858,0.004857,-0.000717,-0.003913,-0.016648,-0.027294,0.096823,-0.947886,-0.145268,-0.941983,1,0,0,0,0,0,0,0,0,0,0
3960,-0.009772,-0.021647,-0.030318,-0.046949,-0.057174,-0.013396,-0.024753,-0.038698,-0.055168,-0.057853,-0.012425,-0.029024,-0.042258,-0.051123,-0.056883,0.000226,0.018637,0.023782,0.022197,0.022132,-0.006374,-0.013234,-0.017052,-0.01744,-0.021323,-0.012587,-0.024494,-0.031386,-0.04339,-0.043552,-0.009578,-0.028312,-0.040737,-0.048017,-0.052385,-0.000744,0.006989,0.015984,0.016825,0.015952,-0.001417,-0.011605,-0.007942,-0.005803,-0.006821,0.00096,0.000681,0.008033,0.013885,0.01709,-0.00218,0.00073,-0.00031,-0.001817,-0.002787,-0.003119,-0.007778,-0.012083,-0.028403,-0.03501,0.096959,-0.945747,-0.148308,-0.943669,1,0,0,0,0,0,0,0,0,0,0
3961,-0.006583,-0.016182,-0.028277,-0.042935,-0.05062,-0.005643,-0.01936,-0.034504,-0.04394,-0.046534,-0.007685,-0.023316,-0.035444,-0.042189,-0.046275,0.008075,0.0215,0.022829,0.021467,0.022019,-0.004151,-0.01015,-0.009534,-0.013879,-0.017284,-0.007134,-0.016863,-0.026818,-0.031553,-0.032266,-0.008366,-0.024127,-0.036222,-0.040049,-0.043875,0.000649,0.011674,0.01803,0.017187,0.016636,-0.007221,-0.009567,-0.004613,-0.004563,-0.005692,-0.001365,0.002824,0.008949,0.014647,0.017002,0.001477,0.001882,0.001221,-0.001105,-0.001167,-0.002353,-0.005518,-0.01813,-0.028673,-0.033202,0.095139,-0.944598,-0.149255,-0.943279,1,0,0,0,0,0,0,0,0,0,0
3962,-0.005342,-0.014073,-0.030817,-0.041111,-0.046095,-0.005766,-0.019806,-0.036387,-0.039091,-0.041176,-0.008991,-0.022314,-0.03124,-0.037039,-0.038602,0.010424,0.015604,0.014008,0.013942,0.014496,-0.002736,-0.00658,-0.006971,-0.01088,-0.015799,-0.004821,-0.01176,-0.023846,-0.024008,-0.025181,-0.010457,-0.022966,-0.030296,-0.034693,-0.037658,0.007134,0.01619,0.017037,0.016158,0.015474,-0.003004,0.000685,0.002838,0.001813,0.000812,0.001091,0.008493,0.014384,0.017611,0.018525,0.001526,0.000437,-0.001144,-0.00216,-0.000914,-0.002456,-0.006969,-0.024079,-0.031006,-0.030953,0.093549,-0.940293,-0.149112,-0.941675,1,0,0,0,0,0,0,0,0,0,0
3963,-0.004321,-0.016531,-0.031326,-0.039084,-0.041736,-0.008053,-0.023339,-0.032865,-0.035484,-0.035484,-0.006743,-0.018986,-0.025794,-0.029919,-0.029526,0.003077,0.004419,0.003044,0.003601,0.005074,-0.003306,-0.002684,-0.007071,-0.010508,-0.015647,-0.004976,-0.015025,-0.019804,-0.020524,-0.020459,-0.005401,-0.017611,-0.021473,-0.025336,-0.02969,0.003961,0.010377,0.009526,0.008969,0.0073,0.00065,0.00565,0.005701,0.004561,0.002222,0.003133,0.009316,0.015067,0.017444,0.017222,-0.001146,-0.001852,-0.004336,-0.004403,-0.000202,-0.00084,-0.014308,-0.025567,-0.030404,-0.027419,0.092846,-0.933902,-0.147479,-0.93754,1,0,0,0,0,0,0,0,0,0,0
3964,-0.004459,-0.021312,-0.031672,-0.036689,-0.039049,-0.006066,-0.022754,-0.025476,-0.027574,-0.028033,-0.006656,-0.015639,-0.021476,-0.023049,-0.022492,0.002131,0.000525,0.000459,0.001016,0.003082,-0.000557,-0.000951,-0.004885,-0.009836,-0.015738,-0.002,-0.014164,-0.014328,-0.015508,-0.015705,-0.00718,-0.014557,-0.018984,-0.021967,-0.027508,0.005148,0.006,0.005115,0.004426,0.002951,0.003062,0.005229,0.004197,0.00319,0.00072,0.004312,0.010241,0.013489,0.014409,0.014271,1.9e-05,-0.001635,-0.002698,-0.001395,0.003924,-0.003873,-0.021776,-0.029023,-0.028967,-0.024658,0.093886,-0.931391,-0.146117,-0.936597,1,0,0,0,0,0,0,0,0,0,0
3965,-0.007784,-0.02263,-0.030414,-0.033075,-0.036786,-0.009262,-0.01882,-0.021448,-0.021448,-0.023615,-0.005616,-0.012448,-0.016587,-0.016193,-0.015798,-0.000788,-0.002168,-0.001609,-0.000131,0.002332,0.001182,-0.003219,-0.006668,-0.011824,-0.018919,-0.00808,-0.012875,-0.013598,-0.013532,-0.014912,-0.005058,-0.008934,-0.012809,-0.017178,-0.0224,0.001281,0.000427,-0.000131,-0.001806,-0.002332,0.001951,0.002001,0.000857,-0.001489,-0.003459,0.001885,0.007655,0.01004,0.009818,0.010233,-0.000743,-0.003286,-0.003354,0.000947,0.005824,-0.00987,-0.021398,-0.026351,-0.023294,-0.019057,0.092661,-0.926744,-0.145112,-0.93226,1,0,0,0,0,0,0,0,0,0,0
3966,-0.009114,-0.019512,-0.024546,-0.026915,-0.028889,-0.007469,-0.0102,-0.012306,-0.012767,-0.01484,-0.003389,-0.009246,-0.010825,-0.010266,-0.010727,-0.000823,-0.000888,-0.000329,0.001744,0.007502,-0.001579,-0.005528,-0.010496,-0.016419,-0.023954,-0.004113,-0.004277,-0.005462,-0.005659,-0.010496,-0.002336,-0.006778,-0.009772,-0.015333,-0.018656,-0.000428,-0.001316,-0.002007,-0.003488,-0.005133,0.000221,-0.000815,-0.001826,-0.004304,-0.011072,0.004063,0.007322,0.008245,0.008107,0.004783,-0.000944,-0.002034,-0.000697,0.004755,0.008063,-0.008358,-0.015788,-0.015731,-0.011313,-0.00486,0.092516,-0.918846,-0.141281,-0.926203,1,0,0,0,0,0,0,0,0,0,0
3967,-0.005768,-0.01358,-0.016249,-0.019974,-0.01915,-0.002109,-0.004746,-0.004746,-0.006922,-0.007317,-0.003461,-0.007614,-0.007218,-0.006823,-0.007482,-0.00056,0.0,0.001483,0.003955,0.009855,-0.002835,-0.006295,-0.01147,-0.01859,-0.026994,-0.000692,-0.001417,-0.001351,-0.002736,-0.008273,-0.001549,-0.005438,-0.009822,-0.015063,-0.017634,-0.000428,-0.000989,-0.00267,-0.003197,-0.007317,-0.00017,-0.001318,-0.003673,-0.00565,-0.015145,0.001721,0.004115,0.003891,0.004308,-0.001699,-0.001651,-0.001721,0.002687,0.007685,0.010531,-0.003355,-0.008432,-0.005299,-0.000957,0.009566,0.093497,-0.913093,-0.135653,-0.921499,1,0,0,0,0,0,0,0,0,0,0
3968,-0.00465,-0.009696,-0.01207,-0.014049,-0.012993,-0.000627,-0.002737,-0.003199,-0.005276,-0.001352,-0.002407,-0.00399,-0.00343,-0.003891,-0.004815,0.000495,0.001055,0.003133,0.008904,0.011015,-0.001121,-0.006101,-0.012037,-0.019589,-0.029218,0.000528,-0.00066,-0.000857,-0.005705,-0.009003,-0.002902,-0.005903,-0.011476,-0.014807,-0.017676,-0.000462,-0.001154,-0.002638,-0.004287,-0.008574,-0.000868,-0.001881,-0.004364,-0.011148,-0.017066,0.001545,0.00247,0.002331,-0.001,-0.009126,0.00055,0.001908,0.007447,0.010808,0.0131,-0.00418,-0.004122,0.000367,0.006922,0.018704,0.09526,-0.909112,-0.130391,-0.917336,1,0,0,0,0,0,0,0,0,0,0
3969,-0.003166,-0.005837,-0.009564,-0.00874,-0.007684,-0.002012,-0.002012,-0.004188,-0.004584,0.009003,-0.001748,-0.001352,-0.000956,-0.001616,-0.002737,6.6e-05,0.00155,0.004023,0.009927,0.010982,-0.002342,-0.007519,-0.014643,-0.023053,-0.031264,-0.001253,-0.001187,-0.002572,-0.008113,-0.009795,-0.000989,-0.005376,-0.010619,-0.013192,-0.017215,-9.9e-05,-0.001781,-0.002309,-0.006431,-0.012829,-0.000281,-0.002637,-0.004615,-0.014116,-0.020865,0.00085,0.000627,0.001043,-0.004967,-0.020917,-0.00062,0.003806,0.008823,0.011681,0.014687,-0.000916,0.00223,0.00659,0.017154,0.026143,0.097616,-0.900116,-0.125865,-0.911951,1,0,0,0,0,0,0,0,0,0,0
3970,-0.00188,-0.004254,-0.006233,-0.005177,-0.003957,-9.9e-05,-0.000561,-0.002638,0.001286,0.027767,0.000165,0.000725,0.000264,-0.00066,-0.001055,0.000495,0.002572,0.008343,0.010454,0.012465,-0.002638,-0.008574,-0.016126,-0.025755,-0.032548,6.6e-05,-0.000132,-0.00498,-0.008277,-0.008409,-0.002012,-0.007585,-0.010915,-0.013784,-0.018566,-0.000594,-0.002078,-0.003726,-0.008013,-0.018467,-0.000732,-0.003216,-0.009999,-0.015917,-0.027257,7.5e-05,-6.4e-05,-0.003394,-0.01152,-0.038627,0.001978,0.007516,0.010876,0.013168,0.017701,0.000973,0.005461,0.012015,0.023796,0.029838,0.100432,-0.890049,-0.121348,-0.907555,1,0,0,0,0,0,0,0,0,0,0
3971,-0.00079,-0.00451,-0.003687,-0.002633,-0.001909,9.9e-05,-0.002074,-0.002469,0.011093,0.032949,0.00023,0.000625,-3.3e-05,-0.001152,-0.002271,0.000987,0.003456,0.009348,0.010402,0.012344,-0.002535,-0.009645,-0.018038,-0.026234,-0.031732,0.0,-0.001382,-0.006912,-0.008591,-0.008328,-0.00237,-0.007604,-0.010171,-0.014187,-0.021889,-0.001086,-0.001613,-0.005727,-0.012113,-0.021001,-0.001621,-0.003595,-0.013078,-0.019815,-0.02903,-0.000298,0.000118,-0.005881,-0.0218,-0.043749,0.002415,0.007366,0.010186,0.013153,0.018532,0.002143,0.006445,0.01687,0.02574,0.029868,0.105852,-0.887447,-0.118054,-0.90451,1,0,0,0,0,0,0,0,0,0,0
3972,-0.001573,-0.003539,-0.002491,-0.001278,-0.000787,-0.000557,-0.002622,0.001278,0.027595,0.03274,0.000328,-0.000131,-0.001049,-0.001442,-0.003179,0.001082,0.006817,0.008914,0.010913,0.010881,-0.003376,-0.010881,-0.02045,-0.027202,-0.030151,-0.000197,-0.005014,-0.008292,-0.008423,-0.008226,-0.003179,-0.006489,-0.00934,-0.014092,-0.024121,-0.000393,-0.002032,-0.006292,-0.016682,-0.024285,-0.000854,-0.007596,-0.013477,-0.024747,-0.030317,0.000159,-0.003152,-0.011227,-0.038166,-0.04331,0.002961,0.006178,0.008372,0.012713,0.01837,0.002219,0.008494,0.019774,0.02556,0.027946,0.111616,-0.882375,-0.114414,-0.902253,1,0,0,0,0,0,0,0,0,0,0
3973,-0.002129,-0.00131,-0.000262,0.000458,0.003471,-0.001605,-0.001998,0.011494,0.033238,0.034155,6.5e-05,-0.000589,-0.001703,-0.002816,-0.004192,0.001375,0.007237,0.008285,0.010217,0.01097,-0.0037,-0.012051,-0.020205,-0.025674,-0.026591,-0.001179,-0.00668,-0.00835,-0.008089,-0.00763,-0.00203,-0.004585,-0.00858,-0.016243,-0.028916,-0.000131,-0.004224,-0.010577,-0.019419,-0.026067,-0.00111,-0.010544,-0.017246,-0.026414,-0.03096,0.000255,-0.005713,-0.02155,-0.043386,-0.044058,0.001831,0.004551,0.007412,0.012601,0.019682,0.001943,0.011998,0.020553,0.024535,0.027434,0.122336,-0.878868,-0.109714,-0.897722,1,0,0,0,0,0,0,0,0,0,0
3974,0.000163,0.001208,0.002415,0.002905,0.008845,-0.000457,0.003427,0.029636,0.03476,0.047489,-0.000522,-0.001436,-0.001828,-0.003558,-0.004112,0.004341,0.00643,0.008421,0.008388,0.010836,-0.003786,-0.013317,-0.02004,-0.022978,-0.02239,-0.003623,-0.006887,-0.007017,-0.006821,-0.002317,-0.001273,-0.004112,-0.008845,-0.018833,-0.030485,-0.001501,-0.005744,-0.016091,-0.023663,-0.038024,-0.005608,-0.011465,-0.022688,-0.028236,-0.041755,-0.003551,-0.011593,-0.038422,-0.043545,-0.052026,0.001336,0.003468,0.007686,0.013183,0.021002,0.004199,0.015159,0.020781,0.023099,0.02662,0.130543,-0.86557,-0.102965,-0.894013,1,0,0,0,0,0,0,0,0,0,0
3975,0.000651,0.001693,0.002409,0.005404,0.012142,6.5e-05,0.013477,0.035092,0.036004,0.047332,-0.00013,-0.001237,-0.002344,-0.003711,-0.003483,0.001497,0.002539,0.00446,0.005209,0.007129,-0.004525,-0.012631,-0.018067,-0.018979,-0.017937,-0.001856,-0.003516,-0.003255,-0.0028,0.00485,-0.00127,-0.005241,-0.012859,-0.025457,-0.038185,-0.002572,-0.008887,-0.017676,-0.024285,-0.044533,-0.003785,-0.010448,-0.019561,-0.02408,-0.041884,-0.002391,-0.018135,-0.039841,-0.040509,-0.044431,0.001297,0.004042,0.009019,0.015812,0.024214,0.005523,0.01373,0.01755,0.020331,0.024028,0.145168,-0.855936,-0.097355,-0.892516,1,0,0,0,0,0,0,0,0,0,0
3976,0.000389,0.00159,0.002077,0.007983,0.015026,0.003797,0.029857,0.034952,0.047608,0.046408,-0.000779,-0.001168,-0.002888,-0.00344,-0.002726,0.000584,0.002564,0.002531,0.004965,0.00542,-0.004965,-0.011651,-0.014571,-0.013987,-0.009866,-0.001395,-0.001525,-0.001331,0.003148,0.007075,-0.001558,-0.006263,-0.016194,-0.02778,-0.042611,-0.001655,-0.011943,-0.019472,-0.033751,-0.062439,-0.00205,-0.01321,-0.018726,-0.032168,-0.055386,-0.005613,-0.032289,-0.037383,-0.045816,-0.04081,0.000779,0.004832,0.010113,0.017625,0.027006,0.005125,0.010527,0.012754,0.016137,0.01818,0.158141,-0.837865,-0.094545,-0.890536,1,0,0,0,0,0,0,0,0,0,0
3977,0.000648,0.00136,0.004339,0.011041,0.01878,0.009552,0.031052,0.031958,0.043226,0.042482,-0.000324,-0.001425,-0.002785,-0.002558,0.000162,0.000453,0.002364,0.003108,0.005019,0.003788,-0.003108,-0.008516,-0.009422,-0.008386,0.000518,-0.000259,0.0,0.000453,0.008062,0.012725,-0.002396,-0.009973,-0.022504,-0.035164,-0.046561,-0.00463,-0.013373,-0.019946,-0.040085,-0.078034,-0.004581,-0.013646,-0.018141,-0.03585,-0.065922,-0.010059,-0.03165,-0.032314,-0.036215,-0.030767,0.001877,0.006671,0.013213,0.021306,0.029608,0.00286,0.006539,0.009218,0.012779,0.012117,0.170483,-0.823016,-0.093137,-0.893157,1,0,0,0,0,0,0,0,0,0,0
3978,0.000548,0.001032,0.006901,0.013899,0.021993,0.016382,0.021445,0.034022,0.032829,0.035312,-6.4e-05,-0.001774,-0.002322,-0.001612,0.003612,0.001516,0.001483,0.003902,0.004354,-0.001225,-0.003547,-0.00645,-0.005869,-0.001774,0.007578,0.000129,0.000322,0.004773,0.008675,0.017737,-0.00229,-0.012158,-0.02367,-0.038408,-0.048921,-0.005611,-0.013093,-0.027282,-0.05579,-0.100615,-0.006527,-0.012008,-0.025365,-0.048437,-0.079225,-0.016489,-0.021551,-0.029931,-0.024956,-0.018335,0.002053,0.007106,0.014292,0.023267,0.030706,0.002387,0.004519,0.007755,0.009709,0.009037,0.181326,-0.800052,-0.091272,-0.896063,1,0,0,0,0,0,0,0,0,0,0
3979,0.000161,0.003121,0.009783,0.017473,0.025969,0.00502,0.005921,0.017119,0.016379,0.018535,-0.00103,-0.002381,-0.002156,0.000547,0.007948,0.000386,0.001126,0.003025,0.001802,-0.010716,-0.001834,-0.002735,-0.001706,0.007144,0.015317,0.000129,0.000579,0.008141,0.012775,0.019372,-0.005245,-0.017699,-0.030281,-0.041608,-0.054061,-0.003089,-0.009622,-0.029637,-0.067351,-0.118002,-0.002496,-0.006963,-0.024563,-0.05445,-0.081236,-0.005004,-0.005663,-0.00954,-0.004126,0.000299,0.002569,0.008834,0.016583,0.024533,0.031434,0.001171,0.003737,0.007146,0.006512,0.006859,0.196393,-0.785091,-0.090495,-0.898819,1,0,0,0,0,0,0,0,0,0,0
3980,0.000322,0.006181,0.013167,0.021248,0.030487,3.2e-05,0.012588,0.011397,0.013875,0.016193,-0.000676,-0.001223,-0.000515,0.0047,0.013167,-0.000419,0.001996,0.002447,-0.003123,-0.017385,-0.001062,-0.000483,0.003606,0.012942,0.024982,6.4e-05,0.004507,0.008403,0.017449,0.030262,-0.004604,-0.016097,-0.030809,-0.041304,-0.057111,-0.004378,-0.018543,-0.047003,-0.091752,-0.143358,-0.002975,-0.016309,-0.039342,-0.070078,-0.092144,-4.7e-05,-0.008413,-0.003447,0.003163,0.013766,0.002416,0.009518,0.018387,0.025738,0.032353,0.000931,0.004129,0.00606,0.005397,0.003591,0.211853,-0.761643,-0.092483,-0.909924,1,0,0,0,0,0,0,0,0,0,0
3981,0.002638,0.009296,0.016984,0.025475,0.033099,0.000868,0.012062,0.011322,0.013478,0.015633,-0.000675,-0.00045,0.002252,0.00965,0.017852,0.001158,0.003056,0.001833,-0.010679,-0.024446,0.000161,0.00119,0.010036,0.018206,0.034289,0.000386,0.007945,0.012577,0.019171,0.031265,-0.007848,-0.020425,-0.031748,-0.044196,-0.057866,-0.002155,-0.022162,-0.059861,-0.11049,-0.171927,-0.001493,-0.019085,-0.04896,-0.075735,-0.10546,-0.000612,-0.004488,0.000924,0.005347,0.015675,0.003844,0.011571,0.019498,0.026378,0.032439,0.001632,0.005032,0.004399,0.004746,-0.001504,0.22211,-0.734759,-0.095915,-0.908864,1,0,0,0,0,0,0,0,0,0,0
3982,0.003212,0.010181,0.018243,0.027461,0.034655,0.011659,0.01047,0.012943,0.015256,0.014389,0.000128,0.000835,0.006038,0.014485,0.019303,0.001253,0.001702,-0.003854,-0.018082,-0.031315,0.000418,0.004496,0.013811,0.025823,0.04535,0.004047,0.007933,0.016958,0.029741,0.031443,-0.003629,-0.018307,-0.028777,-0.044547,-0.063689,-0.01198,-0.040372,-0.085016,-0.1365,-0.201988,-0.011812,-0.034791,-0.065454,-0.087468,-0.116042,-0.007735,-0.00278,0.003814,0.014392,0.017677,0.003181,0.011905,0.019135,0.025642,0.03096,0.00153,0.00343,0.002777,0.001001,-0.008687,0.240051,-0.706003,-0.101078,-0.908222,1,0,0,0,0,0,0,0,0,0,0
3983,0.003431,0.011095,0.019561,0.02716,0.036011,-0.000481,-0.001219,0.00093,0.003078,0.002694,9.6e-05,0.00279,0.010165,0.018342,0.022062,0.000641,-0.000577,-0.013051,-0.026776,-0.041718,0.000609,0.009428,0.017572,0.033606,0.052493,0.003495,0.008113,0.014686,0.026743,0.030912,-0.008914,-0.020202,-0.032612,-0.04624,-0.069841,-0.007985,-0.045566,-0.096039,-0.157286,-0.22982,-0.005745,-0.035527,-0.062219,-0.091852,-0.117552,0.003859,0.009254,0.013664,0.023959,0.029179,0.004415,0.012172,0.018905,0.024836,0.029773,0.001813,0.001194,0.001533,-0.004583,-0.012344,0.256226,-0.670369,-0.10242,-0.911918,1,0,0,0,0,0,0,0,0,0,0
3984,0.00352,0.011553,0.020738,0.027907,0.035652,-0.000704,0.00176,0.004064,0.0032,0.002976,0.000608,0.005793,0.01421,0.01901,0.024195,-0.000192,-0.005729,-0.019906,-0.033092,-0.045253,0.003456,0.012737,0.024707,0.044165,0.060903,0.000384,0.009377,0.022114,0.023811,0.027107,-0.005729,-0.016162,-0.031876,-0.05095,-0.065191,-0.020322,-0.064807,-0.116109,-0.181364,-0.269118,-0.017163,-0.047718,-0.069654,-0.098126,-0.134352,0.001085,0.007656,0.018196,0.021469,0.025716,0.004154,0.011206,0.017553,0.02274,0.027072,6.4e-05,-0.000573,-0.002305,-0.011755,-0.018913,0.266567,-0.627036,-0.105374,-0.909639,1,0,0,0,0,0,0,0,0,0,0
3985,0.004133,0.012591,0.020184,0.029027,0.035819,-3.2e-05,0.002115,0.004261,0.003877,0.00471,0.002082,0.009451,0.017621,0.021337,0.026368,-0.001025,-0.013488,-0.027201,-0.04213,-0.045751,0.00535,0.013488,0.029507,0.048378,0.065454,0.004229,0.010797,0.022843,0.027008,0.028322,-0.005543,-0.017941,-0.031558,-0.055138,-0.065743,-0.017205,-0.067633,-0.128826,-0.201297,-0.289306,-0.012574,-0.039243,-0.06885,-0.094527,-0.129009,0.004304,0.00871,0.018996,0.024211,0.025615,0.003524,0.010215,0.01611,0.021016,0.024543,-0.00068,-0.000343,-0.006421,-0.014135,-0.022672,0.277886,-0.590374,-0.107028,-0.911715,1,0,0,0,0,0,0,0,0,0,0
3986,0.003907,0.013099,0.020274,0.028024,0.035935,0.002498,0.004804,0.003939,0.003715,0.004676,0.003107,0.01153,0.016334,0.021523,0.026391,-0.004516,-0.018704,-0.0319,-0.04407,-0.04833,0.003939,0.015918,0.035391,0.052141,0.065048,0.004772,0.017519,0.019217,0.022515,0.024021,-0.0049,-0.020626,-0.039714,-0.053967,-0.06713,-0.02732,-0.07866,-0.143965,-0.231785,-0.313199,-0.018008,-0.03996,-0.068454,-0.104707,-0.120689,0.002273,0.012822,0.016097,0.020347,0.021376,0.003574,0.009954,0.015169,0.019523,0.022175,3.8e-05,-0.001703,-0.011203,-0.018399,-0.022533,0.290249,-0.551096,-0.105498,-0.911644,1,0,0,0,0,0,0,0,0,0,0
3987,0.004548,0.012138,0.020976,0.027766,0.037918,-0.000352,0.001793,0.001409,0.002242,0.002082,0.004259,0.012426,0.016141,0.021169,0.024467,-0.007942,-0.021649,-0.036573,-0.040192,-0.048646,0.004195,0.020208,0.039071,0.05614,0.06847,0.001793,0.013835,0.017998,0.019311,0.019471,-0.007494,-0.021105,-0.044675,-0.055275,-0.072153,-0.02309,-0.084258,-0.156699,-0.244672,-0.32086,-0.008652,-0.038247,-0.063913,-0.098381,-0.097579,0.002131,0.012413,0.017626,0.019029,0.019574,0.0031,0.008978,0.01387,0.017387,0.019594,0.000298,-0.005763,-0.013455,-0.021967,-0.02377,0.304716,-0.517715,-0.107562,-0.910445,1,0,0,0,0,0,0,0,0,0,0
3988,0.004653,0.011841,0.019607,0.027534,0.038733,0.002664,0.001797,0.001572,0.002535,0.002407,0.004172,0.008985,0.014184,0.019062,0.022495,-0.006258,-0.019479,-0.031673,-0.035941,-0.046659,0.007798,0.027309,0.044092,0.057025,0.071818,0.010975,0.012676,0.015981,0.017489,0.0172,-0.008247,-0.027373,-0.041653,-0.054842,-0.07307,-0.028304,-0.093736,-0.181728,-0.263301,-0.339067,-0.013326,-0.041876,-0.078199,-0.094213,-0.080318,0.008434,0.011716,0.015974,0.017005,0.01723,0.003323,0.00861,0.013024,0.015713,0.018042,-0.002067,-0.011698,-0.018993,-0.023184,-0.026265,0.317844,-0.478101,-0.110336,-0.908019,1,0,0,0,0,0,0,0,0,0,0
3989,0.002955,0.011821,0.018632,0.028815,0.040186,-0.000514,-0.000899,-6.4e-05,-0.000225,-0.000353,0.004015,0.007742,0.012785,0.016094,0.019017,-0.007485,-0.022454,-0.026084,-0.034565,-0.050241,0.008256,0.027176,0.044298,0.056665,0.071346,0.001092,0.005268,0.006585,0.006746,0.0062,-0.005397,-0.029039,-0.039672,-0.056601,-0.073145,-0.033023,-0.105686,-0.193928,-0.27035,-0.3451,-0.016346,-0.042091,-0.076665,-0.07586,-0.056394,0.001871,0.0071,0.008508,0.009054,0.009003,0.002658,0.007656,0.011249,0.013504,0.015899,-0.00411,-0.011968,-0.020665,-0.022507,-0.025385,0.329797,-0.445393,-0.112861,-0.907295,1,0,0,0,0,0,0,0,0,0,0
3990,0.004239,0.012009,0.019941,0.031147,0.043125,-0.000353,-0.000578,0.000385,0.000257,0.000193,0.000803,0.006005,0.010886,0.014321,0.015606,-0.005748,-0.01795,-0.022221,-0.032946,-0.049579,0.011271,0.028065,0.041005,0.055809,0.069327,0.00061,0.003918,0.005427,0.005138,0.005234,-0.013743,-0.028033,-0.04123,-0.059469,-0.075878,-0.032464,-0.120512,-0.202137,-0.277951,-0.339668,-0.012228,-0.048575,-0.064598,-0.050695,-0.028097,0.001413,0.005675,0.006706,0.006932,0.007265,0.002659,0.007094,0.009794,0.012134,0.014302,-0.005575,-0.012903,-0.017112,-0.020207,-0.021511,0.34168,-0.418913,-0.113228,-0.905796,1,0,0,0,0,0,0,0,0,0,0
3991,0.004621,0.011423,0.021595,0.032955,0.043672,-3.2e-05,0.000802,0.000642,0.000513,0.000898,0.00292,0.007958,0.011263,0.014183,0.0146,-0.009209,-0.012835,-0.021307,-0.036966,-0.050346,0.007637,0.02474,0.037094,0.051758,0.06408,0.003562,0.004877,0.005038,0.004492,0.005327,-0.009883,-0.020504,-0.037415,-0.05394,-0.06716,-0.040142,-0.128288,-0.204626,-0.279295,-0.322197,-0.013498,-0.048033,-0.04723,-0.027785,-0.009291,0.003811,0.005217,0.005763,0.005711,0.006343,0.002314,0.005879,0.008117,0.010494,0.012092,-0.002251,-0.010881,-0.012709,-0.015565,-0.016894,0.351085,-0.405429,-0.113474,-0.904386,1,0,0,0,0,0,0,0,0,0,0
3992,0.003147,0.01108,0.022289,0.034268,0.044514,-0.000193,0.000771,0.000642,0.000578,0.004432,0.00228,0.007162,0.010598,0.011883,0.01153,-0.002987,-0.007258,-0.017985,-0.034622,-0.048046,0.009153,0.022096,0.036902,0.050423,0.063045,-0.000257,0.001253,0.000963,0.00106,0.004143,-0.0044,-0.0176,-0.035842,-0.052254,-0.060668,-0.047886,-0.129526,-0.205353,-0.267082,-0.298138,-0.022844,-0.03887,-0.024964,-0.002362,0.009407,0.000448,0.001479,0.001705,0.002038,0.001551,0.002112,0.004816,0.007159,0.00933,0.010443,-0.005072,-0.009287,-0.012386,-0.013691,-0.015814,0.357685,-0.39177,-0.11428,-0.903943,1,0,0,0,0,0,0,0,0,0,0
3993,0.003663,0.013851,0.025227,0.03596,0.045183,0.001028,0.000868,0.000739,0.001125,0.007841,0.002764,0.006074,0.008998,0.009416,0.006909,-0.000643,-0.009127,-0.024809,-0.03821,-0.055274,0.00797,0.020342,0.035028,0.047368,0.058777,0.001575,0.001735,0.001189,0.002025,0.00842,-0.006234,-0.02317,-0.03972,-0.05296,-0.060544,-0.040363,-0.116814,-0.191594,-0.23456,-0.262358,-0.01173,-0.010925,0.008549,0.02707,0.034549,0.00096,0.001507,0.001455,0.002088,0.00203,0.001482,0.003743,0.006145,0.007759,0.008467,-0.003627,-0.005474,-0.008361,-0.009703,-0.011616,0.365386,-0.381832,-0.114165,-0.905914,1,0,0,0,0,0,0,0,0,0,0
3994,0.004281,0.015515,0.027521,0.03779,0.045772,-6.4e-05,-0.000193,-0.000258,0.003605,0.009785,0.002124,0.005569,0.006856,0.006502,-0.000869,-0.003637,-0.014388,-0.031062,-0.044517,-0.066148,0.004989,0.019828,0.03338,0.04603,0.053884,-6.4e-05,-0.000354,-0.000258,0.002833,0.008594,-0.006985,-0.025268,-0.041717,-0.05015,-0.057554,-0.041395,-0.117392,-0.179259,-0.210386,-0.230858,-0.004313,0.009623,0.032277,0.044072,0.043817,7.2e-05,0.000298,0.000632,0.000144,-0.000286,0.001248,0.003627,0.005833,0.006964,0.006871,-0.000613,-0.003761,-0.005087,-0.007244,-0.007178,0.372281,-0.376193,-0.11195,-0.90516,1,0,0,0,0,0,0,0,0,0,0
3995,0.005925,0.017325,0.028081,0.037324,0.04473,-9.7e-05,-0.000225,0.000161,0.006892,0.011432,0.001192,0.004122,0.004541,0.002029,-0.008534,-0.004863,-0.020578,-0.034007,-0.051107,-0.07059,0.007407,0.022124,0.03449,0.045922,0.050334,0.000225,-0.000322,0.000515,0.006924,0.009275,-0.009983,-0.026568,-0.039836,-0.047436,-0.051461,-0.035198,-0.110135,-0.153191,-0.181047,-0.196956,0.005122,0.024637,0.043197,0.050692,0.043468,0.000475,0.000424,0.001058,0.001,-0.001531,0.001043,0.00348,0.005118,0.005837,0.005682,-0.00126,-0.004189,-0.005551,-0.007492,-0.005137,0.376935,-0.371413,-0.108255,-0.903283,1,0,0,0,0,0,0,0,0,0,0
3996,0.005314,0.017326,0.027599,0.035586,0.040867,-3.2e-05,-9.7e-05,0.003768,0.009951,0.012334,0.002254,0.003542,0.003188,-0.004187,-0.01665,-0.005893,-0.022575,-0.036037,-0.057678,-0.074263,0.007439,0.020997,0.033653,0.041511,0.044377,-0.000515,-0.000419,0.002673,0.008438,0.010563,-0.008309,-0.024765,-0.033203,-0.04061,-0.042767,-0.040835,-0.102731,-0.133873,-0.154355,-0.167108,0.008821,0.031486,0.043287,0.043032,0.032104,-0.000249,8.5e-05,-0.000403,-0.000834,-0.001373,0.001344,0.003557,0.004692,0.004599,0.00452,-0.001898,-0.003229,-0.005393,-0.005327,-0.003284,0.381924,-0.368362,-0.105508,-0.902522,1,0,0,0,0,0,0,0,0,0,0
3997,0.006083,0.016834,0.026071,0.033474,0.037047,-9.7e-05,0.00029,0.007017,0.011555,0.014452,0.000676,0.001094,-0.001416,-0.011973,-0.021501,-0.009817,-0.023239,-0.04033,-0.059803,-0.077699,0.007274,0.019634,0.03106,0.03547,0.039493,-3.2e-05,0.000805,0.00721,0.009559,0.016737,-0.008272,-0.021533,-0.029129,-0.033152,-0.035019,-0.034086,-0.077119,-0.104961,-0.120861,-0.133832,0.010688,0.029239,0.03673,0.02951,0.020886,0.000198,0.000831,0.000773,-0.001756,0.002548,0.001089,0.002721,0.003437,0.003283,0.003086,-0.001027,-0.002384,-0.004319,-0.001972,-0.001947,0.385817,-0.362937,-0.105018,-0.905864,1,0,0,0,0,0,0,0,0,0,0
3998,0.005921,0.016187,0.024168,0.029446,0.032825,3.2e-05,0.003894,0.010073,0.012454,0.018472,0.000611,0.000257,-0.007112,-0.019566,-0.022205,-0.006855,-0.020307,-0.041933,-0.058506,-0.071958,0.006275,0.018923,0.026775,0.029639,0.035207,0.000129,0.003218,0.008979,0.011103,0.022141,-0.008174,-0.016606,-0.024007,-0.026164,-0.024909,-0.027773,-0.058892,-0.07936,-0.092104,-0.111413,0.011962,0.023755,0.0235,0.01258,0.010294,0.000136,-0.000352,-0.000782,-0.001321,0.00392,0.001114,0.002244,0.002151,0.002072,0.002485,-0.000298,-0.002451,-0.002386,-0.000353,-0.001777,0.388287,-0.353163,-0.104728,-0.907202,1,0,0,0,0,0,0,0,0,0,0
3999,0.004825,0.014057,0.021456,0.025026,0.027825,0.000354,0.007077,0.011612,0.014507,0.021456,-0.000193,-0.002702,-0.013253,-0.022774,-0.022807,-0.006562,-0.023643,-0.043104,-0.060989,-0.068613,0.00608,0.017499,0.021906,0.025927,0.03072,0.000708,0.007109,0.009457,0.01663,0.025862,-0.005082,-0.012674,-0.016695,-0.01856,-0.01277,-0.015247,-0.043072,-0.058962,-0.071926,-0.09692,0.006583,0.014069,0.006853,-0.001765,-0.002678,0.000497,0.000439,-0.002089,0.002213,0.004716,0.000514,0.001227,0.001073,0.000878,0.002017,-0.001055,-0.002981,-0.000644,-0.000619,-0.002173,0.386299,-0.341398,-0.104599,-0.907976,1,0,0,0,0,0,0,0,0,0,0
4000,0.005428,0.013393,0.018661,0.022033,0.024538,0.003501,0.009668,0.012044,0.01805,0.023735,-0.000161,-0.007516,-0.019945,-0.022579,-0.02229,-0.006873,-0.028457,-0.044998,-0.058423,-0.065842,0.006552,0.014389,0.017248,0.022804,0.026369,0.002377,0.008126,0.010246,0.021262,0.028714,-0.00334,-0.010727,-0.012879,-0.011627,0.004593,-0.015834,-0.036262,-0.04898,-0.068251,-0.099053,0.005197,0.004942,-0.005956,-0.008237,-0.015983,-0.000983,-0.001413,-0.00195,0.00328,0.00516,0.000605,0.000513,0.000435,0.000843,0.002447,-0.00108,-0.001016,0.000989,-0.000416,-0.00118,0.376062,-0.325903,-0.103557,-0.908437,1,0,0,0,0,0,0,0,0,0,0
4001,0.003784,0.011159,0.014718,0.017507,0.021067,0.003206,0.007728,0.010614,0.01754,0.023055,-0.002341,-0.012858,-0.022349,-0.022381,-0.017892,-0.010165,-0.029564,-0.047392,-0.054991,-0.06692,0.004842,0.009235,0.013243,0.018021,0.022445,0.004008,0.006349,0.013499,0.022702,0.02748,-0.004233,-0.008241,-0.0101,-0.004329,0.038959,-0.011928,-0.027768,-0.04069,-0.065605,-0.103666,0.002274,-0.004918,-0.01351,-0.01442,-0.040564,0.000924,-0.001596,0.002692,0.005187,0.004559,9.9e-05,-5.1e-05,-0.000243,0.000872,0.002795,-0.000816,0.001469,0.001494,-2.6e-05,-0.000885,0.349359,-0.307717,-0.104763,-0.90616,1,0,0,0,0,0,0,0,0,0,0
4002,0.004168,0.009426,0.012792,0.015293,0.019044,0.00295,0.005322,0.011317,0.016992,0.021865,-0.005001,-0.017408,-0.020037,-0.019749,-0.005386,-0.011381,-0.027892,-0.041293,-0.048699,-0.062677,0.002982,0.005835,0.011381,0.01494,0.020005,0.001731,0.003847,0.014844,0.022282,0.024301,-0.003142,-0.00529,-0.00404,0.012151,0.085439,-0.008464,-0.021159,-0.040395,-0.071141,-0.107464,-0.002528,-0.013407,-0.015684,-0.023415,-0.065829,-0.001353,-0.001889,0.003332,0.005208,0.002536,-0.000189,-0.000266,0.000136,0.00172,0.003369,0.000879,0.002858,0.001471,0.000717,-0.000764,0.31082,-0.293368,-0.106729,-0.90439,1,0,0,0,0,0,0,0,0,0,0
4003,0.003207,0.006766,0.009556,0.013116,0.015585,0.001571,0.004457,0.011384,0.0169,0.02325,-0.005516,-0.015008,-0.01504,-0.01055,0.010134,-0.008017,-0.025847,-0.033447,-0.045377,-0.059872,0.001411,0.00542,0.010198,0.014623,0.017894,0.000609,0.007761,0.016964,0.021742,0.02341,-0.000866,-0.002726,0.003046,0.046339,0.146873,-0.007376,-0.020299,-0.045216,-0.083281,-0.105665,-0.004665,-0.013257,-0.014167,-0.040314,-0.102691,-0.001167,0.003121,0.005617,0.004989,0.000442,3.9e-05,-0.000152,0.000963,0.002888,0.003919,0.001406,0.001431,-9e-05,-0.000949,-0.002162,0.2549,-0.290066,-0.107747,-0.902474,0,0,1,0,0,0,0,0,0,0,0
4004,0.002055,0.005426,0.00793,0.011686,0.013805,0.000803,0.006806,0.012489,0.017368,0.025908,-0.006902,-0.009535,-0.009246,0.005137,0.027706,-0.008508,-0.021927,-0.029343,-0.043341,-0.056664,0.001445,0.006999,0.010562,0.015635,0.01785,0.001509,0.012521,0.019969,0.021991,0.024881,-0.001284,-3.2e-05,0.01618,0.089571,0.193171,-0.005329,-0.024592,-0.05538,-0.091754,-0.117052,-0.006224,-0.008504,-0.016246,-0.058719,-0.110727,0.000631,0.005859,0.007739,0.005063,-0.000532,-0.000117,0.000289,0.001889,0.003553,0.004124,0.000581,-0.000819,-0.001581,-0.003077,-0.00377,0.214259,-0.272757,-0.10927,-0.902237,0,0,1,0,0,0,0,0,0,0,0
4005,0.00151,0.004306,0.007874,0.010348,0.012791,0.002089,0.009031,0.014558,0.020922,0.029663,-0.002603,-0.002635,0.001864,0.022593,0.044993,-0.009352,-0.016969,-0.028924,-0.04345,-0.049396,0.002571,0.00736,0.011795,0.015073,0.01774,0.005656,0.01488,0.019668,0.021339,0.02812,-0.000578,0.005206,0.048592,0.149344,0.242189,-0.007617,-0.032588,-0.070735,-0.093167,-0.131989,-0.00238,-0.003293,-0.029496,-0.092008,-0.106565,0.003666,0.006166,0.005537,0.00098,-0.000936,-7.6e-05,0.001056,0.00301,0.004057,0.004485,-0.00056,-0.002104,-0.002977,-0.004208,-0.004605,0.167268,-0.254771,-0.110942,-0.904917,0,0,1,0,0,0,0,0,0,0,0
4006,0.001864,0.00437,0.00813,0.010251,0.012019,0.003921,0.009608,0.014493,0.023041,0.029307,-3.2e-05,0.000257,0.014654,0.037245,0.065685,-0.004081,-0.011504,-0.025515,-0.038852,-0.042226,0.002989,0.006556,0.011633,0.01385,0.01671,0.005367,0.012822,0.014847,0.017739,0.02333,0.001832,0.01806,0.091522,0.195222,0.294489,-0.011665,-0.042483,-0.078892,-0.104215,-0.153446,9.8e-05,-0.007652,-0.050166,-0.102225,-0.087002,0.001568,0.003449,0.00077,-0.004829,-0.005361,0.000485,0.002096,0.003772,0.004347,0.004814,-0.00085,-0.001617,-0.003123,-0.003821,-0.004805,0.117556,-0.231435,-0.112847,-0.904002,0,0,1,0,0,0,0,0,0,0,0
4007,0.000932,0.004499,0.006973,0.009416,0.010733,0.003021,0.008548,0.014911,0.023651,0.031203,0.0,0.004499,0.025226,0.047624,0.066584,-0.003535,-0.015489,-0.030014,-0.035959,-0.040586,0.0018,0.006234,0.009512,0.012179,0.01475,0.003856,0.008644,0.010315,0.017096,0.019892,0.003953,0.047335,0.148078,0.240916,0.343941,-0.013304,-0.051448,-0.073878,-0.112697,-0.174268,-0.00101,-0.027212,-0.089718,-0.104274,-0.057497,0.000933,0.000304,-0.004253,-0.00617,-0.010726,0.000646,0.002599,0.003646,0.004074,0.004961,-0.000693,-0.001565,-0.002795,-0.003192,-0.004731,0.067766,-0.201876,-0.114249,-0.905159,0,0,1,0,0,0,0,0,0,0,0
4008,0.001573,0.005328,0.007446,0.009211,0.009629,0.002664,0.007542,0.01608,0.022338,0.029688,0.000289,0.014668,0.037231,0.065635,0.070449,-0.003884,-0.017877,-0.031197,-0.034567,-0.045736,0.001765,0.006836,0.009051,0.011907,0.013159,0.003595,0.005617,0.008505,0.01409,0.018294,0.01226,0.08563,0.189202,0.288344,0.397019,-0.017492,-0.053856,-0.079147,-0.128317,-0.199729,-0.006731,-0.049192,-0.101186,-0.085982,-0.014952,0.000947,-0.001728,-0.007321,-0.007851,-0.010862,0.000956,0.002617,0.003187,0.00365,0.005602,-7.3e-05,-0.001566,-0.002258,-0.003233,-0.004231,0.011426,-0.168668,-0.114355,-0.90529,0,0,1,0,0,0,0,0,0,0,0
4009,0.001988,0.004458,0.006895,0.00821,0.007954,0.002854,0.009204,0.017928,0.025464,0.026651,0.004201,0.024887,0.04724,0.066162,0.089157,-0.00805,-0.022546,-0.028479,-0.033097,-0.076745,0.002662,0.005933,0.008595,0.011161,0.011225,0.001187,0.002854,0.009621,0.012411,0.015234,0.031045,0.131586,0.224239,0.327058,0.451557,-0.020589,-0.042975,-0.081716,-0.143164,-0.248452,-0.019423,-0.081805,-0.096331,-0.049647,0.039003,-0.001574,-0.006122,-0.008034,-0.012582,-0.010918,0.000975,0.002007,0.002429,0.003304,0.006951,-0.000787,-0.002001,-0.002392,-0.003909,-0.003991,-0.054418,-0.111328,-0.114241,-0.906161,0,0,1,0,0,0,0,0,0,0,0
4010,0.001763,0.003879,0.005642,0.006059,0.005834,0.00202,0.010547,0.016798,0.024139,0.02462,0.010162,0.032698,0.061069,0.065877,0.104731,-0.005931,-0.019234,-0.0226,-0.033756,-0.101589,0.002404,0.004616,0.007469,0.00872,0.008367,0.000833,0.003719,0.009297,0.013496,0.015291,0.042251,0.1457,0.244724,0.35327,0.470022,-0.01574,-0.041001,-0.090113,-0.16144,-0.248988,-0.022996,-0.074928,-0.059742,0.011203,0.06242,-0.001098,-0.006685,-0.007214,-0.010222,-0.008935,0.000675,0.00124,0.0017,0.003635,0.009512,-0.000695,-0.001382,-0.002349,-0.003339,-0.003099,-0.104631,-0.105242,-0.113414,-0.902167,0,0,1,0,0,0,0,0,0,0,0
4011,0.000706,0.003144,0.004459,0.004202,0.003368,0.004331,0.013056,0.020595,0.021782,0.016521,0.010522,0.032882,0.051809,0.07481,0.121261,-0.008565,-0.0145,-0.019119,-0.06278,-0.134318,0.000866,0.003529,0.006095,0.006159,0.00571,0.000834,0.007603,0.010394,0.013217,0.014981,0.058289,0.150967,0.253814,0.378347,0.49608,-0.00664,-0.045393,-0.106857,-0.212175,-0.276334,-0.039387,-0.053918,-0.007221,0.081454,0.112566,-0.00345,-0.005363,-0.009911,-0.008248,-0.001232,0.000355,0.000778,0.001655,0.005309,0.013462,-0.000517,-0.000909,-0.002429,-0.002511,-0.002069,-0.170511,-0.077958,-0.112865,-0.898098,0,0,1,0,0,0,0,0,0,0,0
4012,0.001413,0.003179,0.003597,0.003372,-0.004207,0.004207,0.01047,0.017824,0.018306,-0.007708,0.012043,0.040465,0.045283,0.084207,0.146029,-0.004753,-0.008125,-0.019301,-0.087257,-0.15197,0.001349,0.004207,0.00546,0.005106,0.004657,0.002055,0.007643,0.011851,0.013649,0.013874,0.045283,0.144487,0.25323,0.370194,0.498752,-0.018659,-0.06786,-0.139316,-0.227024,-0.305192,-0.012596,0.002618,0.073692,0.125002,0.175067,-0.002143,-0.002674,-0.005686,-0.004398,0.022559,0.000215,0.00068,0.00264,0.008592,0.016227,-0.000175,-0.001154,-0.002157,-0.001914,-0.005511,-0.228719,-0.055024,-0.113916,-0.89887,0,0,1,0,0,0,0,0,0,0,0
4013,0.00103,0.00235,0.002093,0.001256,-0.007501,0.00454,0.012105,0.013297,0.008017,-0.012202,0.010367,0.029362,0.052446,0.099065,0.166868,-0.001191,-0.005827,-0.049645,-0.12144,-0.180679,0.00132,0.003896,0.00396,0.003509,0.003187,0.004733,0.007534,0.010367,0.012138,0.012717,0.047617,0.150834,0.275816,0.393972,0.504337,-0.020186,-0.081872,-0.187569,-0.251959,-0.314997,-0.001956,0.044909,0.133903,0.165126,0.195445,0.000228,-0.004337,-0.002667,0.004374,0.026122,0.000215,0.001114,0.004862,0.013222,0.020763,-0.000224,-0.001784,-0.001868,-0.001414,-0.007192,-0.276888,-0.034789,-0.11353,-0.895251,0,0,1,0,0,0,0,0,0,0,0
4014,0.000742,0.001161,0.000935,-0.006674,-0.010156,0.001741,0.009124,0.009608,-0.016508,-0.017314,0.018152,0.022988,0.062065,0.124129,0.186516,-0.002192,-0.013412,-0.081635,-0.146601,-0.221337,0.001548,0.002805,0.00245,0.001999,0.001741,0.000871,0.005094,0.0069,0.007125,0.008737,0.051909,0.161078,0.2785,0.407562,0.485425,-0.029178,-0.100915,-0.188966,-0.267442,-0.326766,0.017232,0.088585,0.140096,0.190358,0.189142,-0.000761,-0.003786,-0.002492,0.024571,0.027419,0.000261,0.002275,0.008392,0.016239,0.022274,-0.00078,-0.001811,-0.001561,-0.005258,-0.008519,-0.303552,-0.009516,-0.113903,-0.891057,0,0,1,0,0,0,0,0,0,0,0
4015,0.000581,0.000323,-0.000516,-0.009288,-0.014223,0.005837,0.007031,0.001742,-0.018512,-0.020286,0.000871,0.023995,0.070695,0.138616,0.195346,-0.002451,-0.046345,-0.118265,-0.177608,-0.250366,0.001032,0.001097,0.000645,0.000323,9.7e-05,0.001935,0.004773,0.006547,0.007128,0.008095,0.051473,0.176672,0.295034,0.405591,0.466998,-0.032606,-0.138487,-0.202989,-0.266137,-0.33151,0.029709,0.118859,0.150137,0.180507,0.178333,-0.003812,-0.002139,0.004915,0.0267,0.030098,0.000648,0.004442,0.012905,0.020538,0.022808,-0.000796,-0.000881,-0.000422,-0.006271,-0.011258,-0.336237,0.02331,-0.11819,-0.89052,0,0,1,0,0,0,0,0,0,0,0
4016,-0.000162,-0.000388,-0.008022,-0.011515,-0.018373,0.001553,0.002038,-0.024163,-0.024972,-0.024907,0.003979,0.043183,0.10545,0.168041,0.215138,-0.008798,-0.077244,-0.142423,-0.217403,-0.270031,0.000226,-0.000129,-0.000582,-0.000841,-0.001035,0.002297,0.004108,0.004334,0.005952,0.006566,0.057901,0.175708,0.305192,0.383309,0.44797,-0.039269,-0.127608,-0.20634,-0.265858,-0.325894,0.041789,0.093469,0.143895,0.142675,0.160217,0.000788,0.002086,0.029238,0.032095,0.033643,0.001399,0.007657,0.015686,0.02186,0.024062,-0.000241,1.4e-05,-0.003768,-0.007105,-0.01494,-0.366008,0.044074,-0.123615,-0.885977,0,0,1,0,0,0,0,0,0,0,0
4017,-9.7e-05,-0.000939,-0.009743,-0.014695,-0.020133,-0.000356,-0.005664,-0.025991,-0.027771,-0.01641,0.019226,0.066095,0.134261,0.191196,0.225958,-0.035248,-0.107428,-0.166985,-0.240006,-0.298397,-0.000162,-0.000615,-0.000939,-0.001165,-0.001489,0.00055,0.00233,0.002913,0.003884,0.004985,0.067713,0.186502,0.297459,0.359087,0.410195,-0.066969,-0.131704,-0.19508,-0.260689,-0.306101,0.047655,0.079046,0.109526,0.107344,0.109944,0.00089,0.007969,0.029833,0.033244,0.023914,0.002485,0.011164,0.018992,0.02132,0.027922,0.000155,0.000626,-0.005372,-0.010487,-0.018417,-0.385366,0.059768,-0.127011,-0.88207,0,0,1,0,0,0,0,0,0,0,0
4018,-0.000129,-0.007769,-0.011266,-0.018128,-0.023923,0.000842,-0.02538,-0.026189,-0.026124,-0.008805,0.020006,0.082322,0.144962,0.192096,0.216343,-0.033246,-0.098476,-0.173515,-0.226184,-0.290799,-0.000194,-0.000647,-0.000906,-0.001101,-0.002428,0.001263,0.001489,0.003108,0.003723,0.004564,0.050177,0.179762,0.257941,0.322653,0.356968,-0.02143,-0.100224,-0.159789,-0.219872,-0.251693,0.004058,0.054524,0.053303,0.070859,0.055922,0.000409,0.027581,0.030441,0.03199,0.016475,0.003805,0.011878,0.018086,0.0203,0.029589,0.000102,-0.003702,-0.007056,-0.014935,-0.02278,-0.398788,0.069245,-0.128499,-0.878572,0,0,1,0,0,0,0,0,0,0,0
4019,-0.000708,-0.009459,-0.014382,-0.019787,-0.026608,-0.006113,-0.026319,-0.028088,-0.016795,-0.009041,0.026705,0.094464,0.151058,0.185613,0.20968,-0.038706,-0.097906,-0.170492,-0.228534,-0.27686,-0.000257,-0.000579,-0.000804,-0.001126,-0.003604,0.000515,0.001094,0.002059,0.003153,0.003217,0.068209,0.178503,0.239763,0.290566,0.315726,-0.043049,-0.106046,-0.171264,-0.216404,-0.239538,0.02717,0.057468,0.055299,0.057884,0.042137,0.00663,0.028364,0.031754,0.02248,0.015641,0.004677,0.012184,0.014416,0.020747,0.026029,0.000354,-0.005398,-0.010302,-0.017907,-0.023557,-0.409487,0.076427,-0.129778,-0.876632,0,0,1,0,0,0,0,0,0,0,0
4020,-0.006834,-0.010284,-0.017054,-0.022771,-0.025933,-0.019801,-0.020599,-0.020535,-0.003449,-0.001277,0.034971,0.096769,0.143269,0.16719,0.18533,-0.025933,-0.099963,-0.151924,-0.21567,-0.266354,-0.000192,-0.000447,-0.000639,-0.001948,-0.004216,-0.000287,0.001309,0.001916,0.002747,0.002651,0.060137,0.137265,0.201107,0.23496,0.249044,-0.035003,-0.093767,-0.153042,-0.184436,-0.199414,0.022818,0.021614,0.038933,0.024197,-0.001088,0.020226,0.023047,0.024575,0.009269,0.007192,0.002902,0.008549,0.010563,0.019012,0.024157,-0.003796,-0.006847,-0.014013,-0.021149,-0.022359,-0.411841,0.076011,-0.128465,-0.87378,0,0,1,0,0,0,0,0,0,0,0
4021,-0.001838,-0.006688,-0.012013,-0.018732,-0.018986,-0.000254,-0.001997,0.009128,0.016767,0.019113,0.032045,0.087798,0.12184,0.145548,0.135469,-0.032584,-0.10409,-0.16127,-0.208877,-0.261778,-0.000127,-0.000349,-0.000666,-0.003106,-0.004437,0.000856,0.001807,0.002884,0.002948,0.002567,0.04897,0.10932,0.159368,0.184154,0.175787,-0.027322,-0.09157,-0.13604,-0.158829,-0.165295,0.007202,0.005065,0.007611,-0.007901,-0.033894,0.001337,0.004677,-0.004459,-0.011196,-0.014069,0.004007,0.006017,0.011719,0.016475,0.022966,-0.001579,-0.005996,-0.012844,-0.017932,-0.017415,-0.399386,0.074179,-0.127711,-0.872103,0,0,1,0,0,0,0,0,0,0,0
4022,-0.00158,-0.008279,-0.013934,-0.017063,-0.016905,-0.000537,-0.000474,0.016431,0.018579,0.019748,0.029196,0.075202,0.098868,0.116816,0.093023,-0.040761,-0.09217,-0.155238,-0.205383,-0.247787,-0.000126,-0.000316,-0.001611,-0.003855,-0.004992,0.000727,0.001327,0.002149,0.002054,0.001043,0.02749,0.090653,0.124146,0.138081,0.109675,-0.030902,-0.089547,-0.120607,-0.135427,-0.136375,-0.008371,0.008764,-0.005815,-0.030832,-0.057302,0.001458,0.00297,-0.012174,-0.014229,-0.016602,0.001319,0.003188,0.011028,0.015802,0.020231,-0.001286,-0.007936,-0.014557,-0.01568,-0.014918,-0.381668,0.069309,-0.126794,-0.870184,1,0,0,0,0,0,0,0,0,0,0
4023,-0.003245,-0.008539,-0.015219,-0.015471,-0.015156,-0.001197,0.009862,0.017456,0.019787,0.016132,0.02631,0.06015,0.083718,0.073698,0.056715,-0.030437,-0.087278,-0.134604,-0.187191,-0.221504,-9.5e-05,-0.00041,-0.002836,-0.004159,-0.005987,0.000221,0.001292,0.001355,0.000977,-0.001386,0.03258,0.082331,0.106971,0.098653,0.064372,-0.033052,-0.077259,-0.099913,-0.106341,-0.093958,0.006223,0.008754,-0.006666,-0.032505,-0.070571,0.001866,-0.007216,-0.013914,-0.016769,-0.015866,0.000635,0.006104,0.010666,0.016894,0.020081,-0.002975,-0.009545,-0.014425,-0.01393,-0.011977,-0.363582,0.051335,-0.125626,-0.866996,1,0,0,0,0,0,0,0,0,0,0
4024,-0.003434,-0.009072,-0.012191,-0.012033,-0.011844,0.00126,0.018113,0.020255,0.02142,0.009986,0.019562,0.043156,0.061048,0.037328,0.026586,-0.020822,-0.083697,-0.133688,-0.175962,-0.200028,-9.5e-05,-0.001386,-0.003623,-0.004757,-0.006647,0.000378,0.001197,0.001103,9.5e-05,-0.004347,0.030398,0.063789,0.07768,0.049361,0.024444,-0.025421,-0.056386,-0.07116,-0.072105,-0.052921,0.010861,-0.003674,-0.028614,-0.055003,-0.087081,-0.000358,-0.015455,-0.017504,-0.01987,-0.013331,0.001195,0.008869,0.013541,0.017875,0.020291,-0.003538,-0.010019,-0.011118,-0.010371,-0.007613,-0.355884,0.03365,-0.125959,-0.865785,1,0,0,0,0,0,0,0,0,0,0
4025,-0.001853,-0.008513,-0.008765,-0.00845,-0.008293,0.00977,0.017341,0.019665,0.016021,0.00578,0.014231,0.037729,0.027739,0.010807,0.004618,-0.035907,-0.083091,-0.135521,-0.169731,-0.185847,-0.00022,-0.002639,-0.003958,-0.00578,-0.006974,0.000691,0.000754,0.000377,-0.001979,-0.007665,0.019288,0.043854,0.035561,0.001382,-0.013194,-0.018723,-0.04131,-0.047718,-0.035372,-0.024158,-0.008308,-0.023682,-0.049444,-0.087396,-0.106127,-0.008698,-0.015375,-0.018222,-0.017322,-0.013057,0.004183,0.008651,0.014749,0.017871,0.019135,-0.002962,-0.007742,-0.007257,-0.005345,-0.00354,-0.349964,0.02719,-0.126359,-0.861898,1,0,0,0,0,0,0,0,0,0,0
4026,-0.003769,-0.006878,-0.006721,-0.006533,-0.006658,0.007035,0.009171,0.010333,-0.001068,-0.011778,0.009297,0.027136,0.003486,-0.007224,-0.01115,-0.02679,-0.076633,-0.118782,-0.142777,-0.145384,-0.001068,-0.003298,-0.004428,-0.006313,-0.007161,0.000126,3.1e-05,-0.000974,-0.005402,-0.010647,0.014008,0.027858,-0.000377,-0.02522,-0.060365,-0.012155,-0.026885,-0.027827,-0.0087,0.005496,-0.006186,-0.031052,-0.057363,-0.089346,-0.124636,-0.006356,-0.008399,-0.010758,-0.004238,0.001033,0.003339,0.007915,0.01216,0.014527,0.014788,-0.00339,-0.004466,-0.003735,-0.001033,0.000402,-0.32226,0.013838,-0.127798,-0.860183,1,0,0,0,0,0,0,0,0,0,0
4027,-0.00289,-0.003142,-0.002828,-0.002671,-0.002985,0.000534,0.002859,-0.000785,-0.011028,-0.026957,0.014201,0.00421,-0.012724,-0.018914,-0.020799,-0.02039,-0.072827,-0.107041,-0.123158,-0.115995,-0.001351,-0.002671,-0.004493,-0.005687,-0.006252,-6.3e-05,-0.00044,-0.002796,-0.008483,-0.013761,0.010556,0.002262,-0.031921,-0.046499,-0.095919,-0.010431,-0.01684,-0.004493,0.006723,0.029282,-0.009188,-0.034953,-0.07291,-0.091643,-0.141493,-0.000319,-0.003167,-0.002266,0.001999,0.012467,0.001124,0.007228,0.010352,0.011617,0.011482,-0.001386,-0.0009,0.001013,0.00282,0.004657,-0.299549,9.5e-05,-0.12786,-0.858984,1,0,0,0,0,0,0,0,0,0,0
4028,-0.00022,-6.3e-05,0.000126,0.0,-0.000157,0.001603,0.002767,-0.008646,-0.019366,-0.033262,0.003647,-0.020026,-0.030747,-0.034677,-0.035463,-0.029489,-0.07168,-0.095699,-0.098308,-0.091895,-0.00088,-0.002012,-0.003898,-0.004747,-0.00503,-3.1e-05,-0.001037,-0.00547,-0.010721,-0.017889,0.003301,-0.024962,-0.04983,-0.08501,-0.11824,-0.004307,-0.00525,0.013896,0.028106,0.052408,-0.015697,-0.042034,-0.074049,-0.109375,-0.14614,-0.001725,-0.004086,0.00244,0.007717,0.014336,0.003479,0.007754,0.010137,0.010399,0.010459,0.000308,0.001044,0.003765,0.00521,0.006383,-0.286613,-0.011684,-0.128464,-0.857091,1,0,0,0,0,0,0,0,0,0,0
4029,-3.1e-05,0.000283,0.00044,0.000126,-9.4e-05,0.000722,-0.002921,-0.013161,-0.029085,-0.036058,-0.013632,-0.030561,-0.036749,-0.038634,-0.040204,-0.02296,-0.057165,-0.073278,-0.066117,-0.057197,-0.00044,-0.002261,-0.003455,-0.00402,-0.00446,-0.000346,-0.002701,-0.008386,-0.013663,-0.020071,-0.01159,-0.045764,-0.060338,-0.109745,-0.125198,-0.002104,0.010239,0.021453,0.044005,0.062693,-0.010076,-0.048022,-0.066751,-0.116587,-0.133101,-0.001123,-0.000222,0.004042,0.014507,0.015029,0.002635,0.005754,0.007016,0.006881,0.006934,0.000179,0.002089,0.003891,0.005725,0.006031,-0.282088,-0.017023,-0.128253,-0.856306,1,0,0,0,0,0,0,0,0,0,0
4030,0.000188,0.000377,0.000251,9.4e-05,-0.00022,0.000439,-0.010951,-0.021651,-0.03552,-0.03665,-0.01001,-0.02071,-0.024632,-0.025417,-0.030531,-0.019172,-0.043145,-0.04575,-0.039349,-0.035332,-0.00069,-0.002573,-0.00342,-0.003703,-0.004801,-0.000659,-0.005083,-0.010324,-0.017478,-0.02049,-0.016631,-0.041451,-0.076564,-0.109731,-0.116791,0.001161,0.020271,0.034454,0.058709,0.068437,-0.016221,-0.048175,-0.083434,-0.120129,-0.12394,-0.001234,0.005279,0.010546,0.017153,0.015169,0.001601,0.003952,0.004212,0.00427,0.004316,0.000549,0.003234,0.00466,0.005817,0.00628,-0.278969,-0.020448,-0.127902,-0.857324,1,0,0,0,0,0,0,0,0,0,0
4031,0.000125,0.000282,-3.1e-05,-0.000251,-0.000345,-0.004077,-0.014301,-0.030201,-0.037163,-0.036599,-0.0069,-0.013078,-0.014959,-0.016527,-0.021671,-0.014991,-0.031079,-0.023929,-0.015022,-0.013517,-0.001129,-0.002321,-0.002885,-0.003324,-0.004736,-0.001694,-0.00737,-0.012639,-0.019036,-0.019475,-0.0175,-0.032051,-0.081383,-0.096813,-0.100137,0.011165,0.022361,0.044878,0.063538,0.067835,-0.021676,-0.040376,-0.090136,-0.106624,-0.105905,0.002133,0.006391,0.016839,0.017361,0.016161,0.00149,0.002739,0.002606,0.002658,0.00269,0.001343,0.003126,0.004941,0.005242,0.006349,-0.279084,-0.02033,-0.127322,-0.858024,1,0,0,0,0,0,0,0,0,0,0
4032,6.3e-05,-6.3e-05,-0.00022,-0.000533,-0.000439,-0.007307,-0.018,-0.031861,-0.03299,-0.030607,-0.003794,-0.007714,-0.008498,-0.01361,-0.015021,-0.008969,-0.011572,-0.005174,-0.00116,0.003481,-0.000753,-0.001599,-0.001882,-0.002979,-0.003983,-0.002728,-0.007965,-0.015115,-0.018126,-0.015241,-0.007307,-0.042398,-0.075545,-0.082601,-0.081535,0.007934,0.022108,0.046349,0.056071,0.056635,-0.01026,-0.045497,-0.08217,-0.085979,-0.082251,0.004377,0.00964,0.016243,0.014261,0.014583,0.000852,0.00111,0.001168,0.001214,0.001184,0.001331,0.002751,0.003904,0.004364,0.005489,-0.281952,-0.018535,-0.127178,-0.859384,1,0,0,0,0,0,0,0,0,0,0
4033,9.4e-05,-0.00022,-0.00044,-0.000534,-0.00066,-0.002922,-0.018851,-0.025827,-0.025261,-0.016024,-0.002388,-0.004273,-0.005844,-0.010997,-0.011374,-0.007132,3.1e-05,0.008954,0.010463,0.021805,-0.00044,-0.001005,-0.001445,-0.002859,-0.003676,-0.002953,-0.008232,-0.014641,-0.015081,-0.011185,-0.007258,-0.05668,-0.072138,-0.075469,-0.071007,0.003268,0.025827,0.044521,0.048825,0.048354,-0.008455,-0.058307,-0.074826,-0.074105,-0.065268,-0.000119,0.010349,0.010871,0.009669,0.004286,0.000402,0.000267,0.000319,0.000352,0.000243,0.000457,0.002296,0.002601,0.003722,0.003587,-0.287216,-0.016693,-0.126661,-0.860188,1,0,0,0,0,0,0,0,0,0,0
4034,-0.000221,-0.000379,-0.000694,-0.000599,-0.001766,-0.007823,-0.021764,-0.0229,-0.020503,-0.002965,-0.001546,-0.002334,-0.007476,-0.008895,-0.006025,0.004542,0.010977,0.015014,0.019683,0.053717,-0.00041,-0.000694,-0.001798,-0.002807,-0.003659,-0.002303,-0.009494,-0.012522,-0.00962,-0.004605,-0.02801,-0.06135,-0.068447,-0.067375,-0.049806,0.010977,0.035359,0.045137,0.045705,0.046273,-0.026955,-0.063841,-0.067673,-0.063923,-0.036797,0.005414,0.012056,0.010062,0.010386,-0.001927,-0.000144,-8.4e-05,-3.6e-05,-6.8e-05,-0.00045,0.001009,0.002209,0.002689,0.003861,0.001729,-0.30185,-0.015937,-0.125908,-0.861167,1,0,0,0,0,0,0,0,0,0,0
4035,-9.5e-05,-0.000316,-0.000411,-0.000537,-0.003317,-0.008183,-0.015197,-0.014628,-0.005339,0.011879,-0.000348,-0.001927,-0.007109,-0.007488,-0.002749,0.002654,0.011627,0.013143,0.024549,0.079207,-0.000158,-0.0006,-0.002022,-0.002843,-0.004076,-0.003001,-0.009447,-0.009889,-0.005971,0.000411,-0.021642,-0.037186,-0.040535,-0.036049,-0.006508,0.01169,0.030488,0.034817,0.034343,0.046665,-0.023131,-0.039741,-0.039017,-0.03013,0.011039,0.005103,0.005629,0.00442,-0.000993,-0.011438,6e-06,6e-05,9.4e-05,-1.9e-05,-0.000585,0.000891,0.001208,0.002373,0.002233,-0.00069,-0.317348,-0.027213,-0.12511,-0.863102,1,0,0,0,0,0,0,0,0,0,0
4036,-6.3e-05,-0.000379,-0.000284,-0.001452,-0.003881,-0.005775,-0.00691,-0.004512,0.013032,0.034016,-0.000442,-0.005585,-0.007005,-0.004134,-0.001609,0.003787,0.007826,0.012496,0.046543,0.119845,-0.000126,-0.001231,-0.00224,-0.003092,-0.003944,-0.004197,-0.007226,-0.004323,0.000694,0.006753,-0.011738,-0.018838,-0.017765,-0.000189,0.02881,0.012717,0.022499,0.023067,0.023635,0.074154,-0.013799,-0.017632,-0.013881,0.013256,0.047399,0.001547,-0.000448,-0.000123,-0.012441,-0.026898,5.5e-05,0.000103,7.1e-05,-0.000312,-0.000473,0.000321,0.000802,0.001977,-0.00016,-0.003475,-0.33097,-0.060434,-0.124459,-0.867718,1,0,0,0,0,0,0,0,0,0,0
4037,-0.000158,-0.000253,-0.000379,-0.003158,-0.003821,-0.001232,-0.000663,0.008621,0.025832,0.0468,-0.001137,-0.006316,-0.006695,-0.001958,-0.002811,0.005179,0.006695,0.018095,0.072727,0.150412,-0.000316,-0.001737,-0.002558,-0.00379,-0.003505,-0.002242,-0.002684,0.001232,0.007611,0.017242,-0.00379,-0.007137,-0.002653,0.026874,0.0522,0.006063,0.01039,0.009916,0.022232,0.095211,-0.002793,-0.002069,0.006813,0.047963,0.073131,-0.001023,-0.002231,-0.007642,-0.018082,-0.029097,-1e-06,3.2e-05,-8e-05,-0.000645,-0.000222,-6e-06,0.001155,0.001015,-0.001898,-0.004138,-0.342459,-0.087272,-0.123755,-0.873421,1,0,0,0,0,0,0,0,0,0,0
4038,-0.000158,-6.3e-05,-0.001232,-0.003663,-0.003348,9.5e-05,0.002495,0.020054,0.041056,0.049836,-0.004011,-0.005432,-0.002558,-3.2e-05,-0.007043,-0.001137,0.003537,0.037614,0.110978,0.184879,-0.00079,-0.0018,-0.002653,-0.003506,-0.002495,-0.00079,0.002116,0.007137,0.013201,0.02615,-0.003316,-0.002242,0.015349,0.044372,0.068753,0.003727,0.004295,0.004864,0.055426,0.14616,-0.001043,0.002711,0.029871,0.064043,0.084802,-0.000974,-0.000649,-0.012977,-0.027446,-0.02322,5e-05,1.8e-05,-0.000369,-0.00053,0.001282,0.00049,0.001672,-0.000478,-0.003813,-0.003783,-0.355738,-0.141821,-0.124311,-0.876561,1,0,0,0,0,0,0,0,0,0,0
4039,6.3e-05,-6.3e-05,-0.002844,-0.003508,-0.003066,0.000474,0.009766,0.02699,0.047975,0.049271,-0.001169,-0.001549,0.003192,0.002339,-0.00768,0.002655,0.014064,0.068739,0.146485,0.21614,-0.000632,-0.001454,-0.002686,-0.002402,0.001075,0.000348,0.004267,0.010651,0.02029,0.03015,-3.2e-05,0.004456,0.034006,0.059352,0.080875,0.0006,0.000126,0.012452,0.085489,0.210863,0.001768,0.010658,0.05184,0.077028,0.08632,-0.000235,-0.00565,-0.016098,-0.027122,-0.018161,-1.6e-05,-0.000129,-0.000697,-0.000272,0.004087,0.000675,0.000534,-0.002395,-0.004647,-0.005895,-0.362325,-0.208642,-0.127317,-0.879775,1,0,0,0,0,0,0,0,0,0,0
4040,3.2e-05,-0.001138,-0.003573,-0.003257,-0.002593,0.001929,0.019508,0.040533,0.049323,0.046161,-0.000253,0.002624,0.005154,-0.001865,-0.010117,0.002023,0.036138,0.109585,0.183569,0.25398,-0.000379,-0.001233,-0.002087,-0.001075,0.00509,0.002561,0.007588,0.013659,0.026622,0.035632,0.001107,0.018717,0.047773,0.072182,0.084323,-3.2e-05,0.000537,0.051156,0.141992,0.282182,0.001989,0.029179,0.06339,0.084172,0.08548,0.00056,-0.011782,-0.026267,-0.022036,-0.009091,-1.6e-05,-0.000405,-0.000568,0.001258,0.006404,0.000514,-0.001653,-0.005013,-0.004984,-0.007731,-0.362688,-0.277496,-0.129527,-0.892811,1,0,0,0,0,0,0,0,0,0,0
4041,-0.000158,-0.002947,-0.003612,-0.003168,-0.001806,0.007382,0.02465,0.045688,0.046987,0.038527,-0.000127,0.004626,0.00377,-0.006273,-0.017204,0.00941,0.064223,0.142164,0.211995,0.282427,-0.000444,-0.001679,-0.001394,0.002091,0.007256,0.001362,0.007762,0.017426,0.027311,0.041854,0.00339,0.033014,0.058424,0.080001,0.081427,-0.000444,0.011913,0.085134,0.210822,0.327291,0.006918,0.048204,0.073455,0.082771,0.087484,-0.00599,-0.016464,-0.027516,-0.018533,0.00478,-9.9e-05,-0.000676,-0.000244,0.004192,0.007645,-0.000665,-0.003646,-0.005938,-0.007208,-0.006737,-0.361723,-0.319251,-0.130693,-0.905081,1,0,0,0,0,0,0,0,0,0,0
4042,-0.001016,-0.003459,-0.003142,-0.002475,0.007109,0.010251,0.031356,0.040179,0.037005,0.028087,0.003015,0.005554,-0.001492,-0.009775,-0.039576,0.024818,0.098542,0.172806,0.243483,0.292008,-0.000413,-0.001269,-0.000254,0.005935,0.008537,0.003681,0.009775,0.022787,0.031832,0.048906,0.014281,0.043447,0.067948,0.080135,0.075152,0.001016,0.051826,0.143005,0.283725,0.376935,0.020363,0.054703,0.075563,0.076876,0.09949,-0.006389,-0.020929,-0.016682,-0.003688,0.020787,-0.0003,-0.000467,0.001409,0.006692,0.010677,-0.001552,-0.005003,-0.004972,-0.007793,0.005108,-0.363222,-0.3622,-0.130609,-0.914633,1,0,0,0,0,0,0,0,0,0,0
4043,-0.001778,-0.002445,-0.002,-0.000635,0.018731,0.007048,0.028128,0.029429,0.020953,0.01835,0.001746,0.000889,-0.009175,-0.020128,-0.061621,0.030096,0.108193,0.178164,0.248737,0.291786,-0.000825,-0.00054,0.002952,0.008127,0.010476,0.00273,0.012413,0.022318,0.03689,0.050668,0.015397,0.040858,0.062478,0.063907,0.054255,0.011365,0.084732,0.210672,0.327374,0.433726,0.020999,0.0463,0.055634,0.060357,0.094292,-0.004104,-0.015178,-0.006177,0.017182,0.030747,-0.000285,0.000153,0.004651,0.008153,0.014988,-0.001468,-0.003792,-0.00508,-0.004602,0.018766,-0.357756,-0.413464,-0.126303,-0.921531,1,0,0,0,0,0,0,0,0,0,0
4044,-0.000667,-0.000349,0.000318,0.009907,0.032325,0.014067,0.022895,0.019719,0.010796,0.021275,0.000794,-0.006256,-0.014543,-0.04436,-0.076654,0.043662,0.117966,0.188681,0.237233,0.313855,-3.2e-05,0.000984,0.007176,0.00978,0.011812,0.003366,0.016385,0.025435,0.042518,0.049504,0.013781,0.038295,0.050489,0.045503,0.015845,0.03947,0.130699,0.271496,0.364757,0.498536,0.013355,0.034227,0.03554,0.058167,0.067961,-0.010443,-0.006193,0.006807,0.031296,0.025113,0.000118,0.002001,0.007304,0.011304,0.018717,-0.001994,-0.001963,-0.004794,0.008155,0.032573,-0.333706,-0.476274,-0.119346,-0.919013,1,0,0,0,0,0,0,0,0,0,0
4045,0.0,0.000445,0.001812,0.021204,0.039039,0.007026,0.008329,-0.000159,-0.002766,0.022126,-0.001653,-0.011731,-0.022698,-0.064248,-0.092351,0.034493,0.104559,0.175229,0.218336,0.282235,0.000318,0.003815,0.008997,0.011349,0.012112,0.006326,0.016245,0.030837,0.044634,0.051024,0.011699,0.033348,0.034779,0.025114,-0.039833,0.033952,0.160065,0.276926,0.383424,0.504227,0.011966,0.021312,0.026041,0.060023,0.037919,-0.000635,0.008379,0.03177,0.045353,0.024957,0.000324,0.004865,0.0084,0.015301,0.02319,-0.000337,-0.001637,-0.001155,0.022438,0.039909,-0.293344,-0.510381,-0.115532,-0.927884,1,0,0,0,0,0,0,0,0,0,0
4046,0.000317,0.000983,0.010564,0.032961,0.036356,0.001808,-0.001364,-0.010279,0.00019,0.023412,-0.005393,-0.013673,-0.043462,-0.075725,-0.102246,0.039813,0.110462,0.158968,0.235518,0.271429,0.000698,0.006884,0.009485,0.011516,0.01196,0.006694,0.015735,0.032802,0.039782,0.046824,0.012816,0.024998,0.020018,-0.009612,-0.084893,0.057262,0.197925,0.291098,0.424751,0.512562,0.008912,0.010224,0.032829,0.042614,0.01325,0.004879,0.017867,0.042332,0.036155,0.019748,0.001551,0.006819,0.010793,0.018157,0.024787,0.000362,-0.00245,0.010414,0.03467,0.036275,-0.261851,-0.544991,-0.111807,-0.933289,1,0,0,0,0,0,0,0,0,0,0
4047,0.000126,0.001486,0.020766,0.038498,0.039098,-0.000506,-0.008945,-0.011537,0.013212,0.031038,-0.004646,-0.015551,-0.056861,-0.084802,-0.104809,0.029995,0.100258,0.143117,0.206648,0.259621,0.002781,0.007933,0.010272,0.011031,0.011853,0.003192,0.0177,0.031418,0.037771,0.03913,0.008755,0.010178,0.000569,-0.064004,-0.116915,0.068335,0.184523,0.290406,0.410514,0.536089,0.000414,0.005116,0.038902,0.016925,0.022124,0.004101,0.027358,0.040862,0.020584,0.004231,0.00285,0.006245,0.012872,0.020448,0.027251,-0.001602,-0.001139,0.021518,0.038296,0.036248,-0.243477,-0.621373,-0.108554,-0.932106,1,0,0,0,0,0,0,0,0,0,0
4048,0.000533,0.010001,0.032135,0.035489,0.042199,-0.002633,-0.011443,-0.001097,0.021852,0.031633,-0.003574,-0.033013,-0.064897,-0.091106,-0.111798,0.040067,0.088003,0.163653,0.199142,0.245323,0.003355,0.005925,0.007932,0.008371,0.009907,0.005769,0.022636,0.029533,0.036493,0.03364,0.003355,-0.001568,-0.03085,-0.105246,-0.155439,0.07123,0.163308,0.29539,0.38217,0.501681,0.000886,0.023225,0.032896,0.003877,0.019826,0.008768,0.032946,0.026841,0.010627,-0.002485,0.002158,0.005817,0.012595,0.018699,0.025697,-0.001076,0.010767,0.033097,0.034575,0.037606,-0.211578,-0.658304,-0.105995,-0.929342,1,0,0,0,0,0,0,0,0,0,0
4049,0.000807,0.019746,0.037163,0.037753,0.042068,-0.005682,-0.008227,0.016082,0.033593,0.032195,-0.007172,-0.04775,-0.075195,-0.094848,-0.116177,0.029339,0.071439,0.133842,0.185877,0.219345,0.001739,0.004036,0.004781,0.005588,0.006582,0.008538,0.022012,0.028253,0.029588,0.025862,-0.001925,-0.011363,-0.074792,-0.126764,-0.192024,0.04359,0.147596,0.265574,0.388922,0.464863,0.003741,0.036928,0.015341,0.020447,0.016366,0.014161,0.027427,0.007508,-0.008556,-0.011216,0.00098,0.006827,0.013511,0.019513,0.025008,0.001413,0.021404,0.036207,0.0344,0.036642,-0.17183,-0.695762,-0.103168,-0.928798,1,0,0,0,0,0,0,0,0,0,0
4050,0.008532,0.030355,0.033662,0.040277,0.041112,-0.003029,0.007171,0.029798,0.039443,0.039226,-0.021885,-0.053322,-0.079164,-0.099565,-0.118792,0.018052,0.092641,0.127633,0.173165,0.205065,0.000804,0.002782,0.003215,0.004729,0.004699,0.00813,0.01493,0.021792,0.01898,0.014776,-0.002937,-0.031808,-0.10516,-0.154649,-0.21845,0.047387,0.177616,0.263178,0.381012,0.466853,0.018301,0.027836,-0.000776,0.014949,0.025641,0.009739,0.00372,-0.012267,-0.025195,-0.029249,0.002364,0.008504,0.014033,0.020372,0.026561,0.009357,0.029584,0.030922,0.033668,0.033997,-0.137906,-0.743185,-0.0991,-0.925863,1,0,0,0,0,0,0,0,0,0,0
4051,0.01034,0.027707,0.028295,0.032598,0.03201,0.000495,0.024735,0.042195,0.040802,0.042257,-0.018543,-0.04591,-0.065506,-0.086773,-0.101478,0.023899,0.086123,0.138008,0.17138,0.193947,0.001486,0.002229,0.003034,0.004024,0.002662,0.005294,0.011516,0.012847,0.009132,0.003096,-0.00647,-0.069716,-0.121538,-0.186611,-0.251497,0.056249,0.173887,0.29688,0.372602,0.465598,0.014763,-0.006762,-0.00167,-0.00574,0.025094,0.003473,-0.016388,-0.032405,-0.035058,-0.042589,0.003342,0.009892,0.015774,0.021159,0.030237,0.010136,0.024643,0.022872,0.02507,0.025074,-0.097041,-0.787718,-0.09617,-0.92202,1,0,0,0,0,0,0,0,0,0,0
4052,0.011539,0.014857,0.021495,0.022333,0.021588,0.00974,0.032444,0.042122,0.041905,0.041284,-0.012965,-0.038896,-0.059368,-0.07866,-0.087376,0.0509,0.086012,0.131701,0.163711,0.171186,0.000496,0.000931,0.00245,0.002419,-0.000186,0.00152,0.008406,0.005583,0.001365,-0.005862,-0.022488,-0.096092,-0.145751,-0.209772,-0.274815,0.074318,0.160175,0.278414,0.364549,0.441876,-0.005224,-0.033934,-0.018155,-0.007426,0.029134,-0.00952,-0.025562,-0.038534,-0.042603,-0.049362,0.002902,0.008565,0.015059,0.021398,0.033163,0.010444,0.011815,0.014628,0.014965,0.015743,-0.063613,-0.818016,-0.092467,-0.920511,1,0,0,0,0,0,0,0,0,0,0
4053,0.005836,0.006423,0.010715,0.010128,0.011085,0.014482,0.031898,0.030508,0.031959,0.031033,-0.014389,-0.033936,-0.055149,-0.069817,-0.076517,0.011394,0.063147,0.096434,0.118945,0.130061,0.000247,0.00105,0.002038,0.000679,-0.000895,0.004694,0.006021,0.002316,-0.003705,-0.007411,-0.040698,-0.092389,-0.157296,-0.222018,-0.281861,0.043354,0.166035,0.241564,0.334324,0.416894,-0.016269,-0.011191,-0.01525,0.015506,0.065191,-0.010334,-0.02631,-0.028956,-0.036469,-0.039481,0.003623,0.009401,0.014691,0.023608,0.038511,0.00413,0.00239,0.004549,0.004554,0.005951,-0.030776,-0.86878,-0.090471,-0.922639,1,0,0,0,0,0,0,0,0,0,0
4054,-0.002545,0.004096,0.004934,0.004189,0.005927,0.008161,0.017843,0.017626,0.017005,0.016478,-0.011482,-0.031963,-0.051265,-0.059985,-0.065694,0.023677,0.069387,0.101412,0.108891,0.130582,0.000186,0.001707,0.001676,-0.000931,-0.002048,0.002172,-0.000652,-0.004872,-0.012102,-0.012258,-0.032739,-0.082421,-0.14647,-0.211544,-0.272429,0.042327,0.160621,0.246796,0.324159,0.420668,-0.012373,0.003413,0.014147,0.050724,0.110177,-0.005664,-0.018642,-0.022713,-0.029475,-0.029374,0.001931,0.008446,0.014805,0.026609,0.048199,-0.0029,-7.9e-05,0.000259,0.00104,0.002873,0.002091,-0.913435,-0.086681,-0.924152,1,0,0,0,0,0,0,0,0,0,0
4055,0.003153,0.007491,0.006898,0.007866,0.010956,0.009395,0.007991,0.009458,0.008521,0.005837,-0.008209,-0.029653,-0.044479,-0.051253,-0.058931,0.028498,0.062146,0.084901,0.096138,0.11574,0.000624,0.001623,0.00025,-0.001342,-0.002435,-0.000843,-0.004588,-0.010675,-0.014421,-0.014546,-0.019321,-0.084932,-0.150356,-0.210848,-0.265004,0.081436,0.157785,0.251551,0.335016,0.403874,0.017579,0.013476,0.044565,0.094789,0.135942,-0.010452,-0.013127,-0.020721,-0.023766,-0.021592,0.00422,0.009925,0.019542,0.035613,0.05874,0.001145,0.003473,0.003478,0.004985,0.007905,0.028853,-0.933111,-0.08238,-0.92309,1,0,0,0,0,0,0,0,0,0,0
4056,0.003551,0.0044,0.003646,0.005406,0.010403,0.000346,0.000126,-0.000503,-0.001037,-0.004903,-0.012477,-0.032026,-0.040857,-0.04664,-0.05368,0.0176,0.050034,0.057608,0.079577,0.080268,0.000911,0.00088,-0.00176,-0.002891,-0.003049,-0.002011,-0.006286,-0.013609,-0.013766,-0.01386,-0.030863,-0.095731,-0.161637,-0.223299,-0.275534,0.037808,0.125085,0.203437,0.301179,0.326228,-0.001712,0.009158,0.046204,0.106416,0.126736,-0.00262,-0.006743,-0.013591,-0.013489,-0.010168,0.002693,0.009644,0.022544,0.046143,0.072519,0.001882,0.002252,0.003105,0.005108,0.008945,0.060442,-0.928666,-0.077029,-0.917662,1,0,0,0,0,0,0,0,0,0,0
4057,0.000824,0.000222,0.001204,0.00434,0.009187,-0.001774,-0.000285,-0.001235,-0.00396,-0.006177,-0.009187,-0.024234,-0.031108,-0.038901,-0.0421,0.016409,0.039503,0.050907,0.070801,0.058858,9.5e-05,-0.001299,-0.002914,-0.004023,-0.004086,-0.001774,-0.007951,-0.011753,-0.011879,-0.011784,-0.03548,-0.101877,-0.163269,-0.218231,-0.266065,0.039376,0.134537,0.219244,0.289126,0.277817,-0.002438,0.029113,0.080085,0.12185,0.120742,-7.4e-05,-0.00778,-0.010871,-0.008664,-0.006745,0.00348,0.014145,0.031967,0.057613,0.08532,0.000592,0.000597,0.002268,0.005507,0.009307,0.081969,-0.913974,-0.073023,-0.916534,1,0,0,0,0,0,0,0,0,0,0
4058,3.2e-05,-0.000733,0.001051,0.006117,0.010005,0.001561,0.000924,0.000382,-0.003537,-0.00462,-0.010578,-0.019531,-0.025394,-0.032531,-0.036736,0.016377,0.024056,0.046327,0.047028,0.041707,-0.000127,-0.002804,-0.003951,-0.00411,-0.004333,-0.002549,-0.009973,-0.010132,-0.010228,-0.009973,-0.030077,-0.096891,-0.159404,-0.212358,-0.257219,0.048876,0.128307,0.227396,0.25279,0.245079,0.013473,0.051029,0.112071,0.132671,0.131022,-0.004105,-0.011048,-0.010945,-0.007578,-0.006545,0.004026,0.018224,0.044195,0.073224,0.098638,-0.00021,0.000729,0.002933,0.007156,0.010436,0.107979,-0.917413,-0.070443,-0.914728,1,0,0,0,0,0,0,0,0,0,0
4059,-0.000641,0.000353,0.003528,0.008435,0.010808,-6.4e-05,-0.001026,-0.003784,-0.006029,-0.005805,-0.004586,-0.011546,-0.019435,-0.022674,-0.028543,0.006895,0.018441,0.038582,0.026491,0.028191,-0.001283,-0.002918,-0.004041,-0.004105,-0.004586,-0.003688,-0.007537,-0.007665,-0.007569,-0.006863,-0.036946,-0.0991,-0.154743,-0.203171,-0.246178,0.047145,0.132903,0.203652,0.192203,0.21741,0.018381,0.069985,0.112269,0.111147,0.136753,-0.00367,-0.006799,-0.004565,-0.002621,-0.00234,0.007411,0.026839,0.054798,0.085002,0.109563,0.000225,0.002047,0.005578,0.009721,0.012071,0.125273,-0.934298,-0.069535,-0.913005,1,0,0,0,0,0,0,0,0,0,0
4060,-0.000129,0.001678,0.006807,0.010743,0.011678,-0.000581,-0.001129,-0.005097,-0.006194,-0.004065,-0.004452,-0.010388,-0.017615,-0.021873,-0.025906,0.000839,0.023389,0.024099,0.018711,0.019711,-0.001419,-0.002581,-0.002742,-0.002968,-0.004291,-0.003807,-0.003968,-0.004065,-0.003807,-0.000548,-0.030487,-0.093783,-0.147401,-0.192824,-0.234151,0.033003,0.133335,0.159047,0.15124,0.167435,0.019536,0.081344,0.102202,0.100533,0.11965,-0.003338,-0.003233,0.000176,0.001221,0.002199,0.007768,0.036106,0.06778,0.09551,0.125705,0.000789,0.003195,0.007802,0.011381,0.013356,0.148877,-0.930637,-0.068318,-0.914906,1,0,0,0,0,0,0,0,0,0,0
4061,0.001136,0.004349,0.009315,0.011717,0.011846,-0.000389,-0.003181,-0.005453,-0.005225,-0.002791,-0.002564,-0.010548,-0.013826,-0.019766,-0.024472,0.01084,0.031222,0.018987,0.020707,0.0185,-0.000227,-0.001363,-0.001428,-0.001915,-0.004187,-6.5e-05,-0.000195,-9.7e-05,0.000617,0.006718,-0.032229,-0.088539,-0.137548,-0.181071,-0.218363,0.053584,0.125182,0.113595,0.139105,0.139463,0.032568,0.075359,0.074224,0.100137,0.107038,0.000192,0.002453,0.004419,0.004704,0.008213,0.013017,0.043409,0.076242,0.10294,0.132168,0.001157,0.004995,0.009498,0.012053,0.014396,0.161807,-0.934345,-0.067274,-0.918068,1,0,0,0,0,0,0,0,0,0,0
4062,0.000685,0.005868,0.009846,0.010791,0.010726,-0.000163,-0.004173,-0.005282,-0.00313,-0.002445,-0.003423,-0.010726,-0.01503,-0.019105,-0.024615,0.0119,0.012617,0.007172,0.008183,0.006781,-0.000945,-0.001108,-0.001337,-0.002673,-0.005477,-9.8e-05,-0.000196,6.5e-05,0.003358,0.009781,-0.031591,-0.085776,-0.13168,-0.173443,-0.19946,0.047566,0.07355,0.065661,0.082027,0.087797,0.029746,0.050824,0.049137,0.068457,0.078977,-8.7e-05,0.003359,0.004415,0.005403,0.010966,0.017069,0.051162,0.081011,0.113512,0.132496,0.001395,0.006355,0.010207,0.012333,0.015226,0.172596,-0.937023,-0.066381,-0.922085,1,0,0,0,0,0,0,0,0,0,0
4063,0.002548,0.007547,0.009965,0.010096,0.00575,-0.002647,-0.004934,-0.004705,-0.002254,-0.002352,-0.004607,-0.007907,-0.013886,-0.018624,-0.024831,0.008593,-0.003725,-0.001993,-0.004215,-0.004149,-0.000196,-0.000261,-0.000751,-0.003039,-0.007907,-3.3e-05,6.5e-05,0.000784,0.006927,0.010553,-0.025027,-0.074363,-0.118178,-0.155719,-0.177544,0.024407,0.012742,0.038423,0.038783,0.041266,0.013266,0.012124,0.03821,0.045158,0.050419,0.002363,0.004343,0.00463,0.008161,0.011848,0.014513,0.048915,0.076889,0.107513,0.123204,0.002605,0.007323,0.01,0.012455,0.013151,0.177913,-0.938996,-0.065325,-0.924105,1,0,0,0,0,0,0,0,0,0,0
4064,0.002644,0.006626,0.007572,0.007507,-0.00346,-0.001371,-0.002481,-0.000326,0.000359,-0.004961,-0.002709,-0.007017,-0.011097,-0.016613,-0.024969,-0.007866,-0.013317,-0.012305,-0.013708,-0.01237,3.3e-05,-0.000196,-0.001534,-0.004341,-0.010183,-6.5e-05,0.000196,0.003492,0.009922,0.010151,-0.029244,-0.0752,-0.11701,-0.143056,-0.159963,0.001632,-0.006267,0.010118,0.015895,0.015079,0.007849,0.006161,0.025502,0.036034,0.035616,0.001089,0.002146,0.003135,0.008704,0.014559,0.019956,0.05004,0.082799,0.101932,0.111311,0.002413,0.006296,0.008438,0.011354,0.006559,0.177968,-0.936169,-0.068924,-0.926179,1,0,0,0,0,0,0,0,0,0,0
4065,0.002337,0.004739,0.004869,0.000552,-0.013374,-0.000909,-0.000682,0.001753,0.001655,-0.004772,-0.000584,-0.006525,-0.011231,-0.017399,-0.028955,-0.004415,-0.002694,-0.004902,-0.004837,-0.003214,-9.7e-05,-0.000584,-0.002857,-0.007693,-0.017204,0.000162,0.000876,0.006979,0.010582,0.009154,-0.019931,-0.063461,-0.100758,-0.122441,-0.135848,-0.013211,0.012303,0.01266,0.015127,0.012108,-0.008942,0.016975,0.023877,0.029105,0.024937,0.000884,0.001169,0.004678,0.008341,0.013609,0.013662,0.040389,0.069647,0.084639,0.087491,0.002186,0.004744,0.007089,0.007754,0.003742,0.17577,-0.934747,-0.068698,-0.925953,1,0,0,0,0,0,0,0,0,0,0
4066,0.001621,0.002561,0.002496,-0.008395,-0.022753,-0.000194,0.001945,0.002625,-0.002658,-0.007422,-0.003695,-0.007746,-0.013224,-0.021521,-0.034421,-0.001005,0.0,-0.001394,-6.5e-05,0.000875,-0.00013,-0.001459,-0.004246,-0.010048,-0.022461,9.7e-05,0.003371,0.009756,0.009983,0.007163,-0.025735,-0.067254,-0.093118,-0.109908,-0.1219,0.005348,0.021619,0.027355,0.026545,0.025151,0.007251,0.026458,0.036917,0.036502,0.034031,0.000167,0.001149,0.00668,0.012494,0.014568,0.015131,0.046326,0.064546,0.073477,0.073074,0.001535,0.003575,0.006352,0.001785,-3.5e-05,0.172934,-0.934867,-0.074789,-0.925033,1,0,0,0,0,0,0,0,0,0,0
4067,0.000777,0.000906,-0.003398,-0.017279,-0.031031,0.000421,0.002848,0.00275,-0.003656,-0.007475,-0.002233,-0.006925,-0.013073,-0.024592,-0.039606,0.002718,0.000518,0.000582,0.0022,0.004951,-0.000356,-0.002621,-0.007442,-0.016923,-0.027342,0.000615,0.006698,0.01029,0.008866,0.003365,-0.0177,-0.054879,-0.076494,-0.089858,-0.103578,0.020094,0.02045,0.022909,0.0199,0.02278,0.018595,0.025476,0.030687,0.026532,0.026393,0.000117,0.003615,0.007266,0.012518,0.011077,0.011184,0.039801,0.054464,0.057253,0.055997,0.000985,0.003278,0.003928,5e-06,-0.003434,0.171168,-0.935721,-0.079138,-0.922667,1,0,0,0,0,0,0,0,0,0,0
4068,0.000162,9.7e-05,-0.01076,-0.025074,-0.040002,0.001713,0.002391,-0.002876,-0.007626,-0.007173,-0.001809,-0.00727,-0.015542,-0.028402,-0.046303,-0.001713,-0.003102,-0.001777,-0.00084,0.005816,-0.000969,-0.003748,-0.009532,-0.021907,-0.034897,0.00265,0.009015,0.009241,0.00643,0.001228,-0.023717,-0.049502,-0.066239,-0.078195,-0.09183,-0.003845,0.001874,0.001066,-0.000323,0.005655,0.000579,0.011005,0.010592,0.008128,0.006601,0.000862,0.006375,0.012172,0.01424,0.008743,0.019457,0.037288,0.046029,0.045634,0.041765,0.001022,0.003739,-0.00073,-0.002512,-0.004812,0.161911,-0.934695,-0.083524,-0.919283,1,0,0,0,0,0,0,0,0,0,0
4069,-3.2e-05,-0.004328,-0.018186,-0.031914,-0.049809,0.000711,0.000614,-0.005782,-0.009594,-0.010466,-0.002875,-0.009012,-0.020511,-0.035499,-0.055946,-0.000485,-0.00042,0.001195,0.003941,0.011693,-0.001292,-0.006105,-0.015569,-0.02597,-0.041087,0.003424,0.007009,0.005588,9.7e-05,-0.004845,-0.013405,-0.034982,-0.048323,-0.062019,-0.076393,0.004199,0.006654,0.00365,0.006525,0.012178,0.00629,0.011492,0.007344,0.007206,0.003947,0.00263,0.006275,0.011517,0.010079,0.00624,0.008856,0.02334,0.026096,0.024855,0.019623,0.001246,0.001889,-0.001987,-0.005384,-0.008268,0.157036,-0.934051,-0.089117,-0.918725,1,0,0,0,0,0,0,0,0,0,0
4070,-3.2e-05,-0.010884,-0.025191,-0.040113,-0.062074,-3.2e-05,-0.005297,-0.010044,-0.009592,-0.016278,-0.002584,-0.010852,-0.023706,-0.041598,-0.064561,-0.000904,0.00042,0.001356,0.00801,0.014695,-0.001486,-0.007267,-0.019636,-0.03262,-0.050351,0.002939,0.003165,0.000355,-0.004845,-0.012467,-0.01237,-0.029099,-0.041049,-0.054678,-0.071182,0.001518,0.000711,-0.000678,0.005297,0.011724,0.004132,0.003719,0.001257,-0.000269,-0.001757,0.002881,0.008675,0.010742,0.005248,0.004657,0.008926,0.017638,0.017245,0.013389,0.007541,0.001464,-0.002991,-0.004767,-0.00706,-0.011048,0.152218,-0.935495,-0.096117,-0.919217,1,0,0,0,0,0,0,0,0,0,0
4071,-0.004268,-0.018139,-0.031881,-0.049793,-0.076307,-6.5e-05,-0.006467,-0.010282,-0.011155,-0.01995,-0.003557,-0.015067,-0.03007,-0.050537,-0.074787,0.00097,0.002587,0.005335,0.013095,0.015649,-0.00333,-0.012804,-0.023215,-0.038347,-0.058912,0.000647,-0.000776,-0.006273,-0.01122,-0.017169,-0.009215,-0.022569,-0.036278,-0.050666,-0.072104,0.000938,-0.002069,0.000808,0.006467,0.008665,0.00107,-0.003082,-0.003221,-0.006483,-0.007363,0.000764,0.006011,0.004572,0.000729,0.004089,0.005588,0.008362,0.007113,0.001844,-0.000681,-0.000829,-0.004731,-0.008152,-0.011056,-0.016432,0.153624,-0.933347,-0.102092,-0.924596,1,0,0,0,0,0,0,0,0,0,0
4072,-0.006604,-0.020944,-0.0359,-0.057912,-0.086788,-0.005212,-0.00997,-0.009517,-0.016218,-0.021333,-0.004726,-0.01761,-0.035544,-0.05856,-0.0875,0.000356,0.001295,0.007963,0.014664,0.014923,-0.00246,-0.014858,-0.027872,-0.045644,-0.066944,-0.000421,-0.003237,-0.008449,-0.016089,-0.018484,-0.007543,-0.01952,-0.033181,-0.049722,-0.078339,-0.001748,-0.00314,0.002849,0.009291,0.006798,-0.001485,-0.003953,-0.005483,-0.006974,-0.009738,0.005042,0.007114,0.001607,0.001015,0.004432,0.00322,0.00282,-0.001099,-0.007041,-0.006854,-0.003691,-0.005496,-0.007827,-0.01188,-0.018931,0.156487,-0.937877,-0.10512,-0.934182,1,0,0,0,0,0,0,0,0,0,0
4073,-0.007274,-0.021014,-0.038924,-0.065433,-0.092136,-0.001196,-0.005011,-0.005884,-0.014677,-0.017199,-0.006789,-0.021789,-0.042253,-0.0665,-0.101382,0.001261,0.004009,0.011768,0.014322,0.014645,-0.007015,-0.017425,-0.032555,-0.053116,-0.07872,-0.001002,-0.006498,-0.011444,-0.017393,-0.020593,-0.005819,-0.019526,-0.033913,-0.055346,-0.087125,-0.001261,0.001616,0.007274,0.009472,0.008308,-0.002668,-0.002806,-0.006068,-0.006948,-0.008977,0.000211,-0.001228,-0.00507,-0.001711,-0.002282,-0.000418,-0.001667,-0.006929,-0.009452,-0.011968,-0.000241,-0.003658,-0.006559,-0.011929,-0.013063,0.157746,-0.933995,-0.104598,-0.935726,1,0,0,0,0,0,0,0,0,0,0
4074,-0.007048,-0.021983,-0.043967,-0.072804,-0.101996,-0.003556,-0.003104,-0.009796,-0.014903,-0.020723,-0.006078,-0.023988,-0.046973,-0.075875,-0.111857,-0.000323,0.006336,0.013028,0.013287,0.014386,-0.005367,-0.018363,-0.036111,-0.057383,-0.086059,-0.00181,-0.007015,-0.014645,-0.017037,-0.027512,-0.006142,-0.019785,-0.036305,-0.064883,-0.097212,-0.000129,0.005851,0.012285,0.009796,0.008987,0.000203,-0.001325,-0.002813,-0.005574,-0.008111,0.001858,-0.003641,-0.004233,-0.00082,-0.005397,2.2e-05,-0.00386,-0.009748,-0.009563,-0.012488,-0.001547,-0.003856,-0.007872,-0.014859,-0.015732,0.160097,-0.932059,-0.107265,-0.936862,1,0,0,0,0,0,0,0,0,0,0
4075,-0.006696,-0.024617,-0.051143,-0.077862,-0.108787,-0.000259,-0.001132,-0.009931,-0.012454,-0.024455,-0.008928,-0.029405,-0.053666,-0.08857,-0.125156,0.003073,0.010837,0.013392,0.013716,0.014783,-0.005046,-0.020185,-0.040759,-0.066379,-0.094231,-0.003688,-0.008637,-0.014589,-0.017792,-0.035421,-0.00757,-0.021965,-0.043411,-0.07521,-0.102771,0.003008,0.008669,0.010869,0.009705,0.007925,-0.000342,-0.003606,-0.004486,-0.006517,-0.01086,-0.003299,-0.007144,-0.003783,-0.004353,-0.009642,-0.001276,-0.006562,-0.009095,-0.011622,-0.018974,-0.001878,-0.004791,-0.010184,-0.011323,-0.014744,0.159174,-0.931706,-0.108236,-0.937835,1,0,0,0,0,0,0,0,0,0,0
4076,-0.00826,-0.030288,-0.059183,-0.088435,-0.114349,0.000713,-0.005993,-0.011111,-0.016942,-0.030418,-0.009005,-0.032037,-0.060997,-0.097051,-0.131648,0.003596,0.010301,0.01056,0.011662,0.01205,-0.007969,-0.025753,-0.047068,-0.075801,-0.104502,-0.001522,-0.009167,-0.011565,-0.02206,-0.04101,-0.00609,-0.022643,-0.051279,-0.083673,-0.104761,0.00298,0.009427,0.006932,0.006122,0.005863,-0.001188,-0.00268,-0.005446,-0.007988,-0.010826,-0.002207,-0.002799,0.00062,-0.003966,-0.009695,-0.002649,-0.00862,-0.008432,-0.011399,-0.022945,-0.000446,-0.004518,-0.011604,-0.01249,-0.010526,0.153111,-0.9319,-0.105861,-0.935414,1,0,0,0,0,0,0,0,0,0,0
4077,-0.009661,-0.036156,-0.062845,-0.093734,-0.114575,-0.001583,-0.010372,-0.012892,-0.02488,-0.03467,-0.01147,-0.035704,-0.070567,-0.107111,-0.137871,0.004168,0.006721,0.007044,0.00811,0.010824,-0.007173,-0.027723,-0.053313,-0.081133,-0.108694,-0.003425,-0.00937,-0.012569,-0.030179,-0.040033,-0.008304,-0.029726,-0.061488,-0.089017,-0.105431,0.002682,0.004879,0.003716,0.001939,0.009887,-0.002075,-0.002954,-0.004982,-0.00932,-0.006213,-0.001639,0.001718,0.001148,-0.004135,-0.004856,-0.002641,-0.005154,-0.00766,-0.014953,-0.027826,-0.002453,-0.007802,-0.008932,-0.012326,-0.006456,0.145702,-0.934741,-0.107037,-0.938121,1,0,0,0,0,0,0,0,0,0,0
4078,-0.012293,-0.041074,-0.070209,-0.096022,-0.11238,-0.005098,-0.010196,-0.016004,-0.029426,-0.041945,-0.011486,-0.040332,-0.076243,-0.110703,-0.139483,0.002517,0.002775,0.003872,0.004259,0.012229,-0.010551,-0.031781,-0.060401,-0.088988,-0.113413,-0.004195,-0.006582,-0.017036,-0.035911,-0.045365,-0.008195,-0.036718,-0.068983,-0.089988,-0.101668,0.003743,0.001258,0.000452,0.000194,0.013971,0.000586,-0.002169,-0.004701,-0.007528,-0.00396,0.001046,0.004453,-0.000116,-0.005822,-0.003493,-0.003193,-0.00301,-0.005896,-0.017125,-0.032547,-0.001533,-0.008424,-0.009286,-0.007376,-6.4e-05,0.135738,-0.932726,-0.107935,-0.932365,1,0,0,0,0,0,0,0,0,0,0
4079,-0.014179,-0.040856,-0.071733,-0.092564,-0.107163,-0.003682,-0.006201,-0.018183,-0.02797,-0.040985,-0.012725,-0.047574,-0.084102,-0.11485,-0.135778,3.2e-05,0.000355,0.001421,0.004134,0.012531,-0.00998,-0.035559,-0.063368,-0.090917,-0.111458,-0.001744,-0.004942,-0.022544,-0.032394,-0.04541,-0.01321,-0.044958,-0.072475,-0.088882,-0.096666,-0.00155,-0.002713,-0.004489,0.003456,0.029714,-0.001466,-0.003493,-0.007829,-0.004723,0.011567,0.002308,0.001739,-0.003542,-0.004263,-0.00476,0.00071,-0.001789,-0.009061,-0.021895,-0.035579,-0.003791,-0.004917,-0.008301,-0.002449,0.002814,0.128635,-0.94782,-0.109646,-0.930697,1,0,0,0,0,0,0,0,0,0,0
4080,-0.014682,-0.043948,-0.069876,-0.086308,-0.102059,-0.001426,-0.00726,-0.020742,-0.033318,-0.041777,-0.016205,-0.052278,-0.086892,-0.115801,-0.130353,0.000227,0.001329,0.001718,0.009723,0.021553,-0.011311,-0.040059,-0.068774,-0.093309,-0.111264,-0.000648,-0.011149,-0.030109,-0.039605,-0.04693,-0.015395,-0.047805,-0.068904,-0.080636,-0.0866,-0.00094,-0.00175,-0.002009,0.01183,0.05406,-0.001297,-0.00384,-0.006679,-0.003096,0.026342,0.001105,-0.003484,-0.009216,-0.006876,-0.005916,-0.000539,-0.003516,-0.015103,-0.031015,-0.043235,-0.003227,-0.004116,-0.002145,0.0054,0.007471,0.119567,-0.964696,-0.109122,-0.928757,1,0,0,0,0,0,0,0,0,0,0
4081,-0.012196,-0.043454,-0.064544,-0.079323,-0.097927,-0.001112,-0.013242,-0.023149,-0.036326,-0.043094,-0.018931,-0.055912,-0.087039,-0.108227,-0.120423,9.8e-05,0.001177,0.003924,0.012425,0.027236,-0.014485,-0.042637,-0.070527,-0.091322,-0.110483,-0.002583,-0.020403,-0.030375,-0.043552,-0.049634,-0.01661,-0.044468,-0.061078,-0.068958,-0.073208,-0.000229,-0.002027,0.006016,0.032599,0.067257,-0.000744,-0.005134,-0.001989,0.014501,0.033605,-0.001692,-0.007038,-0.007767,-0.00827,-0.007628,-0.002151,-0.010076,-0.024063,-0.038977,-0.051292,0.002205,-0.001483,0.004895,0.01063,0.011212,0.113277,-0.973965,-0.10803,-0.925734,1,0,0,0,0,0,0,0,0,0,0
4082,-0.017313,-0.043446,-0.060008,-0.075884,-0.094275,-0.004769,-0.018358,-0.031033,-0.039559,-0.042368,-0.017444,-0.052331,-0.08147,-0.096137,-0.106198,0.001013,0.001405,0.009473,0.021396,0.030216,-0.014504,-0.043446,-0.068175,-0.086272,-0.10463,-0.008003,-0.027113,-0.036684,-0.044067,-0.047954,-0.016072,-0.037338,-0.049163,-0.055173,-0.058081,-0.000588,-0.000849,0.013099,0.055663,0.076047,-0.00182,-0.004681,-0.00107,0.028601,0.039592,-0.002935,-0.008712,-0.006354,-0.005387,-0.006459,-0.001009,-0.013253,-0.030066,-0.042978,-0.054003,-0.00313,-0.001047,0.006925,0.009114,0.009004,0.105458,-0.981621,-0.107805,-0.924671,1,0,0,0,0,0,0,0,0,0,0
4083,-0.013919,-0.034993,-0.049761,-0.068352,-0.085015,-0.007351,-0.017251,-0.030418,-0.037182,-0.037541,-0.019506,-0.05061,-0.071782,-0.083969,-0.088053,6.5e-05,0.00281,0.011305,0.026106,0.034633,-0.013625,-0.041495,-0.062275,-0.081421,-0.096777,-0.009802,-0.019767,-0.032934,-0.039011,-0.039534,-0.011762,-0.02836,-0.036234,-0.040482,-0.045775,-0.001209,0.006829,0.033392,0.068025,0.080114,-0.002566,0.000576,0.017055,0.036144,0.039787,-0.002406,-0.003135,-0.003638,-0.002996,-0.003058,-0.006873,-0.020789,-0.035626,-0.047878,-0.046398,-0.000535,0.00581,0.011516,0.012095,0.010842,0.102633,-0.98248,-0.10748,-0.922722,1,0,0,0,0,0,0,0,0,0,0
4084,-0.012259,-0.028878,-0.044809,-0.063263,-0.07962,-0.006261,-0.018979,-0.027534,-0.030353,-0.029829,-0.015439,-0.044678,-0.059395,-0.069491,-0.065918,0.000328,0.008424,0.020388,0.029239,0.041367,-0.015373,-0.040187,-0.058346,-0.076768,-0.091453,-0.009342,-0.018946,-0.026354,-0.030255,-0.029468,-0.009539,-0.021405,-0.027436,-0.030353,-0.039072,0.000951,0.014947,0.057658,0.078112,0.081947,-0.000297,0.003328,0.0331,0.044129,0.036851,-0.003383,-0.001016,-4.6e-05,-0.001122,-0.000731,-0.005511,-0.022734,-0.035961,-0.047254,-0.028604,0.00268,0.010847,0.013089,0.012977,0.011376,0.099761,-0.982147,-0.106401,-0.923267,1,0,0,0,0,0,0,0,0,0,0
4085,-0.008898,-0.02374,-0.042423,-0.059169,-0.07388,-0.003678,-0.01691,-0.023707,-0.024068,-0.023313,-0.015794,-0.037071,-0.049319,-0.053423,-0.049155,0.00243,0.010967,0.025841,0.034411,0.046364,-0.012609,-0.033492,-0.052734,-0.068166,-0.08107,-0.000657,-0.013889,-0.019997,-0.020522,-0.020785,-0.007125,-0.015039,-0.019307,-0.024627,-0.037334,0.007125,0.03382,0.068626,0.080775,0.077754,0.003455,0.020016,0.0392,0.042861,0.029574,0.002656,0.002151,0.002796,0.002734,0.001865,-0.00883,-0.024191,-0.036876,-0.035343,-0.009935,0.003857,0.009764,0.010364,0.009066,0.007222,0.101531,-0.97715,-0.107413,-0.92112,1,0,0,0,0,0,0,0,0,0,0
4086,-0.007746,-0.023698,-0.042178,-0.058557,-0.07185,-0.009059,-0.017626,-0.020449,-0.019924,-0.019792,-0.01349,-0.028228,-0.038338,-0.03476,-0.031445,0.005678,0.017659,0.026521,0.038666,0.043392,-0.012243,-0.030427,-0.048874,-0.063579,-0.072474,-0.008961,-0.016379,-0.020285,-0.019497,-0.024092,-0.004759,-0.010799,-0.01372,-0.022451,-0.034399,0.006893,0.049662,0.070143,0.073984,0.063185,0.000175,0.029988,0.041032,0.033744,0.020008,-0.000285,0.000686,-0.000391,-0.0,-0.004339,-0.00858,-0.021933,-0.033333,-0.014506,0.007498,0.004398,0.006661,0.006548,0.004932,0.00033,0.100307,-0.969697,-0.109112,-0.916732,1,0,0,0,0,0,0,0,0,0,0
4087,-0.007082,-0.025738,-0.042459,-0.057148,-0.069738,-0.004164,-0.010951,-0.011312,-0.010557,-0.010623,-0.007771,-0.02,-0.024098,-0.019836,-0.01659,0.002852,0.017705,0.026262,0.038197,0.037279,-0.008623,-0.027836,-0.043246,-0.056131,-0.063738,-0.004262,-0.010361,-0.010885,-0.011148,-0.015869,-0.003148,-0.00741,-0.012721,-0.02541,-0.031902,0.019771,0.054525,0.066656,0.06364,0.052131,0.016361,0.035517,0.039173,0.025905,0.016623,-0.000219,0.000425,0.000362,-0.000505,-0.004701,-0.00669,-0.019244,-0.017728,0.00742,0.020789,0.001483,0.002077,0.000793,-0.001033,-0.006073,0.101182,-0.966837,-0.111199,-0.91662,1,0,0,0,0,0,0,0,0,0,0
4088,-0.00884,-0.027272,-0.04361,-0.056869,-0.068918,-0.004387,-0.007203,-0.006679,-0.006548,-0.004846,-0.006941,-0.017025,-0.013456,-0.010149,-0.009789,0.009102,0.017941,0.030055,0.03477,0.035261,-0.009527,-0.027927,-0.042595,-0.051467,-0.058179,-0.003143,-0.007039,-0.006253,-0.010837,-0.011623,-0.002881,-0.005795,-0.014504,-0.026421,-0.033624,0.022918,0.043348,0.047178,0.036407,0.031823,0.013399,0.024415,0.017146,0.003445,-0.000544,0.001188,0.000113,0.000504,-0.003824,-0.005789,-0.006494,-0.017694,0.000801,0.022417,0.031878,0.000755,0.000644,-0.000944,-0.005464,-0.010525,0.101095,-0.967168,-0.112545,-0.916556,1,0,0,0,0,0,0,0,0,0,0
4089,-0.00976,-0.026407,-0.041031,-0.053565,-0.063847,-0.002383,-0.002742,-0.001991,-0.002056,-0.000392,-0.005255,-0.009336,-0.005092,-0.001861,-0.003852,0.005712,0.014232,0.026113,0.025199,0.025754,-0.009629,-0.024971,-0.037799,-0.045372,-0.049811,-0.002938,-0.00346,-0.003721,-0.008422,-0.010576,-0.001371,-0.006659,-0.019291,-0.025754,-0.032152,0.011751,0.023829,0.020825,0.009368,0.000326,0.005712,0.009351,-0.003857,-0.013099,-0.021965,-0.000543,-0.000606,-0.001469,-0.005646,-0.008853,-0.005811,-0.004341,0.020037,0.032997,0.039396,-0.000164,-0.001409,-0.003178,-0.008064,-0.013549,0.101802,-0.9626,-0.113406,-0.916246,1,0,0,0,0,0,0,0,0,0,0
4090,-0.008603,-0.024865,-0.038063,-0.050056,-0.056345,-0.000424,9.8e-05,0.000228,0.001923,0.002086,-0.00479,-0.001238,0.002053,0.002412,-0.001108,0.003096,0.015154,0.019846,0.020335,0.017207,-0.008701,-0.023301,-0.032132,-0.038813,-0.040605,-0.000945,-0.000163,-0.004725,-0.005507,-0.009744,-0.001532,-0.0102,-0.022062,-0.029232,-0.030242,0.008603,0.012416,0.001695,-0.002868,-0.016262,0.005262,-0.001974,-0.015611,-0.019582,-0.030102,-0.000527,-0.000139,-0.004446,-0.006402,-0.010292,-0.005097,0.012807,0.033731,0.04289,0.04202,5.5e-05,-0.001482,-0.005858,-0.010757,-0.015005,0.101292,-0.961555,-0.115562,-0.915579,1,0,0,0,0,0,0,0,0,0,0
4091,-0.008019,-0.022624,-0.035142,-0.04541,-0.048573,6.5e-05,0.000815,0.00075,0.002412,0.002608,0.000717,0.004955,0.008182,0.006194,6.5e-05,0.005411,0.017277,0.016365,0.016919,0.012909,-0.006618,-0.019429,-0.026992,-0.031425,-0.031784,0.000424,0.000163,-0.004531,-0.006683,-0.009877,-0.003749,-0.016365,-0.022819,-0.029209,-0.028589,0.003455,0.000456,-0.010986,-0.020016,-0.026894,-0.00163,-0.014821,-0.024051,-0.032905,-0.036707,0.000466,-0.000397,-0.004569,-0.007771,-0.010826,0.006565,0.030721,0.043562,0.049902,0.043688,-0.001288,-0.003041,-0.007882,-0.013317,-0.015991,0.099412,-0.962059,-0.11732,-0.915098,1,0,0,0,0,0,0,0,0,0,0
4092,-0.00823,-0.021405,-0.033376,-0.039654,-0.039589,0.000455,0.000586,0.002277,0.00244,0.002407,0.00283,0.006116,0.006474,0.00296,-0.002667,0.006636,0.011321,0.011808,0.008686,0.006799,-0.00797,-0.016786,-0.023454,-0.025244,-0.024365,0.000358,-0.004196,-0.004977,-0.009206,-0.011028,-0.004912,-0.016753,-0.02391,-0.024918,-0.024593,0.000358,-0.010345,-0.014899,-0.028269,-0.031522,-0.005597,-0.01921,-0.023174,-0.033675,-0.035847,-7.7e-05,-0.004376,-0.006329,-0.010212,-0.011896,0.011213,0.031878,0.040924,0.040064,0.034546,-0.000248,-0.00457,-0.009408,-0.013604,-0.01444,0.099052,-0.961873,-0.117365,-0.914849,1,0,0,0,0,0,0,0,0,0,0
4093,-0.006347,-0.018846,-0.029098,-0.032255,-0.030595,0.000293,0.000228,0.001888,0.002083,0.001627,0.0014,0.004622,0.002636,-0.003483,-0.006575,0.005208,0.004296,0.00485,0.000846,-0.000553,-0.004817,-0.012368,-0.016795,-0.017153,-0.01494,-0.000618,-0.005305,-0.007454,-0.010643,-0.011327,-0.007681,-0.014126,-0.020505,-0.019887,-0.019236,-0.003352,-0.014777,-0.023793,-0.030661,-0.039742,-0.007571,-0.016786,-0.025626,-0.029423,-0.037534,-0.000785,-0.00495,-0.008147,-0.011197,-0.011359,0.012638,0.02534,0.031612,0.025464,0.022885,-0.001485,-0.006274,-0.011649,-0.014295,-0.014766,0.098835,-0.955244,-0.118825,-0.915364,1,0,0,0,0,0,0,0,0,0,0
4094,-0.006825,-0.018785,-0.025058,-0.024993,-0.02366,-0.000163,0.001528,0.00169,0.001658,0.000683,0.001885,0.002243,-0.001268,-0.00689,-0.008418,-0.00052,-3.3e-05,-0.003153,-0.005038,-0.007735,-0.003998,-0.01066,-0.012448,-0.01157,-0.009295,-0.003933,-0.004713,-0.008938,-0.010758,-0.010368,-0.00416,-0.01131,-0.012318,-0.011993,-0.01092,-0.007345,-0.011895,-0.025253,-0.028503,-0.041405,-0.006041,-0.010001,-0.020493,-0.022662,-0.033119,-0.003512,-0.005463,-0.009342,-0.011025,-0.00956,0.008025,0.017012,0.016158,0.010675,0.00957,-0.002824,-0.007631,-0.0118,-0.012631,-0.013262,0.098438,-0.951902,-0.118518,-0.915569,1,0,0,0,0,0,0,0,0,0,0
4095,-0.005654,-0.015889,-0.019041,-0.017384,-0.016247,9.7e-05,0.001755,0.00195,0.001495,0.000877,0.001332,-0.00065,-0.006759,-0.009845,-0.010495,-0.00039,0.000162,-0.003834,-0.005231,-0.007993,-0.003542,-0.007961,-0.008318,-0.006109,-0.003607,-0.000747,-0.002892,-0.006076,-0.006759,-0.006369,-0.002275,-0.008643,-0.008026,-0.007376,-0.006304,-0.004062,-0.013062,-0.019918,-0.028984,-0.033858,-0.00316,-0.011985,-0.015775,-0.023873,-0.026188,-0.000647,-0.003838,-0.006883,-0.007045,-0.005883,0.00454,0.010737,0.004662,0.002113,0.000891,-0.001913,-0.007225,-0.009839,-0.010305,-0.011322,0.098423,-0.953057,-0.119651,-0.916586,1,0,0,0,0,0,0,0,0,0,0
4096,-0.00631,-0.012587,-0.012522,-0.011188,-0.00979,0.001594,0.001756,0.001724,0.000748,0.000748,-0.000976,-0.004488,-0.010115,-0.011644,-0.011611,0.000878,-0.002244,-0.004131,-0.00683,-0.007838,-0.003122,-0.004911,-0.004033,-0.001756,0.006147,-3.3e-05,-0.004261,-0.006082,-0.005692,-0.004098,-0.004879,-0.005887,-0.005562,-0.004488,-0.003643,-0.000488,-0.013855,-0.017108,-0.03002,-0.029759,-0.0008,-0.011299,-0.013471,-0.023935,-0.02278,-0.001305,-0.005187,-0.006871,-0.005405,-0.003015,0.004463,0.003605,-0.001906,-0.003017,-0.003843,-0.002906,-0.007097,-0.007932,-0.008566,-0.013799,0.09891,-0.955757,-0.125563,-0.920612,1,0,0,0,0,0,0,0,0,0,0
4097,-0.003936,-0.007091,-0.005432,-0.004294,-0.000943,6.5e-05,0.00026,-0.000195,-0.000813,-0.000813,-0.001008,-0.007123,-0.010214,-0.010864,-0.010441,-0.000325,-0.004326,-0.005725,-0.00849,-0.008847,-0.001301,-0.001659,0.000553,0.003058,0.016296,-0.002114,-0.005302,-0.005985,-0.005595,0.001561,-0.001496,-0.000878,-0.000228,0.000846,0.003871,-0.008522,-0.015385,-0.024461,-0.02934,-0.031779,-0.008035,-0.011829,-0.019935,-0.022253,-0.024641,-0.00189,-0.004938,-0.0051,-0.003937,0.004441,0.001777,-0.004343,-0.006911,-0.008142,-0.010114,-0.002443,-0.005076,-0.005545,-0.00657,-0.014147,0.096811,-0.95822,-0.130322,-0.931596,1,0,0,0,0,0,0,0,0,0,0
4098,-0.002347,-0.002282,-0.000945,0.000456,0.006552,9.8e-05,6.5e-05,-0.000913,-0.000913,-0.000848,-0.00251,-0.008149,-0.009681,-0.009649,-0.007595,-0.002803,-0.004694,-0.0074,-0.00841,-0.011246,-0.000489,0.000391,0.002673,0.010594,0.023177,-0.002119,-0.003944,-0.003553,-0.001956,0.004727,0.000489,0.000815,0.001891,0.002738,0.012452,-0.004857,-0.008117,-0.021058,-0.020797,-0.029892,-0.002471,-0.004647,-0.015135,-0.013978,-0.021101,-0.001997,-0.003685,-0.002215,0.00018,0.007627,-0.002676,-0.008275,-0.009403,-0.010242,-0.015969,-0.001777,-0.002626,-0.00327,-0.008586,-0.013578,0.092011,-0.955184,-0.13261,-0.936008,1,0,0,0,0,0,0,0,0,0,0
4099,-0.000816,0.000849,0.001992,0.005355,0.013062,9.8e-05,-0.000359,-0.00098,-0.00098,-0.00098,-0.003625,-0.006727,-0.00738,-0.006955,-0.002351,-0.001208,-0.002612,-0.005388,-0.005747,-0.010678,0.000131,0.002351,0.004865,0.018155,0.029519,-0.001078,-0.001763,-0.001371,0.005812,0.009633,0.000131,0.000784,0.001861,0.004898,0.018058,-0.002025,-0.011135,-0.016033,-0.018482,-0.031511,-0.001333,-0.00947,-0.011797,-0.014195,-0.023208,-0.001059,-0.001222,-5.4e-05,0.008356,0.01266,-0.00358,-0.006218,-0.007484,-0.00951,-0.015716,-0.000907,-0.001389,-0.002442,-0.010227,-0.013137,0.090197,-0.948192,-0.132884,-0.937983,1,0,0,0,0,0,0,0,0,0,0
4100,0.000882,0.002222,0.003627,0.009739,0.021144,-0.000131,-0.001111,-0.001111,-0.001046,0.001667,-0.002026,-0.003562,-0.003529,-0.001471,0.008072,-0.000686,-0.003399,-0.004412,-0.007255,-0.011046,0.000752,0.003039,0.01098,0.023595,0.035,-0.000752,-0.000359,0.001242,0.007941,0.017222,0.000196,0.001275,0.002124,0.011863,0.024183,-0.001242,-0.014216,-0.013954,-0.023072,-0.038726,-0.000847,-0.011361,-0.010201,-0.017342,-0.029437,-0.000632,0.000842,0.003243,0.010708,0.01721,-0.002099,-0.003247,-0.004102,-0.009931,-0.011195,4.9e-05,-0.000607,-0.006018,-0.011099,-0.010105,0.092664,-0.938834,-0.129466,-0.943756,1,0,0,0,0,0,0,0,0,0,0
4101,0.000785,0.001929,0.005298,0.013015,0.028908,-0.000327,-0.000948,-0.000948,-0.000948,0.003041,-0.001079,-0.001733,-0.001308,0.003303,0.01864,-0.000719,-0.003499,-0.003859,-0.008797,-0.013146,0.001472,0.00399,0.017299,0.028679,0.042185,6.5e-05,0.000458,0.007652,0.011478,0.021027,0.000458,0.001537,0.004578,0.017757,0.03499,-0.007881,-0.012786,-0.015239,-0.028287,-0.044049,-0.007301,-0.009631,-0.012033,-0.021058,-0.032606,0.00047,0.001639,0.010062,0.014372,0.019533,-0.000557,-0.001835,-0.003882,-0.010152,-0.010559,-0.000536,-0.001599,-0.009464,-0.012404,-0.009202,0.091739,-0.932582,-0.128606,-0.946324,1,0,0,0,0,0,0,0,0,0,0
4102,0.000556,0.001963,0.008081,0.019499,0.034875,-0.000654,-0.000654,-0.000589,0.002127,0.003337,-0.000458,-0.000425,0.001636,0.011189,0.028954,-0.001996,-0.00301,-0.005856,-0.009651,-0.014428,0.000818,0.008768,0.021396,0.032814,0.046162,0.000327,0.00193,0.008637,0.017928,0.020219,0.000622,0.001472,0.011222,0.023556,0.043414,-0.005104,-0.004842,-0.01397,-0.029641,-0.03818,-0.003221,-0.00206,-0.009209,-0.021317,-0.025279,0.001005,0.00341,0.010883,0.017392,0.018179,-0.000599,-0.00146,-0.007334,-0.008609,-0.009791,-0.000123,-0.005577,-0.010697,-0.009695,-0.007448,0.094642,-0.929071,-0.122342,-0.942096,1,0,0,0,0,0,0,0,0,0,0
4103,0.000589,0.003957,0.011675,0.027569,0.045262,3.3e-05,3.3e-05,3.3e-05,0.004023,0.009549,-0.000196,0.000229,0.00484,0.020178,0.041141,-0.000785,-0.001145,-0.006083,-0.010432,-0.013376,0.001701,0.015011,0.026392,0.039898,0.056741,6.5e-05,0.00726,0.011087,0.020636,0.020178,0.000458,0.003499,0.016679,0.033914,0.051802,0.000196,-0.002257,-0.015305,-0.031068,-0.035843,0.00089,-0.001512,-0.010538,-0.022087,-0.02358,0.000164,0.008588,0.012899,0.01806,0.012015,-0.000682,-0.00273,-0.009003,-0.00941,-0.007218,-0.000941,-0.00881,-0.011751,-0.008548,-0.008492,0.099628,-0.92486,-0.119903,-0.936412,1,0,0,0,0,0,0,0,0,0,0
4104,0.000818,0.006934,0.01835,0.033724,0.058517,-3.3e-05,3.3e-05,0.002748,0.003958,0.012331,0.000229,0.00229,0.011841,0.029602,0.056522,-0.000229,-0.003075,-0.006869,-0.011645,-0.014327,0.006248,0.018873,0.030289,0.043634,0.065354,0.001537,0.008243,0.017532,0.019822,0.022897,0.000393,0.01014,0.022471,0.042326,0.063816,6.5e-05,-0.009061,-0.024728,-0.033266,-0.037812,0.000271,-0.006876,-0.018982,-0.022943,-0.024199,0.002239,0.009712,0.016219,0.017005,0.011341,-0.000177,-0.006043,-0.007316,-0.008496,-0.004737,-0.004503,-0.009616,-0.008616,-0.006372,-0.004151,0.100416,-0.920676,-0.113083,-0.929569,1,0,0,0,0,0,0,0,0,0,0
4105,0.002557,0.010294,0.026227,0.043964,0.074223,3.3e-05,3.3e-05,0.004032,0.009573,0.014261,0.000197,0.004819,0.020195,0.04121,0.072781,-0.000131,-0.005082,-0.009442,-0.012392,-0.016228,0.007081,0.01849,0.03203,0.048914,0.073633,0.005672,0.009507,0.01908,0.018621,0.02944,0.002656,0.015868,0.033145,0.051078,0.07465,-0.002524,-0.015605,-0.031407,-0.036194,-0.044947,-0.002679,-0.011728,-0.023305,-0.024802,-0.028721,0.0062,0.010521,0.015695,0.009636,0.014977,-0.001904,-0.008285,-0.0087,-0.00647,-0.000763,-0.00343,-0.006422,-0.003163,-0.003107,0.003186,0.107306,-0.910367,-0.112472,-0.930278,1,0,0,0,0,0,0,0,0,0,0
4106,0.003592,0.015092,0.030579,0.055556,0.085344,3.3e-05,0.002768,0.003987,0.012423,0.017662,0.001878,0.0115,0.029392,0.056511,0.089891,-0.002735,-0.006557,-0.011368,-0.01407,-0.016607,0.005602,0.017102,0.030546,0.052425,0.078457,0.001054,0.010413,0.012719,0.015817,0.026097,0.00715,0.019573,0.039574,0.061223,0.082213,-0.006656,-0.02244,-0.03104,-0.03562,-0.046033,-0.004507,-0.016702,-0.020693,-0.021958,-0.028124,0.001296,0.007851,0.008644,0.002938,0.007461,-0.004204,-0.005544,-0.006786,-0.002829,0.006074,-0.001829,-0.000776,0.001587,0.003925,0.008566,0.113418,-0.901197,-0.104218,-0.922717,1,0,0,0,0,0,0,0,0,0,0
4107,0.004199,0.020267,0.038153,0.068669,0.099516,-3.3e-05,0.004,0.009588,0.014316,0.01782,0.002777,0.018283,0.039476,0.071314,0.105731,-0.002248,-0.006645,-0.009621,-0.013489,-0.014514,0.005885,0.019539,0.036566,0.061495,0.088242,0.00281,0.012464,0.012001,0.022912,0.031111,0.006149,0.023573,0.041658,0.065429,0.086853,-0.006513,-0.022449,-0.027276,-0.036103,-0.039575,-0.004603,-0.016278,-0.017788,-0.02174,-0.022263,0.003058,0.008276,0.002165,0.007551,0.011716,-0.002466,-0.002906,-0.00054,0.005513,0.01436,-0.001301,0.002156,0.002216,0.008891,0.014041,0.119602,-0.900298,-0.097144,-0.925519,1,0,0,0,0,0,0,0,0,0,0
4108,0.007335,0.022863,0.047907,0.077774,0.115869,0.002775,0.003998,0.012456,0.017709,0.018733,0.006872,0.024812,0.052004,0.085472,0.119965,-0.001586,-0.00641,-0.009119,-0.011663,-0.012191,0.00565,0.01913,0.041068,0.067169,0.098919,0.006575,0.008888,0.011993,0.022301,0.035781,0.00631,0.026365,0.048072,0.069118,0.093237,-0.009317,-0.01794,-0.022533,-0.032973,-0.037202,-0.007628,-0.01163,-0.012898,-0.019081,-0.021064,0.003517,0.004312,-0.001409,0.003126,0.014776,0.001089,-0.000177,0.003855,0.012926,0.020134,0.002368,0.004775,0.007158,0.011886,0.02087,0.12585,-0.893155,-0.093868,-0.928774,1,0,0,0,0,0,0,0,0,0,0
4109,0.008721,0.026594,0.057085,0.087907,0.128343,0.001255,0.006838,0.011562,0.015064,0.01698,0.008622,0.029798,0.061611,0.096001,0.12897,-0.002808,-0.005781,-0.009646,-0.01067,-0.01143,0.007995,0.025008,0.049917,0.076642,0.111627,0.003072,0.00261,0.013511,0.021704,0.035249,0.0111,0.02917,0.052923,0.07433,0.101419,-0.006607,-0.01143,-0.020251,-0.023719,-0.034621,-0.004038,-0.005547,-0.009496,-0.010018,-0.019009,0.001697,-0.004409,0.000973,0.005135,0.016101,-0.001526,0.000827,0.006847,0.015645,0.020534,0.001072,0.001131,0.007769,0.012892,0.020967,0.13178,-0.882136,-0.091971,-0.930223,1,0,0,0,0,0,0,0,0,0,0
4110,0.006805,0.031846,0.06171,0.099799,0.140036,-3.3e-05,0.008424,0.013677,0.014701,0.01589,0.009316,0.036504,0.069968,0.104457,0.139111,-0.002015,-0.004724,-0.007268,-0.007796,-0.008953,0.005484,0.027419,0.053517,0.085264,0.12114,-0.00076,0.002345,0.012652,0.026131,0.031482,0.008953,0.030657,0.0517,0.075816,0.103499,-0.002015,-0.006607,-0.017046,-0.021275,-0.034423,3.7e-05,-0.001231,-0.007413,-0.009396,-0.019896,-0.000902,-0.006623,-0.002088,0.009561,0.013261,0.000261,0.004289,0.013352,0.020554,0.025935,0.001334,0.003714,0.008439,0.017415,0.023502,0.139636,-0.873623,-0.088994,-0.927297,1,0,0,0,0,0,0,0,0,0,0
4111,0.011047,0.041484,0.072251,0.112614,0.154032,0.005606,0.010322,0.013817,0.01573,0.015697,0.011838,0.043595,0.077923,0.110833,0.150305,-0.000956,-0.004815,-0.005837,-0.006595,-0.007486,0.011509,0.036373,0.06305,0.097972,0.134609,0.000297,0.011179,0.019357,0.032877,0.03136,0.009101,0.032811,0.05418,0.08122,0.109778,-0.002803,-0.011608,-0.01507,-0.025952,-0.034757,-0.001544,-0.005486,-0.006007,-0.014982,-0.020626,-0.005194,0.000179,0.004333,0.015279,0.013338,0.002066,0.008011,0.016699,0.021526,0.028491,-0.001258,0.005297,0.010355,0.01833,0.024173,0.144663,-0.871849,-0.088244,-0.926913,1,0,0,0,0,0,0,0,0,0,0
4112,0.013922,0.043676,0.081625,0.121713,0.165849,0.002831,0.008064,0.009084,0.010269,0.00859,0.015272,0.048613,0.082974,0.1175,0.158641,-0.001744,-0.004279,-0.004805,-0.005957,-0.010137,0.010368,0.036369,0.067999,0.103742,0.144061,0.002798,0.013067,0.026495,0.031827,0.030708,0.01254,0.033506,0.057532,0.085113,0.116447,-0.001777,-0.012178,-0.016391,-0.02949,-0.036961,0.000277,-0.005882,-0.007858,-0.018319,-0.0195,-0.000515,0.004003,0.015609,0.019296,0.019502,0.001887,0.010718,0.017737,0.02298,0.028645,0.003561,0.008165,0.016912,0.022843,0.027634,0.149419,-0.866629,-0.088974,-0.92559,1,0,0,0,0,0,0,0,0,0,0
4113,0.016408,0.047025,0.087191,0.128408,0.176187,0.00187,0.005349,0.007252,0.007219,0.005119,0.016375,0.050536,0.083286,0.122566,0.164078,-0.0021,-0.003117,-0.003872,-0.004758,-0.009188,0.014406,0.040954,0.075706,0.112164,0.158336,0.00804,0.016178,0.029633,0.028123,0.02727,0.011092,0.032356,0.059265,0.087683,0.121943,-0.00699,-0.010435,-0.021265,-0.030026,-0.039674,-0.004199,-0.004718,-0.013649,-0.019266,-0.022769,0.00586,0.009994,0.020887,0.018955,0.020052,0.003897,0.012293,0.016959,0.02369,0.028089,0.002847,0.007735,0.015442,0.021089,0.023183,0.14816,-0.860977,-0.093509,-0.923734,1,0,0,0,0,0,0,0,0,0,0
4114,0.013209,0.050907,0.090729,0.134574,0.181589,0.003335,0.004348,0.005525,0.003858,0.003008,0.016805,0.050939,0.085237,0.126106,0.165405,-0.000425,-0.000948,-0.002092,-0.006245,-0.009089,0.011476,0.042896,0.078403,0.118455,0.166909,0.002191,0.01553,0.020827,0.019715,0.0188,0.009776,0.033643,0.061042,0.092168,0.126334,-0.003368,-0.007553,-0.020565,-0.027987,-0.037501,-0.001935,-0.003897,-0.014289,-0.015462,-0.020784,-0.001351,0.010179,0.013841,0.014046,0.014109,0.004632,0.011331,0.016337,0.021744,0.025058,0.00162,0.009969,0.015631,0.020204,0.018472,0.150279,-0.855481,-0.097515,-0.920651,1,0,0,0,0,0,0,0,0,0,0
4115,0.017196,0.056985,0.097814,0.145145,0.186981,0.00013,0.002015,0.001983,-9.8e-05,-0.000748,0.017131,0.049573,0.088485,0.129606,0.164877,-0.000585,-0.001333,-0.00221,-0.006599,-0.015701,0.014888,0.049313,0.085429,0.131167,0.178432,0.005884,0.019212,0.017716,0.016871,0.015148,0.011345,0.038001,0.066152,0.10009,0.130159,-6.5e-05,-0.010792,-0.019472,-0.029029,-0.046485,0.00141,-0.007437,-0.013001,-0.016472,-0.023351,0.005438,0.016228,0.014315,0.015401,0.014846,0.003411,0.007778,0.014078,0.018196,0.021507,0.00302,0.010234,0.015519,0.017479,0.011091,0.154812,-0.845355,-0.101789,-0.918057,1,0,0,0,0,0,0,0,0,0,0
4116,0.02028,0.059866,0.103449,0.150185,0.187658,0.000878,0.002048,0.00039,-0.000455,-0.001625,0.016803,0.050896,0.091522,0.130587,0.162828,6.5e-05,-0.001073,-0.0052,-0.008028,-0.025383,0.016348,0.051643,0.091457,0.139622,0.182458,0.007378,0.012643,0.011538,0.010628,0.00793,0.012383,0.039618,0.070559,0.104522,0.133447,-0.004095,-0.01703,-0.024408,-0.033866,-0.056876,-0.00336,-0.01369,-0.014856,-0.020147,-0.024832,0.006024,0.009665,0.009868,0.009931,0.00893,0.003019,0.00782,0.013006,0.016184,0.01829,0.004992,0.010422,0.014808,0.013147,0.006799,0.157218,-0.836691,-0.102571,-0.913452,1,0,0,0,0,0,0,0,0,0,0
4117,0.019481,0.060262,0.107537,0.149325,0.18569,0.001007,0.000974,-0.001104,-0.001753,-0.004286,0.015618,0.054483,0.095556,0.130785,0.161436,-0.000812,-0.001688,-0.006072,-0.015163,-0.0313,0.018053,0.054126,0.099809,0.147019,0.183547,0.005942,0.004448,0.003604,0.001883,0.00039,0.014254,0.042372,0.07627,0.106303,0.13835,-0.006624,-0.015293,-0.024839,-0.042275,-0.06799,-0.00548,-0.011037,-0.014504,-0.021374,-0.031,0.00476,0.002849,0.003934,0.003379,0.004429,0.001332,0.007581,0.011665,0.014949,0.015391,0.002197,0.007439,0.009382,0.003047,0.002989,0.155271,-0.823542,-0.102804,-0.912123,1,0,0,0,0,0,0,0,0,0,0
4118,0.019985,0.063352,0.109855,0.147141,0.179157,0.000162,-0.001488,-0.002328,-0.003493,-0.006532,0.018368,0.058792,0.097663,0.129743,0.161306,-0.000323,-0.00443,-0.007244,-0.024513,-0.033826,0.01714,0.056754,0.10468,0.147303,0.181711,-0.000679,-0.001779,-0.002684,-0.005368,-0.003848,0.012903,0.04369,0.077484,0.106265,0.137698,-0.006274,-0.013615,-0.023025,-0.045921,-0.072439,-0.004821,-0.005981,-0.011245,-0.015907,-0.032517,-0.001118,-0.000916,-0.000853,-0.001849,0.002936,0.00334,0.008348,0.011417,0.013451,0.015095,0.003108,0.007343,0.005739,-0.000391,-0.002625,0.154903,-0.814074,-0.105516,-0.914088,1,0,0,0,0,0,0,0,0,0,0
4119,0.020579,0.067544,0.109058,0.145184,0.172118,-0.000194,-0.002258,-0.002903,-0.005419,-0.006451,0.020289,0.061093,0.096091,0.12654,0.15241,-0.000548,-0.004903,-0.013935,-0.029966,-0.033159,0.018741,0.064125,0.111025,0.147313,0.181827,-0.000806,-0.001645,-0.003355,-0.004838,-0.001355,0.015064,0.048739,0.078576,0.110412,0.130508,-0.002355,-0.011838,-0.029159,-0.054706,-0.061286,-0.000713,-0.004156,-0.010982,-0.020544,-0.022332,-0.000783,0.000295,-0.000256,0.000787,0.006094,0.002687,0.006587,0.009723,0.010145,0.012436,0.001954,0.00381,-0.002241,-0.002296,-0.010444,0.162644,-0.81954,-0.108789,-0.915938,1,0,0,0,0,0,0,0,0,0,0
4120,0.02269,0.069104,0.106318,0.138272,0.162802,-0.001452,-0.002292,-0.003454,-0.006488,-0.006262,0.020044,0.05884,0.090858,0.12236,0.145211,-0.00355,-0.006358,-0.023594,-0.03289,-0.032405,0.020786,0.06862,0.11116,0.145502,0.177649,-0.00029,-0.001194,-0.003873,-0.002356,-0.000613,0.015654,0.049383,0.078109,0.109481,0.129783,-0.004971,-0.014363,-0.037215,-0.063681,-0.061712,-0.000445,-0.005699,-0.010352,-0.02693,-0.02483,0.000986,0.001048,5.4e-05,0.00483,0.007209,0.002242,0.00527,0.007276,0.008899,0.009639,0.002216,0.000634,-0.005414,-0.007618,-0.016343,0.162068,-0.818311,-0.112924,-0.91679,1,0,0,0,0,0,0,0,0,0,0
4121,0.024275,0.065764,0.101869,0.128787,0.151095,-0.000613,-0.001257,-0.003772,-0.004803,-0.004803,0.020761,0.055738,0.08617,0.112024,0.135654,-0.000806,-0.009832,-0.025854,-0.029046,-0.028465,0.024597,0.07147,0.107736,0.14223,0.170631,-0.000548,-0.002257,-0.003739,-0.000258,0.000645,0.018021,0.04784,0.079658,0.099741,0.123919,-0.004513,-0.021824,-0.047356,-0.053933,-0.055319,-0.002997,-0.009819,-0.019376,-0.021162,-0.023203,9.3e-05,-0.000458,0.000585,0.005889,0.007526,0.001661,0.004785,0.005205,0.007487,0.007482,-0.000349,-0.006375,-0.006429,-0.014544,-0.021567,0.162069,-0.821956,-0.115383,-0.920942,1,0,0,0,0,0,0,0,0,0,0
4122,0.022034,0.059123,0.090968,0.115414,0.13613,-0.000225,-0.001383,-0.004407,-0.004182,-0.003989,0.017949,0.049859,0.081253,0.104027,0.122266,-0.001994,-0.019171,-0.028435,-0.027953,-0.02731,0.023128,0.065524,0.099749,0.131787,0.157167,-0.000354,-0.003024,-0.001512,0.000225,0.001287,0.015633,0.044262,0.075528,0.095761,0.11535,-0.004857,-0.027631,-0.054008,-0.052046,-0.050405,-0.002246,-0.006883,-0.023405,-0.021311,-0.020704,-3e-05,-0.001021,0.003739,0.00611,0.007563,0.001321,0.00328,0.004864,0.005586,0.005035,-0.001202,-0.007107,-0.009259,-0.01778,-0.0231,0.163402,-0.826542,-0.11658,-0.925206,1,0,0,0,0,0,0,0,0,0,0
4123,0.019298,0.055201,0.081967,0.10415,0.122583,-0.000417,-0.002917,-0.003943,-0.003943,-0.000833,0.016894,0.047155,0.072864,0.096361,0.111203,-0.006988,-0.02292,-0.026094,-0.025517,-0.025004,0.023561,0.059624,0.093924,0.122166,0.140502,-0.001346,-0.002821,0.000641,0.001539,0.001539,0.014073,0.045712,0.065683,0.089725,0.11101,-0.012374,-0.037762,-0.044302,-0.04568,-0.046001,-0.004546,-0.014049,-0.015825,-0.017855,-0.020321,-0.000518,0.000519,0.005794,0.007421,0.004325,0.001713,0.002117,0.004311,0.004306,0.002261,-0.00462,-0.004672,-0.012474,-0.019225,-0.019613,0.156836,-0.828078,-0.116739,-0.92377,1,0,0,0,0,0,0,0,0,0,0
4124,0.017632,0.049311,0.07363,0.094238,0.111581,-0.000736,-0.003744,-0.00352,-0.003328,0.005888,0.01488,0.046111,0.068766,0.08691,0.102237,-0.010112,-0.019328,-0.018848,-0.018208,-0.020575,0.018656,0.052703,0.084574,0.109821,0.124765,-0.001312,0.000192,0.00192,0.002976,0.005696,0.014432,0.045535,0.065662,0.08515,0.105533,-0.010304,-0.036543,-0.034591,-0.032959,-0.042303,-7.5e-05,-0.016511,-0.014429,-0.013824,-0.021863,-0.000469,0.004266,0.006624,0.00807,0.001318,0.000196,0.001724,0.00242,0.001889,0.000824,-0.00113,-0.003205,-0.01142,-0.016549,-0.014812,0.153945,-0.823003,-0.118753,-0.926203,1,0,0,0,0,0,0,0,0,0,0
4125,0.018131,0.044737,0.066787,0.085109,0.099385,-0.001753,-0.002772,-0.002772,0.000319,0.008954,0.015263,0.040818,0.064175,0.078928,0.090941,-0.005767,-0.008922,-0.008348,-0.007839,-0.012555,0.01727,0.051365,0.079438,0.097664,0.113086,-0.000159,0.003282,0.004174,0.004174,0.008444,0.017079,0.036931,0.060829,0.081987,0.095943,-0.014976,-0.021476,-0.022847,-0.023165,-0.038556,-0.009371,-0.011137,-0.013155,-0.015606,-0.026427,0.001498,0.006741,0.008358,0.005281,0.001102,0.000197,0.0023,0.002296,0.000335,0.000585,0.001047,-0.006433,-0.012907,-0.013279,-0.015041,0.151853,-0.82117,-0.123045,-0.930145,1,0,0,0,0,0,0,0,0,0,0
4126,0.013395,0.037577,0.058068,0.075313,0.084954,-0.001241,-0.001018,-0.000827,0.008336,0.013586,0.015813,0.038341,0.056381,0.071622,0.080277,-0.003405,-0.002927,-0.002291,-0.004645,-0.007318,0.016609,0.0483,0.073404,0.088263,0.097617,0.001655,0.003373,0.004423,0.007127,0.008527,0.013873,0.033886,0.053263,0.073531,0.077986,-0.011136,-0.009195,-0.007573,-0.016863,-0.029686,-0.006985,-0.004914,-0.004313,-0.012307,-0.021006,0.003213,0.005558,0.006996,0.000281,-0.003574,0.001273,0.001942,0.001432,0.000408,0.002185,-0.00303,-0.010925,-0.015853,-0.014184,-0.01444,0.153626,-0.817725,-0.125503,-0.931584,1,0,0,0,0,0,0,0,0,0,0
4127,0.013166,0.035172,0.053457,0.067704,0.073619,0.000223,0.000223,0.003307,0.011925,0.018445,0.009699,0.033009,0.047733,0.059722,0.068945,0.000254,0.000827,0.001336,-0.003371,-0.003848,0.017427,0.045444,0.063634,0.079025,0.081347,0.001781,0.002671,0.002671,0.006933,0.006837,0.005947,0.029798,0.050913,0.064842,0.0588,0.004643,0.003276,0.002957,-0.012402,-0.023437,0.005219,0.003206,0.000759,-0.01004,-0.015973,0.002022,0.003636,0.000565,-0.003606,-0.010629,0.000806,0.000802,-0.001132,-0.000886,0.003665,-0.004358,-0.010742,-0.011109,-0.012846,-0.010174,0.161636,-0.81612,-0.12487,-0.93321,1,0,0,0,0,0,0,0,0,0,0
4128,0.010993,0.031455,0.048675,0.058303,0.05897,0.0,0.000191,0.009341,0.014584,0.018778,0.012804,0.030819,0.046038,0.054681,0.061607,0.000222,0.000858,-0.001493,-0.004162,-0.002097,0.014234,0.039303,0.05414,0.063481,0.06453,-6.4e-05,0.000985,0.003686,0.005084,0.002446,0.014043,0.033393,0.053632,0.05808,0.04858,-0.002701,-0.00108,-0.010358,-0.023162,-0.041336,-0.003147,-0.002547,-0.010529,-0.019216,-0.033579,0.000322,0.001758,-0.004947,-0.008796,-0.01552,-0.000138,-0.000644,-0.001657,0.000102,0.005384,-0.003485,-0.008365,-0.006713,-0.006966,-0.008082,0.166714,-0.809214,-0.126482,-0.937656,1,0,0,0,0,0,0,0,0,0,0
4129,0.010984,0.029239,0.043462,0.049367,0.047271,0.0,0.003079,0.011683,0.018191,0.018667,0.010477,0.025175,0.037144,0.046351,0.047843,0.000349,0.000857,-0.003841,-0.004318,0.004889,0.013746,0.031906,0.047271,0.049589,0.051716,0.000952,0.000952,0.005207,0.005111,-9.5e-05,0.009778,0.030858,0.044763,0.038731,0.011715,0.001333,0.001016,-0.014318,-0.025334,-0.051525,0.001134,-0.001308,-0.012089,-0.018012,-0.041002,0.00129,-0.001776,-0.005939,-0.012951,-0.018028,0.000133,-0.001778,-0.001534,0.002962,0.010816,-0.002843,-0.003205,-0.004922,-0.002282,-0.006759,0.189844,-0.796006,-0.127537,-0.935015,1,0,0,0,0,0,0,0,0,0,0
4130,0.009451,0.026642,0.036252,0.036918,0.035712,0.00019,0.009325,0.014558,0.018744,0.017444,0.007517,0.022709,0.031336,0.03825,0.037996,0.000285,-0.002062,-0.004726,-0.002664,0.005963,0.011291,0.026102,0.035427,0.036474,0.039709,9.5e-05,0.002791,0.004187,0.001554,-0.003362,0.009547,0.02975,0.03419,0.024707,-0.016397,0.000285,-0.008976,-0.021757,-0.039899,-0.101238,-0.000534,-0.008502,-0.017173,-0.031511,-0.077316,0.000144,-0.006549,-0.010391,-0.017102,-0.020075,-0.000632,-0.001633,0.000105,0.005322,0.015944,-0.001996,-0.000364,-0.000614,-0.001716,-0.006031,0.2104,-0.745041,-0.128138,-0.931526,1,0,0,0,0,0,0,0,0,0,0
4131,0.008799,0.02303,0.028938,0.026842,0.024777,0.002891,0.011499,0.018011,0.018488,0.013183,0.007179,0.019155,0.028367,0.02986,0.030971,0.000222,-0.004479,-0.004955,0.004257,0.005845,0.006861,0.022236,0.024555,0.026683,0.02824,-9.5e-05,0.004161,0.004066,-0.001144,-0.012706,0.011531,0.025444,0.019409,-0.007624,-0.050094,-0.000604,-0.015946,-0.026969,-0.053176,-0.140309,-0.001909,-0.012696,-0.018623,-0.041626,-0.093845,-0.003213,-0.007378,-0.014394,-0.019474,-0.025154,-0.00128,-0.001035,0.003479,0.011365,0.020427,0.001654,-7e-05,0.002581,-0.001915,-0.00582,0.238352,-0.705223,-0.126752,-0.924772,1,0,0,0,0,0,0,0,0,0,0
4132,0.0084,0.018004,0.018669,0.017465,0.015817,0.006244,0.011474,0.015658,0.014359,0.011664,0.008019,0.016641,0.023551,0.023297,0.021712,-0.002567,-0.00523,-0.00317,0.005452,0.007354,0.007956,0.017275,0.018321,0.021554,0.021649,0.002789,0.004184,0.001553,-0.00336,-0.013186,0.008685,0.013122,0.003645,-0.037434,-0.086152,-0.008653,-0.021427,-0.039558,-0.100859,-0.178738,-0.006058,-0.014725,-0.029054,-0.07483,-0.104573,-0.003483,-0.007323,-0.014031,-0.017001,-0.023803,0.000264,0.001994,0.007189,0.017766,0.024293,-4e-06,-0.000253,-0.001351,-0.005647,-0.007958,0.265477,-0.66555,-0.124889,-0.924587,1,0,0,0,0,0,0,0,0,0,0
4133,0.005797,0.011688,0.009598,0.007539,0.007476,0.002344,0.008838,0.009313,0.004023,0.005733,0.003928,0.013114,0.014603,0.015711,0.01248,-0.002122,-0.002597,0.006589,0.008172,0.012544,0.00738,0.009693,0.011815,0.013367,0.013969,0.001457,0.001362,-0.003833,-0.015363,-0.016566,0.005195,-0.000824,-0.02778,-0.07013,-0.121065,-0.006652,-0.017643,-0.043776,-0.130663,-0.210138,-0.004703,-0.010613,-0.033551,-0.085622,-0.101817,-0.000673,-0.007669,-0.012735,-0.018399,-0.021182,-2.3e-05,0.004403,0.012134,0.021018,0.026644,-0.001686,0.000913,-0.003495,-0.007323,-0.008201,0.291245,-0.623205,-0.124033,-0.92267,1,0,0,0,0,0,0,0,0,0,0
4134,0.003811,0.004478,0.003271,0.00162,0.001429,0.00289,0.007083,0.005781,0.003081,0.003176,0.004701,0.011625,0.011371,0.009783,0.002128,-0.00054,0.001525,0.010164,0.012069,0.01515,0.001937,0.002986,0.006225,0.006321,0.004891,-6.4e-05,-0.0027,-0.007623,-0.017469,-0.01893,-0.000762,-0.010259,-0.051422,-0.10024,-0.149344,-0.00613,-0.024298,-0.085725,-0.163764,-0.244693,-0.003969,-0.018327,-0.064198,-0.094002,-0.099018,-0.003173,-0.009894,-0.012871,-0.019687,-0.021409,0.001779,0.007049,0.017779,0.0244,0.029532,0.001466,0.000352,-0.004006,-0.00635,-0.005556,0.313144,-0.579684,-0.122059,-0.922,1,0,0,0,0,0,0,0,0,0,0
4135,0.0021,0.0,-0.002068,-0.002131,-0.001559,0.003627,0.004104,-0.001209,0.000509,-0.004263,0.004517,0.006013,0.007126,0.003881,-0.016479,6.4e-05,0.009289,0.01088,0.01527,0.013966,0.000382,0.002513,0.004072,0.004677,0.001813,-3.2e-05,-0.005249,-0.016829,-0.018038,-0.021887,-0.005281,-0.032354,-0.074888,-0.126044,-0.174113,-0.004899,-0.031145,-0.118408,-0.198228,-0.267453,-0.00196,-0.024998,-0.077295,-0.09356,-0.091393,-0.003848,-0.008936,-0.014624,-0.017419,-0.017007,0.002763,0.010732,0.019889,0.025688,0.029652,0.001197,-0.003346,-0.007293,-0.008197,-0.005336,0.338227,-0.550315,-0.120731,-0.919965,1,0,0,0,0,0,0,0,0,0,0
4136,-0.001435,-0.002647,-0.004305,-0.004496,-0.003252,0.000574,-0.000733,-0.003444,-0.003348,-0.013584,0.002423,0.002168,0.000574,-0.007111,-0.035395,0.002009,0.010682,0.012595,0.015688,0.0103,0.00067,0.003922,0.004018,0.002583,0.000606,-0.002615,-0.007557,-0.017442,-0.018909,-0.027232,-0.004241,-0.045567,-0.094577,-0.143875,-0.186636,-0.013329,-0.074999,-0.153345,-0.234594,-0.297571,-0.01245,-0.058502,-0.088424,-0.09346,-0.091373,-0.002891,-0.005879,-0.012722,-0.014451,-0.013017,0.002609,0.013639,0.020445,0.025721,0.029085,-0.002361,-0.006842,-0.009251,-0.008435,-0.005578,0.355027,-0.515254,-0.119771,-0.915247,1,0,0,0,0,0,0,0,0,0,0
4137,-0.000675,-0.002764,-0.002828,-0.002249,-0.002185,-9.6e-05,-0.005463,-0.003728,-0.008548,-0.018992,-0.000932,0.000193,-0.003085,-0.023651,-0.04968,0.007295,0.008901,0.013336,0.012018,0.006106,0.001478,0.003053,0.003663,0.000771,-0.000546,-0.002635,-0.014332,-0.015553,-0.019441,-0.025258,-0.023073,-0.066037,-0.117709,-0.166265,-0.198688,-0.013079,-0.101224,-0.18185,-0.251775,-0.317104,-0.010723,-0.063549,-0.079979,-0.07779,-0.07737,-0.002226,-0.007972,-0.010796,-0.010379,-0.005989,0.005796,0.015621,0.021843,0.026096,0.029653,-0.002382,-0.006616,-0.007586,-0.004516,-0.002757,0.369228,-0.484187,-0.119305,-0.915544,1,0,0,0,0,0,0,0,0,0,0
4138,-0.000546,-0.002217,-0.00241,-0.001157,-0.001542,-0.001221,-0.003952,-0.003856,-0.014171,-0.024678,0.000675,-0.000932,-0.008676,-0.037178,-0.057904,0.001446,0.003374,0.006491,0.00106,-0.011857,0.001799,0.001896,0.00045,-0.001542,-0.002089,-0.002346,-0.012307,-0.013785,-0.022172,-0.023425,-0.018573,-0.067962,-0.11764,-0.160731,-0.185923,-0.049068,-0.128019,-0.209895,-0.273358,-0.337849,-0.035684,-0.065837,-0.070912,-0.068809,-0.064133,-0.000786,-0.007681,-0.009423,-0.007978,0.001167,0.005845,0.013028,0.018596,0.022146,0.02529,-0.002347,-0.004889,-0.004028,-0.001013,0.000291,0.378949,-0.450261,-0.119312,-0.915692,1,0,0,0,0,0,0,0,0,0,0
4139,-0.001539,-0.001603,-0.001026,-0.000962,-0.00109,-0.004136,-0.002404,-0.007213,-0.017632,-0.024685,0.000449,-0.002821,-0.023339,-0.049306,-0.06556,0.00016,0.004584,0.00327,-0.002629,-0.021287,-0.000224,0.000385,-0.002501,-0.003815,-0.003366,-0.009329,-0.010547,-0.014426,-0.020229,-0.020934,-0.024332,-0.075883,-0.124323,-0.15667,-0.170648,-0.038983,-0.119418,-0.189178,-0.254353,-0.314559,-0.0171,-0.03349,-0.031307,-0.030888,-0.029243,-0.004948,-0.007765,-0.00735,-0.00297,0.003397,0.003912,0.010032,0.014215,0.017713,0.020303,-0.001855,-0.00281,0.000209,0.00194,0.002197,0.382581,-0.424149,-0.12004,-0.917696,1,0,0,0,0,0,0,0,0,0,0
4140,-0.000128,-0.00032,0.000929,0.000545,0.000577,0.001409,0.001506,-0.008777,-0.019251,-0.02207,-0.00205,-0.00977,-0.038182,-0.058843,-0.073194,0.001762,0.004869,-0.000545,-0.013422,-0.031135,0.00032,-0.001121,-0.003107,-0.003652,-0.002627,-0.000609,-0.002082,-0.010443,-0.011692,-0.011564,-0.024921,-0.074443,-0.117398,-0.142512,-0.151705,-0.039752,-0.12137,-0.184634,-0.248923,-0.300207,-0.012973,-0.018031,-0.015935,-0.011274,-0.010777,-0.00193,-0.003666,-0.002225,0.006891,0.009946,0.003136,0.008583,0.012055,0.015132,0.017247,-0.000642,0.0002,0.00315,0.004425,0.003868,0.388039,-0.399414,-0.120655,-0.918524,1,0,0,0,0,0,0,0,0,0,0
4141,6.4e-05,0.000641,0.000705,0.000577,0.000801,0.00032,-0.004485,-0.014898,-0.021947,-0.025407,-0.001217,-0.021723,-0.047674,-0.063918,-0.076445,0.002659,0.001346,-0.00455,-0.023196,-0.041779,0.000288,-0.002595,-0.003909,-0.00346,-0.002435,-0.000609,-0.004485,-0.010285,-0.010989,-0.011021,-0.026593,-0.075004,-0.107331,-0.1213,-0.130335,-0.040626,-0.110343,-0.175479,-0.235648,-0.280567,-0.003406,-0.001223,-0.000805,0.000839,0.003288,-0.000885,-0.00047,0.003907,0.01027,0.013775,0.002952,0.007118,0.010602,0.01318,0.014854,-0.000307,0.002699,0.004423,0.004679,0.004361,0.391558,-0.37973,-0.121281,-0.919485,1,0,0,0,0,0,0,0,0,0,0
4142,-0.000256,0.000991,0.000608,0.00064,0.000864,-0.000224,-0.010491,-0.020949,-0.023764,-0.026483,-0.006493,-0.034862,-0.055492,-0.069821,-0.081271,0.000448,-0.004957,-0.017815,-0.035502,-0.05175,-0.001727,-0.00371,-0.004254,-0.00323,-0.002335,-0.000864,-0.009211,-0.010459,-0.010331,-0.010587,-0.0229,-0.065791,-0.090866,-0.100045,-0.107274,-0.040939,-0.104107,-0.168299,-0.219505,-0.259549,-0.001651,0.000441,0.005096,0.005591,0.008044,-0.00085,0.000588,0.009691,0.012741,0.015273,0.002472,0.005908,0.008952,0.011045,0.01259,0.001137,0.004055,0.005318,0.004767,0.004444,0.395205,-0.359934,-0.121673,-0.919757,1,0,0,0,0,0,0,0,0,0,0
4143,0.000832,0.000896,0.000768,0.000992,0.001887,-0.004574,-0.014969,-0.022006,-0.025461,-0.026133,-0.013978,-0.039887,-0.056104,-0.06861,-0.082556,-0.001759,-0.007645,-0.026261,-0.044813,-0.061989,-0.001151,-0.002463,-0.002015,-0.000992,0.000224,-0.003007,-0.008796,-0.0095,-0.009532,-0.009276,-0.025429,-0.057703,-0.071649,-0.080669,-0.085755,-0.02866,-0.093687,-0.153757,-0.198602,-0.240791,0.00383,0.004248,0.005889,0.008334,0.007914,0.001265,0.005635,0.011987,0.015487,0.01645,0.001644,0.005088,0.007637,0.009291,0.011017,0.001834,0.003538,0.003791,0.003477,0.003289,0.396394,-0.337853,-0.122263,-0.920103,1,0,0,0,0,0,0,0,0,0,0
4144,0.000416,3.2e-05,6.4e-05,0.000288,0.001952,-0.005696,-0.016159,-0.018975,-0.021695,-0.021023,-0.014399,-0.035039,-0.049374,-0.06083,-0.071549,-0.003648,-0.016511,-0.034207,-0.050462,-0.069533,-0.000832,-0.001376,-0.000352,0.000544,0.002176,-0.005344,-0.006592,-0.006464,-0.00672,-0.003168,-0.017471,-0.042558,-0.051742,-0.058974,-0.059262,-0.034527,-0.098748,-0.149978,-0.190041,-0.233751,-0.001738,0.002919,0.003415,0.005868,0.005135,0.000174,0.00928,0.012332,0.014865,0.017713,0.001798,0.004852,0.006952,0.008502,0.010227,0.001089,0.002355,0.001802,0.001478,0.001912,0.395078,-0.316478,-0.122423,-0.922713,1,0,0,0,0,0,0,0,0,0,0
4145,-0.000352,-0.00048,-0.000256,0.00064,0.002207,-0.004701,-0.011737,-0.015191,-0.015863,-0.013912,-0.011513,-0.027728,-0.040233,-0.054177,-0.056799,-0.002239,-0.020852,-0.039401,-0.056575,-0.074549,-0.00048,-3.2e-05,0.000991,0.002207,0.003678,-0.000448,-0.001151,-0.001183,-0.000927,0.003966,-0.014807,-0.028751,-0.03777,-0.042855,-0.037131,-0.03051,-0.090572,-0.13541,-0.177593,-0.223903,0.002155,0.003796,0.00624,0.00582,0.010051,0.004195,0.010547,0.014046,0.015009,0.01791,0.001648,0.004195,0.005848,0.007572,0.00949,0.000617,0.00087,0.000557,0.000369,0.000874,0.390563,-0.292123,-0.122515,-0.923336,1,0,0,0,0,0,0,0,0,0,0
4146,-3.2e-05,0.0,0.000224,0.001886,0.002653,-0.005753,-0.008565,-0.011282,-0.010611,-0.006807,-0.009108,-0.023426,-0.034868,-0.045574,-0.042698,-0.010611,-0.028284,-0.04452,-0.063567,-0.073539,-6.4e-05,0.000959,0.001854,0.003484,0.004474,-0.000799,-0.000671,-0.000927,0.002621,0.006584,-0.010259,-0.019431,-0.026654,-0.026942,-0.015277,-0.033653,-0.084821,-0.124834,-0.168491,-0.219977,0.002498,0.002993,0.005444,0.004711,0.016888,0.004903,0.007951,0.010481,0.013325,0.013514,0.001387,0.003469,0.005006,0.006716,0.009609,0.000641,9.3e-05,-0.000228,0.000202,-3e-06,0.384462,-0.265994,-0.122533,-0.924131,1,0,0,0,0,0,0,0,0,0,0
4147,-9.6e-05,0.000128,0.001022,0.002587,0.003002,-0.001277,-0.004726,-0.005397,-0.003449,0.001788,-0.00709,-0.019577,-0.033501,-0.036119,-0.033181,-0.007984,-0.026507,-0.043656,-0.061604,-0.067672,0.000511,0.001533,0.002746,0.004216,0.005844,9.6e-05,6.4e-05,0.000319,0.005206,0.008176,-0.003673,-0.012678,-0.017756,-0.01204,0.025549,-0.026347,-0.071121,-0.113244,-0.159487,-0.208476,-0.000857,0.001584,0.001165,0.005389,0.000388,0.001443,0.004937,0.005898,0.008796,0.006718,0.001141,0.002778,0.004485,0.006383,0.010444,-0.000388,-0.000698,-0.000884,-0.000384,-0.001916,0.355344,-0.245418,-0.122901,-0.923715,1,0,0,0,0,0,0,0,0,0,0
4148,0.000128,0.000351,0.002013,0.00278,0.003195,-0.001534,-0.004249,-0.003579,0.000224,0.006518,-0.007221,-0.018659,-0.029363,-0.026487,-0.008243,-0.009681,-0.025912,-0.044955,-0.054924,-0.065084,0.000511,0.001406,0.003035,0.004026,0.006582,3.2e-05,-0.000224,0.003323,0.007285,0.008563,-0.005496,-0.012716,-0.013004,-0.001342,0.081603,-0.024794,-0.064797,-0.108442,-0.159915,-0.199949,0.001353,0.003803,0.003071,0.015244,-0.015377,0.001603,0.004132,0.006976,0.007165,0.002498,0.000933,0.002467,0.004174,0.007061,0.011069,-0.000158,-0.000479,-5e-05,-0.000254,-0.003072,0.306807,-0.232254,-0.123088,-0.923435,1,0,0,0,0,0,0,0,0,0,0
4149,9.6e-05,0.000991,0.002556,0.002972,0.003067,-0.001917,-0.002588,-0.000639,0.004601,0.011599,-0.005272,-0.019204,-0.021824,-0.018884,0.020801,-0.008851,-0.02601,-0.043967,-0.050039,-0.060327,0.000511,0.001725,0.003195,0.004825,0.007094,-6.4e-05,0.000192,0.005081,0.008052,0.010417,-0.003515,-0.008595,-0.002876,0.034733,0.142894,-0.020003,-0.062149,-0.108417,-0.157433,-0.185296,0.00109,0.00067,0.004897,-0.000107,-0.034281,0.001893,0.002854,0.005753,0.003674,-0.000601,0.000709,0.002422,0.004328,0.008405,0.011248,-0.000153,-0.00034,0.000162,-0.001376,-0.004123,0.255508,-0.226235,-0.124425,-0.925561,0,0,1,0,0,0,0,0,0,0,0
4150,0.000128,0.00179,0.002557,0.002973,0.002941,-0.000799,-0.000128,0.003676,0.009974,0.01691,-0.00617,-0.016878,-0.014001,0.004252,0.042483,-0.007384,-0.026436,-0.03641,-0.046575,-0.06502,0.000384,0.002014,0.003005,0.005562,0.007352,-0.000192,0.003356,0.00732,0.008599,0.010613,-0.003708,-0.003996,0.007672,0.090657,0.199599,-0.020011,-0.063677,-0.115175,-0.155229,-0.176711,0.001361,0.000629,0.012808,-0.017828,-0.056655,0.000637,0.003482,0.003671,-0.000998,-0.005602,0.000828,0.002541,0.005438,0.009459,0.011308,-0.000168,0.000263,5.7e-05,-0.00277,-0.005179,0.205919,-0.220272,-0.125635,-0.924892,0,0,1,0,0,0,0,0,0,0,0
4151,0.000767,0.002334,0.00275,0.002846,0.001407,0.000128,0.002079,0.007323,0.014326,0.018962,-0.00777,-0.010393,-0.007451,0.032265,0.067536,-0.009785,-0.027756,-0.033832,-0.044128,-0.084483,0.000831,0.002302,0.003933,0.006204,0.007003,0.000448,0.00534,0.008314,0.01068,0.009881,-0.001375,0.004349,0.041986,0.150228,0.269183,-0.02216,-0.068463,-0.117516,-0.1454,-0.161996,-0.001782,0.002448,-0.002559,-0.036758,-0.096125,0.000326,0.003227,0.001146,-0.003133,-0.008174,0.000893,0.002808,0.006907,0.009765,0.010919,-1.9e-05,0.000486,-0.001061,-0.003822,-0.006629,0.139649,-0.223348,-0.126276,-0.921563,0,0,1,0,0,0,0,0,0,0,0
4152,0.000895,0.001663,0.002078,0.002046,-0.00179,0.000544,0.004348,0.010647,0.017585,0.019088,-0.002941,-6.4e-05,0.018192,0.056431,0.110912,-0.009272,-0.019247,-0.029415,-0.047863,-0.080187,0.000799,0.00179,0.004348,0.006139,0.006171,0.003101,0.007066,0.008345,0.010359,0.008537,0.001087,0.012757,0.095757,0.20472,0.338652,-0.021517,-0.073025,-0.113087,-0.134572,-0.161813,0.001049,0.01323,-0.017411,-0.056246,-0.084528,0.00252,0.002709,-0.001961,-0.006566,-0.009258,0.000824,0.003724,0.007751,0.009602,0.010297,0.000451,0.000245,-0.002586,-0.004998,-0.008935,0.076223,-0.203218,-0.127319,-0.920407,0,0,1,0,0,0,0,0,0,0,0
4153,0.000671,0.001087,0.001183,-0.000256,-0.00505,0.001406,0.006649,0.013649,0.018284,0.017389,0.00032,0.00326,0.04296,0.078217,0.133962,-0.008694,-0.014767,-0.02506,-0.065399,-0.092441,0.000671,0.002301,0.004571,0.00537,0.00537,0.00179,0.004763,0.007128,0.006329,0.004827,0.004635,0.042257,0.150456,0.269363,0.397891,-0.024772,-0.073806,-0.101678,-0.118268,-0.134346,0.00318,-0.001825,-0.036011,-0.095354,-0.112146,0.00038,-0.0017,-0.005977,-0.011016,-0.010859,0.001088,0.005175,0.008026,0.009176,0.009713,5.4e-05,-0.001488,-0.004242,-0.007041,-0.011398,0.019128,-0.213678,-0.129333,-0.918568,0,0,1,0,0,0,0,0,0,0,0
4154,9.6e-05,0.000512,0.00048,-0.003357,-0.007481,0.002398,0.008696,0.015634,0.017137,0.015091,0.002558,0.020813,0.059051,0.113531,0.158483,-0.001279,-0.011446,-0.029893,-0.062216,-0.115577,0.00032,0.002877,0.004668,0.0047,0.003709,0.002174,0.003453,0.005467,0.003645,0.002302,0.007034,0.090032,0.19899,0.332919,0.50873,-0.026728,-0.066788,-0.088273,-0.115513,-0.251615,0.009001,-0.02164,-0.060473,-0.088755,0.016718,-0.000191,-0.004861,-0.009466,-0.012158,-0.010958,0.00181,0.005835,0.007686,0.008382,0.010046,-0.000259,-0.00309,-0.005501,-0.009437,-0.012135,-0.09804,-0.07645,-0.130472,-0.914888,0,0,1,0,0,0,0,0,0,0,0
4155,0.00032,0.000416,-0.001024,-0.005824,-0.011584,0.002848,0.009856,0.014497,0.013601,0.01264,0.000384,0.04013,0.075427,0.131237,0.175047,-0.0048,-0.015105,-0.05549,-0.082563,-0.158022,0.001312,0.003584,0.004384,0.004384,0.00224,0.0008,0.003168,0.002368,0.000864,-0.000384,0.030625,0.138949,0.257994,0.386671,0.555797,-0.022337,-0.050242,-0.066851,-0.082947,-0.237577,-0.01402,-0.048245,-0.107657,-0.124468,-0.00342,-0.001891,-0.006173,-0.011218,-0.011061,-0.01074,0.002298,0.005172,0.006332,0.006873,0.012128,-0.001294,-0.004069,-0.006891,-0.011284,-0.014598,-0.15177,-0.077669,-0.132618,-0.909979,0,0,1,0,0,0,0,0,0,0,0
4156,9.6e-05,6.4e-05,-0.003781,-0.007914,-0.019223,0.00346,0.010413,0.011918,0.009868,-0.004934,0.01791,0.056228,0.110823,0.15587,0.22392,-0.005383,-0.023869,-0.05626,-0.109733,-0.230488,0.00125,0.003044,0.003076,0.002083,-0.000481,0.000481,0.002499,0.000673,-0.000673,-0.005062,0.052512,0.161701,0.295912,0.472094,0.626041,-0.017782,-0.039312,-0.066609,-0.202999,-0.284794,-0.016669,-0.055584,-0.083925,0.02177,0.035558,-0.002786,-0.007401,-0.010099,-0.008896,0.002867,0.001768,0.003646,0.004352,0.006041,0.014294,-0.001568,-0.004015,-0.00801,-0.010748,-0.017259,-0.251811,-0.026549,-0.141293,-0.904156,0,0,1,0,0,0,0,0,0,0,0
4157,0.0,-0.001444,-0.006255,-0.01203,-0.021878,0.003561,0.008212,0.007314,0.006352,-0.011484,0.02191,0.057294,0.11324,0.157157,0.247139,-0.00494,-0.045424,-0.072563,-0.148206,-0.263147,0.001027,0.001829,0.001829,-0.000321,-0.00231,0.001893,0.001091,-0.000417,-0.001668,-0.005486,0.05601,0.175346,0.304336,0.473876,0.649478,-0.010169,-0.026818,-0.042954,-0.197961,-0.310047,-0.017619,-0.077176,-0.094028,0.027316,0.079673,-0.001502,-0.00656,-0.006402,-0.006081,0.009106,0.001139,0.002319,0.002869,0.008215,0.015848,-0.001241,-0.004112,-0.00858,-0.011951,-0.017292,-0.328305,0.00316,-0.145882,-0.89881,0,0,1,0,0,0,0,0,0,0,0
4158,-3.2e-05,-0.003892,-0.008042,-0.019397,-0.02419,0.00341,0.004922,0.002863,-0.011999,-0.014797,0.016502,0.071316,0.116544,0.184868,0.260719,-0.013607,-0.046128,-0.099816,-0.221056,-0.290378,0.000772,0.000804,-0.000193,-0.002766,-0.003828,0.000129,-0.001705,-0.003056,-0.007463,-0.006208,0.053463,0.188213,0.365103,0.519669,0.653422,-0.01142,-0.038826,-0.175764,-0.257888,-0.333354,-0.021404,-0.049859,0.056261,0.070104,0.11555,-0.003127,-0.005836,-0.004628,0.007182,0.011849,0.00077,0.001496,0.003233,0.011721,0.018267,-0.001251,-0.005359,-0.008176,-0.014872,-0.018132,-0.385231,0.027121,-0.146013,-0.897313,0,0,1,0,0,0,0,0,0,0,0
4159,-0.001419,-0.006258,-0.012064,-0.021966,-0.027417,0.001258,0.000355,-0.000613,-0.018547,-0.017289,0.019031,0.075284,0.119442,0.209918,0.271203,-0.027062,-0.05435,-0.130409,-0.24598,-0.314232,3.2e-05,3.2e-05,-0.002129,-0.004129,-0.006064,-0.000935,-0.002451,-0.003709,-0.007548,-0.004064,0.066382,0.196081,0.36655,0.543117,0.648237,-0.00529,-0.021514,-0.177373,-0.290073,-0.346455,-0.038421,-0.055366,0.066644,0.119288,0.144606,-0.00195,-0.001791,-0.001468,0.013802,0.016642,0.000441,0.001012,0.006567,0.014498,0.023937,-0.001708,-0.00635,-0.009853,-0.015403,-0.018904,-0.429366,0.04787,-0.145743,-0.898423,0,0,1,0,0,0,0,0,0,0,0
4160,-0.002455,-0.006622,-0.018026,-0.022839,-0.027684,0.000258,-0.001809,-0.016733,-0.019544,-0.012308,0.035986,0.081406,0.150019,0.226191,0.257849,-0.005556,-0.059471,-0.181224,-0.250839,-0.318257,0.0,-0.001001,-0.003586,-0.004652,-0.009239,-0.000905,-0.002261,-0.006687,-0.005427,-0.001034,0.068839,0.246478,0.401698,0.536017,0.607505,-0.022225,-0.159742,-0.242214,-0.317999,-0.348041,0.009903,0.116472,0.130375,0.176012,0.185138,-0.000767,0.000445,0.012306,0.016992,0.014247,0.000302,0.002091,0.010834,0.017576,0.032611,-0.002506,-0.005407,-0.012304,-0.015661,-0.016597,-0.451052,0.046719,-0.141775,-0.897339,0,0,1,0,0,0,0,0,0,0,0
4161,-0.002396,-0.008225,-0.018165,-0.023638,-0.027458,-0.001166,-0.002137,-0.02014,-0.018878,-0.005213,0.0204,0.064728,0.155555,0.217077,0.23385,-0.021824,-0.098177,-0.214195,-0.282712,-0.348379,0.0,-0.002169,-0.004177,-0.00612,-0.011301,-0.000615,-0.001878,-0.005731,-0.002234,0.003691,0.061199,0.232328,0.409577,0.515104,0.553442,0.00599,-0.150471,-0.263607,-0.320208,-0.31765,-0.026937,0.095545,0.148393,0.173808,0.155717,0.000928,0.001252,0.016582,0.019433,0.011576,0.00028,0.005987,0.014135,0.023833,0.04281,-0.002222,-0.005821,-0.011523,-0.01512,-0.015222,-0.460969,0.028192,-0.138743,-0.897069,0,0,1,0,0,0,0,0,0,0,0
4162,-0.00178,-0.013205,-0.018028,-0.022882,-0.028546,-0.000906,-0.015859,-0.018675,-0.011425,-0.001262,0.025116,0.09386,0.170178,0.201897,0.218176,-0.032204,-0.15419,-0.223938,-0.291485,-0.344661,-0.001003,-0.003593,-0.004661,-0.009257,-0.01204,-0.000744,-0.005178,-0.003916,0.000485,0.005891,0.116807,0.272324,0.4069,0.478525,0.497427,-0.143768,-0.226397,-0.302327,-0.332427,-0.312069,0.133698,0.147627,0.193352,0.202495,0.171023,0.000287,0.01217,0.016865,0.014115,0.009996,0.001534,0.010394,0.017227,0.032465,0.047897,-0.000725,-0.007715,-0.011118,-0.012066,-0.016166,-0.461034,0.002836,-0.138156,-0.893208,0,0,1,0,0,0,0,0,0,0,0
4163,-0.004034,-0.013941,-0.019395,-0.023203,-0.031303,-6.5e-05,-0.018007,-0.016749,-0.00313,0.000678,0.019137,0.109657,0.170973,0.187689,0.192627,-0.043986,-0.159613,-0.227899,-0.293345,-0.327262,-0.001162,-0.003163,-0.005099,-0.010262,-0.01194,-0.000516,-0.004357,-0.000871,0.005034,0.009326,0.054086,0.230739,0.335911,0.37412,0.374087,-0.012586,-0.125341,-0.181751,-0.179202,-0.154579,-0.011238,0.041432,0.066761,0.048732,0.022385,3.7e-05,0.015315,0.018156,0.010326,0.012056,0.00407,0.012028,0.0215,0.040035,0.049532,-0.002805,-0.008373,-0.011886,-0.011986,-0.018682,-0.452904,-0.017093,-0.139699,-0.892651,0,0,1,0,0,0,0,0,0,0,0
4164,-0.007327,-0.012115,-0.016935,-0.022558,-0.03101,-0.014782,-0.017577,-0.010379,-0.000289,0.001253,0.049198,0.12497,0.156462,0.172625,0.171276,-0.077315,-0.146564,-0.213629,-0.266425,-0.297049,-0.001414,-0.002474,-0.007037,-0.009801,-0.011054,-0.003888,-0.002635,0.001735,0.007102,0.011761,0.100548,0.234163,0.305276,0.324042,0.295153,-0.069506,-0.144893,-0.174778,-0.154566,-0.129051,0.02502,0.070418,0.079496,0.048248,0.005127,0.011761,0.016423,0.013693,0.009603,0.01411,0.004475,0.010974,0.025465,0.040141,0.04641,-0.003925,-0.007161,-0.008064,-0.011962,-0.018841,-0.427235,-0.036803,-0.141206,-0.893979,0,0,1,0,0,0,0,0,0,0,0
4165,-0.00253,-0.007942,-0.011721,-0.019759,-0.028598,-0.003074,-0.001825,0.011689,0.015468,0.016365,0.0408,0.101647,0.118236,0.123135,0.120733,-0.037693,-0.105458,-0.170404,-0.204062,-0.219722,-0.000576,-0.002498,-0.007622,-0.009287,-0.010056,6.4e-05,0.003523,0.009383,0.013643,0.016813,0.075098,0.179467,0.217384,0.217352,0.186673,-0.042625,-0.098604,-0.096074,-0.071639,-0.053449,0.027333,0.052469,0.034577,0.008431,-0.027447,0.00344,0.006259,-0.001511,0.000206,0.004124,0.003173,0.01215,0.029716,0.038717,0.041347,-0.001445,-0.004775,-0.004869,-0.011215,-0.019193,-0.421748,-0.049887,-0.147449,-0.898912,1,0,0,0,0,0,0,0,0,0,0
4166,-0.002234,-0.007021,-0.012606,-0.021,-0.028117,0.000287,0.007436,0.017457,0.018989,0.018223,0.034595,0.065872,0.081925,0.080584,0.08151,-0.031212,-0.097818,-0.150254,-0.180668,-0.173871,-0.000479,-0.005011,-0.007755,-0.009,-0.009511,0.001181,0.005521,0.010851,0.015479,0.015862,0.057861,0.128488,0.147126,0.118435,0.103212,-0.032393,-0.062074,-0.042,-0.016659,-0.010245,0.017849,0.026865,-0.004169,-0.046995,-0.062614,0.001201,-0.00151,-0.005572,-0.001096,0.001449,0.003096,0.016908,0.030897,0.036871,0.036662,-0.001674,-0.002534,-0.00625,-0.012806,-0.01943,-0.412757,-0.058342,-0.151201,-0.902428,1,0,0,0,0,0,0,0,0,0,0
4167,-0.003151,-0.006908,-0.014897,-0.023683,-0.026198,0.000955,0.014388,0.018144,0.019036,0.018717,0.025975,0.042464,0.047334,0.044947,0.045552,-0.036225,-0.10078,-0.134236,-0.149801,-0.142448,-0.001432,-0.006526,-0.008181,-0.008945,-0.00904,0.00226,0.008085,0.012319,0.01547,0.013369,0.046029,0.083718,0.083686,0.053191,0.03874,-0.023333,-0.020818,0.00347,0.02155,0.026389,0.007183,-0.010602,-0.03659,-0.072252,-0.086403,0.001604,-0.00612,-0.004413,-0.000519,-0.001724,0.005565,0.022404,0.031032,0.033553,0.033141,-0.001548,-0.001639,-0.007722,-0.015369,-0.01829,-0.40554,-0.064384,-0.153319,-0.901155,1,0,0,0,0,0,0,0,0,0,0
4168,-0.001623,-0.007193,-0.015564,-0.022662,-0.022662,0.006175,0.016169,0.017697,0.016933,0.022121,0.00522,0.02123,0.019893,0.020816,0.013018,-0.030205,-0.082499,-0.112832,-0.106053,-0.108662,-0.003087,-0.005825,-0.007066,-0.007575,-0.007702,0.002069,0.007384,0.011999,0.012381,0.010344,0.024412,0.043,0.014386,-0.000796,-0.011745,-0.00627,0.01375,0.039022,0.045419,0.06127,0.00181,-0.02914,-0.071851,-0.087427,-0.094332,-0.004308,-0.008359,-0.003895,-0.001357,-0.008428,0.007993,0.021719,0.027582,0.027377,0.028314,0.000703,-0.002943,-0.009377,-0.015877,-0.017422,-0.401305,-0.073952,-0.153098,-0.900125,1,0,0,0,0,0,0,0,0,0,0
4169,-0.002128,-0.0101,-0.018865,-0.021374,-0.021597,0.007241,0.010989,0.011878,0.011561,0.018421,0.011243,0.016102,0.01372,0.014324,0.004256,-0.034269,-0.067648,-0.083179,-0.075842,-0.069554,-0.002001,-0.003652,-0.004415,-0.00451,-0.00505,0.003748,0.007972,0.011116,0.00902,0.005653,0.013244,0.013212,-0.017214,-0.031633,-0.03484,0.008766,0.032998,0.051038,0.055865,0.078764,-0.01955,-0.045479,-0.081061,-0.095179,-0.091678,-0.003407,-0.001704,0.002181,0.000979,-0.009056,0.008701,0.017193,0.019674,0.019268,0.020202,-0.000782,-0.006769,-0.014296,-0.01717,-0.019096,-0.402623,-0.0841,-0.152889,-0.896098,1,0,0,0,0,0,0,0,0,0,0
4170,-0.003417,-0.011739,-0.018794,-0.018794,-0.020282,0.002721,0.00424,0.00348,0.008638,0.011454,0.004714,0.003386,0.004303,-0.003449,-0.008005,-0.017845,-0.047999,-0.041259,-0.043854,-0.029837,-0.000728,-0.001962,-0.002468,-0.002595,-0.003575,0.00155,0.006138,0.006518,0.004493,-0.001867,0.005284,-0.023161,-0.038253,-0.049138,-0.043854,0.011169,0.036292,0.042651,0.058408,0.0841,-0.011291,-0.053749,-0.069233,-0.076097,-0.068101,-0.000632,0.003805,0.006328,-0.000701,-0.009521,0.004694,0.010318,0.010121,0.011021,0.011763,-0.002737,-0.008909,-0.015145,-0.016628,-0.018962,-0.406185,-0.097588,-0.152493,-0.890485,1,0,0,0,0,0,0,0,0,0,0
4171,-0.004505,-0.013201,-0.01569,-0.015911,-0.016919,0.001008,0.00189,0.001575,0.008381,0.008822,0.000126,-0.002237,-0.001638,-0.011626,-0.01087,-0.015344,-0.03075,-0.023472,-0.017234,0.006648,-0.000914,-0.00167,-0.001764,-0.0023,-0.003308,0.002647,0.005766,0.003686,0.000347,-0.005262,-0.005293,-0.035476,-0.04978,-0.052962,-0.042534,0.012918,0.030813,0.035602,0.058318,0.09285,-0.01448,-0.049777,-0.063783,-0.06031,-0.052198,0.002319,0.006173,0.004981,-0.004974,-0.010862,0.003473,0.005819,0.005435,0.006318,0.006995,-0.003004,-0.010121,-0.012838,-0.014659,-0.01585,-0.411593,-0.11684,-0.151387,-0.886121,1,0,0,0,0,0,0,0,0,0,0
4172,-0.003777,-0.010797,-0.010797,-0.012276,-0.012245,0.000504,-0.000252,0.004879,0.007681,0.009853,-0.001448,-0.000535,-0.008247,-0.01278,-0.008468,-0.014669,-0.007964,-0.010545,0.0034,0.051278,-0.000315,-0.000818,-0.000944,-0.00192,-0.003148,0.00192,0.002298,0.000283,-0.006044,-0.007869,-0.02301,-0.038025,-0.048854,-0.043597,-0.030187,0.012088,0.018415,0.034091,0.059651,0.101044,-0.027773,-0.043178,-0.050007,-0.042052,-0.03217,0.002098,0.004607,-0.002386,-0.01116,-0.01534,0.001975,0.001785,0.002652,0.003368,0.003002,-0.002968,-0.008983,-0.010414,-0.012665,-0.012423,-0.415703,-0.136458,-0.149929,-0.879117,1,0,0,0,0,0,0,0,0,0,0
4173,-0.004907,-0.007392,-0.007612,-0.008619,-0.008399,0.000377,6.3e-05,0.006857,0.007298,0.013149,-0.000912,-0.000315,-0.010286,-0.009531,-0.007298,-0.000723,0.006543,0.012771,0.036615,0.106164,-0.00044,-0.000535,-0.00107,-0.002076,-0.003995,0.001195,-0.000881,-0.004215,-0.009814,-0.00928,-0.007141,-0.021422,-0.024599,-0.014187,-0.008493,0.005788,0.010569,0.033249,0.067725,0.118715,-0.007487,-0.02147,-0.018003,-0.009904,-0.003722,0.001752,0.000561,-0.009378,-0.015256,-0.020922,0.000355,-2.5e-05,0.000849,0.001518,0.000286,-0.004083,-0.006771,-0.008571,-0.009749,-0.009069,-0.41329,-0.162891,-0.147989,-0.87537,1,0,0,0,0,0,0,0,0,0,0
4174,-0.002117,-0.002117,-0.003602,-0.00357,-0.001959,-0.001137,0.004012,0.006824,0.009004,0.014976,0.001832,-0.005908,-0.010458,-0.006129,-0.006793,0.007456,0.004865,0.018862,0.066916,0.158001,-6.3e-05,-0.00019,-0.001169,-0.002401,-0.003696,-0.000821,-0.002843,-0.009194,-0.011026,-0.009067,-0.007898,-0.018767,-0.013491,-3.2e-05,-0.001422,0.000537,0.016271,0.041925,0.083471,0.146091,-0.007942,-0.014796,-0.006811,0.003107,0.007919,0.00076,-0.006259,-0.015065,-0.019261,-0.02383,-0.000561,0.00033,0.001064,0.000689,-0.001392,-0.001962,-0.00343,-0.00574,-0.005491,-0.003994,-0.413412,-0.193625,-0.147135,-0.876417,1,0,0,0,0,0,0,0,0,0,0
4175,-0.00038,-0.000601,-0.001614,-0.001392,0.003385,0.000823,0.007657,0.008099,0.013984,0.020249,-0.001234,-0.011263,-0.010504,-0.008258,-0.020913,-0.000158,0.006106,0.030088,0.100041,0.174329,-3.2e-05,-0.000569,-0.001582,-0.003512,-0.003385,-0.001266,-0.004619,-0.010251,-0.009713,-0.002911,-0.006454,-0.00965,0.000823,0.006549,0.004461,0.004271,0.027083,0.061759,0.113045,0.177524,-0.006112,-0.002624,0.005522,0.01174,0.024017,-0.001958,-0.011954,-0.017867,-0.023565,-0.024082,0.000171,0.00108,0.001778,0.000494,3.6e-05,-0.000817,-0.002693,-0.003919,-0.00321,0.000433,-0.412646,-0.22289,-0.143587,-0.882734,1,0,0,0,0,0,0,0,0,0,0
4176,0.00038,-0.001107,-0.001076,0.000538,0.012687,0.004334,0.00715,0.009333,0.015313,0.021229,-0.006517,-0.011073,-0.006739,-0.007403,-0.032429,-0.002436,0.01158,0.059702,0.150915,0.200239,-9.5e-05,-0.001076,-0.00231,-0.003607,-0.00193,-0.000759,-0.007119,-0.008954,-0.006992,0.015471,-0.004429,0.000854,0.014332,0.01294,0.009175,0.011485,0.037175,0.078779,0.141487,0.210458,-0.000752,0.007244,0.017176,0.021995,0.038824,-0.00507,-0.013889,-0.018091,-0.022666,-0.008693,0.000728,0.00147,0.001091,-0.00101,0.001177,-0.000665,-0.002998,-0.002746,-0.001235,0.010156,-0.410469,-0.254156,-0.141009,-0.902335,1,0,0,0,0,0,0,0,0,0,0
4177,-0.000602,-0.001615,-0.001394,0.003389,0.017166,0.002502,0.002945,0.008836,0.015107,0.017419,-0.003515,-0.002755,-0.000507,-0.013175,-0.033223,0.00871,0.032716,0.102741,0.177105,0.238452,-0.000443,-0.001457,-0.003389,-0.003262,0.000697,-0.002597,-0.008234,-0.007696,-0.000887,0.03202,0.001235,0.011718,0.017451,0.01536,0.00947,0.011338,0.04605,0.097389,0.161934,0.244786,0.004244,0.012398,0.018623,0.030912,0.04126,-0.004931,-0.01085,-0.016554,-0.017071,0.010923,0.000183,0.000885,-0.000407,-0.000869,0.001579,-0.001219,-0.002454,-0.00174,0.001929,0.016048,-0.40708,-0.293901,-0.140596,-0.924015,1,0,0,0,0,0,0,0,0,0,0
4178,-0.000888,-0.000856,0.000761,0.012934,0.021619,0.000317,0.002504,0.008496,0.014424,0.015882,-0.001046,0.003297,0.002631,-0.022444,-0.045426,0.005326,0.053541,0.144933,0.194353,0.272082,-0.000539,-0.001775,-0.003075,-0.001395,0.004153,-0.003772,-0.005611,-0.003646,0.018862,0.04419,0.004058,0.017562,0.016167,0.012395,-0.006942,0.014392,0.056077,0.118907,0.188013,0.279753,0.003763,0.013715,0.018543,0.035405,0.037072,-0.003901,-0.00811,-0.012695,0.001305,0.024166,0.000568,0.000184,-0.001946,0.000271,0.001847,-0.001138,-0.000883,0.000649,0.012196,0.020065,-0.396506,-0.327414,-0.13976,-0.940529,1,0,0,0,0,0,0,0,0,0,0
4179,-0.000127,9.5e-05,0.004876,0.01865,0.031759,0.000127,0.006016,0.012286,0.014597,-0.004496,0.001805,0.004053,-0.008613,-0.028656,-0.071814,0.018682,0.088691,0.163038,0.224371,0.277439,-0.000475,-0.002406,-0.00228,0.001678,0.007536,-0.001868,-0.00133,0.005478,0.038377,0.056425,0.006428,0.012159,0.010069,0.00418,-0.040372,0.020328,0.071655,0.136187,0.219019,0.318191,0.004393,0.010616,0.022903,0.033248,0.029557,-0.002021,-0.007724,-0.008241,0.019746,0.05511,0.000138,-0.001153,-0.001614,0.00083,0.005745,-0.000104,0.000609,0.004272,0.018368,0.036112,-0.370244,-0.369903,-0.140938,-0.956373,1,0,0,0,0,0,0,0,0,0,0
4180,0.000158,0.001768,0.013894,0.022547,0.038715,0.002053,0.008021,0.013926,0.015379,-0.007231,0.002526,0.001863,-0.023115,-0.04601,-0.100325,0.029399,0.12044,0.169671,0.247101,0.292574,-0.000758,-0.002053,-0.000379,0.005147,0.0102,3.2e-05,0.001989,0.02441,0.049641,0.061641,0.007042,0.005653,0.001895,-0.017368,-0.086209,0.021252,0.083841,0.152681,0.244069,0.36653,0.005532,0.010342,0.027139,0.0288,0.015711,-0.002178,-0.006744,0.007202,0.029974,0.062321,-0.000509,-0.002583,-0.000424,0.001109,0.008868,0.00035,0.001842,0.013082,0.020742,0.044289,-0.33416,-0.428988,-0.139015,-0.966401,1,0,0,0,0,0,0,0,0,0,0
4181,6.3e-05,0.004793,0.01842,0.031389,0.047522,0.003791,0.009993,0.01228,-0.00661,-0.006861,-0.000282,-0.012813,-0.032642,-0.07534,-0.122549,0.040098,0.113653,0.174332,0.226835,0.282941,-0.001159,-0.001034,0.002882,0.008677,0.01369,0.000501,0.007236,0.039785,0.057641,0.060116,-0.001316,-0.003383,-0.00921,-0.053286,-0.135111,0.029698,0.093541,0.175491,0.273606,0.402577,0.000669,0.012825,0.02306,0.019408,-0.002622,-0.003482,-0.003993,0.023695,0.058683,0.059762,-0.000716,-0.001143,0.001124,0.005684,0.011957,0.00033,0.003729,0.016807,0.033268,0.050446,-0.293814,-0.47976,-0.135023,-0.971123,1,0,0,0,0,0,0,0,0,0,0
4182,0.001528,0.013499,0.022041,0.038003,0.046139,0.00212,0.00795,0.009384,-0.012938,-0.010381,-0.000374,-0.025034,-0.047636,-0.101257,-0.13848,0.049974,0.098576,0.175018,0.21991,0.268949,-0.000125,0.001528,0.006983,0.011971,0.016273,0.001434,0.023568,0.048478,0.060324,0.058079,-6.2e-05,-0.003772,-0.022789,-0.090751,-0.170248,0.032235,0.100197,0.190418,0.311316,0.428909,0.004083,0.020666,0.022305,0.009384,-0.010831,-0.001043,0.012725,0.035206,0.06714,0.061841,-0.001203,0.00077,0.002172,0.009263,0.014359,0.001044,0.011318,0.018319,0.03984,0.044517,-0.25787,-0.529117,-0.131301,-0.974758,1,0,0,0,0,0,0,0,0,0,0
4183,0.003166,0.016666,0.029514,0.045497,0.050462,0.004034,0.0063,-0.012414,-0.012662,0.000869,-0.012041,-0.031686,-0.073986,-0.120756,-0.15688,0.023121,0.083235,0.135249,0.190832,0.247222,0.000248,0.004128,0.009869,0.014835,0.018714,0.005245,0.03749,0.05518,0.057631,0.054497,-0.001986,-0.007759,-0.051424,-0.132487,-0.212308,0.031159,0.112345,0.209546,0.337315,0.453012,0.007978,0.018118,0.0145,-0.007324,-0.020857,0.000532,0.027963,0.062624,0.063693,0.047034,0.000765,0.002889,0.007159,0.013034,0.016919,0.002171,0.014419,0.029837,0.045925,0.044059,-0.2154,-0.583304,-0.127415,-0.97547,1,0,0,0,0,0,0,0,0,0,0
4184,0.008732,0.017217,0.033071,0.041153,0.05196,0.001765,0.003189,-0.018982,-0.016443,-0.001362,-0.012479,-0.034929,-0.08819,-0.125163,-0.160123,0.025206,0.101133,0.145724,0.194432,0.237103,0.001393,0.006812,0.011767,0.01604,0.019137,0.016752,0.041494,0.053261,0.051031,0.040472,-0.001703,-0.020592,-0.088097,-0.167059,-0.237505,0.036415,0.12603,0.246114,0.362916,0.482071,0.008511,0.01014,-0.002695,-0.022774,-0.008103,0.013145,0.035475,0.067194,0.061931,0.035484,0.001128,0.002465,0.009229,0.01409,0.018451,0.007661,0.014339,0.034867,0.039328,0.044098,-0.186685,-0.645609,-0.122687,-0.968093,1,0,0,0,0,0,0,0,0,0,0
4185,0.004721,0.017495,0.033386,0.038322,0.048165,0.000494,-0.018112,-0.018359,-0.004906,0.002438,-0.007097,-0.049153,-0.095652,-0.131567,-0.155573,0.034651,0.086364,0.141626,0.19769,0.226509,0.002468,0.008177,0.013114,0.01697,0.018236,0.015366,0.032954,0.035391,0.032275,0.02092,-0.004042,-0.047456,-0.12805,-0.20741,-0.269306,0.044432,0.141071,0.268102,0.383131,0.506985,0.0016,-0.001996,-0.023695,-0.03715,0.002521,0.014174,0.048636,0.049699,0.033135,0.013481,0.000939,0.00504,0.010681,0.014411,0.020995,0.004289,0.019094,0.034543,0.032751,0.038848,-0.150133,-0.707852,-0.11947,-0.96688,1,0,0,0,0,0,0,0,0,0,0
4186,0.003723,0.019479,0.02751,0.038249,0.044711,0.000923,-0.021109,-0.018586,-0.0036,0.004216,-0.015232,-0.06816,-0.104901,-0.139642,-0.158167,0.040896,0.085207,0.133611,0.176015,0.207617,0.002923,0.007847,0.012093,0.01517,0.01674,0.009262,0.020956,0.01874,0.008247,-0.004247,-0.01474,-0.081822,-0.16029,-0.230296,-0.307287,0.044742,0.164075,0.280146,0.398556,0.531213,2.3e-05,-0.012732,-0.032685,-0.018105,0.030765,0.008055,0.039575,0.034345,0.008063,-0.012706,0.000359,0.006832,0.011484,0.015657,0.026386,0.002183,0.021829,0.026098,0.030663,0.032952,-0.102711,-0.779556,-0.118406,-0.960158,1,0,0,0,0,0,0,0,0,0,0
4187,0.009054,0.024967,0.029911,0.039768,0.044032,-0.01956,-0.019807,-0.006334,0.00102,0.003708,-0.026821,-0.073387,-0.109354,-0.133395,-0.150297,0.010722,0.066064,0.122209,0.151069,0.19229,0.002781,0.007725,0.011587,0.012854,0.015203,0.008312,0.010753,0.007632,-0.003739,-0.013967,-0.028675,-0.109385,-0.18886,-0.250845,-0.330937,0.05185,0.179064,0.294259,0.418291,0.556197,-0.003624,-0.025354,-0.038828,0.000899,0.059726,0.026423,0.027487,0.0109,-0.008783,-0.021837,0.003773,0.009472,0.01324,0.01989,0.035462,0.012708,0.028313,0.026503,0.032662,0.032825,-0.062662,-0.846563,-0.118671,-0.961535,1,0,0,0,0,0,0,0,0,0,0
4188,0.006788,0.014878,0.025695,0.032205,0.036172,-0.002573,-3.1e-05,0.015064,0.022937,0.02086,-0.026408,-0.063417,-0.098411,-0.117071,-0.132724,0.033878,0.082635,0.125347,0.157179,0.19174,0.00217,0.006447,0.009547,0.011127,0.012429,0.003441,0.001209,-0.009361,-0.021945,-0.023154,-0.038807,-0.117846,-0.188361,-0.265912,-0.342193,0.068191,0.185106,0.304378,0.438001,0.553305,-0.009212,-0.02931,-0.014624,0.034602,0.092593,0.005245,-2.3e-05,-0.026496,-0.047417,-0.046883,0.002954,0.007849,0.012239,0.023526,0.044165,0.007683,0.012174,0.016976,0.019385,0.021632,-0.020701,-0.886736,-0.117619,-0.960196,1,0,0,0,0,0,0,0,0,0,0
4189,0.00923,0.01422,0.024167,0.02847,0.031277,0.002339,0.015935,0.023356,0.026069,0.023294,-0.020425,-0.056722,-0.080983,-0.09804,-0.111948,0.021766,0.078426,0.107551,0.14915,0.172443,0.002806,0.006704,0.007983,0.010353,0.010228,-0.000998,-0.004147,-0.015623,-0.025944,-0.026849,-0.042409,-0.122613,-0.185166,-0.265993,-0.337746,0.059778,0.17603,0.301199,0.44037,0.526062,-0.012662,-0.026259,0.013833,0.073199,0.122102,-0.004203,-0.020942,-0.040806,-0.053979,-0.052471,0.002993,0.00701,0.014099,0.030699,0.056568,0.008622,0.006692,0.013257,0.013431,0.016108,0.013491,-0.916666,-0.112114,-0.956881,1,0,0,0,0,0,0,0,0,0,0
4190,-0.001097,0.009846,0.016431,0.020445,0.02264,0.000219,0.01549,0.023455,0.021354,0.019818,-0.016901,-0.052303,-0.07118,-0.087015,-0.092942,0.027437,0.070647,0.102851,0.137813,0.162366,0.001505,0.004641,0.00624,0.007557,0.00671,-0.001254,-0.011947,-0.024678,-0.025901,-0.025838,-0.037315,-0.108652,-0.187106,-0.264276,-0.320122,0.058167,0.178828,0.314008,0.430655,0.508953,-0.0076,0.007257,0.057056,0.115724,0.162612,-0.001104,-0.027885,-0.04905,-0.04851,-0.047275,0.002196,0.006957,0.019198,0.04158,0.070674,-0.004093,0.001115,0.003727,0.006165,0.00901,0.038311,-0.948097,-0.106129,-0.951645,1,0,0,0,0,0,0,0,0,0,0
4191,0.006152,0.016215,0.020569,0.023408,0.025901,0.013534,0.021042,0.023787,0.020979,0.017604,-0.019717,-0.044261,-0.061518,-0.075588,-0.077702,0.029718,0.059183,0.101268,0.124834,0.149441,0.002429,0.003723,0.00612,0.005994,0.004196,-0.001924,-0.013534,-0.023976,-0.024891,-0.024071,-0.043599,-0.106883,-0.188655,-0.261246,-0.309703,0.059089,0.185721,0.326518,0.413211,0.488925,-0.00611,0.03445,0.09451,0.143985,0.192155,-0.015824,-0.03592,-0.049247,-0.047722,-0.044026,0.002065,0.009755,0.027762,0.055822,0.091911,0.002178,0.009299,0.009488,0.012392,0.016828,0.066197,-0.977081,-0.100274,-0.949202,1,0,0,0,0,0,0,0,0,0,0
4192,0.004897,0.011575,0.015645,0.017871,0.020955,0.001844,0.009921,0.007791,0.006232,0.002289,-0.016026,-0.035169,-0.051227,-0.057237,-0.060925,0.013864,0.046521,0.081975,0.106873,0.126684,0.000731,0.002353,0.003689,0.00283,-0.002798,-0.008903,-0.021813,-0.023054,-0.02299,-0.021686,-0.028396,-0.107955,-0.18621,-0.242842,-0.293783,0.062801,0.199883,0.318172,0.397571,0.439831,0.021225,0.071725,0.131218,0.178766,0.200876,-0.011208,-0.032671,-0.032123,-0.030871,-0.026546,0.003067,0.016566,0.041247,0.073331,0.117631,0.003442,0.006322,0.00901,0.012148,0.021405,0.093978,-0.977238,-0.090749,-0.945369,1,0,0,0,0,0,0,0,0,0,0
4193,0.005277,0.009691,0.012569,0.015096,0.018486,0.005757,0.008539,0.005693,0.002271,-0.001759,-0.008763,-0.026258,-0.040522,-0.042665,-0.045224,0.015928,0.058593,0.082484,0.107431,0.106951,0.000576,0.003006,0.002878,0.001055,-0.005533,-0.002815,-0.013401,-0.014328,-0.013497,-0.011898,-0.035597,-0.118497,-0.19209,-0.241216,-0.288487,0.065213,0.207953,0.295843,0.372602,0.386834,0.019772,0.080661,0.130819,0.179653,0.196251,-0.0091,-0.022611,-0.021064,-0.017317,-0.012652,0.00527,0.02509,0.055976,0.095698,0.142116,0.004254,0.004462,0.007658,0.012541,0.023634,0.118581,-0.984653,-0.083693,-0.945009,1,0,0,0,0,0,0,0,0,0,0
4194,0.001446,0.00556,0.00781,0.010928,0.013371,0.002378,0.000225,-0.00135,-0.005335,-0.010671,-0.010542,-0.026774,-0.032849,-0.036577,-0.035516,0.017003,0.052841,0.078007,0.098031,0.088614,0.001061,0.002411,0.001543,-0.004146,-0.009032,-0.010221,-0.011475,-0.01141,-0.010092,-0.009578,-0.044645,-0.123745,-0.180989,-0.232479,-0.263174,0.073025,0.192592,0.272849,0.315565,0.31849,0.031175,0.091311,0.139372,0.161722,0.176513,-0.012549,-0.011996,-0.01073,-0.006359,-0.001148,0.009098,0.035706,0.070295,0.118054,0.154421,-0.001299,0.001599,0.004982,0.014962,0.023699,0.129272,-0.980584,-0.078329,-0.944579,1,0,0,0,0,0,0,0,0,0,0
4195,0.003009,0.005922,0.008478,0.011909,0.012362,0.000421,-0.002459,-0.005922,-0.009999,-0.013656,-0.007087,-0.021519,-0.023688,-0.026276,-0.023526,0.02605,0.050223,0.075464,0.074978,0.068668,0.001391,0.001262,-0.000582,-0.007249,-0.014497,-0.000421,-0.001359,-0.000518,0.0011,0.00055,-0.038929,-0.11339,-0.163095,-0.210923,-0.227848,0.070901,0.159827,0.237491,0.251891,0.242442,0.030219,0.080969,0.130379,0.147172,0.146212,-0.001036,0.000529,0.00432,0.00904,0.011564,0.011975,0.045503,0.088622,0.13901,0.164632,0.001587,0.005057,0.010358,0.022399,0.031879,0.137474,-0.976326,-0.073603,-0.944422,1,0,0,0,0,0,0,0,0,0,0
4196,0.001136,0.003407,0.006555,0.009021,0.009248,-0.002596,-0.004186,-0.00821,-0.013597,-0.014181,-0.009281,-0.015414,-0.019178,-0.018107,-0.015284,0.01006,0.035468,0.055685,0.046177,0.040563,-3.2e-05,-0.000909,-0.006652,-0.011585,-0.021255,-0.000844,-0.000779,0.000552,0.001071,0.000811,-0.040822,-0.098616,-0.150602,-0.181592,-0.198271,0.049616,0.130645,0.173771,0.176724,0.166081,0.03041,0.078933,0.101497,0.11643,0.114004,0.001598,0.002876,0.007289,0.012549,0.012223,0.01624,0.053223,0.104288,0.143173,0.169147,0.00148,0.005097,0.015768,0.02511,0.037208,0.146034,-0.970766,-0.068185,-0.944583,1,0,0,0,0,0,0,0,0,0,0
4197,0.001785,0.004348,0.007787,0.008241,0.007885,-0.000292,-0.003764,-0.007852,-0.011519,-0.011811,-0.005191,-0.007365,-0.009961,-0.007203,-0.005776,0.014179,0.039488,0.039001,0.032674,0.028294,-9.7e-05,-0.001947,-0.008631,-0.015899,-0.02599,-9.7e-05,0.000746,0.002369,0.001817,0.001622,-0.033842,-0.08368,-0.131636,-0.148606,-0.162947,0.039553,0.117425,0.131863,0.122389,0.110254,0.020479,0.070021,0.086859,0.085896,0.080554,-2.8e-05,0.003773,0.008506,0.011037,0.010589,0.017933,0.061867,0.113206,0.139312,0.16069,0.002056,0.007457,0.019726,0.029385,0.041235,0.151352,-0.965474,-0.06435,-0.945535,1,0,0,0,0,0,0,0,0,0,0
4198,0.000486,0.003632,0.006097,0.006324,0.005578,-0.001297,-0.005319,-0.010702,-0.011286,-0.012064,-0.000941,-0.004703,-0.003632,-0.000811,-0.002789,0.011221,0.031426,0.021923,0.016313,0.012227,-0.000778,-0.006519,-0.011448,-0.021113,-0.028961,0.000162,0.001492,0.002011,0.001751,0.001297,-0.023934,-0.075889,-0.106861,-0.12353,-0.132416,0.041447,0.084548,0.087499,0.076862,0.070635,0.028026,0.050577,0.065501,0.063076,0.062064,0.001305,0.005716,0.010973,0.010647,0.010632,0.018958,0.069813,0.108537,0.134404,0.143328,0.001553,0.01218,0.021483,0.033531,0.042161,0.153229,-0.967172,-0.06195,-0.947811,1,0,0,0,0,0,0,0,0,0,0
4199,0.002064,0.005482,0.005934,0.005579,0.002257,-0.002161,-0.006224,-0.009868,-0.010158,-0.011448,-0.001225,-0.003805,-0.001064,0.000355,-0.003999,0.013996,0.013512,0.007224,0.00287,0.000903,-0.001064,-0.007707,-0.014931,-0.02496,-0.033054,0.000677,0.00229,0.001741,0.001548,0.001129,-0.025734,-0.073397,-0.090263,-0.104516,-0.110547,0.036182,0.050533,0.041116,0.029056,0.032829,0.021372,0.038107,0.03715,0.03184,0.037779,0.00248,0.007184,0.009699,0.009255,0.009931,0.023864,0.073044,0.098053,0.118532,0.119367,0.003681,0.015434,0.024686,0.036038,0.041682,0.151487,-0.971701,-0.05789,-0.949356,1,0,0,0,0,0,0,0,0,0,0
4200,0.00106,0.003501,0.003726,0.002987,-0.004818,-0.001831,-0.007162,-0.007741,-0.008511,-0.008865,-0.002505,-0.001445,0.001349,-0.00061,-0.007098,0.00607,-0.00334,-0.008897,-0.012944,-0.011306,-0.004625,-0.009507,-0.019078,-0.026851,-0.035298,0.000642,0.001156,0.000899,0.00045,0.001028,-0.025823,-0.056497,-0.073006,-0.081806,-0.087427,0.006649,0.009571,-0.000964,-0.00713,0.001734,0.001047,0.015828,0.013427,0.012424,0.019409,0.001898,0.007105,0.006782,0.006767,0.007672,0.024321,0.060508,0.08468,0.093019,0.090449,0.006351,0.015045,0.026303,0.034368,0.035137,0.147386,-0.976299,-0.059914,-0.950754,1,0,0,0,0,0,0,0,0,0,0
4201,0.002333,0.002781,0.002429,-0.000863,-0.012818,-0.002206,-0.005818,-0.006105,-0.007384,-0.008758,-6.4e-05,0.002653,0.00406,-0.000256,-0.010229,-0.006521,-0.012754,-0.017069,-0.019019,-0.016015,-0.001982,-0.009142,-0.019083,-0.027106,-0.034107,0.000959,0.000416,0.000224,-0.000192,-0.000288,-0.021545,-0.038262,-0.052391,-0.058368,-0.06409,0.007608,-0.001726,-0.013681,-0.009941,-0.002621,0.015546,0.014597,0.009334,0.015221,0.018794,0.002774,0.005267,0.004826,0.005497,0.006976,0.022718,0.046229,0.065483,0.066268,0.060221,0.004907,0.013606,0.024279,0.029585,0.02406,0.139521,-0.977253,-0.06845,-0.952711,1,0,0,0,0,0,0,0,0,0,0
4202,9.6e-05,0.000319,-0.000415,-0.008171,-0.02362,-0.003096,-0.003671,-0.004437,-0.004788,-0.006512,0.001117,0.003894,0.001947,-0.004501,-0.01663,-0.002841,-0.008363,-0.012385,-0.010757,-0.006224,-0.002873,-0.012385,-0.020109,-0.028504,-0.036899,-0.000447,-0.000702,-0.001149,-0.000575,-0.003064,-0.008969,-0.025376,-0.034122,-0.039708,-0.045868,-0.004692,-0.015162,-0.02129,-0.012481,-0.005011,-0.000835,-0.003221,-0.004218,0.002724,0.004695,0.002405,0.002084,0.002069,0.002969,0.002531,0.012153,0.035295,0.043279,0.040819,0.032949,0.003465,0.014244,0.021964,0.022701,0.014757,0.132545,-0.981484,-0.073853,-0.951674,1,0,0,0,0,0,0,0,0,0,0
4203,0.000351,0.0,-0.003288,-0.015225,-0.033036,-0.000511,-0.000798,-0.002075,-0.003447,-0.006416,0.001596,0.003,-0.001309,-0.011267,-0.025695,-0.003383,-0.007692,-0.00964,-0.006639,0.001596,-0.004277,-0.014204,-0.022216,-0.029206,-0.039931,-9.6e-05,-0.000287,-0.000702,-0.000798,-0.004596,-0.007724,-0.021833,-0.027801,-0.033515,-0.040824,-0.004628,-0.016566,-0.012831,-0.005522,0.004756,-0.000113,-0.005368,0.00051,0.004078,0.00504,8.5e-05,-0.000355,0.000314,0.001791,0.001342,0.011123,0.030183,0.03096,0.024974,0.015797,0.005147,0.015712,0.020965,0.015495,0.007551,0.122396,-0.9832,-0.081533,-0.952929,1,0,0,0,0,0,0,0,0,0,0
4204,-0.000128,-0.000861,-0.008614,-0.024056,-0.043485,-6.4e-05,-0.00083,-0.00118,-0.002903,-0.007338,0.00118,-0.000766,-0.00721,-0.019334,-0.038253,-0.002138,-0.006157,-0.00453,0.0,0.0119,-0.005232,-0.012953,-0.021344,-0.029735,-0.040869,-0.00016,-0.000606,-3.2e-05,-0.00252,-0.004913,-0.008678,-0.01742,-0.023003,-0.02916,-0.037264,-0.005838,-0.011964,-0.003158,0.004307,0.013049,-0.002273,-0.003269,0.00367,0.005639,0.001011,-0.000405,-0.000421,0.000479,4.1e-05,0.002599,0.011977,0.019934,0.017482,0.009639,-0.003009,0.005612,0.013307,0.014041,0.006124,-0.003022,0.111602,-0.983037,-0.088134,-0.955465,1,0,0,0,0,0,0,0,0,0,0
4205,-0.000223,-0.003508,-0.015436,-0.033232,-0.056609,-0.000223,-0.001499,-0.00287,-0.005836,-0.008898,0.000223,-0.004082,-0.014033,-0.028448,-0.052495,-0.002169,-0.004114,-0.001116,0.007112,0.014989,-0.004688,-0.012693,-0.019677,-0.030393,-0.044458,-3.2e-05,-0.000446,-0.000542,-0.004337,-0.007367,-0.005422,-0.011386,-0.017094,-0.024398,-0.033614,-0.006091,-0.00236,0.004943,0.015213,0.016393,-0.002979,0.002894,0.006459,0.00742,-0.001102,-3.4e-05,0.000634,0.00211,0.001662,0.002355,0.007002,0.007774,0.001823,-0.007299,-0.023736,0.004906,0.010127,0.00469,-0.003208,-0.013691,0.099341,-0.977599,-0.095388,-0.955391,1,0,0,0,0,0,0,0,0,0,0
4206,-0.00051,-0.008263,-0.023705,-0.043134,-0.072071,-0.000542,-0.000893,-0.002616,-0.007051,-0.012187,-0.002169,-0.008614,-0.020738,-0.039656,-0.065403,-0.00185,-0.000223,0.004307,0.016207,0.017228,-0.003031,-0.011422,-0.019812,-0.030947,-0.050727,-0.000415,0.00016,-0.002329,-0.004722,-0.010177,-0.003318,-0.008901,-0.015059,-0.023162,-0.035318,-3.2e-05,0.008774,0.016239,0.024981,0.020355,0.001984,0.008923,0.010892,0.006264,-0.000902,1.9e-05,0.000918,0.000481,0.003039,0.003463,0.000936,-0.001516,-0.009358,-0.022005,-0.03674,0.002776,0.00351,-0.004407,-0.013552,-0.023918,0.094122,-0.974241,-0.103524,-0.958344,1,0,0,0,0,0,0,0,0,0,0
4207,-0.00278,-0.014729,-0.032556,-0.055975,-0.083452,-0.000735,-0.002109,-0.00508,-0.008147,-0.012141,-0.002141,-0.012109,-0.02655,-0.05064,-0.078595,-9.6e-05,0.002907,0.01115,0.019042,0.024282,-0.004984,-0.011981,-0.022716,-0.036806,-0.058563,0.0,-9.6e-05,-0.003898,-0.006933,-0.010831,-0.002652,-0.008371,-0.015687,-0.024921,-0.044537,0.00377,0.011086,0.021374,0.022556,0.019649,0.003897,0.007468,0.008431,-0.000106,-0.009077,0.000651,0.002129,0.00168,0.002374,0.002967,-0.000164,-0.00619,-0.015428,-0.032072,-0.040404,0.002484,-0.003022,-0.01102,-0.021635,-0.028155,0.090776,-0.969685,-0.108237,-0.961344,1,0,0,0,0,0,0,0,0,0,0
4208,-0.004987,-0.020458,-0.039925,-0.068919,-0.098263,0.000384,-0.001343,-0.005786,-0.010932,-0.011316,-0.004315,-0.016462,-0.035418,-0.061215,-0.094204,0.001726,0.006265,0.018189,0.019212,0.024965,-0.00342,-0.011827,-0.022984,-0.042802,-0.067416,0.000575,-0.001918,-0.004315,-0.009782,-0.011412,-0.002941,-0.00911,-0.01723,-0.029409,-0.054342,0.005051,0.012531,0.021289,0.016654,0.014768,0.003053,0.005026,0.000389,-0.00679,-0.015146,0.00025,-0.000189,0.002374,0.0028,0.002012,-0.002321,-0.010271,-0.023092,-0.038028,-0.045653,-0.001749,-0.009774,-0.019045,-0.029553,-0.035094,0.085707,-0.968329,-0.114352,-0.963348,1,0,0,0,0,0,0,0,0,0,0
4209,-0.00697,-0.02481,-0.048244,-0.075739,-0.109149,-0.001758,-0.004732,-0.007801,-0.011797,-0.011574,-0.005659,-0.02011,-0.044216,-0.072191,-0.109245,0.001279,0.009527,0.017424,0.022667,0.024234,-0.003581,-0.014323,-0.028422,-0.050195,-0.080823,-0.000671,-0.004476,-0.007513,-0.011414,-0.01282,-0.002781,-0.010103,-0.019342,-0.038973,-0.064294,0.00227,0.012565,0.013748,0.010838,0.010678,0.00052,0.001483,-0.007059,-0.016037,-0.018739,0.00123,0.00078,0.001475,0.002068,0.000712,-0.003731,-0.013013,-0.029736,-0.038107,-0.049937,-0.003782,-0.011817,-0.022483,-0.029034,-0.032404,0.076366,-0.966948,-0.117544,-0.962521,1,0,0,0,0,0,0,0,0,0,0
4210,-0.0085,-0.027962,-0.056946,-0.086282,-0.121625,3.2e-05,-0.00441,-0.009555,-0.009938,-0.009363,-0.006487,-0.025437,-0.051226,-0.084205,-0.123223,0.00326,0.015179,0.016202,0.021954,0.025757,-0.004825,-0.015978,-0.035791,-0.060397,-0.094878,-0.001822,-0.004218,-0.009683,-0.011313,-0.016489,-0.003387,-0.011504,-0.02368,-0.048605,-0.078005,0.005209,0.013965,0.009331,0.007446,0.009427,0.001453,-0.003183,-0.01036,-0.018714,-0.02125,-0.001668,0.000895,0.00132,0.000533,-0.005101,-0.004214,-0.017007,-0.031912,-0.039521,-0.049098,-0.004239,-0.01349,-0.023975,-0.029505,-0.031066,0.071822,-0.963689,-0.119271,-0.956376,1,0,0,0,0,0,0,0,0,0,0
4211,-0.00934,-0.032784,-0.060291,-0.093715,-0.132225,-0.003007,-0.006077,-0.010075,-0.009851,-0.008892,-0.007964,-0.032081,-0.060067,-0.097138,-0.136671,0.00499,0.01289,0.018135,0.019703,0.023253,-0.005917,-0.020022,-0.041804,-0.072445,-0.109868,-0.001983,-0.005022,-0.008924,-0.010331,-0.016536,-0.003934,-0.013178,-0.032816,-0.058148,-0.090901,0.005086,0.006269,0.003358,0.003198,0.008348,-0.00049,-0.009037,-0.018018,-0.020721,-0.019557,0.001219,0.001914,0.002508,0.001151,-0.005867,-0.005069,-0.021842,-0.030239,-0.042105,-0.04903,-0.003794,-0.014492,-0.021062,-0.024443,-0.026476,0.070901,-0.966717,-0.117561,-0.955719,1,0,0,0,0,0,0,0,0,0,0
4212,-0.010144,-0.039167,-0.068542,-0.103933,-0.146971,-0.00144,-0.006592,-0.006976,-0.0064,-0.00592,-0.011008,-0.036831,-0.069854,-0.108924,-0.147195,0.006944,0.007968,0.013728,0.017535,0.018591,-0.005248,-0.025087,-0.049726,-0.084253,-0.123516,-0.000416,-0.005888,-0.00752,-0.012704,-0.015871,-0.004192,-0.016383,-0.041343,-0.070782,-0.102237,0.00368,-0.00096,-0.002848,-0.000864,0.003328,-0.004151,-0.011338,-0.019703,-0.022242,-0.0195,0.001346,0.001772,0.000984,-0.004657,-0.007874,-0.007829,-0.022874,-0.030554,-0.040221,-0.047381,-0.005532,-0.016116,-0.021698,-0.023273,-0.027618,0.070047,-0.965424,-0.115877,-0.95592,1,0,0,0,0,0,0,0,0,0,0
4213,-0.013337,-0.040909,-0.074412,-0.113013,-0.15607,-0.001635,-0.005643,-0.005418,-0.004456,-0.005579,-0.013145,-0.041198,-0.078356,-0.117982,-0.156872,0.000962,0.00622,0.007791,0.011349,0.009426,-0.008881,-0.030714,-0.061428,-0.098939,-0.137379,-0.002629,-0.00654,-0.007951,-0.014171,-0.017056,-0.005066,-0.024751,-0.050143,-0.082972,-0.120259,-0.002501,-0.005418,-0.005579,-0.000417,-0.012984,-0.004407,-0.01341,-0.016119,-0.014952,-0.025669,-0.000652,-5.7e-05,-0.001416,-0.008451,-0.009704,-0.009119,-0.017656,-0.029719,-0.03676,-0.037983,-0.00527,-0.011949,-0.015387,-0.017453,-0.022543,0.076227,-0.951975,-0.115398,-0.955976,1,0,0,0,0,0,0,0,0,0,0
4214,-0.01578,-0.045284,-0.080829,-0.124056,-0.165129,-0.003535,-0.003921,-0.003342,-0.00286,-0.008388,-0.012759,-0.045926,-0.085168,-0.123606,-0.161787,6.4e-05,0.005849,0.009674,0.010734,0.00511,-0.011024,-0.035771,-0.070448,-0.109883,-0.151342,-0.00286,-0.004499,-0.009706,-0.012888,-0.020151,-0.007167,-0.032235,-0.061803,-0.093395,-0.133505,-0.002153,-0.004049,-0.002057,0.002153,-0.022561,-0.0028,-0.011201,-0.013752,-0.010997,-0.02996,0.001081,0.000289,-0.005376,-0.008607,-0.010375,-0.006236,-0.014154,-0.024121,-0.031503,-0.028645,-0.005551,-0.011306,-0.012931,-0.01741,-0.017212,0.079152,-0.941643,-0.109587,-0.955329,1,0,0,0,0,0,0,0,0,0,0
4215,-0.011923,-0.045688,-0.08459,-0.127984,-0.167759,-0.000485,-0.000258,0.000711,-0.00042,-0.010372,-0.015445,-0.052893,-0.092829,-0.132023,-0.166014,0.005234,0.006818,0.010404,0.008465,0.004362,-0.010921,-0.041875,-0.079679,-0.11842,-0.162847,-0.001066,-0.002488,-0.008756,-0.011664,-0.024653,-0.012634,-0.038224,-0.07131,-0.108888,-0.142524,-0.000775,-0.000937,0.004265,-0.008401,-0.023361,-0.006257,-0.008988,-0.007812,-0.018612,-0.029472,-0.000487,-0.001857,-0.008947,-0.01021,-0.013735,-0.002542,-0.015281,-0.022716,-0.024008,-0.023752,-0.001291,-0.004921,-0.007103,-0.012477,-0.007851,0.078157,-0.93795,-0.104654,-0.95058,1,0,0,0,0,0,0,0,0,0,0
4216,-0.017818,-0.053713,-0.097364,-0.138842,-0.168862,9.7e-05,0.000682,0.001168,-0.004414,-0.014313,-0.01798,-0.057607,-0.096423,-0.13498,-0.16341,0.000584,0.004446,0.005517,-0.000162,-0.001298,-0.01402,-0.049039,-0.088861,-0.130728,-0.174445,-0.000584,-0.005842,-0.009055,-0.01639,-0.024049,-0.012625,-0.042483,-0.074386,-0.11489,-0.146988,-0.001136,0.000876,0.005128,-0.01983,-0.023075,-0.002198,-0.004774,-0.001992,-0.021142,-0.023027,-0.00031,-0.006031,-0.009294,-0.011079,-0.01019,-0.005857,-0.01653,-0.024436,-0.021376,-0.018026,-0.004831,-0.006571,-0.011367,-0.011156,0.00417,0.079109,-0.93704,-0.098853,-0.952588,1,0,0,0,0,0,0,0,0,0,0
4217,-0.016145,-0.055337,-0.099053,-0.139123,-0.167866,0.00013,0.001107,-3.3e-05,-0.010058,-0.017708,-0.019693,-0.059926,-0.099411,-0.133655,-0.160184,0.001009,0.004622,0.002669,-0.001465,-0.001953,-0.017122,-0.055207,-0.094235,-0.138993,-0.181895,-0.000846,-0.007161,-0.010091,-0.023176,-0.026301,-0.013118,-0.04645,-0.084307,-0.118193,-0.148661,0.000977,0.006217,-0.006543,-0.021614,-0.018522,-0.000546,0.000639,-0.010242,-0.021182,-0.017377,-0.001069,-0.008212,-0.009484,-0.013036,-0.009784,-0.007436,-0.015267,-0.016627,-0.016359,-0.013021,0.00111,-0.001188,-0.006849,-0.001977,0.014536,0.078681,-0.941014,-0.091144,-0.951785,1,0,0,0,0,0,0,0,0,0,0
4218,-0.019857,-0.063639,-0.10524,-0.13535,-0.165005,0.000456,0.000944,-0.004655,-0.014583,-0.017969,-0.020052,-0.058984,-0.097655,-0.12617,-0.156053,0.002865,0.003939,-0.001758,-0.002897,-0.002995,-0.018001,-0.057942,-0.099934,-0.143781,-0.181053,-0.004427,-0.00765,-0.015006,-0.022689,-0.027278,-0.016829,-0.048828,-0.089452,-0.121646,-0.148761,0.001042,0.005306,-0.019726,-0.022981,-0.01582,-0.002037,0.000753,-0.018453,-0.020345,-0.013267,-0.004669,-0.007941,-0.009732,-0.00884,-0.010613,-0.003461,-0.011533,-0.008408,-0.004987,-0.008047,-0.002886,-0.007783,-0.007568,0.008081,0.016699,0.079445,-0.944173,-0.086079,-0.949604,1,0,0,0,0,0,0,0,0,0,0
4219,-0.019304,-0.06295,-0.102956,-0.131653,-0.157717,0.00052,-0.000617,-0.010627,-0.018264,-0.018297,-0.020149,-0.05957,-0.093759,-0.120246,-0.14605,0.000747,-0.001202,-0.00533,-0.005817,-0.003315,-0.020052,-0.059018,-0.103704,-0.146537,-0.178679,-0.001885,-0.00481,-0.017874,-0.020994,-0.028372,-0.016477,-0.054273,-0.088104,-0.118523,-0.144002,0.004192,-0.008547,-0.023594,-0.020507,-0.009522,0.003217,-0.007646,-0.018569,-0.014769,-0.006324,-0.002469,-0.00374,-0.007286,-0.004039,-0.011776,-0.004322,-0.005667,-0.005401,-0.002101,-0.002811,0.000581,-0.005016,-0.000199,0.01613,0.022307,0.079831,-0.950441,-0.081975,-0.943101,1,0,0,0,0,0,0,0,0,0,0
4220,-0.024436,-0.06602,-0.096119,-0.125761,-0.148278,-3.3e-05,-0.005629,-0.015553,-0.018937,-0.01871,-0.018742,-0.057398,-0.085901,-0.115772,-0.134872,0.000325,-0.005369,-0.006508,-0.006605,-0.001855,-0.019848,-0.061823,-0.105652,-0.142909,-0.173072,-0.001334,-0.008688,-0.016367,-0.020955,-0.028536,-0.015488,-0.056096,-0.088277,-0.115381,-0.139948,6.5e-05,-0.024957,-0.028211,-0.021052,-0.009208,-0.000432,-0.01963,-0.021521,-0.014446,-0.007024,-0.000798,-0.002588,-0.001697,-0.003469,-0.011719,-0.003691,-0.000575,0.002836,-0.000215,0.004966,-0.005469,-0.005254,0.01035,0.018943,0.02653,0.081179,-0.954063,-0.078194,-0.940273,1,0,0,0,0,0,0,0,0,0,0
4221,-0.019269,-0.059338,-0.08808,-0.114184,-0.133942,-0.001107,-0.011132,-0.018781,-0.018814,-0.018684,-0.020734,-0.054976,-0.081504,-0.107349,-0.124535,-0.002278,-0.006412,-0.006901,-0.004394,-0.000163,-0.019172,-0.063928,-0.106828,-0.13902,-0.164441,-0.001595,-0.01468,-0.017805,-0.025193,-0.027602,-0.022362,-0.056246,-0.086712,-0.112231,-0.133877,-0.012825,-0.027895,-0.024803,-0.013801,0.004622,-0.010448,-0.021388,-0.017583,-0.009124,0.005327,-0.000474,-0.004025,-0.000774,-0.008522,-0.01137,0.00234,0.002608,0.005945,0.005227,0.008899,-0.000176,0.004694,0.021202,0.027448,0.033195,0.080645,-0.9628,-0.074997,-0.934789,1,0,0,0,0,0,0,0,0,0,0
4222,-0.022318,-0.052412,-0.082051,-0.104564,-0.123954,-0.00449,-0.014413,-0.017796,-0.017568,-0.01721,-0.017926,-0.046426,-0.076292,-0.095389,-0.113543,-0.003416,-0.004555,-0.004652,9.8e-05,0.00475,-0.022806,-0.066629,-0.103881,-0.13404,-0.155512,-0.005759,-0.013437,-0.018024,-0.025604,-0.025702,-0.018252,-0.050428,-0.077528,-0.102091,-0.120278,-0.0122,-0.015454,-0.008296,0.003546,0.029769,-0.008753,-0.010643,-0.003569,0.003851,0.025376,-0.001316,-0.000425,-0.002197,-0.010445,-0.011003,0.000781,0.004189,0.00114,0.006317,0.004485,0.000391,0.015979,0.024564,0.032144,0.034252,0.08167,-0.971706,-0.073149,-0.931579,1,0,0,0,0,0,0,0,0,0,0
4223,-0.017759,-0.046533,-0.072667,-0.092447,-0.107339,-0.00554,-0.013197,-0.01323,-0.0131,-0.012676,-0.016326,-0.042883,-0.068757,-0.085962,-0.103591,-0.000717,-0.001206,0.001303,0.00554,0.010037,-0.021963,-0.064912,-0.097139,-0.122589,-0.139534,-0.007332,-0.01046,-0.017857,-0.020269,-0.020171,-0.015641,-0.046142,-0.07169,-0.093359,-0.111934,-0.002868,0.000228,0.011242,0.029686,0.046533,-0.002185,0.001625,0.010093,0.02456,0.036946,-0.002237,0.001018,-0.006739,-0.00959,-0.010012,-0.000519,0.002843,0.00212,0.005821,0.006119,0.004514,0.021152,0.027446,0.033239,0.035339,0.084099,-0.976245,-0.075101,-0.930805,1,0,0,0,0,0,0,0,0,0,0
4224,-0.01237,-0.042024,-0.06455,-0.083951,-0.096549,-0.004395,-0.00778,-0.007552,-0.007194,-0.007129,-0.012207,-0.04209,-0.061198,-0.079361,-0.09401,-0.000423,-0.000521,0.004232,0.008887,0.012663,-0.021907,-0.059179,-0.089355,-0.110839,-0.122916,-0.000358,-0.004948,-0.012532,-0.01263,-0.014616,-0.016569,-0.043685,-0.068261,-0.086458,-0.10332,-0.000391,0.006771,0.01862,0.044856,0.052311,0.000292,0.007369,0.014794,0.03633,0.040149,0.003126,0.001353,-0.0069,-0.007458,-0.009481,0.003936,0.000876,0.006073,0.004233,0.006894,0.011168,0.019786,0.027396,0.029512,0.0289,0.083184,-0.979006,-0.077919,-0.928281,1,0,0,0,0,0,0,0,0,0,0
4225,-0.016362,-0.042449,-0.062194,-0.077059,-0.089485,-0.003253,-0.003285,-0.003155,-0.002732,-0.003741,-0.014312,-0.04014,-0.057315,-0.074912,-0.088997,-6.5e-05,0.00244,0.006668,0.011157,0.013467,-0.020981,-0.053151,-0.078556,-0.09547,-0.100968,-0.002765,-0.010149,-0.012556,-0.012458,-0.018183,-0.01389,-0.039392,-0.061023,-0.079564,-0.093779,0.003481,0.014475,0.032886,0.049703,0.056924,0.003512,0.011965,0.026406,0.03877,0.043679,0.000126,-0.007618,-0.010464,-0.010885,-0.015231,-0.000595,-0.00131,0.002346,0.00264,0.002339,0.00532,0.011537,0.017258,0.019332,0.012239,0.086696,-0.985582,-0.086793,-0.925855,1,0,0,0,0,0,0,0,0,0,0
4226,-0.013276,-0.035794,-0.055187,-0.06778,-0.079429,-0.00013,9.8e-05,0.000456,0.000521,-0.002603,-0.015554,-0.034655,-0.052812,-0.067455,-0.081837,-3.3e-05,0.004718,0.009371,0.013146,0.01396,-0.01627,-0.046434,-0.06791,-0.079982,-0.082163,-0.001822,-0.009404,-0.009502,-0.011486,-0.019133,-0.013211,-0.037779,-0.055968,-0.072824,-0.086295,0.003677,0.015521,0.041748,0.0492,0.055773,0.003562,0.010984,0.032513,0.03633,0.042014,-0.001898,-0.010148,-0.010705,-0.012728,-0.016683,-0.002455,0.002728,0.000893,0.003547,0.00167,0.003262,0.010852,0.012962,0.012352,0.002853,0.089238,-0.993701,-0.09179,-0.927201,1,0,0,0,0,0,0,0,0,0,0
4227,-0.012813,-0.032552,-0.047414,-0.059836,-0.069104,9.8e-05,0.000228,0.00065,-0.000358,-0.002569,-0.010276,-0.027447,-0.04504,-0.059121,-0.071901,0.002537,0.006764,0.011252,0.013561,0.015674,-0.015902,-0.0413,-0.05821,-0.063706,-0.065755,-0.005561,-0.007967,-0.00787,-0.013593,-0.017626,-0.012292,-0.033918,-0.052454,-0.066665,-0.078437,0.007317,0.025723,0.042536,0.049755,0.055251,0.004891,0.019328,0.031689,0.036597,0.039904,-0.005845,-0.00869,-0.009111,-0.013455,-0.014777,0.001731,0.00538,0.005674,0.005374,0.003579,0.002957,0.008667,0.010738,0.003658,-0.003365,0.089783,-0.997309,-0.094759,-0.927234,1,0,0,0,0,0,0,0,0,0,0
4228,-0.009678,-0.029035,-0.041605,-0.053232,-0.063073,0.00013,0.000487,0.000552,-0.002566,-0.001819,-0.008802,-0.026924,-0.04154,-0.055895,-0.066061,0.002209,0.006853,0.01062,0.011432,0.014583,-0.014225,-0.035661,-0.04771,-0.049886,-0.052907,-0.002014,-0.002111,-0.004092,-0.011725,-0.010945,-0.012244,-0.0304,-0.047223,-0.060669,-0.071452,0.004514,0.030692,0.038129,0.04469,0.051088,0.002523,0.024011,0.027821,0.033494,0.036776,-0.002397,-0.002953,-0.004972,-0.00892,-0.00836,0.003399,0.001588,0.004207,0.002355,0.002959,0.004559,0.006642,0.00604,-0.003334,-0.009786,0.090512,-1.001448,-0.094909,-0.929143,1,0,0,0,0,0,0,0,0,0,0
4229,-0.010026,-0.024853,-0.037248,-0.046495,-0.05639,0.0,0.000422,-0.000584,-0.00279,-0.003212,-0.008339,-0.025892,-0.039941,-0.052692,-0.061712,0.002012,0.006489,0.008793,0.010902,0.013465,-0.011129,-0.028001,-0.033484,-0.035528,-0.039519,-0.000389,-0.000292,-0.006002,-0.010026,-0.014114,-0.009344,-0.027838,-0.042017,-0.053762,-0.06408,0.013854,0.030629,0.037832,0.043315,0.0475,0.011884,0.024216,0.029113,0.032412,0.034118,-0.000444,-0.000865,-0.005199,-0.006518,-0.009678,0.000216,0.000505,0.00021,-0.001556,0.000204,0.001093,0.003131,-0.003837,-0.01075,-0.016575,0.091352,-1.004031,-0.097961,-0.925572,1,0,0,0,0,0,0,0,0,0,0
4230,-0.009262,-0.021751,-0.033303,-0.043082,-0.04818,0.000355,0.00042,-0.002678,-0.001936,-0.003808,-0.009714,-0.024235,-0.038499,-0.0486,-0.056442,0.002614,0.006357,0.007164,0.010294,0.012231,-0.01023,-0.022202,-0.024364,-0.027366,-0.028947,0.00029,-0.001678,-0.009262,-0.008487,-0.014457,-0.008745,-0.025462,-0.038822,-0.049536,-0.057958,0.012231,0.019621,0.026139,0.032497,0.033045,0.009531,0.013316,0.018954,0.022215,0.02087,-0.000111,-0.002117,-0.00604,-0.005483,-0.009252,-0.001939,0.000565,-0.001206,-0.000629,0.000343,0.000939,0.000364,-0.008599,-0.014768,-0.018215,0.092534,-1.005469,-0.100816,-0.927226,1,0,0,0,0,0,0,0,0,0,0
4231,-0.005466,-0.017749,-0.026912,-0.036719,-0.041574,6.4e-05,-0.000932,-0.003119,-0.003537,-0.004501,-0.007717,-0.021639,-0.034275,-0.043214,-0.048487,0.001833,0.004116,0.006206,0.008746,0.010611,-0.006527,-0.011961,-0.013987,-0.017942,-0.019228,-0.000193,-0.005852,-0.009839,-0.01389,-0.014565,-0.009614,-0.023665,-0.035304,-0.045529,-0.052378,0.004437,0.011575,0.017009,0.021157,0.0209,0.002726,0.007578,0.010848,0.012538,0.010531,-0.000306,-0.004601,-0.005908,-0.009039,-0.008415,0.002161,0.001884,0.000226,0.001879,0.004268,0.000997,-0.005543,-0.012031,-0.017499,-0.02054,0.094022,-1.005411,-0.101984,-0.9279,1,0,0,0,0,0,0,0,0,0,0
4232,-0.006973,-0.018478,-0.028215,-0.033292,-0.037631,0.0,-0.003085,-0.002346,-0.00421,-0.004885,-0.006748,-0.020952,-0.031011,-0.03882,-0.042098,0.001896,0.002699,0.005817,0.007745,0.009544,-0.005399,-0.007552,-0.01054,-0.012115,-0.012276,-0.001767,-0.009319,-0.008548,-0.014493,-0.013818,-0.007038,-0.020342,-0.031011,-0.039398,-0.045183,0.002924,0.009416,0.015746,0.016293,0.016389,0.001046,0.00666,0.009907,0.008568,0.007048,-0.001692,-0.005598,-0.005044,-0.008797,-0.007044,0.000278,-0.001441,-0.000881,6.2e-05,0.003678,-0.001552,-0.010255,-0.016245,-0.019593,-0.023075,0.09525,-1.007468,-0.104862,-0.930793,1,0,0,0,0,0,0,0,0,0,0
4233,-0.005297,-0.014447,-0.024239,-0.029087,-0.031688,-0.000995,-0.003178,-0.003596,-0.004559,-0.004238,-0.007159,-0.019777,-0.028702,-0.033967,-0.036343,0.000385,0.002472,0.005008,0.00687,0.007801,-3.2e-05,-0.002055,-0.006004,-0.007288,-0.006357,-0.003885,-0.007866,-0.011911,-0.012585,-0.010595,-0.006999,-0.018621,-0.02883,-0.035669,-0.040195,0.004206,0.009631,0.013773,0.013516,0.013259,0.0038,0.007065,0.008753,0.006749,0.005724,-0.002598,-0.003903,-0.00703,-0.006406,-0.004385,-0.000551,-0.002191,-0.000556,0.001808,0.004848,-0.00493,-0.01135,-0.01676,-0.019769,-0.022675,0.096713,-1.009458,-0.107295,-0.933943,1,0,0,0,0,0,0,0,0,0,0
4234,-0.006204,-0.015944,-0.021023,-0.025363,-0.028899,-0.002089,-0.00135,-0.003215,-0.00389,-0.002861,-0.00704,-0.017101,-0.024913,-0.028192,-0.029317,0.000418,0.003536,0.005465,0.007265,0.007426,-0.002122,-0.005111,-0.006686,-0.006847,-0.00614,-0.003665,-0.002893,-0.00884,-0.008165,-0.003215,-0.006301,-0.016973,-0.025363,-0.031149,-0.034364,0.002282,0.008615,0.009161,0.009258,0.009933,0.00181,0.005059,0.003719,0.002198,0.00287,-0.001306,-0.000751,-0.004505,-0.002752,0.0016,-0.001167,-0.000605,0.00034,0.003964,0.006764,-0.003749,-0.009752,-0.013107,-0.016596,-0.019993,0.097164,-1.012219,-0.110647,-0.939272,1,0,0,0,0,0,0,0,0,0,0
4235,-0.002971,-0.012822,-0.017699,-0.020315,-0.022382,-9.7e-05,-0.000517,-0.001486,-0.001163,-0.00084,-0.00562,-0.014599,-0.019895,-0.022285,-0.022124,0.001679,0.004231,0.006104,0.007041,0.007041,9.7e-05,-0.003876,-0.005168,-0.004231,-0.004296,-0.000323,-0.004392,-0.005071,-0.003068,0.00478,-0.005361,-0.015632,-0.022511,-0.027065,-0.029359,0.003165,0.007332,0.007073,0.006815,0.00759,0.001465,0.003163,0.001147,0.000116,0.001082,-1e-06,-0.003147,-0.002519,-0.000485,0.007211,-0.000504,0.001201,0.003667,0.006837,0.010219,-0.00282,-0.008462,-0.0116,-0.01463,-0.01567,0.096915,-1.012336,-0.112445,-0.944712,1,0,0,0,0,0,0,0,0,0,0
4236,-0.006817,-0.011922,-0.016283,-0.019837,-0.0189,0.00084,-0.001034,-0.001712,-0.000678,-0.001809,-0.004491,-0.012342,-0.015637,-0.016768,-0.015605,0.001454,0.003392,0.005202,0.005363,0.005525,-0.003102,-0.004685,-0.004846,-0.004135,-0.005686,0.001098,-0.004878,-0.0042,0.000775,0.005525,-0.005363,-0.013795,-0.019611,-0.022842,-0.023585,0.003198,0.003748,0.003845,0.004523,0.005815,0.001799,0.000452,-0.001076,-0.0004,0.000879,0.000558,-0.003215,-0.001453,0.002921,0.0085,0.001087,0.002066,0.00582,0.00872,0.011295,-0.003392,-0.006867,-0.010482,-0.014001,-0.010918,0.096227,-1.015263,-0.111602,-0.947716,1,0,0,0,0,0,0,0,0,0,0
4237,-0.00304,-0.007923,-0.010542,-0.012611,-0.011674,-0.001261,-0.002231,-0.001908,-0.001585,-0.00388,-0.004495,-0.009798,-0.012191,-0.012029,-0.01051,0.001099,0.002975,0.003913,0.003913,0.004074,-0.000873,-0.002167,-0.001229,-0.001293,-0.004624,-0.005174,-0.005853,-0.003848,0.00401,0.004333,-0.004915,-0.011803,-0.016363,-0.018659,-0.016945,0.00097,0.000711,0.000453,0.001229,0.002555,-0.000101,-0.002119,-0.003152,-0.002185,-0.00104,-0.003708,-0.003079,-0.001044,0.006662,0.008826,0.000626,0.003112,0.00631,0.009721,0.009301,-0.002276,-0.005442,-0.008498,-0.009546,-0.004965,0.095272,-1.0215,-0.110186,-0.953907,1,0,0,0,0,0,0,0,0,0,0
4238,-0.002073,-0.006446,-0.01001,-0.00907,-0.008844,-0.000615,-0.001296,-0.000259,-0.001393,-0.002851,-0.003369,-0.006673,-0.007807,-0.006641,-0.005507,0.000842,0.002656,0.002818,0.00298,0.002818,-0.000713,-0.000875,-0.000162,-0.001717,-0.005313,-0.00081,-0.00013,0.004859,0.009621,0.009945,-0.003531,-0.009362,-0.012601,-0.013346,-0.011046,-0.000421,-0.000324,0.000356,0.001652,0.00162,-0.001249,-0.002782,-0.002104,-0.000821,-0.000786,-6.8e-05,0.001698,0.006084,0.011678,0.013069,0.000364,0.004189,0.007144,0.009767,0.008051,-0.001236,-0.004919,-0.008505,-0.005363,-0.001252,0.095076,-1.030776,-0.109531,-0.963409,1,0,0,0,0,0,0,0,0,0,0
4239,-0.002826,-0.005457,-0.007535,-0.006593,-0.006918,-0.000357,-3.2e-05,0.000292,-0.002014,-0.001137,-0.001949,-0.004352,-0.00419,-0.002663,-0.001689,0.001039,0.001981,0.001981,0.002144,0.001949,-0.000585,0.000357,0.000292,-0.003053,-0.005814,0.00013,0.002144,0.010036,0.010361,0.011335,-0.003378,-0.007957,-0.010264,-0.008542,-0.006301,0.000162,-9.7e-05,0.000682,0.002014,0.001299,-0.000774,-0.001812,-0.000841,0.000309,-0.000309,0.0007,0.002745,0.010485,0.012658,0.012521,0.002194,0.005491,0.009009,0.008575,0.006762,-0.002005,-0.005156,-0.006238,-0.001514,0.001053,0.09418,-1.036653,-0.109003,-0.970573,1,0,0,0,0,0,0,0,0,0,0
4240,-0.00156,-0.005135,-0.004192,-0.003965,-0.005005,-0.000325,0.000715,-0.000422,-0.001885,-0.00052,-0.001365,-0.002502,-0.001332,-0.000195,0.000357,0.00078,0.000942,0.001105,0.000942,0.000942,0.000422,0.001137,-0.000422,-0.00403,-0.006922,0.000552,0.005557,0.010335,0.01066,0.010887,-0.00247,-0.00572,-0.006467,-0.00416,-0.000552,-6.5e-05,0.000617,0.001917,0.001885,-0.000845,-0.000762,-8.3e-05,0.001205,0.00124,-0.001717,0.001072,0.005472,0.011084,0.01248,0.011174,0.00171,0.004733,0.007416,0.005661,0.001488,-0.001754,-0.005422,-0.002208,0.001998,0.00383,0.091796,-1.03904,-0.108176,-0.975107,1,0,0,0,0,0,0,0,0,0,0
4241,-0.001075,-0.003161,-0.002216,-0.002542,-0.004464,0.000652,0.000978,-0.001336,-0.000456,0.000358,-0.001043,-0.00088,0.000652,0.001629,0.002053,0.000163,0.000163,0.000326,0.00013,0.000163,0.000521,0.000456,-0.0029,-0.00567,-0.008733,0.001466,0.009385,0.009711,0.010688,0.010362,-0.002118,-0.004432,-0.002705,-0.000456,0.007397,-0.000196,0.000587,0.001923,0.001206,-0.00277,-0.000277,0.000698,0.001851,0.001231,-0.003294,0.000977,0.008742,0.010922,0.010785,0.009544,0.001632,0.005232,0.004788,0.002932,-0.007502,-0.001438,-0.002544,0.002289,0.004916,0.006013,0.086271,-1.041226,-0.108721,-0.980456,1,0,0,0,0,0,0,0,0,0,0
4242,-0.002515,-0.001568,-0.001339,-0.002384,-0.004213,0.000392,-0.000751,-0.002221,-0.000849,0.001013,-9.8e-05,0.001078,0.002221,0.002776,0.003593,0.0,0.000163,0.0,0.0,-0.000915,0.000196,-0.001372,-0.004997,-0.007904,-0.009831,0.00356,0.008362,0.008688,0.008917,0.009537,-0.001143,-0.001894,0.000425,0.00405,0.01411,0.000882,0.002188,0.002156,-0.000588,-0.003462,0.00096,0.002254,0.002289,-0.000682,-0.003235,0.003443,0.009083,0.010486,0.009173,0.007928,0.001472,0.00425,0.002433,-0.001889,-0.015224,-0.002337,0.000991,0.005346,0.007244,0.007229,0.081495,-1.04271,-0.109124,-0.984018,1,0,0,0,0,0,0,0,0,0,0
4243,0.000425,0.001374,0.001047,-0.000884,-0.00216,-6.5e-05,-0.002389,-0.001505,-0.000687,0.000164,0.000262,0.0018,0.002782,0.003207,0.004647,0.0,0.000164,-3.3e-05,0.0,-0.000982,-0.000262,-0.003633,-0.006414,-0.009491,-0.010669,0.004385,0.004713,0.005694,0.005367,0.005629,-0.001178,0.000556,0.002814,0.010701,0.018883,-9.8e-05,0.001244,0.000524,-0.003469,-0.005662,1.7e-05,0.001175,0.000552,-0.003992,-0.005584,0.004349,0.006538,0.0064,0.005154,0.004576,0.002217,0.00176,-0.000152,-0.010904,-0.020699,0.001229,0.00621,0.008917,0.010047,0.009883,0.078011,-1.045145,-0.109119,-0.988181,1,0,0,0,0,0,0,0,0,0,0
4244,0.000524,0.000754,-0.000295,-0.00213,-0.00249,-0.001081,-0.002556,-0.001179,0.000688,-0.000295,0.000917,0.002064,0.002621,0.00344,0.005603,0.000164,0.0,0.0,-0.000917,-0.001016,-0.001311,-0.004947,-0.007863,-0.009796,-0.010419,0.000426,0.000754,0.000983,0.001605,0.001179,0.000426,0.002752,0.006389,0.01648,0.022574,0.001409,0.001376,-0.001376,-0.004259,-0.008879,0.001281,0.001316,-0.001664,-0.004224,-0.008943,0.001304,0.002711,0.001394,0.000145,0.000676,0.000605,-0.001253,-0.005669,-0.019297,-0.024706,0.002162,0.006613,0.008552,0.008537,0.008876,0.075853,-1.045464,-0.109413,-0.99348,1,0,0,0,0,0,0,0,0,0,0
4245,0.000427,9.9e-05,-0.00184,-0.003121,-0.00345,-0.001248,-0.000361,0.00046,0.001314,0.000788,0.000624,0.00161,0.002037,0.003482,0.006045,0.0,-0.000197,-0.000164,-0.00115,0.000723,-0.00207,-0.004862,-0.00795,-0.009133,-0.009002,-9.9e-05,0.000887,0.000559,0.000821,0.000197,0.001314,0.003581,0.011499,0.019712,0.024508,-6.6e-05,-0.000788,-0.004797,-0.006998,-0.010316,-0.000122,-0.000747,-0.005309,-0.006907,-0.0122,0.000891,0.000752,-0.000499,-0.001078,-0.001134,-0.001086,-0.003051,-0.014098,-0.024163,-0.027024,0.002914,0.005695,0.006857,0.006688,0.006172,0.073575,-1.045765,-0.109591,-0.995274,1,0,0,0,0,0,0,0,0,0,0
4246,-0.000198,-0.001257,-0.003108,-0.003472,-0.003836,-0.000231,0.001157,0.003042,0.00205,0.002083,0.000529,0.001091,0.001918,0.004101,0.00711,-0.000165,-0.000165,-0.001091,-0.00119,0.001521,-0.001587,-0.00453,-0.006482,-0.00711,-0.006944,0.00043,0.000661,0.00129,0.00086,-0.000397,0.001025,0.004696,0.014881,0.021032,0.025662,3.3e-05,-0.002745,-0.005655,-0.010318,-0.009755,0.000158,-0.00285,-0.005434,-0.010197,-0.012419,0.000523,-0.000805,-0.002066,-0.00153,-0.002766,-0.000845,-0.005557,-0.020099,-0.02587,-0.028104,0.001699,0.003768,0.003752,0.004113,0.003371,0.071037,-1.045315,-0.109385,-0.994722,1,0,0,0,0,0,0,0,0,0,0
4247,-0.000134,-0.002103,-0.003405,-0.003739,-0.002671,0.001135,0.00197,0.002838,0.002303,0.002537,0.000467,0.000901,0.00237,0.004974,0.007845,-3.3e-05,0.0,-0.001001,0.000901,0.003105,-0.001235,-0.004373,-0.005575,-0.005441,-0.005174,0.000568,0.000234,0.000501,-0.000134,-0.000835,0.001269,0.009314,0.01766,0.022534,0.026773,-0.000768,-0.004841,-0.007077,-0.010449,-0.004006,-0.000795,-0.005431,-0.007055,-0.012433,-0.008258,-0.000669,-0.00194,-0.002529,-0.002586,-0.00359,-0.001295,-0.013652,-0.02491,-0.02811,-0.030542,0.001296,0.002595,0.002406,0.001829,0.002684,0.068881,-1.049684,-0.108776,-0.99545,1,0,0,0,0,0,0,0,0,0,0
4248,-0.000941,-0.002823,-0.003193,-0.003563,-0.000168,0.000269,0.002185,0.001176,0.00121,0.001412,0.000101,0.000941,0.00316,0.006218,0.009579,3.4e-05,-0.000908,-0.001008,0.001748,0.00363,-0.001748,-0.003731,-0.00437,-0.004201,-0.002958,-0.000336,0.000303,-0.000134,-0.001412,-0.001143,0.002454,0.012806,0.019058,0.023763,0.027562,-0.00205,-0.005008,-0.009747,-0.009176,-3.4e-05,-0.002257,-0.004884,-0.009724,-0.011983,-0.004749,-0.000677,-0.001958,-0.001414,-0.00267,-0.002797,-0.003923,-0.02022,-0.026688,-0.029192,-0.030422,0.00096,0.000942,0.001347,0.000516,0.003203,0.066967,-1.051997,-0.109143,-0.995831,1,0,0,0,0,0,0,0,0,0,0
4249,-0.001047,-0.002364,-0.002702,-0.001621,0.003242,0.000574,0.001452,0.000912,0.001148,0.001317,0.000338,0.001824,0.004458,0.007363,0.010808,0.0,-0.001013,0.000912,0.003141,0.003715,-0.001418,-0.002634,-0.002499,-0.002229,0.000507,0.0,0.00027,-0.000372,-0.001081,0.000203,0.005674,0.014117,0.019048,0.023337,0.026242,-0.00206,-0.004323,-0.007734,-0.001216,0.003884,-0.002422,-0.004065,-0.009506,-0.005283,-0.000738,-0.000606,-0.001202,-0.001259,-0.002275,-0.001354,-0.009347,-0.021559,-0.02503,-0.027669,-0.027056,0.000417,0.000212,-0.000414,0.000513,0.003373,0.066573,-1.052666,-0.108785,-0.996235,1,0,0,0,0,0,0,0,0,0,0
4250,-0.000848,-0.001221,-0.001594,0.001831,0.006443,0.001356,0.000339,0.000373,0.000576,0.000746,0.000509,0.002747,0.005833,0.009224,0.012446,-0.00095,-0.001051,0.001729,0.003629,0.0039,-0.000576,-0.001221,-0.001051,0.000203,0.003968,0.000644,0.000203,-0.001085,-0.000814,-3.4e-05,0.004748,0.011055,0.015803,0.019635,0.021364,-0.000916,-0.005697,-0.005121,0.004103,0.006138,-0.000218,-0.005102,-0.007381,-8.2e-05,0.001746,-0.000684,-0.000135,-0.001402,-0.001531,-0.000996,-0.007725,-0.014607,-0.017272,-0.018581,-0.015957,-0.000448,-1.7e-05,-0.000902,0.001958,0.003149,0.067328,-1.051674,-0.108368,-0.994991,1,0,0,0,0,0,0,0,0,0,0
4251,-0.000476,-0.000816,0.000272,0.005166,0.010331,-0.000476,-0.00102,-0.000782,-0.000612,-0.000544,0.000986,0.003636,0.006559,0.010025,0.015089,-6.8e-05,0.001869,0.004112,0.00469,0.005505,-0.000646,-0.00051,-0.000238,0.002515,0.007239,-0.000374,-0.00102,-0.001733,-0.000442,-0.001054,0.003738,0.0087,0.013016,0.015939,0.017842,-0.001359,-0.004792,0.001767,0.006899,0.007918,-0.001435,-0.006909,-0.002659,0.001914,0.002265,8.6e-05,2.8e-05,-0.000994,-6.7e-05,-0.000782,-0.004915,-0.00854,-0.011296,-0.010657,-0.004728,0.000241,-0.000413,0.000555,0.003542,0.004055,0.068936,-1.048882,-0.106219,-0.991032,1,0,0,0,0,0,0,0,0,0,0
4252,0.000102,-0.000273,0.003172,0.007811,0.012484,-0.000546,-0.000512,-0.000307,-0.000136,-0.002456,0.001262,0.004366,0.007777,0.011018,0.016271,-3.4e-05,0.002763,0.004673,0.004946,0.005901,0.0,0.000171,0.001433,0.005219,0.011154,-6.8e-05,-0.001364,-0.001092,-0.000307,-0.003138,0.002592,0.007368,0.011222,0.012962,0.014872,-0.003445,-0.002865,0.006413,0.008459,0.010438,-0.003472,-0.005764,0.001577,0.003416,0.004602,0.000466,-0.000808,-0.000937,-0.0004,-0.000799,-0.002126,-0.004902,-0.006266,-0.003532,0.002818,0.000201,-0.00072,0.002259,0.0035,0.001719,0.070799,-1.044059,-0.104098,-0.981967,1,0,0,0,0,0,0,0,0,0,0
4253,-0.000445,0.000651,0.005582,0.010787,0.017225,0.0,0.00024,0.000411,0.000479,-0.002123,0.001404,0.004349,0.007842,0.012945,0.018766,0.001986,0.004246,0.004829,0.00565,0.006301,0.000137,0.000411,0.003185,0.007945,0.019862,-0.000582,-0.001301,0.0,-0.000616,-0.003904,0.002397,0.006746,0.009691,0.011609,0.013253,0.0,0.006609,0.01178,0.012808,0.014657,-0.002031,0.002252,0.00686,0.007214,0.008635,-0.000526,-0.001556,-0.000622,-0.001343,-0.001525,-0.001639,-0.004547,-0.003872,0.002382,0.010575,-0.000897,0.000125,0.003276,0.003816,-0.003916,0.076589,-1.044088,-0.105966,-0.980461,1,0,0,0,0,0,0,0,0,0,0
4254,6.9e-05,0.003533,0.008198,0.012897,0.025829,3.4e-05,0.00024,0.000412,-0.001921,-0.000995,0.001715,0.005145,0.008404,0.013686,0.023633,0.000823,0.002744,0.003018,0.003979,0.004391,3.4e-05,0.001303,0.005111,0.011079,0.025863,-0.00072,-0.000446,0.000343,-0.002504,-0.001887,0.002401,0.006277,0.008026,0.009947,0.011868,0.000583,0.009913,0.011971,0.01396,0.016636,-0.000271,0.007111,0.00896,0.010154,0.012894,-0.000755,-0.000884,-0.000344,-0.000745,-0.000885,-0.001228,-0.002646,0.000196,0.006798,0.022823,-5.1e-05,0.003047,0.004337,0.002486,-0.000165,0.082758,-1.04619,-0.101798,-0.981323,1,0,0,0,0,0,0,0,0,0,0
4255,0.001029,0.005968,0.011182,0.017631,0.033546,0.000206,0.000377,0.000446,-0.002161,-0.000995,0.001235,0.004734,0.009844,0.015675,0.027681,0.001441,0.002024,0.002847,0.003499,0.007855,0.00024,0.003018,0.007786,0.019723,0.032997,0.0,0.001303,0.000686,-0.002607,-6.9e-05,0.001955,0.004905,0.006826,0.008472,0.010187,0.006037,0.011216,0.012245,0.014098,0.016842,0.00456,0.009176,0.009531,0.010954,0.010042,-0.000277,0.000659,-6.3e-05,-0.000246,0.000872,-0.001713,-0.00103,0.005295,0.013582,0.034805,0.001084,0.004271,0.004818,-0.003002,0.000899,0.090388,-1.040285,-0.098623,-0.976822,1,0,0,0,0,0,0,0,0,0,0
4256,0.002436,0.007101,0.0118,0.024733,0.040306,0.0,0.000172,-0.002161,-0.001235,-0.001406,0.002195,0.005454,0.010737,0.020685,0.032348,0.00048,0.000755,0.001715,0.002127,0.008336,0.001029,0.004837,0.010806,0.02559,0.040306,0.000274,0.001063,-0.001784,-0.001166,0.002298,0.001921,0.00367,0.005591,0.007512,0.008679,0.003293,0.005351,0.007341,0.010017,0.010806,0.002822,0.004671,0.005865,0.008606,0.00402,0.000148,0.000688,0.000286,0.000147,0.00369,0.000295,0.003138,0.009744,0.025777,0.047684,0.002015,0.003305,0.001453,-0.001199,0.000499,0.098865,-1.032278,-0.09593,-0.972639,1,0,0,0,0,0,0,0,0,0,0
4257,0.002503,0.007715,0.014162,0.030072,0.046839,0.000171,0.00024,-0.002366,-0.0012,-0.001474,0.001303,0.006412,0.012241,0.024243,0.03693,0.000103,0.000926,0.001577,0.005932,0.008812,0.001749,0.006515,0.018448,0.031718,0.04972,0.001029,0.000411,-0.00288,-0.000343,0.003532,0.001029,0.002949,0.004595,0.006309,0.007509,0.001886,0.002915,0.004766,0.007509,0.004458,0.001793,0.002148,0.003571,0.002659,-0.002226,0.000788,6.7e-05,-0.000116,0.001001,0.005246,0.000387,0.006698,0.014965,0.036139,0.05965,0.001171,0.001716,-0.006086,-0.002194,-0.003466,0.106481,-1.024078,-0.09653,-0.969444,1,0,0,0,0,0,0,0,0,0,0
4258,0.002159,0.006853,0.01977,0.035325,0.051223,0.0,-0.00233,-0.001405,-0.001576,0.000548,0.001953,0.00723,0.017166,0.028815,0.044302,0.000171,0.001131,0.001542,0.007743,0.008326,0.002056,0.008018,0.022785,0.037484,0.054752,-0.00024,-0.003084,-0.002467,0.000994,0.018948,0.00072,0.002638,0.004557,0.005722,0.007606,0.000171,0.002159,0.004831,0.005619,0.001576,5.5e-05,0.001247,0.003985,-0.000595,-0.00381,-0.000248,-0.000649,-0.000788,0.00275,0.018639,0.002435,0.008987,0.024889,0.046616,0.073391,0.000116,-0.001722,-0.004352,-0.002668,-0.00237,0.113408,-1.020602,-0.092465,-0.979408,1,0,0,0,0,0,0,0,0,0,0
4259,0.003046,0.009481,0.025363,0.042101,0.056135,6.8e-05,-0.002533,-0.001369,-0.001643,0.001335,0.003149,0.008968,0.020948,0.033612,0.051343,0.00065,0.001301,0.005648,0.008523,0.008249,0.002704,0.014616,0.027862,0.045832,0.061646,-0.000377,-0.003662,-0.00113,0.002738,0.028033,0.001198,0.002841,0.004552,0.00575,0.009105,0.000856,0.002704,0.005442,0.002396,0.00113,0.000299,0.001719,0.000809,-0.004067,-0.003404,-0.000473,-0.000655,0.00046,0.004698,0.027084,0.003815,0.011981,0.032893,0.056114,0.083366,0.000424,-0.007282,-0.003438,-0.004694,-0.004483,0.119587,-1.014428,-0.087974,-0.980984,1,0,0,0,0,0,0,0,0,0,0
4260,0.001637,0.014497,0.029983,0.04581,0.066856,-0.002388,-0.001467,-0.001637,0.000478,0.002763,0.002115,0.012007,0.023604,0.039022,0.057612,0.000307,0.000716,0.00689,0.00747,0.005458,0.00324,0.017942,0.032575,0.049766,0.073882,-0.002456,-0.001842,0.001603,0.019477,0.032814,0.000716,0.002626,0.003786,0.005662,0.010642,0.001126,0.003786,0.004571,0.000546,-0.002831,0.000889,0.003615,-0.000945,-0.004146,-0.003747,7.2e-05,-6.7e-05,0.003456,0.019273,0.030561,0.002626,0.018037,0.039093,0.065042,0.09047,-0.002194,-0.004743,-0.003112,-0.002823,-0.006457,0.127793,-1.010627,-0.086887,-0.979907,1,0,0,0,0,0,0,0,0,0,0
4261,0.004742,0.02046,0.037025,0.050914,0.086957,-0.000203,0.000948,0.000677,0.003625,0.015955,0.003658,0.015515,0.028048,0.045596,0.066192,0.000339,0.004641,0.007486,0.007215,0.002947,0.00857,0.02168,0.039464,0.055115,0.086008,-0.000813,0.001694,0.005522,0.030555,0.051727,0.000915,0.002608,0.003794,0.007114,0.016768,0.000711,0.003421,0.000406,-0.000847,-0.004167,0.000523,-0.000378,-0.005203,-0.004547,-0.002086,-0.000252,0.000852,0.005046,0.0272,0.035563,0.005091,0.024537,0.046129,0.071471,0.090635,-0.005075,-0.0015,-0.002669,-0.002473,0.00845,0.132873,-1.010157,-0.082475,-0.99025,1,0,0,0,0,0,0,0,0,0,0
4262,0.008021,0.023386,0.03909,0.059972,0.096997,0.001117,0.000948,0.003046,0.005314,0.020814,0.00616,0.017667,0.032964,0.051409,0.076149,6.8e-05,0.006193,0.006769,0.004772,0.001658,0.006024,0.020543,0.037601,0.061528,0.093748,0.001421,0.00484,0.022574,0.035807,0.05608,0.000981,0.002132,0.003994,0.008935,0.027211,0.001929,0.002708,-0.001286,-0.004637,-0.007209,0.002182,-0.002342,-0.005518,-0.005122,-0.003629,0.000114,0.003609,0.019303,0.030503,0.034828,0.009531,0.029464,0.054029,0.078102,0.089499,0.00263,0.004174,0.004448,0.001008,0.010445,0.134915,-1.004086,-0.07825,-0.985969,1,0,0,0,0,0,0,0,0,0,0
4263,0.007677,0.024215,0.038081,0.074066,0.108799,3.4e-05,-0.000237,0.002706,0.015016,0.026921,0.005682,0.018195,0.035714,0.056277,0.078598,0.004228,0.007068,0.006798,0.002537,-0.001251,0.007068,0.024824,0.040449,0.071293,0.104504,0.001082,0.004904,0.029897,0.051034,0.061857,0.00071,0.001894,0.005208,0.014847,0.039197,0.000778,-0.002232,-0.003483,-0.006798,-0.011397,-0.00308,-0.007897,-0.007242,-0.004785,-0.005888,0.000988,0.005175,0.027294,0.035643,0.034443,0.009743,0.031092,0.056147,0.075095,0.071744,0.000918,-0.000238,-4.4e-05,0.010756,0.013371,0.137487,-1.001726,-0.076265,-0.987067,1,0,0,0,0,0,0,0,0,0,0
4264,0.00763,0.023227,0.043967,0.080741,0.122086,-0.000202,0.001882,0.004135,0.01953,0.030084,0.005782,0.020975,0.039295,0.063867,0.083295,0.001882,0.002454,0.000471,-0.002622,-0.009076,0.007395,0.024337,0.048102,0.080102,0.114489,0.002319,0.019933,0.033076,0.053211,0.065883,0.000437,0.002286,0.007193,0.025345,0.048236,0.0,-0.003966,-0.007294,-0.009849,-0.013412,-0.001432,-0.004586,-0.004193,-0.00271,-0.000373,0.002489,0.018077,0.0292,0.033496,0.035072,0.009669,0.033089,0.05604,0.066905,0.060264,0.000594,0.000854,-0.002425,0.006572,0.019238,0.142808,-1.002132,-0.076711,-0.988245,1,0,0,0,0,0,0,0,0,0,0
4265,0.008739,0.022415,0.057905,0.092161,0.137157,-6.7e-05,0.002835,0.014977,0.026718,0.032088,0.006604,0.023882,0.044162,0.066177,0.093061,0.000934,0.000667,-0.003536,-0.007271,-0.01958,0.010173,0.025583,0.056003,0.088758,0.128351,0.001468,0.026117,0.046964,0.057638,0.067444,0.000734,0.004003,0.013509,0.037525,0.061941,-0.002969,-0.004203,-0.007472,-0.012008,-0.017578,-0.00333,-0.002684,-0.000261,-0.001348,0.00568,0.001659,0.023474,0.031708,0.030525,0.034558,0.010217,0.032959,0.050158,0.047116,0.049593,-0.001611,-0.001435,0.008367,0.010741,0.020554,0.143824,-1.001723,-0.078539,-0.987712,1,0,0,0,0,0,0,0,0,0,0
4266,0.006701,0.027168,0.063458,0.104259,0.146221,0.002123,0.004345,0.019538,0.029954,0.031911,0.008426,0.026504,0.050753,0.069926,0.102567,-0.000365,-0.002322,-0.005374,-0.011743,-0.029158,0.006601,0.030054,0.061633,0.095568,0.142639,0.015922,0.028893,0.048762,0.061268,0.064221,0.001095,0.005938,0.02385,0.04644,0.076196,-0.000962,-0.004246,-0.006767,-0.010283,-0.024879,0.000199,0.000587,0.002051,0.004357,0.007575,0.013732,0.024709,0.028949,0.030504,0.031879,0.011516,0.032434,0.042338,0.036285,0.040408,0.001788,-0.001202,0.006999,0.018544,0.009973,0.144941,-0.995363,-0.082161,-0.983746,1,0,0,0,0,0,0,0,0,0,0
4267,0.006849,0.041886,0.075704,0.120125,0.156973,0.000757,0.012744,0.024335,0.029636,0.027134,0.008693,0.028714,0.050447,0.076988,0.110609,9.9e-05,-0.00405,-0.007738,-0.019889,-0.039976,0.00866,0.038692,0.071028,0.110115,0.160727,0.008529,0.029109,0.039647,0.049328,0.04205,0.00214,0.011525,0.035234,0.059338,0.097042,-0.000263,-0.00349,-0.007969,-0.013468,-0.041161,0.00044,0.002832,0.001759,0.008697,0.000577,0.007904,0.016033,0.014865,0.018847,0.0152,0.009845,0.025563,0.022783,0.025047,0.020591,-0.001537,0.007421,0.009591,0.018559,-0.004178,0.139138,-0.981566,-0.086015,-0.977098,1,0,0,0,0,0,0,0,0,0,0
4268,0.013371,0.049136,0.089347,0.130702,0.167971,0.001438,0.016411,0.026677,0.028605,0.019648,0.009186,0.033084,0.05198,0.084149,0.116841,-0.002027,-0.005035,-0.011311,-0.028475,-0.051555,0.014515,0.045638,0.079082,0.125471,0.173692,0.004315,0.023898,0.036223,0.039132,0.024519,0.002648,0.020302,0.042565,0.071889,0.108079,-0.002975,-0.00546,-0.008925,-0.023309,-0.050378,-5.5e-05,0.001388,0.00366,0.006832,0.002368,0.002971,0.007149,0.008682,0.010037,0.005407,0.00953,0.018474,0.013008,0.01673,0.012395,-0.001238,0.006168,0.016592,0.008853,-0.008475,0.14317,-0.978359,-0.087401,-0.967795,1,0,0,0,0,0,0,0,0,0,0
4269,0.021315,0.054736,0.098635,0.13505,0.178038,0.010413,0.021868,0.027108,0.024634,0.007322,0.010641,0.032119,0.058348,0.091573,0.124441,-0.002083,-0.005727,-0.017735,-0.037586,-0.058771,0.01523,0.047186,0.085813,0.135831,0.184318,0.016043,0.026457,0.036024,0.028832,0.011292,0.006639,0.030069,0.05389,0.09115,0.125612,-0.000228,-0.004654,-0.010088,-0.037456,-0.05402,0.002418,0.001358,0.008214,0.000189,0.00454,0.005076,0.003922,0.007857,0.004253,0.004579,0.005241,0.002681,0.004765,0.000663,-0.00264,0.009446,0.011443,0.019699,-0.001232,-0.009203,0.139847,-0.9757,-0.093475,-0.961816,1,0,0,0,0,0,0,0,0,0,0
4270,0.01421,0.054023,0.094969,0.131869,0.175178,0.004467,0.014631,0.01654,0.007671,-0.013239,0.013077,0.031786,0.063637,0.096005,0.12915,-0.000906,-0.007121,-0.024115,-0.046967,-0.062698,0.015666,0.048779,0.09471,0.142454,0.192884,0.003431,0.015634,0.018515,0.004046,-0.010455,0.010876,0.032919,0.061953,0.097785,0.137404,-0.002233,-0.005664,-0.019907,-0.046708,-0.052923,-0.000977,0.001273,0.004413,-7e-06,0.008525,-0.000912,0.000605,0.001947,-0.002637,0.004512,0.003294,-0.001805,0.001668,-0.002376,-0.01348,-0.002191,0.007533,0.000314,-0.01585,-0.025097,0.132804,-0.978433,-0.10078,-0.956249,1,0,0,0,0,0,0,0,0,0,0
4271,0.018888,0.062221,0.098166,0.1406,0.18024,0.006874,0.012046,0.009605,-0.007485,-0.025698,0.008223,0.034114,0.066911,0.099355,0.128908,-0.002698,-0.014552,-0.034146,-0.055058,-0.067843,0.015997,0.054126,0.103499,0.151361,0.200702,0.006874,0.016318,0.009219,-0.008095,-0.01513,0.012335,0.035849,0.072629,0.106647,0.146447,-0.002152,-0.007517,-0.034532,-0.050882,-0.050015,-7.7e-05,0.006691,-0.001231,0.003064,0.015313,-0.000234,0.00365,9.3e-05,0.000415,0.012631,-0.00546,-0.003557,-0.007303,-0.010319,-0.027773,0.003901,0.01144,-0.007674,-0.014952,-0.02691,0.124085,-0.977955,-0.10933,-0.953293,1,0,0,0,0,0,0,0,0,0,0
4272,0.020503,0.060903,0.097311,0.140042,0.180442,0.003194,0.005078,-0.003673,-0.024304,-0.035226,0.010284,0.041709,0.073646,0.106349,0.133463,-0.003449,-0.020216,-0.042763,-0.058284,-0.070804,0.016767,0.062085,0.109191,0.158949,0.208419,0.005206,0.008048,-0.006228,-0.020535,-0.024943,0.009485,0.038132,0.073486,0.112577,0.154286,-0.001246,-0.015298,-0.041741,-0.047873,-0.047809,0.002297,0.005395,0.001034,0.009452,0.020287,0.00173,0.003054,-0.001469,0.005585,0.013176,0.000601,0.003762,8.1e-05,-0.010026,-0.033697,0.005106,-0.001466,-0.016179,-0.024596,-0.036665,0.114348,-0.978911,-0.120467,-0.949062,1,0,0,0,0,0,0,0,0,0,0
4273,0.022467,0.058026,0.100003,0.139217,0.174077,0.001938,-0.000477,-0.017382,-0.0354,-0.04004,0.01538,0.047825,0.07992,0.109155,0.133084,-0.008294,-0.027678,-0.048365,-0.061013,-0.077664,0.021037,0.069878,0.117227,0.166037,0.212019,0.004163,-0.00286,-0.019988,-0.026947,-0.032794,0.013823,0.050208,0.083861,0.123233,0.159936,-0.004068,-0.030792,-0.046967,-0.046109,-0.058312,0.00441,-0.003426,0.000822,0.01294,0.016075,0.002121,-0.001398,-0.00108,0.011005,0.0113,0.001184,-0.002289,-0.005086,-0.021269,-0.040923,0.002059,-0.015662,-0.02241,-0.033497,-0.0497,0.107388,-0.970434,-0.13099,-0.944771,1,0,0,0,0,0,0,0,0,0,0
4274,0.017607,0.053579,0.095799,0.135715,0.163767,-6.3e-05,-0.008709,-0.029093,-0.039885,-0.041841,0.015777,0.047331,0.079643,0.106433,0.12688,-0.00833,-0.030608,-0.045943,-0.058312,-0.086175,0.023887,0.070429,0.119591,0.168468,0.21012,-0.001325,-0.01543,-0.029566,-0.033921,-0.038212,0.014578,0.049509,0.088131,0.129341,0.159791,-0.009845,-0.035972,-0.04203,-0.041967,-0.081726,-0.001317,-0.005626,0.002691,0.013396,0.000655,-0.000798,-0.005267,0.001702,0.009202,0.008883,0.001779,-0.001605,-0.010895,-0.032652,-0.045208,-0.008001,-0.021524,-0.029261,-0.040354,-0.059505,0.100668,-0.948016,-0.138898,-0.941401,1,0,0,0,0,0,0,0,0,0,0
4275,0.017566,0.058928,0.097567,0.131916,0.156996,-0.002317,-0.018975,-0.036728,-0.0413,-0.045057,0.016313,0.047938,0.076745,0.100322,0.115508,-0.010834,-0.031218,-0.04368,-0.060087,-0.084228,0.024423,0.071077,0.119172,0.16448,0.201458,-0.005605,-0.022482,-0.029339,-0.0351,-0.038732,0.021386,0.054545,0.09334,0.129505,0.157935,-0.016564,-0.032501,-0.031656,-0.04368,-0.087578,-0.006414,-0.002228,0.009712,0.012801,-0.007903,-0.002676,-0.002362,0.009545,0.009836,0.011831,-0.004817,-0.007339,-0.021933,-0.039656,-0.053645,-0.008402,-0.014487,-0.024485,-0.039096,-0.054667,0.092922,-0.935204,-0.147567,-0.938413,1,0,0,0,0,0,0,0,0,0,0
4276,0.017966,0.059484,0.098737,0.126322,0.145437,-0.006206,-0.026251,-0.036863,-0.038787,-0.048034,0.014863,0.046638,0.072982,0.093089,0.102554,-0.011171,-0.026251,-0.038415,-0.065814,-0.078568,0.021566,0.06991,0.117975,0.158935,0.187482,-0.008316,-0.022217,-0.026499,-0.03072,-0.035157,0.013157,0.051137,0.091662,0.121606,0.149657,-0.009278,-0.015236,-0.015174,-0.054271,-0.080522,0.002119,0.010298,0.020825,0.008296,-0.006316,-0.001744,0.005111,0.012486,0.012171,0.018505,0.001513,-0.006749,-0.026097,-0.037264,-0.055806,-0.00414,-0.01102,-0.020885,-0.037916,-0.048831,0.08293,-0.928118,-0.153665,-0.935029,1,0,0,0,0,0,0,0,0,0,0
4277,0.022787,0.060683,0.094372,0.118971,0.131193,-0.010196,-0.027608,-0.032092,-0.035777,-0.047478,0.016307,0.04456,0.067685,0.082579,0.090134,-0.008937,-0.021159,-0.037251,-0.060929,-0.073335,0.024414,0.071585,0.116022,0.152291,0.173542,-0.008322,-0.015048,-0.020699,-0.024261,-0.029175,0.019501,0.057551,0.093021,0.120905,0.149527,-0.006449,-0.00562,-0.017413,-0.060468,-0.085527,0.002009,0.013719,0.016749,-0.003558,-0.017062,0.002033,0.013712,0.013997,0.015954,0.024232,-0.003609,-0.016349,-0.031823,-0.044035,-0.062878,-0.001463,-0.010191,-0.022947,-0.036541,-0.046189,0.071408,-0.916079,-0.158741,-0.933888,1,0,0,0,0,0,0,0,0,0,0
4278,0.018147,0.056663,0.083731,0.102487,0.108394,-0.009561,-0.019974,-0.021862,-0.030935,-0.037512,0.015011,0.040861,0.060591,0.069878,0.075845,-0.005937,-0.017873,-0.044758,-0.057272,-0.073349,0.023232,0.070395,0.110586,0.138598,0.154553,-0.005389,-0.009591,-0.013732,-0.018086,-0.021253,0.017934,0.057699,0.087081,0.114606,0.135645,0.000548,0.000609,-0.037755,-0.063514,-0.094723,0.006034,0.016363,0.004069,-0.010268,-0.025783,0.00471,0.011947,0.011638,0.017853,0.023082,-0.003837,-0.020784,-0.030564,-0.046805,-0.058882,-0.004649,-0.013289,-0.028206,-0.037766,-0.049246,0.068115,-0.902404,-0.162465,-0.930284,1,0,0,0,0,0,0,0,0,0,0
4279,0.019257,0.052367,0.076543,0.088556,0.090941,-0.007636,-0.012043,-0.015665,-0.027164,-0.029247,0.012888,0.035616,0.050254,0.057679,0.060003,-0.006127,-0.021943,-0.045214,-0.057408,-0.068515,0.023331,0.067006,0.102651,0.123538,0.129514,-0.001268,-0.006821,-0.010322,-0.015152,-0.016087,0.019619,0.05448,0.081886,0.110016,0.1223,0.000272,-0.011319,-0.053635,-0.078264,-0.104281,0.005528,0.008505,-0.011453,-0.024725,-0.039702,0.006809,0.00709,0.009013,0.017149,0.018951,-0.007676,-0.021383,-0.032201,-0.048893,-0.055722,-0.003359,-0.014659,-0.026701,-0.035247,-0.039151,0.062395,-0.890714,-0.161217,-0.92533,1,0,0,0,0,0,0,0,0,0,0
4280,0.018765,0.045372,0.063808,0.069614,0.069644,-0.002664,-0.004519,-0.013438,-0.019903,-0.022686,0.01263,0.032024,0.041152,0.047018,0.044474,-0.005657,-0.032084,-0.044384,-0.060187,-0.065365,0.023225,0.062731,0.090265,0.105948,0.102566,-0.002873,-0.006943,-0.011223,-0.014336,-0.014725,0.019633,0.048515,0.07557,0.096251,0.104631,-0.00021,-0.03792,-0.06324,-0.093917,-0.110168,0.004672,-0.007413,-0.021506,-0.036756,-0.047786,0.000361,5.8e-05,0.006167,0.011307,0.013,-0.00779,-0.016461,-0.03086,-0.041568,-0.048318,-0.004494,-0.01772,-0.026196,-0.036375,-0.032014,0.059324,-0.886966,-0.159322,-0.92109,1,0,0,0,0,0,0,0,0,0,0
4281,0.013959,0.03775,0.049571,0.051917,0.050996,-0.001693,-0.005257,-0.016573,-0.018622,-0.018088,0.009831,0.024236,0.031542,0.033829,0.028335,-0.00995,-0.032849,-0.044848,-0.055778,-0.060115,0.019929,0.055006,0.075559,0.08144,0.07351,-0.002614,-0.006059,-0.010811,-0.011732,-0.011227,0.014821,0.041789,0.06947,0.081559,0.079598,-0.011197,-0.052838,-0.077074,-0.102676,-0.113279,-0.001706,-0.021346,-0.034406,-0.049144,-0.055378,-8.3e-05,0.00181,0.009816,0.011589,0.010267,-0.004862,-0.014528,-0.029442,-0.035543,-0.03763,-0.005836,-0.016595,-0.02423,-0.027719,-0.020179,0.061787,-0.882624,-0.155068,-0.918681,1,0,0,0,0,0,0,0,0,0,0
4282,0.012331,0.030459,0.036169,0.036198,0.031695,-0.000147,-0.008917,-0.015274,-0.018011,-0.016451,0.009329,0.018305,0.024073,0.021572,0.01648,-0.016127,-0.028223,-0.043761,-0.048853,-0.055504,0.0191,0.046175,0.061596,0.05827,0.04591,-0.001413,-0.005621,-0.008682,-0.009064,-0.007975,0.013714,0.040318,0.060654,0.068894,0.058152,-0.025986,-0.050883,-0.081048,-0.097029,-0.107535,-0.010192,-0.02405,-0.039046,-0.049892,-0.053805,-0.000216,0.005791,0.010845,0.01251,0.010628,-0.003148,-0.015947,-0.025465,-0.031464,-0.028616,-0.006283,-0.013818,-0.022865,-0.018989,-0.011119,0.064937,-0.876623,-0.150213,-0.916818,1,0,0,0,0,0,0,0,0,0,0
4283,0.011182,0.022832,0.025145,0.024238,0.016451,-0.003366,-0.014519,-0.016539,-0.016012,-0.016627,0.004918,0.012119,0.014373,0.008957,0.003571,-0.006528,-0.018354,-0.029126,-0.0334,-0.046367,0.015573,0.035829,0.041625,0.03381,0.023681,-0.001991,-0.006674,-0.007582,-0.007084,-0.004684,0.012938,0.04022,0.052134,0.050202,0.040337,-0.015192,-0.039079,-0.064311,-0.074762,-0.080528,-0.009218,-0.02209,-0.036615,-0.042759,-0.035594,0.00208,0.009971,0.011719,0.010416,0.012977,-0.005699,-0.01917,-0.024681,-0.026567,-0.024356,-0.003666,-0.010563,-0.013714,-0.006903,-0.004095,0.064945,-0.878126,-0.148654,-0.918206,1,0,0,0,0,0,0,0,0,0,0
4284,0.006827,0.012487,0.012516,0.008052,0.000525,-0.005339,-0.011641,-0.014354,-0.012808,-0.013275,0.003997,0.009715,0.007235,0.002188,-0.011028,-0.005485,-0.020889,-0.025937,-0.03253,-0.03997,0.01132,0.026608,0.023311,0.011057,-0.009161,-0.002188,-0.005222,-0.005602,-0.004522,-0.002655,0.013479,0.033639,0.041808,0.031159,0.022669,-0.00954,-0.039445,-0.055287,-0.065702,-0.067365,-0.00455,-0.019417,-0.030169,-0.034048,-0.028229,0.003882,0.008892,0.010542,0.008677,0.008967,-0.006477,-0.015434,-0.02108,-0.018399,-0.020862,-0.003509,-0.012023,-0.008375,-0.000969,0.011786,0.058534,-0.875747,-0.140443,-0.917905,1,0,0,0,0,0,0,0,0,0,0
4285,0.004762,0.007056,0.006156,-0.001568,-0.025117,-0.005749,-0.007753,-0.00723,-0.00784,-0.006853,0.003165,0.005401,2.9e-05,-0.005314,-0.030518,-0.006272,-0.016958,-0.021197,-0.034061,-0.034845,0.008827,0.014577,0.006824,-0.003223,-0.048695,-0.002468,-0.003368,-0.002875,-0.000494,-0.000987,0.013648,0.025466,0.023549,0.013764,-0.006272,-0.014199,-0.039229,-0.049596,-0.055316,-0.064927,-0.00824,-0.022648,-0.028743,-0.021635,-0.030416,0.003963,0.005698,0.004405,0.006945,0.002228,-0.006466,-0.011674,-0.013456,-0.011367,-0.014035,-0.003124,-0.006102,0.000335,0.002989,0.023364,0.05938,-0.867357,-0.124903,-0.915756,1,0,0,0,0,0,0,0,0,0,0
4286,0.000869,0.000898,-0.003533,-0.011004,-0.053512,-0.000521,-0.003214,-0.001679,-0.002143,-0.002201,0.002519,5.8e-05,-0.004952,-0.018069,-0.054062,-0.009035,-0.014044,-0.020588,-0.027972,-0.031853,0.006371,0.003098,-0.009063,-0.029131,-0.085162,-0.00055,-0.000927,0.000145,0.001998,0.000985,0.006399,0.014507,0.003938,-0.004488,-0.039294,-0.015521,-0.031244,-0.041582,-0.043233,-0.054033,-0.006538,-0.01721,-0.02106,-0.015284,-0.022185,0.00102,0.002658,0.000807,0.001094,-0.00162,-0.002157,-0.007514,-0.004971,-0.007307,-0.007895,-0.005015,-0.001553,0.005474,0.017576,0.029716,0.063628,-0.865827,-0.116373,-0.917438,1,0,0,0,0,0,0,0,0,0,0
4287,0.001414,0.00052,-0.007158,-0.030565,-0.079775,-0.001472,-0.000952,-0.001559,-0.000577,0.001847,-0.000289,-0.005628,-0.010939,-0.035991,-0.077408,-0.001616,-0.00583,-0.018616,-0.019395,-0.02208,-0.000635,-0.008341,-0.018327,-0.063526,-0.118364,-0.000346,0.000144,0.002511,0.00202,0.005166,0.005368,0.003463,-0.006263,-0.026178,-0.070308,-0.009409,-0.019713,-0.025399,-0.034952,-0.037781,-0.007805,-0.013863,-0.006798,-0.015526,-0.015703,0.000707,-0.000578,0.001947,-0.002742,-0.002695,-0.002884,-0.004593,-0.00259,-0.005147,-0.00395,0.002046,0.008216,0.01076,0.030291,0.03533,0.062471,-0.864081,-0.11035,-0.918662,1,0,0,0,0,0,0,0,0,0,0
4288,-0.001379,-0.005774,-0.013186,-0.055357,-0.102527,-0.001207,0.000316,-0.000144,-0.000201,0.007584,-0.002155,-0.007124,-0.020138,-0.055846,-0.096839,-0.003361,-0.009853,-0.017179,-0.021028,-0.016978,-0.002614,-0.01468,-0.034587,-0.090174,-0.141452,-2.9e-05,0.001034,0.002873,0.001867,0.007584,0.0027,-0.007785,-0.016145,-0.050675,-0.099683,-0.006234,-0.016489,-0.018127,-0.028842,-0.026515,-0.002819,-0.006639,-0.000909,-0.007754,-0.009541,0.000922,-0.000915,-0.00063,-0.003323,-0.005838,-0.002275,0.00013,-0.002079,-0.002635,0.000785,0.001294,0.007939,0.019385,0.030867,0.034169,0.063455,-0.863897,-0.10303,-0.913606,1,0,0,0,0,0,0,0,0,0,0
4289,0.000486,-0.007122,-0.03032,-0.079089,-0.118933,0.001716,0.001116,0.002088,0.004491,0.013701,-0.003146,-0.008409,-0.033237,-0.074283,-0.118447,-0.00083,-0.013501,-0.014273,-0.016933,-0.007065,-0.005034,-0.014931,-0.059724,-0.114071,-0.161038,0.000515,0.00286,0.002374,0.005492,0.017076,-0.004577,-0.014216,-0.033952,-0.077687,-0.126799,-0.004004,-0.009639,-0.019107,-0.02191,-0.015818,-0.003196,0.003805,-0.004845,-0.00502,-0.008807,-0.002191,0.000311,-0.004335,-0.004289,-0.002675,0.000604,0.002484,8.3e-05,0.001207,0.003249,0.004538,0.006927,0.025265,0.029996,0.036099,0.065948,-0.857909,-0.102328,-0.911377,1,0,0,0,0,0,0,0,0,0,0
4290,-0.004849,-0.012209,-0.054085,-0.100925,-0.146253,-0.0002,-0.000656,-0.000713,0.007017,0.012181,-0.001797,-0.014719,-0.050177,-0.090884,-0.139179,-0.00562,-0.012894,-0.016716,-0.012694,-0.00425,-0.00696,-0.026729,-0.081927,-0.132846,-0.178487,0.000542,0.002368,0.001369,0.007046,0.018057,-0.005848,-0.014149,-0.048437,-0.097103,-0.144855,-0.00619,-0.007816,-0.018456,-0.016146,-0.008073,-0.000605,0.005085,-0.001712,-0.003487,-0.003858,0.000361,0.000644,-0.00203,-0.004528,0.001253,0.001698,-0.000406,-0.000935,0.002321,0.002107,0.001874,0.012771,0.023702,0.026845,0.027484,0.068128,-0.856303,-0.102372,-0.907572,1,0,0,0,0,0,0,0,0,0,0
4291,-0.002727,-0.025765,-0.074198,-0.113768,-0.166774,-0.000398,0.000568,0.002954,0.012101,0.016476,-0.003437,-0.028094,-0.068857,-0.112717,-0.160525,-0.006988,-0.007755,-0.010397,-0.000597,0.001818,-0.002897,-0.047382,-0.101354,-0.147998,-0.194868,0.00179,0.001307,0.004403,0.015908,0.02443,-0.00375,-0.02335,-0.066784,-0.115557,-0.161803,0.000568,-0.008834,-0.011618,-0.005568,0.000483,0.007555,-0.001035,-0.001209,-0.00497,-0.001337,0.002125,-0.002489,-0.002444,-0.00084,0.003917,0.000143,-0.002145,-0.001074,0.000872,0.000263,0.000456,0.017928,0.022436,0.02825,0.023516,0.068609,-0.857136,-0.101027,-0.913043,1,0,0,0,0,0,0,0,0,0,0
4292,-0.004598,-0.046268,-0.092877,-0.137981,-0.193474,-5.7e-05,-0.000114,0.007579,0.012717,0.017173,-0.009424,-0.044707,-0.085212,-0.133269,-0.172298,-0.000255,-0.004059,-5.7e-05,0.008345,0.012149,-0.016776,-0.071701,-0.122369,-0.167785,-0.222228,2.8e-05,-0.000965,0.004684,0.01564,0.024496,-0.004513,-0.038632,-0.087058,-0.134574,-0.178827,-0.002186,-0.012773,-0.010474,-0.002441,0.008572,-0.001888,-0.008652,-0.010418,-0.010787,-0.003539,-0.001842,-0.004503,-0.006989,-0.001236,0.00325,-0.002174,-0.002685,0.00046,0.000254,0.0024,0.010072,0.020631,0.023666,0.024284,0.023822,0.065748,-0.863866,-0.092685,-0.913281,1,0,0,0,0,0,0,0,0,0,0
4293,-0.018388,-0.066694,-0.106161,-0.159028,-0.212718,0.00102,0.0034,0.012523,0.016886,0.017169,-0.015186,-0.055843,-0.099588,-0.147271,-0.184244,-0.00051,-0.003145,0.00663,0.009038,0.012749,-0.027624,-0.081455,-0.127976,-0.174724,-0.23221,-0.00051,0.002578,0.014053,0.022552,0.026689,-0.015044,-0.058364,-0.107011,-0.153135,-0.201498,-0.007196,-0.009973,-0.003938,0.002097,0.019436,-0.006683,-0.006857,-0.010608,-0.006985,0.006804,-0.002764,-0.002719,-0.00112,0.003625,0.00706,-0.0001,0.000951,0.002862,0.002263,0.007035,0.007214,0.01164,0.017349,0.0127,0.016346,0.070372,-0.871038,-0.088871,-0.917409,1,0,0,0,0,0,0,0,0,0,0
4294,-0.02318,-0.069655,-0.114629,-0.169962,-0.215898,-0.001076,0.006595,0.011718,0.016161,0.014605,-0.02001,-0.060399,-0.108317,-0.147234,-0.188727,-0.003283,0.000708,0.009085,0.012878,0.010359,-0.027171,-0.077693,-0.122978,-0.177264,-0.225946,-0.000481,0.005151,0.016076,0.024907,0.027058,-0.018992,-0.067277,-0.114657,-0.158782,-0.209728,-0.003368,-0.001076,0.006934,0.017916,0.033455,-6.8e-05,-0.001828,-0.002197,0.005031,0.023322,0.000108,-0.002371,0.003365,0.007839,0.011242,-0.000401,0.002681,0.002479,0.004582,0.008724,0.003185,0.00616,0.006765,0.006313,0.009018,0.078834,-0.884903,-0.086751,-0.92931,1,0,0,0,0,0,0,0,0,0,0
4295,-0.025111,-0.064592,-0.117479,-0.171187,-0.212652,0.003458,0.012584,0.016949,0.017232,0.010232,-0.020633,-0.064394,-0.112094,-0.14908,-0.186719,0.000652,0.01043,0.012839,0.016552,0.005924,-0.026642,-0.07318,-0.119944,-0.177451,-0.22345,0.003571,0.01505,0.023552,0.02769,0.020095,-0.024318,-0.072981,-0.119122,-0.167503,-0.212425,0.000595,0.006632,0.012669,0.030014,0.037695,-0.000106,-0.003858,-0.000233,0.01356,0.032122,-6.3e-05,0.001537,0.006284,0.009719,0.008695,0.001459,0.003374,0.002775,0.007558,0.011065,0.001221,0.006944,0.002284,0.005939,0.009907,0.08345,-0.886812,-0.08161,-0.931464,1,0,0,0,0,0,0,0,0,0,0
4296,-0.02138,-0.066318,-0.121606,-0.167505,-0.20591,0.004214,0.009333,0.013773,0.012217,0.003365,-0.019768,-0.067647,-0.106532,-0.147992,-0.184134,0.003337,0.011708,0.015498,0.012981,-0.00164,-0.023897,-0.069146,-0.123388,-0.17203,-0.217561,0.002064,0.012981,0.021804,0.023954,0.016261,-0.023982,-0.071323,-0.115412,-0.166317,-0.203167,0.001697,0.0097,0.020673,0.036199,0.03668,-0.001654,-0.002022,0.0052,0.023477,0.038594,-0.002414,0.003317,0.007787,0.011188,0.011683,0.001627,0.001427,0.003518,0.007637,0.007523,0.001756,0.002357,0.001907,0.004597,0.010905,0.082335,-0.889064,-0.077587,-0.940732,1,0,0,0,0,0,0,0,0,0,0
4297,-0.017981,-0.070653,-0.124144,-0.16544,-0.198241,0.004883,0.00923,0.009513,0.00254,-0.014198,-0.023852,-0.071359,-0.108195,-0.145681,-0.17707,0.006408,0.008807,0.012505,0.001919,-0.007452,-0.022497,-0.069072,-0.126346,-0.172158,-0.212778,0.009371,0.01784,0.021961,0.014396,0.002992,-0.02453,-0.070484,-0.118668,-0.163408,-0.194289,0.004319,0.010331,0.027606,0.035256,0.034748,-0.002087,0.001523,0.015261,0.033748,0.042581,0.004003,0.00873,0.012152,0.011132,0.015812,0.000255,-0.000328,0.004322,0.00773,0.007288,0.00383,-0.000699,0.002853,0.00671,0.014005,0.082057,-0.897359,-0.0762,-0.946131,1,0,0,0,0,0,0,0,0,0,0
4298,-0.02658,-0.081165,-0.126479,-0.164395,-0.18581,0.000223,0.004607,0.003071,-0.005668,-0.034202,-0.023676,-0.062067,-0.102998,-0.138681,-0.164172,0.001927,0.005668,0.003183,-0.011252,-0.015803,-0.02242,-0.075971,-0.123994,-0.168946,-0.20326,0.001508,0.010219,0.012341,0.004746,-0.022755,-0.022476,-0.066004,-0.11626,-0.152641,-0.185782,0.00363,0.014463,0.029791,0.030266,0.029316,0.0017,0.00883,0.026874,0.041799,0.045746,0.001699,0.006112,0.009469,0.009959,0.010082,-0.00042,0.001492,0.005257,0.005154,0.009639,-0.002998,-0.00341,-0.00095,0.004817,0.015657,0.089793,-0.894249,-0.073868,-0.937277,1,0,0,0,0,0,0,0,0,0,0
4299,-0.025385,-0.078015,-0.118647,-0.15092,-0.167361,0.004055,0.004333,-0.002527,-0.018997,-0.051242,-0.023191,-0.059435,-0.096317,-0.127201,-0.151419,0.000444,0.004083,-0.006332,-0.015553,-0.017525,-0.023524,-0.079876,-0.124952,-0.164917,-0.194218,0.006832,0.010887,0.003444,-0.007776,-0.042854,-0.022857,-0.070266,-0.114287,-0.144671,-0.179415,0.002305,0.019302,0.026829,0.026329,0.02594,0.001861,0.015377,0.033567,0.042258,0.044413,0.002961,0.006328,0.005324,0.00993,0.00635,-0.000116,0.004035,0.007077,0.006683,0.012818,-0.001154,0.002017,0.00546,0.011972,0.022162,0.0913,-0.895507,-0.072629,-0.928911,1,0,0,0,0,0,0,0,0,0,0
4300,-0.028869,-0.073878,-0.111537,-0.132808,-0.149391,0.000305,-0.00122,-0.0099,-0.038242,-0.063118,-0.014975,-0.05563,-0.091071,-0.116391,-0.140351,0.003272,0.000804,-0.013533,-0.018053,-0.017665,-0.029701,-0.0774,-0.122048,-0.15613,-0.183335,0.00183,0.003938,-0.003605,-0.030921,-0.060455,-0.020411,-0.070328,-0.106463,-0.13938,-0.168748,0.008458,0.023683,0.024154,0.023212,0.025985,0.005224,0.023146,0.037971,0.041891,0.044599,0.001426,0.004761,0.005247,0.00537,0.000243,0.001938,0.005529,0.00543,0.009707,0.012781,0.00075,0.003095,0.008595,0.018933,0.027015,0.092209,-0.893811,-0.067036,-0.919684,1,0,0,0,0,0,0,0,0,0,0
4301,-0.023642,-0.064143,-0.096311,-0.1127,-0.126237,-2.8e-05,-0.006866,-0.023282,-0.055423,-0.07242,-0.021178,-0.057942,-0.088726,-0.112866,-0.134376,0.00036,-0.010021,-0.019212,-0.021178,-0.020652,-0.026521,-0.071451,-0.111288,-0.140494,-0.162198,0.002215,-0.005205,-0.016389,-0.051353,-0.071977,-0.026881,-0.070759,-0.101045,-0.135677,-0.159845,0.008499,0.016001,0.015503,0.015115,0.016666,0.008258,0.026389,0.035052,0.0372,0.038407,0.001932,0.000931,0.005522,0.001954,-0.001959,0.002143,0.005117,0.004731,0.01073,0.012266,0.002359,0.005726,0.012092,0.022054,0.028084,0.094715,-0.891569,-0.066647,-0.916366,1,0,0,0,0,0,0,0,0,0,0
4302,-0.021264,-0.058814,-0.080022,-0.096558,-0.104272,-0.001493,-0.010148,-0.038407,-0.06321,-0.080299,-0.019383,-0.054722,-0.079967,-0.103858,-0.116854,-0.00282,-0.017116,-0.021623,-0.021236,-0.023946,-0.02107,-0.065588,-0.099572,-0.126697,-0.142403,-0.000111,-0.007632,-0.034868,-0.064316,-0.08287,-0.022923,-0.058952,-0.091774,-0.121057,-0.141159,0.006692,0.007162,0.006222,0.008987,0.008129,0.009622,0.024403,0.028311,0.031012,0.033391,0.001395,0.00188,0.002002,-0.00311,-0.004766,0.001393,0.001296,0.005487,0.008499,0.012625,-4.2e-05,0.005347,0.015477,0.023395,0.029209,0.102332,-0.894143,-0.067586,-0.915103,1,0,0,0,0,0,0,0,0,0,0
4303,-0.019346,-0.051738,-0.068241,-0.081873,-0.08689,-0.00538,-0.021911,-0.054275,-0.071391,-0.084075,-0.017478,-0.048477,-0.072785,-0.094445,-0.103867,-0.00761,-0.016865,-0.018844,-0.018315,-0.020155,-0.024001,-0.064115,-0.093525,-0.11538,-0.13244,-0.007359,-0.018621,-0.053829,-0.074597,-0.08781,-0.021074,-0.051571,-0.086444,-0.11078,-0.125833,0.000808,0.000307,-8.4e-05,0.001477,0.002843,0.008557,0.01728,0.019443,0.020659,0.0243,-0.002414,0.002208,-0.001384,-0.005325,-0.006009,0.001648,0.001243,0.007539,0.009152,0.012534,0.003578,0.010261,0.020718,0.027049,0.036228,0.099739,-0.895466,-0.065269,-0.916513,1,0,0,0,0,0,0,0,0,0,0
4304,-0.018507,-0.039885,-0.056553,-0.064329,-0.07414,-0.003345,-0.03183,-0.056832,-0.074057,-0.081917,-0.018145,-0.043592,-0.067674,-0.080774,-0.088634,-0.006801,-0.011344,-0.010954,-0.013685,-0.011595,-0.020876,-0.055131,-0.082474,-0.098306,-0.117928,-0.000223,-0.027677,-0.057361,-0.076063,-0.087407,-0.015246,-0.048331,-0.077847,-0.09811,-0.106918,-0.000334,-0.001282,0.001505,0.000641,0.005937,0.006344,0.010284,0.013005,0.015404,0.018678,0.002902,0.003025,-0.002127,-0.003796,-0.007318,-0.001749,0.002682,0.005867,0.01023,0.010656,0.002123,0.012834,0.021207,0.027354,0.034792,0.096924,-0.900668,-0.062597,-0.916345,1,0,0,0,0,0,0,0,0,0,0
4305,-0.013909,-0.030443,-0.0441,-0.049127,-0.060466,-0.01321,-0.045636,-0.062784,-0.075492,-0.076302,-0.012875,-0.037229,-0.05893,-0.06837,-0.075827,-0.002458,-0.004441,-0.00391,-0.005753,-0.003463,-0.019271,-0.048736,-0.070632,-0.087725,-0.104594,-0.01106,-0.046334,-0.067141,-0.08038,-0.086692,-0.015277,-0.050216,-0.074598,-0.08968,-0.093283,-0.000168,-0.000559,0.001005,0.002374,0.01483,0.002383,0.00455,0.005768,0.009417,0.019242,0.001723,-0.001877,-0.005825,-0.00651,-0.011973,0.001364,0.007744,0.009378,0.012805,0.009552,0.004618,0.015215,0.02163,0.030931,0.035074,0.093637,-0.907578,-0.05916,-0.917345,1,0,0,0,0,0,0,0,0,0,0
4306,-0.007575,-0.024414,-0.032271,-0.042183,-0.049195,-0.01546,-0.040719,-0.058121,-0.066062,-0.061754,-0.012728,-0.037058,-0.050293,-0.058234,-0.065048,-0.002112,-0.001718,-0.004477,-0.002365,0.00811,-0.015178,-0.042802,-0.058797,-0.078621,-0.09394,-0.016586,-0.046576,-0.065471,-0.076932,-0.076312,-0.018022,-0.047843,-0.068315,-0.077213,-0.080733,-0.000788,0.002027,0.001155,0.006505,0.019289,0.001578,0.004328,0.006751,0.010058,0.012094,-0.001613,-0.006819,-0.008505,-0.012062,-0.015612,0.003317,0.006738,0.011425,0.011884,0.009328,0.006616,0.015612,0.022216,0.030208,0.036557,0.089888,-0.909126,-0.055206,-0.91862,1,0,0,0,0,0,0,0,0,0,0
4307,-0.009072,-0.022806,-0.027862,-0.039265,-0.043422,-0.017189,-0.034434,-0.047214,-0.048028,-0.045556,-0.011796,-0.03362,-0.043113,-0.050612,-0.053112,0.000112,0.000646,-0.001208,0.001095,0.012695,-0.014493,-0.036513,-0.053702,-0.070666,-0.086956,-0.01893,-0.039855,-0.053168,-0.059515,-0.057718,-0.017161,-0.04168,-0.056847,-0.06047,-0.061144,0.000393,0.001966,0.003342,0.015869,0.0232,0.000606,0.001831,0.005499,0.01538,0.010989,-0.002011,-0.005981,-0.006671,-0.012165,-0.012512,0.003379,0.00508,0.008644,0.00526,0.004207,0.004526,0.011198,0.020873,0.025182,0.034179,0.085384,-0.911326,-0.051314,-0.923185,1,0,0,0,0,0,0,0,0,0,0
4308,-0.007732,-0.015577,-0.025475,-0.032476,-0.036835,-0.008014,-0.025391,-0.03332,-0.029018,-0.027668,-0.012484,-0.0257,-0.033629,-0.040434,-0.041615,0.000281,-0.002474,-0.000366,0.010094,0.014509,-0.013075,-0.029046,-0.048841,-0.064137,-0.076313,-0.010994,-0.029861,-0.041306,-0.040687,-0.038128,-0.012597,-0.033039,-0.041924,-0.045439,-0.044623,0.002418,0.001546,0.006889,0.019655,0.027106,0.00214,0.00456,0.007862,0.009895,0.012775,-0.003185,-0.004868,-0.008421,-0.011965,-0.010484,-2e-05,0.00462,0.005073,0.002543,0.000957,0.004342,0.010879,0.018789,0.025073,0.030882,0.085113,-0.915758,-0.050565,-0.92733,1,0,0,0,0,0,0,0,0,0,0
4309,-0.005992,-0.011033,-0.022401,-0.026546,-0.030326,-0.009213,-0.021953,-0.022765,-0.020301,-0.018677,-0.009325,-0.018789,-0.026265,-0.028758,-0.026434,0.000252,-0.001596,0.0007,0.012265,0.016409,-0.008933,-0.026069,-0.042982,-0.059223,-0.064964,-0.009913,-0.023185,-0.029514,-0.027722,-0.026069,-0.011901,-0.027022,-0.030634,-0.031306,-0.031922,-0.00084,0.000532,0.013021,0.020329,0.031306,-0.000909,0.002748,0.012599,0.008221,0.015253,-0.000787,-0.001474,-0.006951,-0.007297,-0.007185,0.001684,0.005173,0.00186,0.000829,0.002628,0.002315,0.011787,0.016005,0.024813,0.02625,0.086844,-0.921252,-0.049405,-0.929108,1,0,0,0,0,0,0,0,0,0,0
4310,-0.001817,-0.011658,-0.018619,-0.022952,-0.025021,-0.008079,-0.015963,-0.011686,-0.010344,-0.008582,-0.00383,-0.011714,-0.018479,-0.019653,-0.014984,-0.002991,-0.000895,0.009505,0.013894,0.019541,-0.006961,-0.026642,-0.04185,-0.053955,-0.056107,-0.008862,-0.02024,-0.019625,-0.017081,-0.015376,-0.008443,-0.017277,-0.020771,-0.01996,-0.019513,-2.8e-05,0.005284,0.017976,0.025384,0.036454,0.003314,0.006597,0.008618,0.011482,0.017211,-0.000888,-0.00442,-0.007945,-0.006472,-0.006525,0.002791,0.003226,0.000797,-0.000727,0.002103,0.003989,0.011585,0.017619,0.023197,0.02326,0.087464,-0.924602,-0.049908,-0.930303,1,0,0,0,0,0,0,0,0,0,0
4311,-0.003222,-0.014599,-0.018746,-0.022529,-0.021436,-0.004651,-0.005464,-0.002998,-0.001373,2.8e-05,-0.005632,-0.013114,-0.015608,-0.013282,-0.009499,0.001149,0.003447,0.015019,0.019166,0.027432,-0.010172,-0.027096,-0.043348,-0.049092,-0.046627,-0.004399,-0.010732,-0.008939,-0.007285,-0.00496,-0.006669,-0.010284,-0.010956,-0.011573,-0.009723,0.001401,0.013898,0.021212,0.032196,0.037772,0.000339,0.010196,0.005815,0.012851,0.010323,0.000203,-0.005278,-0.005624,-0.005512,-0.004648,0.00067,-0.002659,-0.003695,-0.001887,-0.000242,0.005463,0.009702,0.018552,0.019996,0.018952,0.086114,-0.923902,-0.053657,-0.932812,1,0,0,0,0,0,0,0,0,0,0
4312,-0.006642,-0.01362,-0.017964,-0.020038,-0.01802,-0.003251,0.001037,0.002382,0.004148,0.00255,-0.00227,-0.009052,-0.010229,-0.005549,-0.002971,0.000953,0.011378,0.015778,0.021439,0.031864,-0.009556,-0.024802,-0.036936,-0.039094,-0.034078,-0.007006,-0.00639,-0.003839,-0.00213,-8.4e-05,-0.002186,-0.005689,-0.004876,-0.004428,-0.002915,0.003923,0.016647,0.024073,0.035171,0.035843,0.002953,0.004979,0.007849,0.013592,0.00396,-0.003744,-0.007277,-0.005801,-0.005853,-0.002334,-0.000227,-0.002699,-0.004249,-0.001369,-6e-06,0.002259,0.008398,0.014072,0.014136,0.011772,0.086096,-0.921935,-0.056363,-0.934063,1,0,0,0,0,0,0,0,0,0,0
4313,-0.00474,-0.00889,-0.012676,-0.011583,-0.010461,0.00244,0.004908,0.006535,0.007937,0.003169,-0.005216,-0.007712,-0.005385,-0.001599,0.000252,0.001346,0.012929,0.017079,0.025353,0.033626,-0.007376,-0.023642,-0.029391,-0.026923,-0.021735,0.000673,0.002468,0.004123,0.00645,0.006927,-0.00143,-0.002103,-0.00272,-0.000869,-0.003422,0.008582,0.015902,0.026895,0.032476,0.028943,0.006911,0.002526,0.009569,0.007038,-0.004337,-0.00174,-0.002086,-0.001974,-0.001109,0.003981,-0.003121,-0.004163,-0.002344,-0.000689,0.003023,0.001993,0.010898,0.01235,0.0113,0.008022,0.08799,-0.917682,-0.059042,-0.934827,1,0,0,0,0,0,0,0,0,0,0
4314,-0.002239,-0.006576,-0.008647,-0.006632,-0.004897,0.001847,0.00319,0.004953,0.003358,-0.002743,-0.001567,-0.002743,0.001931,0.004506,0.006856,0.009067,0.013461,0.019114,0.029524,0.035737,-0.007864,-0.019981,-0.022136,-0.017127,-0.013153,-5.6e-05,0.002491,0.004198,0.006241,0.004422,-0.002071,-0.001259,-0.000812,0.0007,-0.014608,0.004142,0.011558,0.02264,0.023311,0.016371,-0.004873,-0.002006,0.003728,-0.00589,-0.017092,-0.001792,-0.000318,-0.00037,0.003144,0.007347,0.000627,-0.000908,0.001943,0.003294,0.015292,0.004115,0.009733,0.009797,0.007455,0.00561,0.10017,-0.91238,-0.059202,-0.933102,1,0,0,0,0,0,0,0,0,0,0
4315,-0.001899,-0.005669,-0.00458,-0.003463,-0.002541,0.000614,0.002234,0.00363,-0.001117,-0.005557,-0.000921,0.001396,0.005166,0.007009,0.010667,0.002485,0.006618,0.014856,0.023093,0.032113,-0.008349,-0.014074,-0.011616,-0.00645,-0.002653,0.001843,0.003491,0.005808,0.006283,0.004719,0.001396,0.000782,0.002625,8.4e-05,-0.030717,0.003155,0.014102,0.019659,0.01614,0.010583,0.000497,0.007509,0.004989,-0.006337,-0.016093,0.001443,0.001555,0.002416,0.007484,0.010276,-0.001628,0.000136,0.001742,0.005343,0.026877,0.004586,0.005996,0.004977,0.001797,-0.000545,0.118096,-0.908606,-0.060793,-0.931895,1,0,0,0,0,0,0,0,0,0,0
4316,-0.002428,-0.004492,-0.002483,-0.000753,-8.4e-05,0.000725,0.002483,0.000893,-0.00519,-0.005916,-0.000251,0.004409,0.006976,0.00932,0.012166,0.001897,0.007534,0.017914,0.024109,0.033456,-0.003739,-0.005888,-0.000893,0.003069,0.009989,0.000698,0.0024,0.004437,0.002623,0.003069,-0.000586,-0.00014,0.001367,-0.013896,-0.062504,0.004241,0.015291,0.015961,0.009041,0.001758,0.002362,0.00808,-0.00151,-0.01268,-0.01917,2.7e-05,-2.5e-05,0.00348,0.00767,0.008689,0.000116,0.002909,0.004233,0.015989,0.046419,0.000943,0.001005,-0.001289,-0.003097,-0.008068,0.147592,-0.895081,-0.063974,-0.924533,1,0,0,0,0,0,0,0,0,0,0
4317,-0.001342,-0.000252,0.000867,0.001789,0.003242,0.000894,0.002292,-0.00246,-0.006904,-0.00696,0.002572,0.006345,0.00819,0.011852,0.013249,0.002236,0.010482,0.018728,0.027756,0.040139,-0.001985,0.000475,0.005646,0.009448,0.024234,0.00095,0.00327,0.003746,0.00218,0.002544,-2.8e-05,0.001817,-0.000727,-0.031558,-0.086287,0.006708,0.012271,0.008749,0.003187,-0.0258,0.004653,0.002131,-0.009206,-0.018972,-0.04468,8.4e-05,0.000946,0.006019,0.008814,0.009087,0.001659,0.003276,0.006903,0.028587,0.062959,0.000465,-0.000561,-0.003763,-0.006121,-0.016818,0.170892,-0.868187,-0.073654,-0.921571,1,0,0,0,0,0,0,0,0,0,0
4318,-0.000727,0.001286,0.00302,0.003691,0.006039,0.000867,-0.000727,-0.006822,-0.007549,-0.00987,0.002097,0.004669,0.007018,0.00987,0.01124,0.003411,0.013812,0.020019,0.029386,0.043981,-0.000168,0.004837,0.008807,0.015741,0.038669,0.000755,0.002796,0.000979,0.001426,0.001734,0.000475,0.001985,-0.013309,-0.062015,-0.116537,0.004362,0.005033,-0.001901,-0.009199,-0.057458,0.001075,-0.008534,-0.019727,-0.02623,-0.066309,-0.000137,0.003375,0.007574,0.008595,0.011335,0.001171,0.002513,0.014437,0.045301,0.076573,-0.000403,-0.00273,-0.004563,-0.009605,-0.026259,0.200412,-0.840744,-0.085438,-0.920011,1,0,0,0,0,0,0,0,0,0,0
4319,0.001816,0.002934,0.003856,0.005309,0.00802,0.000531,-0.00422,-0.008663,-0.008718,-0.012994,0.001677,0.003521,0.007182,0.008579,0.009389,0.004834,0.013078,0.022103,0.034483,0.043313,0.002627,0.007796,0.011597,0.026379,0.048287,0.001565,0.00204,0.000475,0.000838,0.001034,0.001369,-0.001174,-0.031996,-0.086709,-0.144413,0.001202,-0.002319,-0.00788,-0.036858,-0.091935,-0.003596,-0.01493,-0.024692,-0.050393,-0.083085,0.000998,0.00607,0.008863,0.009137,0.014088,0.000448,0.004067,0.025707,0.060009,0.087186,-0.000622,-0.003818,-0.006171,-0.016847,-0.032543,0.227527,-0.810275,-0.094628,-0.920459,1,0,0,0,0,0,0,0,0,0,0
4320,0.000196,0.001927,0.002598,0.004944,0.008715,-0.002123,-0.008212,-0.008938,-0.011257,-0.018547,0.000894,0.00324,0.006089,0.007458,0.007821,0.005558,0.011759,0.021116,0.035697,0.039579,0.002374,0.006341,0.013268,0.036172,0.056869,0.000475,-0.001341,-0.000894,-0.000587,-0.004609,0.00014,-0.015139,-0.063796,-0.118263,-0.164155,-0.000531,-0.007458,-0.014748,-0.062958,-0.130721,-0.006005,-0.017186,-0.023683,-0.063722,-0.100826,0.00251,0.006705,0.007725,0.010462,0.014517,0.000886,0.012726,0.043374,0.074427,0.095152,-0.00169,-0.003511,-0.008517,-0.025054,-0.039201,0.245781,-0.772636,-0.105024,-0.916449,1,0,0,0,0,0,0,0,0,0,0
4321,0.000922,0.001844,0.003297,0.006008,0.012379,-0.002627,-0.00707,-0.007126,-0.011401,-0.017437,0.00095,0.004611,0.006008,0.006818,0.005729,0.002683,0.011709,0.024088,0.032918,0.035489,0.002794,0.006595,0.021377,0.043286,0.064775,0.0,-0.001565,-0.001202,-0.001006,-0.007713,-0.002683,-0.033505,-0.08822,-0.145925,-0.188232,-0.00299,-0.008551,-0.037529,-0.092607,-0.15224,-0.005326,-0.015089,-0.040789,-0.073482,-0.098023,0.002561,0.005354,0.005628,0.010579,0.010857,0.002731,0.024373,0.058679,0.085859,0.100895,-0.001501,-0.003854,-0.014531,-0.030229,-0.043193,0.269543,-0.750544,-0.112642,-0.914192,1,0,0,0,0,0,0,0,0,0,0
4322,0.000811,0.001482,0.003832,0.007607,0.014767,-0.003468,-0.004195,-0.006517,-0.013817,-0.016697,0.001398,0.004251,0.005622,0.005985,0.003356,0.003524,0.012894,0.027493,0.031381,0.033814,0.001175,0.008111,0.031045,0.05177,0.067237,-0.001818,-0.00137,-0.001063,-0.00509,-0.008726,-0.012614,-0.061335,-0.115874,-0.161827,-0.199585,-0.003944,-0.011243,-0.059517,-0.12737,-0.181769,-0.005865,-0.012371,-0.052462,-0.089615,-0.107026,0.001638,0.002659,0.0054,0.00946,0.009323,0.009203,0.040135,0.071476,0.092393,0.104395,-0.000328,-0.005381,-0.022071,-0.036349,-0.043519,0.283419,-0.71856,-0.115389,-0.913281,1,0,0,0,0,0,0,0,0,0,0
4323,0.000112,0.001566,0.004279,0.010655,0.016527,-0.000979,-0.001035,-0.005313,-0.011354,-0.013115,0.002265,0.003663,0.004474,0.003384,-0.000811,0.005509,0.017897,0.026734,0.029307,0.031404,0.002629,0.017422,0.039346,0.060851,0.07187,0.000252,0.000615,0.000811,-0.005901,-0.007383,-0.018233,-0.072988,-0.130736,-0.173074,-0.196257,-0.001622,-0.030621,-0.08574,-0.145417,-0.195222,-0.003906,-0.029625,-0.062343,-0.086901,-0.107901,0.001158,0.001432,0.006386,0.006665,0.007381,0.012561,0.047045,0.074365,0.089479,0.097805,-0.002038,-0.01277,-0.02855,-0.04158,-0.045981,0.293385,-0.700332,-0.117772,-0.911111,1,0,0,0,0,0,0,0,0,0,0
4324,0.000559,0.002904,0.006674,0.013823,0.018235,0.000251,-0.002066,-0.009355,-0.012231,-0.010277,0.000586,0.001955,0.002318,-0.000307,-0.004245,0.003854,0.018431,0.022312,0.024742,0.025943,0.0043,0.027199,0.047892,0.063335,0.073583,0.000195,0.000503,-0.003519,-0.007149,-0.007819,-0.030439,-0.084893,-0.130774,-0.168473,-0.183302,-0.005669,-0.053868,-0.121615,-0.175929,-0.20782,-0.002595,-0.042624,-0.079719,-0.097104,-0.109035,-0.000137,0.0026,0.006653,0.006517,0.004427,0.01816,0.049162,0.069853,0.081726,0.086295,-0.00298,-0.01949,-0.033613,-0.040706,-0.045858,0.300075,-0.685878,-0.119623,-0.910047,1,0,0,0,0,0,0,0,0,0,0
4325,0.000887,0.003574,0.009891,0.01571,0.018397,-0.000305,-0.004544,-0.010528,-0.012274,-0.010584,0.000803,0.001607,0.000526,-0.00363,-0.006927,0.00845,0.017206,0.019755,0.021833,0.021722,0.01039,0.032112,0.053418,0.064334,0.072314,0.000166,0.00036,-0.006289,-0.007758,-0.009115,-0.024049,-0.081263,-0.12321,-0.146179,-0.156319,-0.023107,-0.077716,-0.136842,-0.186187,-0.21586,-0.022907,-0.055322,-0.079653,-0.100459,-0.111947,0.000407,0.005316,0.005592,0.006301,0.003778,0.015127,0.040728,0.05489,0.062693,0.066082,-0.007236,-0.022023,-0.034233,-0.038357,-0.04281,0.305628,-0.670694,-0.121129,-0.908414,1,0,0,0,0,0,0,0,0,0,0
4326,0.001436,0.005164,0.012234,0.016598,0.019056,-0.001988,-0.009196,-0.012041,-0.010108,-0.011212,0.000552,0.000911,-0.001685,-0.005579,-0.009997,0.005993,0.009832,0.012234,0.013422,0.013035,0.012289,0.032753,0.048026,0.058161,0.063988,0.000138,-0.003839,-0.007429,-0.008092,-0.010412,-0.029881,-0.075256,-0.112538,-0.127203,-0.135046,-0.024634,-0.091632,-0.145347,-0.176885,-0.208617,-0.016754,-0.053439,-0.070631,-0.08243,-0.096429,0.002301,0.006309,0.006174,0.004108,0.003237,0.013894,0.033037,0.044021,0.048248,0.051257,-0.0082,-0.021267,-0.027828,-0.032595,-0.035303,0.31066,-0.654407,-0.121073,-0.907087,1,0,0,0,0,0,0,0,0,0,0
4327,0.00124,0.007522,0.013308,0.01598,0.019176,-0.002232,-0.008183,-0.009919,-0.008238,-0.010552,0.000248,-0.000827,-0.004959,-0.008238,-0.013225,0.002728,0.005262,0.007329,0.007219,0.006943,0.00934,0.030527,0.041383,0.049318,0.05301,5.5e-05,-0.006557,-0.008018,-0.009368,-0.013004,-0.027083,-0.068797,-0.091637,-0.101721,-0.107369,-0.029728,-0.088524,-0.137594,-0.167102,-0.196389,-0.01552,-0.039715,-0.060406,-0.071829,-0.085846,0.002586,0.002861,0.003566,0.001058,-0.000206,0.010951,0.02457,0.032072,0.035332,0.037723,-0.006152,-0.017894,-0.02186,-0.026142,-0.026625,0.315525,-0.641807,-0.120691,-0.904263,1,0,0,0,0,0,0,0,0,0,0
4328,0.002478,0.009526,0.013876,0.016327,0.019851,-0.004956,-0.007792,-0.005864,-0.006966,-0.008094,0.00011,-0.002478,-0.00636,-0.010765,-0.015583,0.001101,0.003497,0.00468,0.004295,0.003937,0.011068,0.026293,0.036398,0.042207,0.045649,-0.00402,-0.007599,-0.00826,-0.010572,-0.013601,-0.018171,-0.05534,-0.06996,-0.077779,-0.082624,-0.037086,-0.090636,-0.122078,-0.153713,-0.180199,-0.021064,-0.038204,-0.049967,-0.063923,-0.075992,0.001412,0.001277,-0.000783,-0.001651,-0.003549,0.00784,0.018591,0.022729,0.025674,0.027591,-0.006667,-0.01309,-0.017756,-0.020406,-0.020493,0.320663,-0.628804,-0.120427,-0.90282,1,0,0,0,0,0,0,0,0,0,0
4329,0.003799,0.00958,0.012251,0.015444,0.018692,-0.000991,-0.002725,-0.001046,-0.003359,-0.001652,-0.001184,-0.005313,-0.008589,-0.013572,-0.017013,0.001432,0.003496,0.003386,0.003111,0.002753,0.010103,0.02095,0.028878,0.032567,0.036229,-0.002588,-0.004047,-0.005396,-0.00903,-0.009911,-0.02351,-0.046332,-0.056407,-0.062051,-0.064997,-0.021666,-0.070695,-0.100179,-0.129443,-0.147805,-0.003114,-0.023787,-0.035202,-0.049207,-0.057564,-0.001137,-0.000433,-0.002939,-0.004202,-0.006733,0.005707,0.013166,0.016407,0.018785,0.020018,-0.005012,-0.008955,-0.013213,-0.013693,-0.014198,0.323001,-0.624649,-0.120307,-0.901503,1,0,0,0,0,0,0,0,0,0,0
4330,0.00325,0.007601,0.010052,0.013578,0.01669,-0.001845,8.3e-05,-0.001019,-0.002148,0.001047,-0.001405,-0.005288,-0.009694,-0.014514,-0.016855,0.000964,0.002148,0.001763,0.001405,0.000991,0.005123,0.01523,0.021041,0.024484,0.028009,-0.000991,-0.001652,-0.003966,-0.006995,-0.006995,-0.01366,-0.028284,-0.036106,-0.040953,-0.042193,-0.031892,-0.063344,-0.094989,-0.121483,-0.127404,-0.01403,-0.025796,-0.039757,-0.05183,-0.055138,0.001003,-0.001058,-0.001926,-0.003825,-0.006958,0.005051,0.009198,0.012149,0.014071,0.014401,-0.001409,-0.006086,-0.008742,-0.008829,-0.009379,0.325125,-0.623881,-0.11964,-0.900557,1,0,0,0,0,0,0,0,0,0,0
4331,0.002534,0.005206,0.008401,0.011652,0.015371,0.00011,0.00179,-0.000523,0.001184,0.00292,-0.002727,-0.006005,-0.010991,-0.014434,-0.016886,0.001102,0.000992,0.000716,0.000358,-0.000386,0.00573,0.013663,0.017354,0.021017,0.024819,-0.000468,-0.001818,-0.005454,-0.006336,-0.006005,-0.009173,-0.019255,-0.024901,-0.027849,-0.030934,-0.017161,-0.046663,-0.075944,-0.094317,-0.095859,-0.006653,-0.018075,-0.032089,-0.04045,-0.040202,-0.000299,-0.002806,-0.00407,-0.006602,-0.00799,0.002434,0.005689,0.008076,0.009315,0.009385,-0.002548,-0.006824,-0.007306,-0.007813,-0.007981,0.328713,-0.623655,-0.119362,-0.899749,1,0,0,0,0,0,0,0,0,0,0
4332,0.001816,0.004265,0.007787,0.010897,0.014226,0.001816,0.000715,-0.000413,0.002779,0.00377,-0.001156,-0.005558,-0.010374,-0.012713,-0.015079,8.3e-05,-0.000303,-0.00066,-0.001073,-0.001954,0.004375,0.010181,0.013621,0.017143,0.020445,-0.000193,-0.002504,-0.005531,-0.005531,-0.005503,-0.005448,-0.013263,-0.018106,-0.019344,-0.022701,-0.014281,-0.045898,-0.072369,-0.078286,-0.078175,-0.00511,-0.019058,-0.031121,-0.034426,-0.033115,-0.001761,-0.002628,-0.004525,-0.007656,-0.008616,0.001705,0.004639,0.006549,0.006878,0.006842,-0.002118,-0.004758,-0.004844,-0.005391,-0.005445,0.330608,-0.623793,-0.118449,-0.898609,1,0,0,0,0,0,0,0,0,0,0
4333,0.000853,0.004044,0.007291,0.011005,0.013921,-0.000138,-0.002449,-0.000743,0.00099,0.003714,-0.002118,-0.007098,-0.010537,-0.012986,-0.013976,-0.000193,-0.000468,-0.000825,-0.001568,-0.002916,0.003549,0.007236,0.010895,0.014691,0.01736,-0.001156,-0.004787,-0.005668,-0.005337,-0.00509,-0.004622,-0.010262,-0.013206,-0.016287,-0.015297,-0.015187,-0.044432,-0.062783,-0.064323,-0.063636,-0.006298,-0.020295,-0.028647,-0.028399,-0.029357,-0.000744,-0.002006,-0.004535,-0.005922,-0.00841,0.001524,0.003891,0.005119,0.005189,0.004998,-0.002123,-0.002602,-0.003105,-0.003271,-0.003284,0.32991,-0.623888,-0.118058,-0.898214,1,0,0,0,0,0,0,0,0,0,0
4334,0.001595,0.005116,0.008224,0.011552,0.014495,-0.000963,-0.00209,0.0011,0.00209,0.004291,-0.002283,-0.007096,-0.009434,-0.011799,-0.012102,-0.000193,-0.00055,-0.000963,-0.001843,-0.004703,0.002255,0.005693,0.009214,0.012514,0.015155,-0.001155,-0.004181,-0.004181,-0.004153,-0.003961,-0.003191,-0.008031,-0.009269,-0.012624,-0.009076,-0.01642,-0.042879,-0.048793,-0.048683,-0.053001,-0.007645,-0.019702,-0.023006,-0.021695,-0.025804,-0.000123,-0.002019,-0.005149,-0.006109,-0.008137,0.001404,0.003307,0.003635,0.003599,0.003576,-0.000513,-0.000598,-0.001143,-0.001197,-0.001136,0.329429,-0.619516,-0.117012,-0.898099,1,0,0,0,0,0,0,0,0,0,0
4335,0.001595,0.004841,0.008554,0.011469,0.014192,-0.001348,0.000358,0.00209,0.004813,0.007509,-0.002695,-0.006133,-0.008581,-0.009571,-0.009434,-8.3e-05,-0.00044,-0.001183,-0.00253,-0.009571,0.00143,0.005088,0.008884,0.011552,0.014082,-0.002475,-0.003356,-0.003025,-0.002778,-0.002283,-0.002448,-0.005391,-0.008471,-0.007481,-0.001183,-0.012817,-0.031162,-0.032702,-0.032015,-0.050553,-0.006347,-0.014696,-0.014449,-0.015406,-0.025703,-0.001139,-0.003667,-0.005053,-0.00754,-0.009749,0.000959,0.002184,0.002254,0.002064,0.00257,3.5e-05,-0.000467,-0.000633,-0.000646,-0.000674,0.325837,-0.606389,-0.116041,-0.898785,1,0,0,0,0,0,0,0,0,0,0
4336,0.001926,0.005035,0.008363,0.011307,0.013976,0.00022,0.003411,0.004402,0.006603,0.009491,-0.002118,-0.004457,-0.006823,-0.007125,-0.003081,-0.000275,-0.000688,-0.001568,-0.004429,-0.014223,0.002008,0.00553,0.008831,0.011472,0.014361,-0.00055,-0.00055,-0.000523,-0.00033,0.001073,-0.002393,-0.003631,-0.006988,-0.003439,0.031555,-0.013646,-0.01956,-0.01945,-0.02377,-0.055517,-0.005711,-0.009015,-0.007704,-0.011814,-0.048967,-0.000757,-0.003888,-0.004848,-0.006877,-0.008331,0.000946,0.001275,0.001239,0.001215,0.001686,-0.000121,-0.000667,-0.000721,-0.000659,-0.000916,0.297116,-0.58991,-0.115747,-0.899661,1,0,0,0,0,0,0,0,0,0,0
4337,0.001321,0.005036,0.007953,0.010678,0.012797,0.001486,0.00322,0.005944,0.008641,0.009742,-0.001321,-0.00377,-0.004761,-0.004623,0.006852,-8.3e-05,-0.000826,-0.002174,-0.009219,-0.018246,0.001651,0.005449,0.008118,0.01065,0.014338,-0.00033,0.0,0.000248,0.000743,0.002642,-0.00055,-0.003633,-0.002642,0.00366,0.06558,-0.004706,-0.006247,-0.005559,-0.024107,-0.064754,-0.002641,-0.002393,-0.003351,-0.013654,-0.072251,-0.001772,-0.003158,-0.005648,-0.007857,-0.006894,0.000282,0.000352,0.000161,0.000669,0.000941,-0.000382,-0.000549,-0.000562,-0.000591,-0.001599,0.267188,-0.568782,-0.11646,-0.90147,1,0,0,0,0,0,0,0,0,0,0
4338,0.001789,0.005118,0.008063,0.010732,0.011722,0.001706,0.002697,0.004898,0.007787,0.010924,-0.001018,-0.003385,-0.003687,0.000358,0.015933,-0.00033,-0.001211,-0.004073,-0.013869,-0.025867,0.001871,0.005173,0.007815,0.010704,0.014392,0.00033,0.000358,0.00055,0.001954,0.00743,-0.000688,-0.004045,-0.000495,0.034507,0.113785,-0.001211,-0.001101,-0.005421,-0.037176,-0.08635,-0.000664,0.000647,-0.003464,-0.040626,-0.113458,-0.001359,-0.00232,-0.00435,-0.005804,-0.003183,4.7e-05,1.1e-05,-1.3e-05,0.000459,0.000696,-0.000165,-0.000218,-0.000157,-0.000414,-0.002085,0.220018,-0.544511,-0.117701,-0.906163,0,0,1,0,0,0,0,0,0,0,0
4339,0.001925,0.004839,0.007562,0.009679,0.009954,2.7e-05,0.00275,0.005444,0.006544,0.014436,-0.00143,-0.00242,-0.002282,0.009184,0.036929,-0.000412,-0.00176,-0.008799,-0.017818,-0.05109,0.001925,0.004592,0.007122,0.010806,0.014079,0.0,0.000247,0.000742,0.00264,0.012621,-0.002392,-0.001402,0.004894,0.066763,0.178786,-0.00033,0.000357,-0.018176,-0.058789,-0.125029,0.000911,-4.6e-05,-0.01034,-0.068888,-0.159369,-2.7e-05,-0.002514,-0.004722,-0.00376,-0.001346,2.3e-05,-0.000167,0.000338,0.000608,0.000642,-2e-06,-1.5e-05,-4.3e-05,-0.001046,-0.00296,0.156256,-0.510574,-0.119893,-0.913673,0,0,1,0,0,0,0,0,0,0,0
4340,0.001401,0.004341,0.007007,0.007996,0.007639,0.000962,0.00316,0.006045,0.009177,0.01492,-0.000934,-0.001236,0.002803,0.018355,0.054186,-0.000467,-0.003325,-0.013107,-0.025087,-0.110404,0.001374,0.004012,0.006897,0.010579,0.012612,2.7e-05,0.00022,0.001621,0.007089,0.01264,-0.000962,0.002583,0.037534,0.116697,0.265927,0.00044,-0.003874,-0.035583,-0.084685,-0.165607,0.000398,-0.003706,-0.040814,-0.11354,-0.205741,-0.000932,-0.002958,-0.00441,-0.001793,-0.001709,-5.8e-05,-8.1e-05,0.000385,0.00062,0.000598,-5.1e-05,1e-05,-0.000245,-0.001899,-0.003574,0.072954,-0.481181,-0.121627,-0.918175,0,0,1,0,0,0,0,0,0,0,0
4341,0.00151,0.004228,0.006343,0.006617,0.004942,0.001757,0.004448,0.005546,0.013426,0.013646,-5.5e-05,8.2e-05,0.011532,0.039236,0.070564,-0.000879,-0.007908,-0.016913,-0.050136,-0.108043,0.00129,0.003817,0.007496,0.010763,0.010955,0.00022,0.000714,0.002608,0.012575,0.012713,0.001949,0.008237,0.070015,0.181874,0.34678,0.000247,-0.018259,-0.058813,-0.124956,-0.187695,-0.001354,-0.011633,-0.070096,-0.160444,-0.235671,-0.001552,-0.003757,-0.002796,-0.000385,-0.000247,-0.00013,0.00037,0.000637,0.000671,0.00065,3.8e-05,1e-05,-0.000982,-0.002877,-0.004173,-0.006055,-0.465347,-0.121838,-0.915499,0,0,1,0,0,0,0,0,0,0,0
4342,0.001427,0.00409,0.005078,0.004721,0.000906,0.000439,0.003321,0.006451,0.012187,0.012407,-0.000247,0.003788,0.019324,0.055118,0.067881,-0.001976,-0.011748,-0.023716,-0.108945,-0.117976,0.001345,0.004227,0.007905,0.009937,0.009497,-2.7e-05,0.001372,0.006835,0.012379,0.017183,0.001592,0.036507,0.115588,0.264663,0.394744,-0.004557,-0.036233,-0.085284,-0.166121,-0.203699,-0.002747,-0.039816,-0.112467,-0.204573,-0.194606,-0.000473,-0.001923,0.000691,0.000776,0.005735,0.000106,0.00057,0.000803,0.000781,0.000778,2.2e-05,-0.00023,-0.001873,-0.003536,-0.005514,-0.056407,-0.456631,-0.121888,-0.91892,0,0,1,0,0,0,0,0,0,0,0
4343,0.00129,0.003404,0.003679,0.002004,-0.004393,0.002251,0.003349,0.011229,0.011449,0.0123,0.000384,0.011833,0.039535,0.070861,0.070696,-0.005052,-0.014057,-0.047277,-0.105179,-0.131288,0.001181,0.004859,0.008127,0.008319,0.008044,0.000522,0.002416,0.012382,0.012519,0.021799,0.004695,0.066468,0.178318,0.343211,0.471315,-0.013947,-0.054498,-0.120636,-0.18337,-0.230345,-0.007531,-0.065989,-0.15633,-0.231551,-0.121456,-0.001732,-0.000771,0.00164,0.001778,0.01091,0.000393,0.00066,0.000694,0.000674,0.000641,-5.1e-05,-0.001042,-0.002935,-0.004231,-0.007946,-0.134819,-0.43343,-0.124076,-0.91874,0,0,1,0,0,0,0,0,0,0,0
4344,0.001374,0.002363,0.002006,-0.001814,-0.005633,0.000632,0.003765,0.009507,0.009727,0.006897,0.003655,0.019207,0.055039,0.067816,0.103181,-0.004726,-0.016707,-0.102027,-0.111067,-0.12596,0.001704,0.005386,0.007419,0.006979,0.00687,0.000879,0.006347,0.011898,0.016707,0.021378,0.030254,0.109418,0.258652,0.388872,0.556901,-0.017751,-0.066855,-0.147778,-0.185396,-0.257169,-0.029571,-0.1023,-0.194503,-0.184526,-0.055911,0.000281,0.002898,0.002983,0.007947,0.01586,7.1e-05,0.000306,0.000284,0.000281,-8.9e-05,-0.000204,-0.001858,-0.003534,-0.005526,-0.007564,-0.223183,-0.397019,-0.125544,-0.919915,0,0,1,0,0,0,0,0,0,0,0
4345,0.000743,0.001018,-0.000661,-0.007074,-0.01013,0.000468,0.008368,0.008588,0.009441,0.014011,0.007817,0.035591,0.066998,0.066833,0.123399,-0.004294,-0.037601,-0.095653,-0.12183,-0.130996,0.001982,0.005257,0.00545,0.005175,0.005092,0.001018,0.01101,0.011148,0.020452,0.038757,0.031627,0.143768,0.30909,0.437526,0.588699,-0.022874,-0.089184,-0.152081,-0.199178,-0.27504,-0.028987,-0.119563,-0.194979,-0.084598,0.014857,0.000681,0.003099,0.003237,0.012393,0.026401,0.0002,0.000234,0.000214,0.00018,-0.000705,-0.000804,-0.002732,-0.004051,-0.007834,-0.008847,-0.28243,-0.367222,-0.126843,-0.935229,0,0,1,0,0,0,0,0,0,0,0
4346,0.000248,-0.00011,-0.003945,-0.007781,-0.020086,0.002676,0.008443,0.008663,0.005822,0.012912,0.007781,0.043759,0.056588,0.092098,0.144823,-0.007725,-0.093394,-0.102472,-0.117426,-0.145513,0.001711,0.003752,0.003311,0.003201,0.001766,0.00447,0.010043,0.014871,0.019562,0.045387,0.047787,0.197632,0.328384,0.497101,0.619383,-0.026377,-0.107631,-0.145403,-0.21747,-0.277121,-0.043971,-0.136552,-0.126534,0.002608,0.076497,0.001945,0.00203,0.007014,0.014959,0.035023,3.8e-05,1.5e-05,1.2e-05,-0.000368,-0.000866,-0.000886,-0.00261,-0.00466,-0.006756,-0.014623,-0.341687,-0.346822,-0.128816,-0.942187,0,0,1,0,0,0,0,0,0,0,0
4347,2.8e-05,-0.00166,-0.008107,-0.011178,-0.026617,0.005257,0.005478,0.006336,0.010929,0.008162,0.020115,0.051684,0.051518,0.108377,0.158013,-0.025731,-0.084084,-0.110396,-0.11961,-0.168859,0.001577,0.001771,0.001494,0.001411,-0.002462,0.005561,0.0057,0.015052,0.033451,0.043494,0.064799,0.230975,0.360075,0.512029,0.614152,-0.040202,-0.103424,-0.150764,-0.227018,-0.276572,-0.046949,-0.122755,-0.011803,0.088165,0.139751,0.000479,0.000619,0.009822,0.023902,0.038244,-3e-06,-2.5e-05,-5.9e-05,-0.000977,-1.5e-05,-0.001096,-0.002464,-0.006385,-0.007436,-0.017199,-0.381966,-0.323217,-0.12755,-0.945192,0,0,1,0,0,0,0,0,0,0,0
4348,-0.000389,-0.00425,-0.008111,-0.020501,-0.03289,0.000528,0.00075,-0.002111,0.005028,0.002417,0.016028,0.028946,0.064697,0.117782,0.174006,-0.060419,-0.069558,-0.084614,-0.112893,-0.15845,0.000472,2.8e-05,-8.3e-05,-0.001528,-0.007889,2.8e-05,0.004889,0.009611,0.035612,0.036779,0.085809,0.217452,0.38732,0.510436,0.592577,-0.041446,-0.079475,-0.152033,-0.212091,-0.25801,-0.046075,-0.035988,0.094033,0.168427,0.193908,-0.000396,0.004623,0.012622,0.032823,0.03748,-2e-05,-2.4e-05,-0.000422,-0.000944,-0.000609,-0.000682,-0.002832,-0.00503,-0.01328,-0.01926,-0.421958,-0.303583,-0.123418,-0.94065,0,0,1,0,0,0,0,0,0,0,0
4349,-0.001318,-0.007851,-0.010963,-0.026608,-0.035019,-0.000308,0.000561,0.005215,0.002411,0.002019,0.015813,0.015645,0.073262,0.123562,0.18017,0.00185,-0.024813,-0.03415,-0.084057,-0.106767,-0.00028,-0.000561,-0.000645,-0.00457,-0.01071,0.000112,0.009589,0.028234,0.038412,0.037374,0.081786,0.212609,0.366592,0.470078,0.522817,-0.022234,-0.070206,-0.147478,-0.197693,-0.224301,-0.030313,0.08212,0.183422,0.235698,0.232598,0.000541,0.009867,0.024135,0.038668,0.038386,-2e-06,-4e-05,-0.001046,9e-06,-0.000591,-0.000774,-0.005077,-0.00623,-0.016942,-0.019727,-0.432038,-0.299706,-0.121212,-0.936576,0,0,1,0,0,0,0,0,0,0,0
4350,-0.002579,-0.006476,-0.018979,-0.031483,-0.036277,0.000533,-0.002355,0.00485,0.002215,0.004177,-0.002775,0.033305,0.086879,0.143621,0.172581,-0.011074,-0.026268,-0.054808,-0.100784,-0.11298,-0.000168,-0.00028,-0.001738,-0.008158,-0.012728,0.004794,0.00956,0.0358,0.036978,0.038239,0.051079,0.222511,0.34676,0.429659,0.44348,-0.016148,-0.089374,-0.149985,-0.196326,-0.200335,0.040489,0.171708,0.246787,0.272503,0.256133,0.004524,0.012597,0.032984,0.037684,0.037028,-2e-06,-0.000426,-0.000983,-0.000625,-4e-05,-0.001519,-0.003864,-0.01266,-0.019037,-0.01943,-0.433814,-0.302674,-0.119316,-0.935186,0,0,1,0,0,0,0,0,0,0,0
4351,-0.003949,-0.007058,-0.022686,-0.031088,-0.034057,0.000336,0.004985,0.002185,0.001792,0.004789,0.002605,0.06016,0.110405,0.166952,0.175774,-0.015572,-0.024898,-0.074751,-0.097437,-0.104663,-0.000112,-0.000196,-0.004117,-0.010251,-0.013163,0.004677,0.023302,0.033469,0.032432,0.038314,0.079653,0.233469,0.336844,0.389526,0.381796,-0.031788,-0.108976,-0.159137,-0.185716,-0.18524,0.071861,0.173055,0.225273,0.222177,0.204505,0.004796,0.019049,0.033566,0.033285,0.036142,-3.6e-05,-0.001035,1.3e-05,-0.000583,-6.3e-05,-0.002761,-0.003906,-0.014537,-0.017302,-0.016815,-0.423437,-0.302209,-0.11907,-0.937526,0,0,1,0,0,0,0,0,0,0,0
4352,5.6e-05,-0.012357,-0.024771,-0.02953,-0.03159,-0.003201,0.003952,0.001336,0.003284,0.006513,0.033232,0.086419,0.142751,0.171502,0.176039,0.00039,-0.027944,-0.073588,-0.085695,-0.087421,0.0,-0.001447,-0.007821,-0.012357,-0.013415,8.3e-05,0.026134,0.027303,0.028556,0.03557,0.091039,0.214391,0.296691,0.310412,0.296301,-0.041108,-0.101281,-0.147288,-0.151268,-0.154051,0.05886,0.133396,0.158926,0.142675,0.124521,0.003249,0.023488,0.028155,0.027503,0.0314,-0.000369,-0.000899,-0.000559,-2e-06,-0.000343,0.000415,-0.007947,-0.014008,-0.014382,-0.014856,-0.418713,-0.301725,-0.120459,-0.936872,0,0,1,0,0,0,0,0,0,0,0
4353,-0.003134,-0.018612,-0.026934,-0.029874,-0.031178,0.007794,0.005021,0.004632,0.0076,0.009653,0.023883,0.073645,0.129649,0.138387,0.141965,-0.009625,-0.058999,-0.081468,-0.088624,-0.089955,-8.3e-05,-0.003967,-0.010041,-0.012926,-0.013342,0.018363,0.028432,0.027405,0.033231,0.039056,0.061607,0.163989,0.216165,0.208509,0.196554,-0.035477,-0.085157,-0.11148,-0.111009,-0.116529,0.04156,0.093278,0.090211,0.072708,0.058221,0.010879,0.025257,0.024978,0.027807,0.031673,-0.000573,0.000406,-0.00015,0.000335,-0.000174,-0.001474,-0.011412,-0.013995,-0.01354,-0.013835,-0.409522,-0.300055,-0.122983,-0.937522,0,0,1,0,0,0,0,0,0,0,0
4354,-0.009194,-0.021509,-0.02623,-0.028273,-0.02739,-0.000663,-0.003258,-0.001325,0.001878,0.001022,0.028991,0.084875,0.113397,0.117898,0.112514,-0.018527,-0.063808,-0.075819,-0.077531,-0.079436,-0.001353,-0.007676,-0.012176,-0.013226,-0.012839,0.007565,0.008725,0.009967,0.016925,0.021039,0.061047,0.142692,0.156304,0.142305,0.126733,-0.02438,-0.070021,-0.073969,-0.07673,-0.081369,0.032574,0.057901,0.041779,0.023769,0.014313,0.00925,0.013879,0.013233,0.017099,0.021926,5.4e-05,0.000376,0.000902,0.00058,0.000284,-0.006479,-0.012211,-0.012564,-0.013013,-0.011543,-0.400979,-0.302239,-0.125137,-0.935466,1,0,0,0,0,0,0,0,0,0,0
4355,-0.006179,-0.014417,-0.017327,-0.018618,-0.017822,-0.002087,-0.002471,0.000467,0.002499,-0.000137,0.02043,0.075872,0.084522,0.088065,0.077108,-0.030453,-0.052696,-0.059781,-0.061099,-0.062527,-0.002499,-0.008513,-0.011369,-0.01178,-0.011231,0.002444,0.001428,0.007195,0.012961,0.014032,0.040641,0.092294,0.084715,0.072879,0.060193,-0.024934,-0.050994,-0.050527,-0.055991,-0.055827,0.018802,0.015767,-0.001561,-0.015903,-0.017911,0.005034,0.004758,0.007559,0.011386,0.015008,0.00086,0.000342,0.000794,0.00032,0.000387,-0.003025,-0.005432,-0.005009,-0.005283,-0.004337,-0.395053,-0.304521,-0.126953,-0.933868,1,0,0,0,0,0,0,0,0,0,0
4356,-0.006053,-0.010736,-0.012763,-0.011887,-0.010435,-0.000493,0.001424,0.004601,0.003752,-0.00063,0.035058,0.063351,0.067815,0.062474,0.052505,-0.014544,-0.026458,-0.028156,-0.030046,-0.03032,-0.00378,-0.008244,-0.009285,-0.008901,-0.008518,-0.001287,-5.5e-05,0.006847,0.010928,0.011832,0.040453,0.053956,0.04007,0.024623,0.01553,-0.020405,-0.024321,-0.02706,-0.031662,-0.026649,0.00637,-0.009622,-0.027487,-0.036868,-0.037035,-0.000429,-0.00107,0.002764,0.007553,0.012609,-0.000541,-4.3e-05,-0.000348,-0.000627,-0.000327,-0.002447,-0.002781,-0.003205,-0.001816,0.000359,-0.390923,-0.308504,-0.128495,-0.933512,1,0,0,0,0,0,0,0,0,0,0
4357,-0.002153,-0.005042,-0.006324,-0.005533,0.000164,0.000109,0.003025,0.005042,0.002426,-0.003979,0.020143,0.028728,0.032244,0.021369,0.015591,-0.007605,-0.014637,-0.015945,-0.017362,-0.017144,-0.002208,-0.005042,-0.005451,-0.004906,-0.004688,0.000273,0.005996,0.01172,0.012783,0.013437,0.011012,0.003489,-0.008259,-0.020851,-0.026848,-0.00556,-0.005097,-0.010521,-0.010357,-0.002862,-0.009353,-0.026551,-0.040787,-0.042781,-0.044306,0.000153,0.002933,0.006732,0.010327,0.016484,3e-05,0.00046,1e-05,7.3e-05,0.000457,8e-05,0.000482,0.000222,0.001119,0.008636,-0.388761,-0.311366,-0.128805,-0.932684,1,0,0,0,0,0,0,0,0,0,0
4358,-0.002495,-0.004502,-0.003634,-0.002197,0.00453,0.00179,0.004936,0.004096,-0.000244,-0.002767,0.007974,0.012395,0.007106,-0.002767,-0.006889,-0.004231,-0.005913,-0.007784,-0.008055,-0.008896,-0.002224,-0.003255,-0.002875,-0.002495,-0.001682,0.000949,0.007784,0.011826,0.012721,0.013697,0.002414,-0.011337,-0.026635,-0.035639,-0.039057,0.001654,-0.001058,-0.005614,-0.000651,0.007052,-0.006531,-0.024222,-0.033511,-0.033677,-0.034419,-0.000787,0.00301,0.007753,0.012759,0.015348,0.000435,0.000151,-0.00011,0.00017,0.000612,-0.000389,-0.000785,0.000512,0.002544,0.009785,-0.387014,-0.315029,-0.129333,-0.931064,1,0,0,0,0,0,0,0,0,0,0
4359,-0.000379,-0.00165,-0.000866,0.004789,0.007116,0.001109,0.003111,0.000514,-0.005844,-0.002949,0.000568,0.004058,-0.006737,-0.012473,-0.01691,-0.00276,-0.004058,-0.005465,-0.005249,0.000514,-0.000595,-0.001001,-0.00046,-0.000244,0.001245,0.004735,0.010417,0.011472,0.012121,0.013447,-0.009875,-0.021536,-0.034036,-0.039989,-0.042072,-0.00119,-0.006575,-0.006412,0.001028,0.016342,-0.010558,-0.024689,-0.026668,-0.028182,-0.02727,0.003545,0.007315,0.010884,0.016996,0.015323,-2e-05,-0.000448,-0.000387,-2.3e-05,0.000478,0.000765,0.000517,0.00137,0.008507,0.009201,-0.386404,-0.325443,-0.129874,-0.930663,1,0,0,0,0,0,0,0,0,0,0
4360,-0.001619,-0.000756,0.000675,0.007368,0.007503,0.002024,0.001187,-0.003131,-0.00564,-0.001997,0.003832,-0.00143,-0.011254,-0.015356,-0.031576,0.00108,-0.000783,-0.001053,-0.001889,0.022832,-0.000432,-5.4e-05,0.000324,0.001133,0.00224,0.002078,0.006099,0.00699,0.007961,0.009689,-0.003832,-0.019053,-0.028013,-0.031414,-0.035246,-0.001511,-0.006045,-0.001106,0.006558,0.035516,-0.007072,-0.016316,-0.01648,-0.017219,-0.005553,0.000242,0.004961,0.009942,0.012519,0.01076,-0.000255,-0.000507,-0.000237,0.00019,0.000484,-0.001133,0.000119,0.002081,0.009074,0.007715,-0.383607,-0.34275,-0.130078,-0.931336,1,0,0,0,0,0,0,0,0,0,0
4361,0.00035,0.00113,0.006753,0.009067,0.009579,-2.7e-05,-0.00261,-0.008933,-0.006054,-0.001426,-0.00035,-0.011085,-0.016789,-0.021202,-0.050745,-0.002368,-0.003767,-0.003552,0.002179,0.037319,2.7e-05,0.000565,0.00078,0.00226,0.002771,0.003579,0.004628,0.005274,0.006592,0.013426,-0.007776,-0.020207,-0.026126,-0.028198,-0.032099,-0.003848,-0.003686,0.003713,0.018942,0.058871,-0.007002,-0.00897,-0.010476,-0.009569,0.015349,0.003508,0.007057,0.013135,0.011471,0.013655,-0.000161,-0.000103,0.000247,0.000729,0.00128,0.000872,0.001692,0.008557,0.009225,0.009573,-0.383278,-0.364708,-0.129243,-0.937947,1,0,0,0,0,0,0,0,0,0,0
4362,0.00051,0.001931,0.008581,0.008716,0.0166,-0.000805,-0.005095,-0.007589,-0.003969,0.000858,-0.004881,-0.014642,-0.018718,-0.034835,-0.06192,0.00051,0.000241,-0.00059,0.023974,0.06184,0.000349,0.000724,0.001529,0.002628,0.003084,0.000429,0.001314,0.002279,0.003996,0.014347,-0.007375,-0.016278,-0.019657,-0.023465,-0.029955,-0.00067,0.004237,0.011853,0.040628,0.102575,-0.002206,-0.002369,-0.003103,0.008489,0.027002,0.001193,0.006142,0.008703,0.006955,0.011426,-8.3e-05,0.000176,0.000584,0.000865,0.002872,0.000347,0.002223,0.008912,0.007613,0.01646,-0.377855,-0.404595,-0.127382,-0.942385,1,0,0,0,0,0,0,0,0,0,0
4363,0.000267,0.005857,0.008157,0.008665,0.023589,-0.001765,-0.00805,-0.005188,-0.000588,0.010912,-0.005804,-0.011473,-0.015859,-0.045225,-0.068787,-0.001899,-0.001685,0.004012,0.03894,0.078388,0.000187,0.000401,0.001872,0.00238,0.003022,0.000615,0.001257,0.002567,0.009361,0.01495,-0.005001,-0.010885,-0.012944,-0.016822,-0.02974,0.000829,0.008184,0.023321,0.06301,0.149475,0.000244,-0.001253,-0.000351,0.024417,0.034168,0.002338,0.008379,0.006726,0.008897,0.00121,0.000138,0.000473,0.000935,0.001464,0.005423,0.000446,0.007028,0.007668,0.008002,0.022215,-0.370386,-0.44993,-0.123524,-0.940964,1,0,0,0,0,0,0,0,0,0,0
4364,0.001147,0.007764,0.007898,0.015742,0.023373,-0.002508,-0.00499,-0.001387,0.003415,0.024707,-0.003922,-0.007978,-0.024014,-0.050963,-0.074283,0.001628,0.0008,0.025241,0.062916,0.09875,0.000187,0.000987,0.002081,0.002535,0.002855,0.000267,0.001227,0.002935,0.013234,0.015102,-0.003869,-0.007231,-0.01102,-0.017477,-0.041357,0.004056,0.011633,0.040263,0.101898,0.183172,-0.000406,-0.001137,0.010397,0.028817,0.03011,0.002592,0.00514,0.003401,0.007849,-0.01232,0.000115,0.000509,0.00078,0.002717,0.006631,0.001373,0.007829,0.006575,0.015115,0.020306,-0.353429,-0.482554,-0.119221,-0.939522,1,0,0,0,0,0,0,0,0,0,0
4365,0.004426,0.006719,0.007226,0.022105,0.023358,-0.00376,-0.000907,0.00368,0.015145,0.038716,-0.001733,-0.006106,-0.035383,-0.058874,-0.077833,-0.001413,0.004266,0.03909,0.078419,0.113109,2.7e-05,0.001493,0.002,0.00264,0.00272,0.000373,0.00168,0.008453,0.014025,0.018878,-0.002,-0.004053,-0.007919,-0.020798,-0.054848,0.00328,0.018372,0.057941,0.144146,0.21198,-0.001086,-0.000188,0.024506,0.034228,0.023299,0.003433,0.001784,0.003948,-0.003715,-0.022444,0.000215,0.000667,0.001185,0.005061,0.007907,0.005079,0.005706,0.006032,0.01995,0.019025,-0.336866,-0.509541,-0.116451,-0.944126,1,0,0,0,0,0,0,0,0,0,0
4366,0.002185,0.002319,0.010154,0.017776,0.018736,0.001279,0.004877,0.009674,0.030942,0.047679,-0.002319,-0.018336,-0.045254,-0.068547,-0.085017,0.000586,0.024999,0.06263,0.098423,0.124941,0.000773,0.001866,0.002319,0.002638,0.003171,0.000586,0.002292,0.012579,0.014445,0.020068,-0.001359,-0.005144,-0.011593,-0.035446,-0.093359,0.004291,0.032888,0.094452,0.175631,0.246443,0.000356,0.011877,0.030276,0.031567,0.00041,-0.000887,-0.002623,0.00182,-0.018326,-0.029413,0.000177,0.000446,0.002368,0.00625,0.009677,0.001343,9.9e-05,0.008571,0.013719,0.013059,-0.296921,-0.541508,-0.115126,-0.945105,1,0,0,0,0,0,0,0,0,0,0
4367,0.000106,0.000612,0.015461,0.016712,0.019639,0.00157,0.006147,0.01759,0.041115,0.044841,-0.002049,-0.031269,-0.054714,-0.073635,-0.096627,0.005083,0.039838,0.07909,0.113712,0.142133,0.000692,0.001198,0.001836,0.001916,0.002395,0.000719,0.007478,0.01304,0.017883,0.017031,-0.000692,-0.004551,-0.017404,-0.051387,-0.1292,0.010778,0.05027,0.136305,0.204005,0.293554,0.000541,0.025187,0.034889,0.023981,-0.008629,-0.00076,0.0014,-0.006249,-0.024941,-0.029767,0.000271,0.000781,0.004605,0.007411,0.011108,-0.000711,-0.000389,0.013339,0.012426,0.013816,-0.260001,-0.591991,-0.114496,-0.939954,1,0,0,0,0,0,0,0,0,0,0
4368,2.7e-05,0.007846,0.015453,0.01641,0.020373,0.002021,0.006809,0.028033,0.044736,0.04096,-0.013937,-0.0408,-0.064046,-0.080483,-0.112134,0.019283,0.056838,0.092558,0.119022,0.141497,0.000399,0.000851,0.00117,0.001702,0.001676,0.000984,0.011251,0.013112,0.018724,0.00625,-0.003085,-0.009522,-0.033326,-0.091122,-0.154051,0.017767,0.079206,0.160222,0.23089,0.327172,0.010957,0.029318,0.030607,-0.000487,0.00481,-0.000973,0.003461,-0.016644,-0.027709,-0.036807,-5e-06,0.00189,0.005717,0.009096,0.01251,-0.000518,0.007834,0.01291,0.012259,0.014476,-0.234602,-0.636308,-0.114359,-0.930481,1,0,0,0,0,0,0,0,0,0,0
4369,0.000479,0.015332,0.016583,0.01951,0.021453,0.002555,0.014001,0.03753,0.041257,0.038542,-0.015278,-0.038728,-0.057653,-0.08065,-0.111579,0.015465,0.054725,0.089354,0.117781,0.122759,0.000106,0.000745,0.000825,0.001304,0.001038,0.005776,0.011339,0.016183,0.015332,0.003034,-0.000772,-0.013628,-0.047618,-0.125447,-0.192735,0.02172,0.107773,0.175487,0.265054,0.361914,0.013686,0.023391,0.01248,-0.020137,0.007272,0.003135,-0.004515,-0.023212,-0.028039,-0.037806,0.000516,0.004345,0.007156,0.010858,0.015939,0.000844,0.014591,0.013677,0.015069,0.015825,-0.191931,-0.686542,-0.112148,-0.925487,1,0,0,0,0,0,0,0,0,0,0
4370,0.007353,0.014973,0.015932,0.019902,0.021127,0.002238,0.023499,0.04023,0.036447,0.037699,-0.011616,-0.034902,-0.051367,-0.083071,-0.103985,0.02214,0.057921,0.08443,0.106943,0.115175,0.000346,0.000666,0.001199,0.001172,-0.000613,0.004503,0.006368,0.011989,-0.000506,-0.004076,-0.005675,-0.02952,-0.087414,-0.15045,-0.22718,0.039804,0.120957,0.191746,0.288191,0.398917,0.004694,0.005985,-0.025162,-0.019855,0.017686,0.001304,-0.018835,-0.029918,-0.039032,-0.044153,0.001398,0.005271,0.00869,0.012145,0.019827,0.007603,0.01274,0.012081,0.014324,0.01596,-0.155326,-0.741017,-0.108049,-0.919564,1,0,0,0,0,0,0,0,0,0,0
4371,0.007518,0.008771,0.011704,0.01365,0.014423,0.009224,0.032792,0.036524,0.033805,0.034872,-0.011864,-0.030819,-0.053854,-0.084833,-0.095683,0.017169,0.051854,0.080327,0.085313,0.099469,0.000293,0.000373,0.000853,0.000587,-0.001946,0.001066,0.005919,0.005065,-0.007252,-0.010024,-0.007198,-0.041243,-0.119198,-0.186595,-0.264736,0.046362,0.114186,0.203897,0.300914,0.399476,0.005024,-0.005904,-0.038574,-0.011121,0.025104,-0.008967,-0.027694,-0.032529,-0.042312,-0.046479,0.002468,0.00531,0.009055,0.014193,0.0242,0.006265,0.005341,0.006749,0.007513,0.009378,-0.11025,-0.778053,-0.104321,-0.914417,1,0,0,0,0,0,0,0,0,0,0
4372,0.000107,0.001066,0.005035,0.00626,0.007086,0.012041,0.02877,0.024987,0.026239,0.024002,-0.011428,-0.027891,-0.059591,-0.080503,-0.082607,0.018621,0.045126,0.067636,0.075867,0.087029,2.7e-05,0.000559,0.000533,-0.001252,-0.00317,0.000799,0.00642,-0.006074,-0.009643,-0.011641,-0.016649,-0.074535,-0.137563,-0.214283,-0.292095,0.034817,0.105596,0.202029,0.31274,0.419482,-0.003729,-0.034872,-0.029565,0.007971,0.068283,-0.011176,-0.022258,-0.03137,-0.036491,-0.036535,0.001415,0.004831,0.008283,0.015957,0.031051,-0.001098,-0.001756,0.000485,0.002119,0.003874,-0.073401,-0.846013,-0.100153,-0.914257,1,0,0,0,0,0,0,0,0,0,0
4373,0.001145,0.004073,0.006017,0.006789,0.007135,0.011501,0.015229,0.012513,0.013578,0.007109,-0.007508,-0.030511,-0.061447,-0.072283,-0.076037,0.016027,0.044461,0.04944,0.063577,0.069887,5.3e-05,0.000532,0.000266,-0.002263,-0.003754,0.004047,0.003195,-0.009105,-0.011874,-0.014696,-0.017359,-0.095206,-0.162511,-0.240545,-0.316342,0.032933,0.122522,0.219405,0.317833,0.426564,-0.007186,-0.039811,-0.012396,0.02378,0.105822,-0.007531,-0.012359,-0.022129,-0.02629,-0.022845,0.001406,0.005114,0.010204,0.020115,0.042973,0.000178,0.001573,0.002329,0.004176,0.00558,-0.029254,-0.888358,-0.09708,-0.912344,1,0,0,0,0,0,0,0,0,0,0
4374,-0.000187,0.003789,0.005017,0.005844,0.006324,0.00523,0.001441,0.002695,0.000454,-0.009179,-0.008966,-0.040721,-0.061668,-0.063776,-0.075384,0.010487,0.033035,0.041281,0.052462,0.058466,0.00048,0.000454,-0.001334,-0.003256,-0.005657,0.001574,-0.010941,-0.014516,-0.016518,-0.022602,-0.040587,-0.103723,-0.180574,-0.25852,-0.324804,0.037892,0.13449,0.245391,0.352316,0.419721,-0.023994,-0.018678,0.018922,0.079337,0.132223,-0.003553,-0.012681,-0.01781,-0.017854,-0.014598,0.002029,0.005522,0.013289,0.028566,0.051328,-0.000847,0.001421,0.003075,0.00485,0.006991,-0.001866,-0.913124,-0.09413,-0.908932,1,0,0,0,0,0,0,0,0,0,0
4375,0.003129,0.005081,0.005857,0.006204,0.006686,-0.001498,-0.004225,-0.003156,-0.009654,-0.016607,-0.01412,-0.045195,-0.056079,-0.05985,-0.072766,0.018051,0.023052,0.037252,0.04359,0.051506,0.0,-0.000267,-0.002808,-0.004306,-0.006284,-0.002434,-0.014789,-0.01757,-0.020404,-0.029497,-0.03752,-0.105125,-0.183507,-0.259642,-0.314865,0.052014,0.14933,0.248197,0.357413,0.403436,-0.008725,0.018813,0.05515,0.137558,0.17303,-0.001289,-0.011103,-0.015283,-0.011822,-0.014185,0.001766,0.007017,0.017242,0.040823,0.063838,0.002298,0.003079,0.004985,0.006433,0.007962,0.031284,-0.933681,-0.091119,-0.903804,1,0,0,0,0,0,0,0,0,0,0
4376,0.000858,0.002091,0.002921,0.003404,0.003806,-0.002305,-0.001045,-0.003297,-0.012972,-0.017207,-0.017743,-0.038782,-0.040899,-0.052558,-0.063921,0.004556,0.012838,0.024068,0.030098,0.039639,-2.7e-05,-0.001822,-0.003752,-0.006164,-0.006406,-0.010131,-0.013722,-0.015732,-0.021843,-0.030152,-0.02581,-0.102998,-0.181285,-0.24786,-0.301892,0.044892,0.156279,0.263673,0.331373,0.350885,0.014083,0.051848,0.112528,0.165645,0.174997,-0.007876,-0.013028,-0.013072,-0.009801,-0.013917,0.001808,0.009817,0.025568,0.049038,0.074438,4e-06,0.00171,0.00354,0.005747,0.005923,0.058808,-0.934408,-0.088686,-0.903308,1,0,0,0,0,0,0,0,0,0,0
4377,0.001102,0.001881,0.00223,0.002714,0.003601,-0.00043,0.000645,-0.005885,-0.012871,-0.01588,-0.013435,-0.024371,-0.02816,-0.041138,-0.051644,0.000457,0.014725,0.021093,0.029046,0.035415,-0.000242,-0.002794,-0.004299,-0.006288,-0.006422,-0.002257,-0.005052,-0.0079,-0.017036,-0.021415,-0.042052,-0.120807,-0.197306,-0.252793,-0.30621,0.052773,0.152111,0.261848,0.308091,0.326793,0.01355,0.050061,0.132862,0.168503,0.182571,-0.001964,-0.006164,-0.002687,-0.005061,-0.006519,0.003588,0.014159,0.038539,0.062333,0.089093,0.000803,0.002773,0.004271,0.005851,0.006447,0.090746,-0.953104,-0.085756,-0.901384,1,0,0,0,0,0,0,0,0,0,0
4378,0.000135,0.000969,0.001454,0.001858,0.0035,0.001696,-0.000565,-0.010286,-0.01454,-0.014163,-0.007674,-0.009801,-0.021514,-0.032931,-0.043782,0.007863,0.019145,0.025203,0.034789,0.034789,-0.001562,-0.0035,-0.005924,-0.006166,-0.006193,-0.001346,-0.003366,-0.009505,-0.017852,-0.019199,-0.035408,-0.11406,-0.180945,-0.235229,-0.290105,0.059023,0.166917,0.234933,0.254535,0.285985,0.024362,0.085325,0.13869,0.148086,0.183103,-0.003207,-0.003252,3.4e-05,-0.004101,-0.005968,0.004633,0.020905,0.045152,0.071393,0.101937,0.000947,0.002838,0.005118,0.005299,0.006312,0.117996,-0.960106,-0.08197,-0.897486,1,0,0,0,0,0,0,0,0,0,0
4379,0.000647,0.000997,0.001482,0.002371,0.006627,-0.00062,-0.007166,-0.01417,-0.017187,-0.009536,-0.003286,-0.007085,-0.020096,-0.030629,-0.04065,0.006438,0.012823,0.020796,0.027181,0.029524,-0.000997,-0.002505,-0.004499,-0.004633,-0.004499,-0.001455,-0.00431,-0.013469,-0.01786,-0.016163,-0.043532,-0.120225,-0.175853,-0.229406,-0.278946,0.040542,0.150558,0.196919,0.215668,0.239239,0.01223,0.095242,0.130973,0.145077,0.171197,-0.001002,0.002484,0.000104,-0.001358,-0.007644,0.006114,0.030931,0.055151,0.082391,0.114612,0.001055,0.00258,0.004188,0.004795,0.007138,0.144804,-0.969411,-0.07805,-0.898145,1,0,0,0,0,0,0,0,0,0,0
4380,0.000189,0.000674,0.001078,0.002722,0.010268,-0.001644,-0.011373,-0.015631,-0.015253,0.000916,0.001159,-0.010564,-0.021991,-0.032851,-0.040316,0.004851,0.010914,0.020508,0.020508,0.022745,-0.000943,-0.003369,-0.003611,-0.003638,-0.003261,-0.000566,-0.00671,-0.015065,-0.016412,-0.008112,-0.035169,-0.102111,-0.156441,-0.211363,-0.24443,0.067427,0.135501,0.15512,0.186597,0.188915,0.04878,0.10219,0.111593,0.146641,0.15071,0.000958,0.004246,0.000108,-0.00176,-0.010183,0.010238,0.03463,0.061027,0.091754,0.11613,0.000844,0.003138,0.00332,0.004338,0.008432,0.157103,-0.957706,-0.075401,-0.903914,1,0,0,0,0,0,0,0,0,0,0
4381,0.000162,0.000648,0.001539,0.005804,0.01312,-0.004913,-0.011932,-0.014956,-0.007289,0.008828,-0.004967,-0.018006,-0.028561,-0.038604,-0.043733,0.001539,0.009529,0.015927,0.018276,0.01752,-0.000567,-0.002565,-0.0027,-0.002565,-0.001485,-0.002295,-0.011473,-0.015873,-0.014173,-0.002727,-0.041627,-0.097373,-0.15104,-0.200685,-0.217584,0.042707,0.089166,0.107955,0.131576,0.116162,0.034325,0.070132,0.084266,0.110442,0.098165,0.002534,0.000148,-0.001316,-0.007616,-0.012743,0.014827,0.03941,0.067057,0.099762,0.113263,0.000693,0.002326,0.002941,0.005319,0.008937,0.169517,-0.951517,-0.073945,-0.908834,1,0,0,0,0,0,0,0,0,0,0
4382,0.000324,0.000729,0.002377,0.00994,0.016423,-0.004835,-0.009103,-0.008725,0.007482,0.016585,-0.00678,-0.018233,-0.029119,-0.036601,-0.040679,0.004538,0.014154,0.014154,0.016396,0.016504,-0.001864,-0.002107,-0.002134,-0.001756,-0.000162,-0.003863,-0.012236,-0.013587,-0.005267,0.000297,-0.025445,-0.0799,-0.13495,-0.168093,-0.178115,0.025499,0.045163,0.076713,0.079036,0.074417,0.019189,0.028614,0.063742,0.067821,0.064307,0.00076,-0.003388,-0.00526,-0.013703,-0.017565,0.0099,0.036728,0.067955,0.092729,0.098919,0.001635,0.00182,0.002855,0.007016,0.009797,0.17376,-0.952158,-0.071998,-0.91006,1,0,0,0,0,0,0,0,0,0,0
4383,0.000162,0.001055,0.005327,0.012655,0.019199,-0.00219,-0.005219,0.002461,0.018604,0.021795,-0.006274,-0.016847,-0.026906,-0.032044,-0.03345,0.003461,0.00987,0.012223,0.011465,0.012087,-0.000135,-0.00027,-0.000135,0.000946,0.00265,-0.005327,-0.009735,-0.008031,0.003434,0.004083,-0.030367,-0.084125,-0.133853,-0.150781,-0.151971,0.021011,0.039832,0.063493,0.048052,0.045537,0.016658,0.030816,0.057036,0.044738,0.04162,-0.003151,-0.004618,-0.010928,-0.016064,-0.018905,0.014899,0.042875,0.075968,0.089629,0.089994,5e-06,0.000627,0.003034,0.006695,0.009462,0.175375,-0.948256,-0.0697,-0.910002,1,0,0,0,0,0,0,0,0,0,0
4384,0.000244,0.001894,0.009472,0.015967,0.022218,-0.002084,-0.001705,0.014533,0.023653,0.024031,-0.005196,-0.016102,-0.023598,-0.027685,-0.025872,0.00617,0.00617,0.008416,0.008525,0.008416,-0.000108,-0.000135,0.000244,0.00184,0.004032,-0.003058,-0.004411,0.003924,0.009499,0.008822,-0.024167,-0.07932,-0.112526,-0.122566,-0.120455,-0.001326,0.030283,0.03261,0.027983,0.020811,-0.007228,0.027966,0.032053,0.028532,0.02155,-0.001002,-0.002879,-0.011337,-0.015206,-0.016495,0.012201,0.043842,0.068944,0.075216,0.076182,0.000183,0.001232,0.005447,0.008265,0.010614,0.177807,-0.944559,-0.066925,-0.909263,1,0,0,0,0,0,0,0,0,0,0
4385,0.000651,0.004939,0.012293,0.018861,0.023664,-0.00095,0.006757,0.022959,0.026161,0.026405,-0.0054,-0.015496,-0.020652,-0.022063,-0.019512,0.000244,0.002605,0.001845,0.00247,0.003284,-2.7e-05,0.000109,0.001194,0.002904,0.005292,-0.001357,0.000353,0.011859,0.012511,0.011941,-0.029716,-0.079622,-0.09661,-0.097805,-0.095932,0.020218,0.043963,0.028468,0.025944,0.02133,0.021457,0.04777,0.035429,0.0323,0.027117,-0.000467,-0.0068,-0.011954,-0.014806,-0.015751,0.016242,0.050172,0.064179,0.064553,0.066063,0.000452,0.002919,0.006673,0.009511,0.010919,0.179773,-0.943331,-0.064395,-0.908962,1,0,0,0,0,0,0,0,0,0,0
4386,0.001003,0.008597,0.015106,0.021371,0.027012,0.001329,0.017601,0.026741,0.027121,0.02769,-0.005533,-0.013045,-0.01714,-0.015323,-0.013181,-0.000244,0.002007,0.002115,0.002007,0.003119,0.0,0.00038,0.00198,0.004177,0.007621,0.0,0.008353,0.01394,0.013262,0.013533,-0.025575,-0.058852,-0.068914,-0.066798,-0.061917,0.011472,0.013804,0.009167,0.00198,-0.002278,0.013827,0.017922,0.014394,0.007397,0.001592,-0.001413,-0.00989,-0.013768,-0.015059,-0.015468,0.01595,0.041433,0.0478,0.048781,0.047474,0.000614,0.004894,0.007755,0.01014,0.011423,0.177925,-0.939826,-0.062885,-0.909402,1,0,0,0,0,0,0,0,0,0,0
4387,0.00327,0.010594,0.017135,0.021918,0.03081,0.006351,0.022486,0.025675,0.025918,0.026324,-0.00454,-0.009675,-0.011081,-0.00854,-0.002324,0.002595,0.001838,0.002459,0.00327,0.002973,0.000135,0.001216,0.002919,0.005297,0.009567,0.001703,0.013162,0.01381,0.013243,0.014513,-0.024215,-0.041134,-0.042323,-0.040458,-0.030864,0.012216,-0.003216,-0.00573,-0.010324,-0.014216,0.012427,0.000136,-0.00298,-0.008142,-0.012335,-0.004899,-0.010031,-0.012871,-0.013812,-0.013163,0.0174,0.031009,0.031372,0.03284,0.030742,0.001797,0.005444,0.008201,0.00957,0.012261,0.17699,-0.939861,-0.059776,-0.910123,1,0,0,0,0,0,0,0,0,0,0
4388,0.004297,0.010783,0.017026,0.022648,0.034674,0.009864,0.018972,0.01935,0.019918,0.019864,-0.002946,-0.007027,-0.005216,-0.003081,0.010405,-0.000351,-0.000243,-0.000351,0.000757,0.00027,0.000243,0.001838,0.004027,0.007459,0.012729,0.006621,0.012189,0.011513,0.011783,0.012837,-0.008946,-0.018972,-0.016864,-0.011999,-0.001865,-0.009891,-0.014513,-0.021675,-0.025918,-0.030107,-0.008345,-0.011861,-0.018834,-0.024619,-0.027576,-0.003548,-0.007413,-0.008699,-0.009107,-0.008269,0.007466,0.013679,0.014636,0.013361,0.016484,0.002378,0.00517,0.007497,0.008749,0.012696,0.177029,-0.937873,-0.057112,-0.910475,1,0,0,0,0,0,0,0,0,0,0
4389,0.003029,0.009574,0.014361,0.023258,0.035915,0.006274,0.009466,0.009709,0.010115,0.010277,-0.002191,-0.003597,-0.001055,0.005166,0.021744,-0.000406,0.000216,0.001028,0.00073,-0.001298,0.000838,0.002542,0.004922,0.009195,0.015875,0.004841,0.00549,0.004922,0.006193,0.008384,-0.007978,-0.009168,-0.007302,0.002299,0.014793,-0.005544,-0.008059,-0.012657,-0.016551,-0.038728,-0.003948,-0.007066,-0.012232,-0.016428,-0.035315,-0.001585,-0.004427,-0.005369,-0.00472,-0.002895,0.006171,0.006536,0.008011,0.005903,0.011955,0.001274,0.004045,0.00542,0.008123,0.011662,0.176165,-0.922306,-0.054104,-0.911458,1,0,0,0,0,0,0,0,0,0,0
4390,0.003464,0.009717,0.015347,0.027391,0.037974,0.002842,0.003221,0.003789,0.003735,0.00406,-0.001895,-8.1e-05,0.002057,0.015563,0.036729,0.000514,0.000406,0.001516,0.001029,-0.001597,0.000758,0.00295,0.006388,0.011666,0.017593,0.000731,5.4e-05,0.000325,0.00138,0.005576,-0.002057,5.4e-05,0.004926,0.015076,0.041439,0.00092,-0.006252,-0.010502,-0.014697,-0.046581,0.00043,-0.006553,-0.012347,-0.015308,-0.045011,-0.002284,-0.003572,-0.00398,-0.003142,0.000604,7.3e-05,0.00104,-0.000249,0.002907,0.003988,0.00154,0.003891,0.005157,0.009145,0.012001,0.163063,-0.911048,-0.050921,-0.913239,1,0,0,0,0,0,0,0,0,0,0
4391,0.00309,0.007888,0.016807,0.029493,0.037653,0.000352,0.000596,0.001003,0.001166,0.003063,0.000488,0.003036,0.009271,0.025888,0.046978,0.000108,0.000922,0.000623,-0.00141,-0.003063,0.000949,0.003334,0.007617,0.014313,0.017593,-8.1e-05,-0.000651,0.000623,0.002819,0.007102,0.000867,0.002738,0.012361,0.024885,0.058227,-0.003443,-0.008051,-0.011954,-0.034183,-0.058092,-0.003556,-0.008734,-0.01294,-0.031871,-0.056166,-0.000561,-0.001506,-0.000854,0.000974,0.003256,0.000298,0.001796,-0.000347,0.005806,0.001721,0.001259,0.002657,0.005405,0.009002,0.01204,0.152386,-0.904136,-0.047036,-0.914863,1,0,0,0,0,0,0,0,0,0,0
4392,0.003174,0.008818,0.020891,0.031499,0.037712,2.7e-05,0.000597,0.000543,0.000868,0.00681,0.001329,0.003473,0.017011,0.038228,0.057491,-0.000217,0.000895,0.000407,-0.002225,-0.004395,0.001248,0.004694,0.009984,0.015926,0.017798,-0.000597,-0.000326,0.000733,0.004938,0.014271,0.001248,0.006132,0.016306,0.042731,0.073227,-0.003744,-0.008004,-0.012209,-0.044169,-0.062076,-0.003441,-0.009248,-0.012217,-0.04199,-0.059632,-0.00073,-0.001139,-0.000298,0.003457,0.00678,0.000684,-0.000626,0.002583,0.003682,-0.000245,0.001124,0.002411,0.006466,0.00937,0.012129,0.142665,-0.898196,-0.044991,-0.921464,1,0,0,0,0,0,0,0,0,0,0
4393,0.001629,0.010561,0.023268,0.03144,0.035893,0.000217,0.000624,0.000787,0.002688,0.008525,0.001222,0.007466,0.024109,0.045232,0.059703,0.001032,0.000733,-0.001303,-0.002959,-0.004833,0.00114,0.00543,0.012136,0.015421,0.017702,2.7e-05,0.001303,0.003502,0.007792,0.020471,0.000624,0.010263,0.022806,0.056201,0.082618,-0.000869,-0.004778,-0.027042,-0.050988,-0.064238,-0.001742,-0.005955,-0.024916,-0.04925,-0.062636,-0.000215,0.000437,0.002268,0.004554,0.011368,0.000828,-0.001339,0.004882,0.000752,-0.003543,0.000284,0.003062,0.006699,0.009771,0.011213,0.137233,-0.89378,-0.04265,-0.926155,1,0,0,0,0,0,0,0,0,0,0
4394,0.004018,0.016099,0.026713,0.03293,0.034396,0.000353,0.000299,0.000624,0.00657,0.012081,0.000923,0.01447,0.035699,0.054974,0.064639,8.1e-05,-0.000407,-0.003041,-0.005212,-0.006977,0.002308,0.007601,0.013547,0.01542,0.017836,0.000244,0.001303,0.005511,0.01485,0.022207,0.004262,0.014443,0.040885,0.071399,0.091189,-0.003393,-0.007601,-0.039581,-0.057499,-0.072512,-0.004069,-0.007039,-0.036831,-0.054484,-0.069325,-0.000194,0.000647,0.004405,0.007729,0.009586,-0.002144,0.00108,0.002183,-0.001761,-0.005007,0.001009,0.005082,0.007998,0.010769,0.010142,0.13228,-0.887219,-0.04207,-0.924938,1,0,0,0,0,0,0,0,0,0,0
4395,0.004917,0.01763,0.025806,0.030261,0.030044,5.4e-05,0.000217,0.002119,0.007959,0.013501,0.005324,0.021976,0.04311,0.057588,0.068073,-0.00038,-0.002418,-0.004075,-0.005949,-0.00709,0.001983,0.008693,0.011979,0.014261,0.015973,0.001032,0.003233,0.007524,0.02021,0.024448,0.005379,0.017928,0.05134,0.077771,0.096161,-0.000516,-0.022791,-0.04675,-0.060006,-0.072556,-0.000144,-0.019114,-0.04346,-0.056854,-0.069414,0.000846,0.002679,0.004966,0.011783,0.010503,-2.2e-05,0.006221,0.002076,-0.002234,-0.004424,0.001775,0.005425,0.008508,0.009955,0.008652,0.125978,-0.885765,-0.042826,-0.927563,1,0,0,0,0,0,0,0,0,0,0
4396,0.007176,0.017805,0.02403,0.025498,0.024873,-0.000109,0.000217,0.006171,0.011689,0.013347,0.008237,0.029494,0.048794,0.058471,0.066517,-0.000109,-0.002746,-0.00492,-0.006687,-0.006769,0.003316,0.009269,0.011145,0.013564,0.014081,2.7e-05,0.004241,0.013592,0.020958,0.023269,0.004811,0.031288,0.061842,0.081659,0.097126,-0.003697,-0.035719,-0.05366,-0.068692,-0.076575,-0.002831,-0.032661,-0.050337,-0.065198,-0.074093,-5e-06,0.003757,0.007087,0.008946,0.009614,0.003275,0.004388,0.000408,-0.002868,-0.005058,0.002326,0.00527,0.008066,0.007433,0.006672,0.121731,-0.883039,-0.042508,-0.927748,1,0,0,0,0,0,0,0,0,0,0
4397,0.005556,0.013754,0.01822,0.018003,0.017512,0.000272,0.002179,0.008034,0.01359,0.012746,0.008443,0.029632,0.044148,0.054661,0.060462,-0.001934,-0.003595,-0.005474,-0.006618,-0.006945,0.003404,0.0067,0.008988,0.010703,0.010758,0.002179,0.006482,0.019201,0.02345,0.02315,0.007762,0.041261,0.067761,0.0862,0.096522,-0.018629,-0.04265,-0.055941,-0.068524,-0.074407,-0.016184,-0.040594,-0.054023,-0.066615,-0.072798,0.001842,0.004135,0.01097,0.009687,0.01024,0.003039,-0.001182,-0.005572,-0.007802,-0.009038,0.001359,0.004499,0.005973,0.004646,0.00428,0.119263,-0.884987,-0.041982,-0.930494,1,0,0,0,0,0,0,0,0,0,0
4398,0.00511,0.011367,0.012843,0.012214,0.01175,5.5e-05,0.006039,0.011586,0.013253,0.012324,0.012897,0.032298,0.042026,0.050114,0.053585,-0.00071,-0.002896,-0.004673,-0.004755,-0.005055,0.002569,0.004454,0.006886,0.007405,0.007405,0.002049,0.011449,0.018854,0.021177,0.020876,0.018827,0.049541,0.069461,0.085009,0.091512,-0.013499,-0.031533,-0.046644,-0.054568,-0.054896,-0.013749,-0.031517,-0.046455,-0.055397,-0.055876,0.001934,0.00528,0.007149,0.007821,0.008457,-0.001955,-0.006083,-0.009481,-0.011752,-0.012774,0.001662,0.004562,0.003906,0.003116,0.002799,0.11798,-0.887711,-0.042,-0.931253,1,0,0,0,0,0,0,0,0,0,0
4399,0.003123,0.007615,0.007396,0.006903,0.007012,0.001863,0.007752,0.01334,0.012491,0.012682,0.008382,0.022982,0.033555,0.039389,0.041389,-0.000959,-0.002849,-0.003999,-0.004328,-0.002712,0.00074,0.00304,0.004766,0.004821,0.004821,0.002274,0.015065,0.019339,0.019037,0.017996,0.014819,0.041471,0.060015,0.070397,0.074286,-0.010628,-0.023995,-0.03665,-0.042567,-0.041033,-0.010768,-0.024274,-0.036938,-0.043157,-0.043515,0.000368,0.007242,0.005951,0.006507,0.005273,-0.002405,-0.006974,-0.009296,-0.010583,-0.011227,0.001578,0.003113,0.001731,0.001351,0.001413,0.117706,-0.887594,-0.041955,-0.930787,1,0,0,0,0,0,0,0,0,0,0
4400,0.003163,0.004649,0.004016,0.003548,0.004621,0.004153,0.009737,0.011415,0.01048,0.014881,0.011113,0.020905,0.029047,0.03254,0.033145,-0.001238,-0.003026,-0.003108,-0.003411,-0.00055,0.001155,0.003603,0.004126,0.004126,0.004016,0.007179,0.014633,0.016971,0.016669,0.014606,0.016036,0.036088,0.05174,0.058286,0.060459,-0.007482,-0.022693,-0.03067,-0.031,-0.029899,-0.007073,-0.022111,-0.031111,-0.031594,-0.033562,0.002999,0.004881,0.005557,0.006197,-0.000284,-0.001847,-0.005406,-0.007784,-0.008855,-0.009311,0.001413,0.000725,-0.000101,-0.000434,0.000332,0.117959,-0.888131,-0.04131,-0.928649,1,0,0,0,0,0,0,0,0,0,0
4401,0.001351,0.00113,0.000634,0.000744,0.001875,0.001764,0.007388,0.006534,0.006727,0.011827,0.003556,0.014198,0.02007,0.022082,0.022137,-0.000662,-0.001819,-0.00215,-0.000524,0.001571,0.001158,0.002895,0.00295,0.00295,0.002619,0.005679,0.00998,0.009676,0.008629,0.005789,0.010752,0.029415,0.039863,0.043778,0.045956,-0.005955,-0.018691,-0.024646,-0.023102,-0.021586,-0.006504,-0.01925,-0.025509,-0.025869,-0.026741,0.003912,0.002613,0.003173,0.001931,-0.006028,-0.002903,-0.005332,-0.006678,-0.007351,-0.008064,0.00017,-0.001275,-0.001673,-0.001608,-0.000676,0.117734,-0.888024,-0.041169,-0.927316,1,0,0,0,0,0,0,0,0,0,0
4402,0.000138,-0.000497,-0.000967,0.00011,0.001492,0.00384,0.005525,0.004585,0.009005,0.009751,0.00627,0.014447,0.017955,0.018563,0.017872,-0.001133,-0.001215,-0.001519,0.001354,0.002127,0.001298,0.001823,0.001823,0.001713,0.001436,0.001796,0.004143,0.00384,0.001768,-0.003619,0.009364,0.025082,0.031656,0.033839,0.035579,-0.009309,-0.01732,-0.017651,-0.016546,-0.00906,-0.008585,-0.017624,-0.018109,-0.020084,-0.013771,-0.002031,-0.001351,-0.000709,-0.007218,-0.01337,-0.000722,-0.003172,-0.004275,-0.004745,-0.005959,-0.000881,-0.001732,-0.002075,-0.001286,-0.000228,0.118469,-0.893728,-0.041565,-0.925752,1,0,0,0,0,0,0,0,0,0,0
4403,-0.00036,-0.000859,-0.000748,0.000388,0.001303,0.001801,0.000942,0.001136,0.006263,0.005626,0.004407,0.01031,0.012333,0.012388,0.011141,-2.8e-05,-0.00036,0.001275,0.003381,0.00643,0.000443,0.000499,0.000499,0.000166,0.000139,0.002522,0.002217,0.001164,-0.001691,-0.009312,0.009367,0.019871,0.023807,0.025996,0.026827,-0.003464,-0.009451,-0.007899,-0.006374,0.013469,-0.004201,-0.010493,-0.010855,-0.011732,0.004637,0.000731,0.001294,4.5e-05,-0.007956,-0.014951,-0.001781,-0.003178,-0.003877,-0.004616,-0.006339,-0.000598,-0.001011,-0.000944,2.3e-05,0.000608,0.118351,-0.907316,-0.04288,-0.926687,1,0,0,0,0,0,0,0,0,0,0
4404,-0.000278,-0.00075,0.000333,0.001723,0.000639,-0.000111,-0.001056,0.003391,0.004141,0.003446,0.003807,0.007337,0.007948,0.007254,0.006726,-5.6e-05,-0.000361,0.002529,0.003307,0.013256,8.3e-05,8.3e-05,-2.8e-05,-0.000306,-0.000778,-0.000167,-0.000472,-0.002557,-0.007976,-0.01648,0.00642,0.013034,0.01523,0.016981,0.017564,-0.004586,-0.004919,-0.003807,0.003724,0.024484,-0.004881,-0.005369,-0.007357,-0.001005,0.009569,-5e-05,0.000596,-0.005952,-0.012141,-0.019943,-0.00074,-0.001891,-0.002382,-0.003648,-0.004727,-0.000278,-0.000636,0.000187,0.001291,0.000851,0.119057,-0.915883,-0.044748,-0.927534,1,0,0,0,0,0,0,0,0,0,0
4405,-0.000223,-0.000111,0.001031,0.00195,-0.001114,-0.000752,-0.000557,0.004596,0.003956,0.001476,0.002117,0.004151,0.004206,0.002953,0.002674,-0.000279,0.001365,0.003482,0.006546,0.014485,-2.8e-05,-2.8e-05,-0.000362,-0.00039,-0.002451,-0.000139,-0.001198,-0.004067,-0.011727,-0.019388,0.004123,0.008078,0.010279,0.011115,0.011115,-0.001421,0.000139,0.001671,0.021616,0.030892,-0.001432,-0.001795,-0.002677,0.013776,0.015067,0.000616,-0.000639,-0.008682,-0.015712,-0.020881,-0.000695,-0.001419,-0.002186,-0.003971,-0.004179,-0.000145,-7.5e-05,0.000927,0.001533,0.000866,0.120197,-0.921276,-0.047324,-0.932397,1,0,0,0,0,0,0,0,0,0,0
4406,-0.000252,0.000839,0.002238,0.001147,-0.004112,-0.000196,0.004279,0.005035,0.004335,0.002154,0.001426,0.002042,0.001343,0.000811,0.00028,-2.8e-05,0.002881,0.003664,0.013677,0.02411,2.8e-05,-8.4e-05,-0.000364,-0.000839,-0.005202,-0.000168,-0.002266,-0.00772,-0.016278,-0.02025,0.002517,0.004727,0.006489,0.007076,0.006545,0.001091,0.00221,0.009789,0.030683,0.039325,0.000946,-0.001054,0.005338,0.01598,0.014205,3.2e-05,-0.006558,-0.012787,-0.020639,-0.022417,-0.000488,-0.001001,-0.002325,-0.003454,-0.003348,-0.000225,0.000636,0.00179,0.001331,0.000753,0.12011,-0.927133,-0.047307,-0.934826,1,0,0,0,0,0,0,0,0,0,0
4407,0.000364,0.001514,0.002439,-0.000645,-0.007234,0.000393,0.005579,0.004935,0.002439,0.002439,0.000617,0.000673,-0.000589,-0.000869,-0.001262,0.001682,0.003813,0.006897,0.014888,0.029747,-2.8e-05,-0.000364,-0.000393,-0.002467,-0.006364,-0.000897,-0.003785,-0.011495,-0.019205,-0.020075,0.001458,0.003673,0.004514,0.004514,0.004149,0.000477,0.002019,0.022093,0.03143,0.044018,-0.001315,-0.002202,0.014358,0.015657,0.013401,-0.001296,-0.009391,-0.016466,-0.021669,-0.022495,-0.000261,-0.001063,-0.002932,-0.003149,-0.003022,0.000301,0.00135,0.001984,0.001286,-0.000424,0.119158,-0.934448,-0.049711,-0.939048,1,0,0,0,0,0,0,0,0,0,0
4408,0.000732,0.002139,0.001041,-0.004249,-0.010383,0.004108,0.004868,0.004165,0.00197,0.00197,0.0,-0.000703,-0.001238,-0.001773,-0.003208,0.001238,0.002026,0.0121,0.022596,0.029208,-8.4e-05,-0.000366,-0.000844,-0.005234,-0.007288,-0.00121,-0.006697,-0.015308,-0.019303,-0.0195,0.00076,0.002533,0.003123,0.002589,0.00287,0.000647,0.008273,0.029293,0.037988,0.043869,-0.000693,0.005738,0.016444,0.014658,0.013716,-0.00533,-0.011597,-0.019496,-0.021285,-0.021406,-0.000268,-0.001649,-0.002826,-0.002715,-0.003491,0.000589,0.001793,0.001314,0.000711,-0.001927,0.118091,-0.936332,-0.054129,-0.943864,1,0,0,0,0,0,0,0,0,0,0
4409,0.000424,0.001358,-0.001754,-0.008403,-0.014091,0.001103,0.000453,-0.002065,-0.002065,-0.00266,5.7e-05,-0.001217,-0.0015,-0.001896,-0.005659,0.000905,0.004018,0.012082,0.027078,0.03152,-0.000255,-0.000283,-0.002377,-0.00631,-0.008573,-0.001698,-0.009479,-0.01726,-0.018137,-0.020174,0.001471,0.00232,0.00232,0.001952,0.002065,0.000905,0.021164,0.030586,0.04329,0.045667,-0.000198,0.016513,0.017824,0.015547,0.013021,-0.00281,-0.009951,-0.015201,-0.016034,-0.017397,-0.000577,-0.002569,-0.0028,-0.002665,-0.004436,0.000506,0.001182,0.000438,-0.001385,-0.003684,0.115089,-0.937603,-0.057169,-0.944697,1,0,0,0,0,0,0,0,0,0,0
4410,0.000995,-0.000114,-0.005459,-0.011657,-0.016632,-0.000341,-0.001052,-0.00327,-0.00327,-0.004151,-0.000768,-0.001308,-0.001848,-0.003298,-0.007847,-0.000114,0.010065,0.02067,0.027351,0.036819,-2.8e-05,-0.000512,-0.004947,-0.007023,-0.009126,-0.003838,-0.012538,-0.016575,-0.016774,-0.020328,0.000313,0.00091,0.00037,0.000654,-0.000995,0.006795,0.028033,0.036819,0.042761,0.051432,0.006698,0.017515,0.01571,0.014759,0.013619,-0.003509,-0.01149,-0.013298,-0.013419,-0.016013,-0.000888,-0.002154,-0.002034,-0.002869,-0.004269,0.000771,0.000255,-0.000393,-0.003228,-0.00522,0.114284,-0.940203,-0.060243,-0.945861,1,0,0,0,0,0,0,0,0,0,0
4411,-5.7e-05,-0.0032,-0.009913,-0.015655,-0.01934,-0.000314,-0.002857,-0.002857,-0.003457,-0.003885,-0.000514,-0.0008,-0.0012,-0.004999,-0.009856,0.003257,0.011398,0.026539,0.031024,0.045851,0.0,-0.002114,-0.006085,-0.00837,-0.009599,-0.003999,-0.011855,-0.012741,-0.014798,-0.017969,0.000543,0.000543,0.000171,0.000286,-0.004142,0.013627,0.02314,0.035966,0.038366,0.056877,0.010143,0.011467,0.009168,0.006618,0.010227,-0.003684,-0.008985,-0.009827,-0.011203,-0.01387,-0.001212,-0.00146,-0.001315,-0.003209,-0.003654,-7.4e-05,-0.00087,-0.002819,-0.005279,-0.00702,0.115452,-0.950115,-0.063514,-0.947069,1,0,0,0,0,0,0,0,0,0,0
4412,-0.001063,-0.006466,-0.012732,-0.017761,-0.020923,-0.000402,-0.002644,-0.002644,-0.003535,-0.003621,-2.9e-05,-0.000575,-0.002041,-0.006639,-0.011381,0.007013,0.017732,0.024486,0.034057,0.050898,-0.000489,-0.004972,-0.00707,-0.009197,-0.009743,-0.004771,-0.008852,-0.009053,-0.012646,-0.015749,5.7e-05,-0.000489,-0.000201,-0.001868,-0.006668,0.00776,0.01664,0.022647,0.031413,0.054462,0.00073,-0.001094,-0.002056,-0.003208,0.002964,-0.004362,-0.006189,-0.006312,-0.008934,-0.011862,-0.000101,2.8e-05,-0.000872,-0.002383,-0.002753,-0.000479,-0.001177,-0.004235,-0.006384,-0.008281,0.11595,-0.957428,-0.066765,-0.947567,1,0,0,0,0,0,0,0,0,0,0
4413,-0.002116,-0.008926,-0.014752,-0.01849,-0.021186,-0.002174,-0.002174,-0.002782,-0.003217,-0.002724,-0.000261,-0.000667,-0.004521,-0.009448,-0.012839,0.001188,0.016549,0.021099,0.03614,0.053732,-0.001652,-0.00568,-0.007999,-0.009245,-0.0091,-0.003159,-0.004057,-0.006144,-0.009361,-0.010752,-5.8e-05,-0.000435,-0.000319,-0.004811,-0.007622,0.001826,0.014839,0.017273,0.036053,0.060166,0.000607,-0.001726,-0.004313,-0.000651,0.00576,-0.00098,-0.001833,-0.003229,-0.005934,-0.007713,-0.000167,-7e-06,-0.002102,-0.002593,-0.003406,-0.000373,-0.002529,-0.005249,-0.007175,-0.009283,0.115324,-0.963474,-0.070356,-0.947584,1,0,0,0,0,0,0,0,0,0,0
4414,-0.003366,-0.009746,-0.014867,-0.018087,-0.020282,-8.8e-05,-8.8e-05,-0.000995,-0.001083,-0.000468,-0.000293,-0.001785,-0.006468,-0.011297,-0.012906,0.009716,0.016594,0.02634,0.04349,0.062689,-0.002897,-0.005034,-0.0072,-0.007756,-0.005941,-0.000966,-0.001171,-0.004829,-0.00799,-0.008078,-0.000498,-0.000205,-0.001902,-0.00679,-0.006965,0.0072,0.013316,0.022242,0.045714,0.068366,-0.00247,-0.00345,-0.004623,0.001662,0.004931,-0.000872,-0.000997,-0.003667,-0.006649,-0.007186,0.000325,-0.000697,-0.002412,-0.002833,-0.004039,-0.000394,-0.003866,-0.006306,-0.008461,-0.011544,0.113098,-0.961636,-0.073222,-0.941744,1,0,0,0,0,0,0,0,0,0,0
4415,-0.003537,-0.009461,-0.013264,-0.016005,-0.018481,8.8e-05,-0.000531,-0.000973,-0.000472,0.002122,-0.000118,-0.004038,-0.009049,-0.012497,-0.012763,0.005836,0.010464,0.025761,0.043652,0.060512,-0.001179,-0.003537,-0.004804,-0.004657,-0.000619,5.9e-05,-0.002063,-0.005335,-0.00675,-0.007221,0.000118,0.000236,-0.004333,-0.007192,-0.005954,0.005983,0.008459,0.027559,0.052082,0.071064,0.000116,-0.002515,0.001209,0.007729,0.009671,1e-05,-0.00141,-0.004161,-0.005971,-0.008725,-0.000162,-0.002519,-0.003072,-0.003986,-0.0052,-0.002012,-0.005073,-0.00724,-0.009613,-0.014865,0.112123,-0.962937,-0.076251,-0.937918,1,0,0,0,0,0,0,0,0,0,0
4416,-0.002908,-0.008102,-0.011367,-0.013593,-0.016323,-8.9e-05,-0.001009,-0.001098,-0.000475,0.003532,-0.001395,-0.006143,-0.01104,-0.012673,-0.012643,0.001098,0.010981,0.028372,0.047841,0.059445,-0.000979,-0.003176,-0.003739,-0.001899,0.003087,-0.000267,-0.003977,-0.007182,-0.007271,-0.008162,0.000178,-0.001543,-0.0065,-0.006678,-0.003413,0.000178,0.00923,0.033032,0.056003,0.070011,-0.00111,-0.0023,0.004074,0.007389,0.009431,-0.000137,-0.002845,-0.005869,-0.006413,-0.010881,-0.000957,-0.002849,-0.003313,-0.004643,-0.007227,-0.001717,-0.004408,-0.006784,-0.010183,-0.016618,0.109526,-0.965686,-0.079075,-0.934345,1,0,0,0,0,0,0,0,0,0,0
4417,-0.003079,-0.006934,-0.009714,-0.012225,-0.014078,-0.000538,-0.000986,-0.000478,0.002152,0.005559,-0.00257,-0.007652,-0.011149,-0.011418,-0.011089,0.003587,0.019099,0.037242,0.054338,0.064799,-0.001405,-0.00269,-0.002541,0.001554,0.006008,-0.001883,-0.005201,-0.006635,-0.007114,-0.008728,-6e-05,-0.004693,-0.007592,-0.006336,-0.000329,0.002331,0.021699,0.046567,0.065816,0.079146,-0.00155,0.002226,0.008838,0.010807,0.013079,-0.001302,-0.004092,-0.005927,-0.00872,-0.013339,-0.001593,-0.002203,-0.003211,-0.004549,-0.009192,-0.001571,-0.00396,-0.006576,-0.012367,-0.017808,0.106438,-0.969429,-0.082015,-0.933765,1,0,0,0,0,0,0,0,0,0,0
4418,-0.002164,-0.00547,-0.007725,-0.01049,-0.010971,-0.000391,-0.000481,0.00015,0.004208,0.008085,-0.002224,-0.007184,-0.008837,-0.008807,-0.007003,0.006402,0.024016,0.043733,0.055486,0.064773,-0.000812,-0.001383,0.000481,0.005531,0.011271,-0.001864,-0.00511,-0.0052,-0.006102,-0.007063,-0.001683,-0.006703,-0.006883,-0.003577,0.004088,0.006823,0.030929,0.054193,0.06838,0.081996,0.000354,0.006809,0.010166,0.012235,0.015979,-0.001433,-0.004496,-0.005047,-0.009572,-0.013958,-0.00041,-0.000918,-0.002371,-0.005195,-0.010335,-0.001307,-0.003903,-0.007619,-0.014651,-0.020056,0.102053,-0.971321,-0.086327,-0.932297,1,0,0,0,0,0,0,0,0,0,0
4419,-0.001725,-0.004539,-0.00708,-0.008956,-0.007897,-6.1e-05,0.000454,0.003117,0.006566,0.010802,-0.002905,-0.006445,-0.006717,-0.006384,-0.002844,0.009259,0.027625,0.044933,0.055523,0.057914,-0.000484,-0.000333,0.003812,0.008321,0.01755,-0.001483,-0.002935,-0.003419,-0.005053,-0.003298,-0.002996,-0.005931,-0.00466,0.001422,0.012043,0.012739,0.037913,0.057399,0.070894,0.073678,0.003466,0.01016,0.012153,0.014453,0.014221,-0.001382,-0.003239,-0.006066,-0.010743,-0.012572,-0.000235,-0.001334,-0.002791,-0.007851,-0.013986,-0.001234,-0.004085,-0.010395,-0.016324,-0.023375,0.097059,-0.967449,-0.09189,-0.933701,1,0,0,0,0,0,0,0,0,0,0
4420,-0.001614,-0.003899,-0.006702,-0.007189,-0.00396,-3e-05,0.000609,0.004722,0.008651,0.014987,-0.002102,-0.003777,-0.003747,-0.001919,0.002955,0.008529,0.028513,0.040423,0.049836,0.048831,-9.1e-05,0.001797,0.006915,0.012733,0.022176,-0.001797,-0.001889,-0.002803,-0.003777,0.000975,-0.002071,-0.002254,0.001097,0.008864,0.02373,0.011606,0.035184,0.049562,0.063361,0.063057,0.003052,0.006455,0.008551,0.012345,0.01226,-0.001713,-0.002271,-0.006857,-0.011302,-0.01235,-0.000311,-0.001907,-0.005008,-0.010653,-0.019644,-0.001558,-0.005638,-0.013361,-0.019297,-0.02484,0.089138,-0.968046,-0.095744,-0.934154,1,0,0,0,0,0,0,0,0,0,0
4421,-0.001225,-0.003798,-0.005696,-0.004625,0.00147,0.000551,0.003246,0.006738,0.011025,0.015497,-0.00147,-0.001746,-0.001409,0.002174,0.009372,0.010015,0.027533,0.038252,0.040671,0.040304,0.000245,0.004441,0.009004,0.018345,0.0279,0.000337,-0.000153,-0.001807,-3.1e-05,0.003124,-0.000888,0.000398,0.006554,0.017304,0.032188,0.013812,0.033535,0.047195,0.050012,0.056903,0.003706,0.005724,0.008051,0.007817,0.014509,-0.000158,-0.00302,-0.007753,-0.009604,-0.010597,-0.000873,-0.002459,-0.007966,-0.014642,-0.022293,-0.001485,-0.008353,-0.014806,-0.022479,-0.02568,0.084511,-0.973761,-0.101038,-0.93318,1,0,0,0,0,0,0,0,0,0,0
4422,-0.001076,-0.003904,-0.004395,-0.001137,0.005533,9.2e-05,0.004242,0.008207,0.0146,0.016198,-0.000215,-0.000184,0.00166,0.006578,0.016352,0.010112,0.02213,0.031628,0.030614,0.030767,0.00166,0.006824,0.012694,0.022223,0.03378,-0.00043,-0.001352,-0.002336,0.002459,0.003043,0.000707,0.004088,0.011926,0.026925,0.037253,0.009928,0.024436,0.038359,0.038052,0.043892,-0.000287,0.001829,0.005657,0.005572,0.011209,-0.000405,-0.005032,-0.009517,-0.010575,-0.011106,-0.000804,-0.004107,-0.010117,-0.019691,-0.020554,-0.002822,-0.011046,-0.017366,-0.023269,-0.027803,0.082662,-0.975002,-0.106178,-0.932948,1,0,0,0,0,0,0,0,0,0,0
4423,-0.001502,-0.003402,-0.002329,0.00377,0.009685,0.002605,0.006099,0.01039,0.014865,0.016827,-6.1e-05,0.000276,0.003862,0.011065,0.021792,0.007448,0.018175,0.020597,0.020229,0.021148,0.002544,0.007111,0.016459,0.026022,0.037852,-6.1e-05,-0.001716,6.1e-05,0.003218,0.001195,0.000582,0.006743,0.017501,0.032397,0.043461,0.009839,0.023508,0.026328,0.033224,0.033715,0.002305,0.004634,0.0044,0.011098,0.010648,-0.00246,-0.007197,-0.00905,-0.010043,-0.013397,-0.000806,-0.006343,-0.013056,-0.020748,-0.021053,-0.004139,-0.010627,-0.018341,-0.02156,-0.027163,0.078412,-0.975466,-0.110503,-0.929821,1,0,0,0,0,0,0,0,0,0,0
4424,-0.001318,-0.001809,0.001441,0.008094,0.014993,0.001533,0.005488,0.011865,0.01346,0.016219,9.2e-05,0.001932,0.006837,0.016587,0.024252,0.004538,0.014012,0.013,0.013153,0.014318,0.002606,0.008462,0.017967,0.029495,0.041146,-0.000858,-0.00184,0.002943,0.003526,0.001257,0.00279,0.010608,0.02557,0.035872,0.044978,0.00463,0.018519,0.018212,0.024037,0.023026,-0.000195,0.003623,0.003538,0.009161,0.006896,-0.002155,-0.006628,-0.007684,-0.008214,-0.012694,-0.002437,-0.008343,-0.017751,-0.018599,-0.019902,-0.003932,-0.010143,-0.015944,-0.020399,-0.025001,0.079532,-0.975459,-0.113714,-0.928878,1,0,0,0,0,0,0,0,0,0,0
4425,-0.000583,0.000491,0.0066,0.012524,0.01894,0.001965,0.006262,0.010744,0.012708,0.014765,0.000246,0.003837,0.011051,0.021795,0.026553,0.006201,0.008626,0.008257,0.009178,0.009516,0.001965,0.011327,0.020904,0.032753,0.042914,-0.000798,0.000982,0.004144,0.002118,0.001903,0.003377,0.014151,0.02907,0.040151,0.042638,0.009056,0.01188,0.018786,0.019278,0.014182,0.002529,0.002294,0.009002,0.008552,0.003276,-0.002587,-0.004442,-0.005437,-0.008797,-0.010625,-0.003139,-0.009924,-0.017699,-0.018007,-0.015475,-0.002592,-0.01039,-0.013644,-0.019307,-0.022738,0.084207,-0.972438,-0.114587,-0.927422,1,0,0,0,0,0,0,0,0,0,0
4426,9.2e-05,0.003357,0.01004,0.01697,0.023807,0.002002,0.008408,0.010009,0.012781,0.01312,0.001601,0.006529,0.016323,0.024022,0.030398,0.003295,0.002279,0.002433,0.003603,0.000431,0.003911,0.013459,0.025039,0.036742,0.050601,-0.000185,0.00462,0.005205,0.002926,0.00271,0.004466,0.019495,0.029843,0.03899,0.038929,0.004866,0.004558,0.01041,0.009393,-0.009948,0.001299,0.001213,0.006861,0.004587,-0.011086,-0.001898,-0.002958,-0.003491,-0.007991,-0.00768,-0.002883,-0.012591,-0.013466,-0.014811,-0.0078,-0.003757,-0.009743,-0.01434,-0.019089,-0.025253,0.090949,-0.958175,-0.120731,-0.927036,1,0,0,0,0,0,0,0,0,0,0
4427,0.000985,0.007109,0.013049,0.019481,0.025975,0.002308,0.006801,0.008771,0.010833,0.011079,0.002,0.009233,0.020004,0.024775,0.032469,-0.000862,-0.001231,-0.000308,3.1e-05,-0.007048,0.005478,0.01508,0.02696,0.037147,0.051919,0.00197,0.00514,0.003108,0.002893,0.001785,0.00634,0.021297,0.032407,0.0349,0.0337,-0.002031,0.004893,0.005386,0.000277,-0.01902,-0.001533,0.005192,0.004741,-0.000548,-0.012034,3.7e-05,-0.000961,-0.004329,-0.006162,-0.006445,-0.00404,-0.011957,-0.01227,-0.009692,-0.00117,-0.004202,-0.007515,-0.013281,-0.016775,-0.024093,0.097381,-0.954468,-0.123384,-0.926058,1,0,0,0,0,0,0,0,0,0,0
4428,0.002276,0.008952,0.015874,0.022703,0.029502,0.004092,0.005691,0.00846,0.008798,0.013567,0.002923,0.012705,0.020396,0.026764,0.03384,-0.000154,0.0,0.001169,-0.002,-0.006983,0.004061,0.015628,0.027318,0.041161,0.052975,0.00283,0.003415,0.001138,0.000923,0.000123,0.008675,0.019012,0.028149,0.028087,0.024365,0.001723,0.007568,0.006553,-0.012767,-0.023257,0.001447,0.007089,0.004817,-0.010838,-0.015331,-0.001095,-0.001627,-0.006122,-0.005811,-0.010641,-0.005603,-0.006472,-0.007806,-0.000849,0.008491,-0.001749,-0.00631,-0.011022,-0.017138,-0.022068,0.105963,-0.948481,-0.125865,-0.925986,1,0,0,0,0,0,0,0,0,0,0
4429,0.003841,0.009771,0.016193,0.022676,0.030788,0.000399,0.002366,0.004425,0.00467,0.010509,0.004302,0.015056,0.019819,0.0275,0.035735,-0.000215,0.000707,0.001045,-0.006022,-0.007651,0.005531,0.017391,0.027562,0.042311,0.052911,0.000338,-0.00169,-0.001905,-0.003011,-0.001536,0.006268,0.017361,0.019849,0.018651,0.012721,0.005193,0.005684,0.000584,-0.018682,-0.050484,0.005269,0.004819,-0.000462,-0.011929,-0.040383,9.8e-05,-0.003265,-0.005095,-0.005377,-0.009347,-0.002272,-0.002582,-3.2e-05,0.008395,0.021326,-0.001542,-0.007244,-0.010699,-0.017935,-0.02051,0.114732,-0.92394,-0.126535,-0.927308,1,0,0,0,0,0,0,0,0,0,0
4430,0.002826,0.009738,0.016558,0.023347,0.032655,0.001198,0.003963,0.004301,0.009062,0.011704,0.005468,0.013148,0.019507,0.026573,0.039199,0.000369,0.001536,-0.001628,-0.006605,-0.012165,0.006021,0.017695,0.031519,0.043315,0.051855,0.000246,-0.002028,-0.002243,-0.003041,-0.00086,0.004055,0.013179,0.013117,0.0094,0.001014,0.000645,-0.000369,-0.019661,-0.030136,-0.092221,0.000366,-0.001903,-0.017536,-0.022022,-0.075112,-0.000629,-0.005118,-0.004808,-0.009631,-0.010196,0.001408,8.7e-05,0.006975,0.016223,0.032515,-0.002977,-0.007642,-0.013698,-0.018579,-0.018012,0.128403,-0.887815,-0.12494,-0.927647,1,0,0,0,0,0,0,0,0,0,0
4431,0.003105,0.00953,0.016016,0.024131,0.036428,0.000769,0.002828,0.003074,0.008915,0.011589,0.005287,0.010052,0.017737,0.025976,0.037811,0.000553,0.000891,-0.006179,-0.007808,-0.015586,0.005841,0.016016,0.030771,0.041377,0.05146,-0.002275,-0.00249,-0.003597,-0.002121,0.000769,0.00704,0.00953,0.008331,0.002398,-0.011989,-0.000154,-0.005257,-0.024531,-0.056348,-0.113863,-0.000817,-0.0061,-0.017573,-0.046039,-0.090559,-0.002734,-0.004565,-0.004848,-0.008819,-0.00892,-0.001726,0.000832,0.009286,0.022258,0.037394,-0.002729,-0.006195,-0.013454,-0.016037,-0.014215,0.14753,-0.865893,-0.120855,-0.928979,1,0,0,0,0,0,0,0,0,0,0
4432,0.003811,0.010635,0.017428,0.026742,0.040021,0.001998,0.002336,0.0071,0.009744,0.01085,0.002398,0.00876,0.01583,0.028463,0.034027,0.000615,-0.002551,-0.007531,-0.013094,-0.012725,0.00584,0.019672,0.031476,0.040021,0.052808,0.0,-0.000215,-0.001014,0.001168,0.003043,0.00209,0.002029,-0.001691,-0.010082,-0.043463,-0.000861,-0.020164,-0.030646,-0.092767,-0.112285,-0.001453,-0.017096,-0.021584,-0.074706,-0.085222,-0.001757,-0.001447,-0.006272,-0.006838,-0.006147,0.000398,0.007314,0.0166,0.032959,0.048134,-0.001957,-0.008038,-0.012939,-0.01237,-0.011884,0.178594,-0.861623,-0.120334,-0.924558,1,0,0,0,0,0,0,0,0,0,0
4433,0.002615,0.009107,0.017229,0.029536,0.04575,6.2e-05,0.000308,0.006153,0.00883,0.008461,0.002369,0.010061,0.018306,0.030151,0.03289,-0.000277,-0.007353,-0.008984,-0.016768,-0.005384,0.004338,0.019106,0.029721,0.039812,0.056395,-0.000215,-0.001323,0.000154,0.003046,0.0036,0.0004,-0.0008,-0.006738,-0.021137,-0.074855,-0.004246,-0.023537,-0.05538,-0.112945,-0.113775,-0.003833,-0.015315,-0.043806,-0.088363,-0.083697,-7.4e-05,-0.000357,-0.004331,-0.004432,-0.003466,0.002172,0.010676,0.023726,0.038952,0.059816,-0.001516,-0.008818,-0.011417,-0.009584,-0.009779,0.213455,-0.854035,-0.122154,-0.922082,1,0,0,0,0,0,0,0,0,0,0
4434,0.004221,0.01103,0.020366,0.033677,0.051301,0.000277,0.005053,0.007703,0.008812,0.006686,0.004005,0.011092,0.023756,0.029332,0.033523,-0.002896,-0.007888,-0.013465,-0.013095,-0.002095,0.009521,0.021352,0.029918,0.042735,0.060668,0.0,-0.000801,0.001387,0.003266,0.003204,-0.000462,-0.00419,-0.012602,-0.046063,-0.097672,-0.015098,-0.025604,-0.087874,-0.107439,-0.1409,-0.011841,-0.016341,-0.069589,-0.080131,-0.100921,0.000385,-0.004452,-0.005019,-0.004326,-0.002239,0.004838,0.014281,0.030915,0.046346,0.070127,-0.004651,-0.009635,-0.009056,-0.008562,-0.008578,0.240012,-0.820892,-0.12241,-0.921257,1,0,0,0,0,0,0,0,0,0,0
4435,0.002281,0.010421,0.022753,0.039,0.057344,-3.1e-05,0.005827,0.008509,0.008139,0.001511,0.0037,0.011962,0.023832,0.026576,0.031077,-0.004193,-0.005827,-0.013627,-0.00222,0.001542,0.005272,0.015908,0.026021,0.042638,0.060582,-0.00111,0.00037,0.003268,0.003823,-3.1e-05,-0.00074,-0.00669,-0.021119,-0.074948,-0.127452,-0.004224,-0.036133,-0.093817,-0.094649,-0.157481,0.000343,-0.028207,-0.072856,-0.068181,-0.10085,-0.000669,-0.004652,-0.004753,-0.003785,-0.001093,0.003769,0.017008,0.032456,0.053624,0.076807,-0.002737,-0.005374,-0.003514,-0.003712,-0.003029,0.27435,-0.785469,-0.123997,-0.916238,1,0,0,0,0,0,0,0,0,0,0
4436,0.004534,0.013881,0.027206,0.04485,0.060797,0.004812,0.007465,0.008575,0.006447,-0.002313,0.003393,0.016071,0.021654,0.025849,0.027669,-0.000802,-0.006385,-0.006015,0.004997,0.005398,0.00657,0.015145,0.027977,0.04593,0.060304,0.000308,0.002499,0.00438,0.004318,-0.011351,-0.002992,-0.011413,-0.044912,-0.096579,-0.138499,-0.006293,-0.068632,-0.08822,-0.121718,-0.20383,-0.004847,-0.058155,-0.068709,-0.089523,-0.133676,-0.004174,-0.004741,-0.004047,-0.001958,-0.009019,0.005735,0.0225,0.038053,0.062021,0.080771,-0.002276,-0.001693,-0.001195,-0.001211,-0.000673,0.292237,-0.734878,-0.122378,-0.904219,1,0,0,0,0,0,0,0,0,0,0
4437,0.00361,0.015953,0.032215,0.050575,0.064491,0.001049,0.003734,0.003363,-0.003271,-0.01009,0.004875,0.016755,0.019502,0.024007,0.023976,-0.000833,-0.00864,0.002777,0.006542,0.002469,0.004073,0.014194,0.030826,0.048785,0.062454,0.001173,0.004073,0.004629,0.000771,-0.01583,-0.002962,-0.017403,-0.07128,-0.123829,-0.157494,-0.025642,-0.083375,-0.084209,-0.147095,-0.249448,-0.023725,-0.068413,-0.063734,-0.096432,-0.14693,0.000189,8.8e-05,0.001056,0.003751,-0.00597,0.007571,0.023112,0.044408,0.067732,0.081431,-0.000371,0.0015,0.001301,0.001988,0.001087,0.32005,-0.681467,-0.124589,-0.898524,1,0,0,0,0,0,0,0,0,0,0
4438,0.005747,0.019096,0.036771,0.052746,0.067362,0.001607,0.002719,0.000587,-0.008188,-0.012422,0.007818,0.013411,0.017613,0.019436,0.017922,-0.004759,-0.004388,0.006643,0.007045,-0.005346,0.004511,0.017366,0.03535,0.049749,0.065446,0.00102,0.002905,0.002843,-0.012854,-0.017829,-0.005469,-0.039027,-0.090784,-0.132777,-0.169734,-0.036771,-0.056392,-0.08995,-0.172206,-0.260703,-0.029643,-0.040215,-0.061065,-0.105296,-0.128909,-0.000758,-6.3e-05,0.002031,-0.005043,-0.005626,0.009327,0.025071,0.049335,0.068315,0.077758,0.000965,0.00147,0.001453,0.001998,0.001062,0.339269,-0.643943,-0.124935,-0.895906,1,0,0,0,0,0,0,0,0,0,0
4439,0.006618,0.022916,0.041317,0.055264,0.066769,0.001082,0.000711,-0.005938,-0.012772,-0.014782,0.004082,0.006835,0.01135,0.011319,0.001454,-0.003062,0.008381,0.012154,0.008072,-0.006556,0.005628,0.022297,0.040296,0.053996,0.068006,0.001886,0.002443,-0.001423,-0.018061,-0.020906,-0.008999,-0.062996,-0.115662,-0.149402,-0.187564,-0.02106,-0.021895,-0.084922,-0.187502,-0.255941,-0.01512,-0.01043,-0.043201,-0.093811,-0.099996,0.000657,0.001628,0.004328,-0.005414,-0.005881,0.006404,0.028034,0.051724,0.065638,0.071755,0.00093,0.000728,0.001425,0.00051,-0.001565,0.364847,-0.611389,-0.125966,-0.892056,1,0,0,0,0,0,0,0,0,0,0
4440,0.006738,0.024418,0.040398,0.055019,0.066115,3.1e-05,-0.002102,-0.01088,-0.015115,-0.01598,0.001515,0.005718,0.007542,0.006027,-0.018051,0.003431,0.014466,0.014867,0.002473,-0.0187,0.007233,0.025222,0.039626,0.055328,0.069824,0.0,-6.2e-05,-0.015764,-0.02074,-0.022873,-0.024573,-0.076346,-0.118352,-0.155319,-0.197356,0.001422,-0.032146,-0.114426,-0.20295,-0.287426,0.004536,-0.01632,-0.060563,-0.084184,-0.096933,3.9e-05,0.002132,-0.004944,-0.005526,-0.006285,0.009397,0.033712,0.052732,0.062195,0.068245,-0.000421,-0.000437,0.000109,-0.000829,-0.003643,0.384733,-0.558771,-0.12757,-0.889548,1,0,0,0,0,0,0,0,0,0,0
4441,0.009505,0.027807,0.04168,0.053123,0.065765,-0.0004,-0.007013,-0.013811,-0.015811,-0.016057,0.00123,0.005721,0.005691,-0.004122,-0.03116,0.007967,0.01172,0.007659,-0.00689,-0.044787,0.009382,0.027284,0.040911,0.054845,0.068841,0.000554,-0.003291,-0.01984,-0.02267,-0.022578,-0.029253,-0.081637,-0.115197,-0.153155,-0.190652,-0.002245,-0.064935,-0.166966,-0.235038,-0.322889,0.00015,-0.032445,-0.082785,-0.088937,-0.098454,0.000927,0.003613,-0.006077,-0.006542,-0.006007,0.011748,0.034565,0.047966,0.053858,0.058009,0.000212,0.000884,3e-06,-0.001996,-0.002986,0.404274,-0.523251,-0.128036,-0.886953,1,0,0,0,0,0,0,0,0,0,0
4442,0.008058,0.023898,0.038389,0.049389,0.060234,-0.001716,-0.010417,-0.014614,-0.015472,-0.015687,0.002941,0.004749,0.003248,-0.020619,-0.043261,0.003003,0.003401,-0.008885,-0.029872,-0.072275,0.008487,0.022764,0.038328,0.052697,0.063635,-0.000613,-0.016177,-0.02111,-0.023224,-0.023162,-0.022182,-0.063819,-0.100462,-0.14213,-0.178589,-0.031036,-0.112595,-0.200342,-0.284076,-0.362234,-0.020823,-0.064678,-0.088092,-0.100728,-0.097582,0.001152,-0.005862,-0.006439,-0.007191,-0.006905,0.011434,0.029317,0.038213,0.043901,0.046891,-0.000222,0.000291,-0.00059,-0.003237,-0.003274,0.423631,-0.481615,-0.127468,-0.884707,1,0,0,0,0,0,0,0,0,0,0
4443,0.010165,0.023974,0.035363,0.047947,0.056245,-0.004868,-0.011635,-0.013625,-0.01387,-0.014176,0.001531,0.0015,-0.008267,-0.03518,-0.057561,0.000735,-0.003307,-0.017789,-0.05551,-0.091394,0.009338,0.022902,0.036772,0.050703,0.060439,-0.003215,-0.019687,-0.022504,-0.022412,-0.023147,-0.029975,-0.063379,-0.101161,-0.138484,-0.165703,-0.031383,-0.132942,-0.200699,-0.288143,-0.362177,-0.011635,-0.061742,-0.067865,-0.077339,-0.081525,0.001522,-0.008123,-0.008586,-0.008053,-0.00826,0.010706,0.023678,0.029381,0.0334,0.03638,0.000871,1.8e-05,-0.001917,-0.002875,-0.003992,0.434778,-0.452267,-0.129776,-0.883235,1,0,0,0,0,0,0,0,0,0,0
4444,0.005643,0.020071,0.031022,0.04182,0.050209,-0.003813,-0.007992,-0.008846,-0.00906,-0.009151,0.000275,-0.00122,-0.024982,-0.047525,-0.064149,-0.000336,-0.012568,-0.033462,-0.07568,-0.107556,0.004911,0.020407,0.034713,0.045603,0.055395,-0.012293,-0.017204,-0.019309,-0.019248,-0.019766,-0.011591,-0.048074,-0.089559,-0.125858,-0.14053,-0.049934,-0.137297,-0.220663,-0.298478,-0.35369,-0.032071,-0.055382,-0.067963,-0.064831,-0.07085,-0.0085,-0.009075,-0.009823,-0.009538,-0.009748,0.006911,0.015538,0.021053,0.023953,0.02559,-0.000351,-0.001206,-0.003772,-0.003808,-0.004874,0.441655,-0.43066,-0.129992,-0.881992,1,0,0,0,0,0,0,0,0,0,0
4445,0.008112,0.019456,0.03199,0.040254,0.04864,-0.002928,-0.00491,-0.005154,-0.005459,-0.005184,-0.000305,-0.010033,-0.036838,-0.059131,-0.073067,-0.00369,-0.018114,-0.055685,-0.091425,-0.121524,0.0086,0.022414,0.03629,0.045987,0.054739,-0.004117,-0.006922,-0.006831,-0.007563,-0.007593,-0.021682,-0.059314,-0.096487,-0.123598,-0.13973,-0.051232,-0.118719,-0.205813,-0.279551,-0.326209,-0.017844,-0.023943,-0.033379,-0.037548,-0.037595,-0.001109,-0.00157,-0.00104,-0.001246,-0.001491,0.005717,0.011262,0.01517,0.018067,0.019231,-0.000479,-0.002361,-0.003293,-0.004378,-0.004677,0.454261,-0.409296,-0.13085,-0.881261,1,0,0,0,0,0,0,0,0,0,0
4446,0.006296,0.017216,0.027984,0.036349,0.04444,-0.001247,-0.002099,-0.002312,-0.002403,0.0,-0.001186,-0.024881,-0.04736,-0.063937,-0.075404,-0.008517,-0.029353,-0.07145,-0.103236,-0.130338,0.006874,0.02114,0.031999,0.041763,0.050158,-0.000791,-0.00289,-0.002829,-0.003346,-0.003255,-0.014752,-0.05612,-0.092316,-0.106947,-0.119874,-0.036014,-0.119144,-0.196739,-0.251794,-0.291366,-0.005447,-0.017992,-0.014869,-0.020871,-0.020809,0.000533,-0.000213,7.1e-05,-0.000138,-0.002376,0.002843,0.00825,0.011092,0.012697,0.013563,-0.000368,-0.002883,-0.002919,-0.003963,-0.004432,0.458031,-0.394536,-0.130973,-0.879821,1,0,0,0,0,0,0,0,0,0,0
4447,0.005007,0.017479,0.025703,0.034048,0.041483,-0.000728,-0.000971,-0.001275,-0.001001,0.002822,-0.008497,-0.035171,-0.057354,-0.071222,-0.075865,-0.005857,-0.043243,-0.078809,-0.10876,-0.136223,0.006889,0.020696,0.030346,0.039055,0.046369,-0.002003,-0.001912,-0.00264,-0.00267,-0.002215,-0.022729,-0.059721,-0.086699,-0.102752,-0.11046,-0.031226,-0.117894,-0.191271,-0.2377,-0.274298,-0.000636,-0.010025,-0.014174,-0.014221,-0.011957,-0.00099,-0.000463,-0.000668,-0.000912,-0.004259,0.002562,0.006337,0.009137,0.010261,0.010901,-0.001456,-0.002357,-0.003406,-0.003694,-0.003975,0.465377,-0.376291,-0.131459,-0.87898,1,0,0,0,0,0,0,0,0,0,0
4448,0.005874,0.016594,0.024921,0.032975,0.038486,-0.000121,-0.000333,-0.000424,0.001968,0.004603,-0.01511,-0.037487,-0.05399,-0.065405,-0.067525,-0.014898,-0.056806,-0.088449,-0.115428,-0.143468,0.007328,0.018138,0.027858,0.036215,0.042362,-9.1e-05,-3e-05,-0.000545,-0.000454,-9.1e-05,-0.018501,-0.054535,-0.0691,-0.081969,-0.090568,-0.051598,-0.128842,-0.18365,-0.223044,-0.252689,-0.011855,-0.008746,-0.01472,-0.014659,-0.008337,0.000245,0.000528,0.00032,-0.001907,-0.004052,0.002716,0.00547,0.007025,0.007863,0.007995,-0.001003,-0.001038,-0.002049,-0.002503,-0.003159,0.470299,-0.367859,-0.132516,-0.877751,1,0,0,0,0,0,0,0,0,0,0
4449,0.006552,0.014735,0.023038,0.030436,0.036112,-0.000121,-0.000423,-0.000151,0.003653,0.01093,-0.011474,-0.033546,-0.047344,-0.051964,-0.053444,-0.022344,-0.057731,-0.087533,-0.114858,-0.140372,0.006431,0.016033,0.024699,0.031976,0.037894,0.000181,-0.000543,-0.000574,-0.000121,0.002838,-0.018358,-0.045201,-0.061173,-0.068842,-0.077055,-0.034784,-0.107793,-0.15399,-0.190404,-0.218243,0.002479,-0.001649,-0.001696,0.000556,0.007126,0.000281,7.7e-05,-0.000166,-0.003496,-0.007724,0.000983,0.003686,0.004771,0.005389,0.005615,0.000114,-0.000899,-0.001178,-0.001448,-0.002052,0.477312,-0.351508,-0.133421,-0.877546,1,0,0,0,0,0,0,0,0,0,0
4450,0.004123,0.0124,0.020406,0.025884,0.032205,-9e-05,-0.000181,0.002197,0.004816,0.018149,-0.010805,-0.027208,-0.038555,-0.040662,-0.04316,-0.019383,-0.050835,-0.077652,-0.105523,-0.125598,0.004334,0.013995,0.022302,0.028412,0.03389,-0.00012,-0.000632,-0.000542,-0.000181,0.005056,-0.017517,-0.031994,-0.044786,-0.053333,-0.056644,-0.042107,-0.096584,-0.135741,-0.165207,-0.193198,0.00062,-0.005319,-0.005258,0.001026,0.001315,2e-06,-0.000205,-0.002419,-0.004551,-0.012679,0.001679,0.00317,0.003973,0.004099,0.004693,-0.000144,-0.001114,-0.001549,-0.002178,-0.002439,0.476612,-0.342336,-0.134874,-0.876486,1,0,0,0,0,0,0,0,0,0,0
4451,0.004024,0.012281,0.019638,0.025283,0.029637,-0.00021,6e-05,0.003844,0.01108,0.02174,-0.01117,-0.024893,-0.029487,-0.030959,-0.034262,-0.015855,-0.045492,-0.072667,-0.098041,-0.113295,0.005225,0.013843,0.021079,0.026965,0.03249,-0.000601,-0.000631,-0.00018,0.002763,0.005765,-0.009219,-0.025103,-0.03273,-0.040898,-0.037865,-0.030598,-0.076541,-0.112754,-0.14044,-0.166234,-0.004724,-0.00477,-0.00253,0.004003,-0.002756,-0.000204,-0.000446,-0.003758,-0.007962,-0.015335,0.000949,0.001993,0.002588,0.002805,0.00352,-0.000832,-0.0011,-0.001361,-0.001941,-0.003296,0.476638,-0.327221,-0.13715,-0.874269,1,0,0,0,0,0,0,0,0,0,0
4452,0.00423,0.01221,0.01767,0.023969,0.026699,0.00012,0.00249,0.0051,0.018389,0.026249,-0.00519,-0.0165,-0.018599,-0.021089,-0.023729,-0.01551,-0.042239,-0.070018,-0.090027,-0.107247,0.00441,0.01269,0.018779,0.024239,0.030929,9e-05,0.00018,0.00054,0.00576,0.00768,-0.00522,-0.01797,-0.026489,-0.029789,-0.029369,-0.023729,-0.062758,-0.092127,-0.120027,-0.155936,-0.0012,-0.001139,0.005124,0.005413,0.002033,-2e-06,-0.002209,-0.004333,-0.012435,-0.017646,0.000515,0.0013,0.001423,0.002003,0.003254,-0.000121,-0.000546,-0.001161,-0.001415,-0.004106,0.478133,-0.30729,-0.140508,-0.873859,1,0,0,0,0,0,0,0,0,0,0
4453,0.004015,0.011354,0.016987,0.021331,0.023128,0.00015,0.003925,0.011145,0.02178,0.02957,-0.008508,-0.013092,-0.01456,-0.017856,-0.018605,-0.014081,-0.041194,-0.066509,-0.081728,-0.105036,0.004194,0.011414,0.017286,0.022799,0.02921,-0.00012,0.00033,0.003266,0.006261,0.007999,-0.010635,-0.018245,-0.026394,-0.023368,-0.027113,-0.02214,-0.05827,-0.085892,-0.111627,-0.153779,0.001152,0.003387,0.009905,0.003162,0.006405,-0.000239,-0.003543,-0.007738,-0.015093,-0.020279,0.000518,0.001103,0.001317,0.002021,0.003273,-0.000144,-0.0004,-0.000971,-0.002304,-0.005276,0.482089,-0.287206,-0.142916,-0.873228,1,0,0,0,0,0,0,0,0,0,0
4454,0.003954,0.009406,0.015697,0.018423,0.018753,0.002217,0.004823,0.018094,0.025942,0.029297,-0.002786,-0.004883,-0.007369,-0.010005,-0.010455,-0.012612,-0.040351,-0.060332,-0.077527,-0.106046,0.004074,0.010155,0.015607,0.022288,0.025313,0.00021,0.000569,0.005782,0.007699,0.007909,-0.002097,-0.010605,-0.0139,-0.01348,-0.018244,-0.016836,-0.046163,-0.074023,-0.10988,-0.140077,-0.001091,0.005163,0.005451,0.002076,0.006423,-0.001965,-0.004086,-0.012176,-0.01738,-0.02001,0.00026,0.000381,0.000956,0.002194,0.00228,-0.000277,-0.000886,-0.001138,-0.003802,-0.005471,0.484031,-0.28221,-0.143178,-0.872223,1,0,0,0,0,0,0,0,0,0,0
4455,0.003384,0.009015,0.013358,0.015155,0.014616,0.001557,0.008775,0.019408,0.027195,0.026955,-0.001797,-0.003265,-0.006559,-0.007308,-0.007398,-0.014496,-0.039804,-0.055019,-0.07832,-0.103029,0.003145,0.009015,0.014526,0.020935,0.021355,0.00024,0.003175,0.00617,0.007907,0.007757,-0.005511,-0.013657,-0.010632,-0.014376,-0.016503,-0.019288,-0.046902,-0.07263,-0.11477,-0.131362,0.003325,0.009842,0.0031,0.006342,0.008112,-0.001339,-0.005533,-0.012886,-0.01807,-0.017812,0.000325,0.000537,0.00124,0.00249,0.001911,2.1e-05,-0.000549,-0.001879,-0.004845,-0.005322,0.484672,-0.277871,-0.142943,-0.871396,1,0,0,0,0,0,0,0,0,0,0
4456,0.002066,0.008355,0.01108,0.011409,0.01105,0.001048,0.014314,0.022159,0.025513,0.025783,-0.000299,-0.002785,-0.00542,-0.005869,-0.006049,-0.013236,-0.033209,-0.050398,-0.078905,-0.095705,0.002935,0.008385,0.015062,0.018087,0.018446,0.00012,0.00533,0.007247,0.007456,0.007546,-0.002995,-0.006288,-0.005869,-0.010631,-0.014074,-0.010032,-0.037881,-0.073725,-0.10391,-0.119481,0.002927,0.003215,-0.000158,0.004187,0.007425,-0.000782,-0.008869,-0.014071,-0.0167,-0.016749,-0.000203,0.00037,0.001605,0.001691,0.001599,-0.000628,-0.000879,-0.003536,-0.005201,-0.005582,0.487627,-0.272115,-0.14291,-0.871103,1,0,0,0,0,0,0,0,0,0,0
4457,0.003561,0.007901,0.009696,0.009158,0.008798,0.006165,0.016789,0.02457,0.02433,0.024929,-0.001167,-0.004459,-0.005207,-0.005297,-0.008619,-0.01206,-0.027263,-0.050546,-0.075236,-0.091725,0.002933,0.008439,0.014844,0.015263,0.015382,0.002813,0.005806,0.007542,0.007392,0.007452,-0.005147,-0.002125,-0.005866,-0.00799,-0.015951,-0.017567,-0.043274,-0.085381,-0.10196,-0.116176,0.003586,-0.00315,8.9e-05,0.001858,0.006465,-0.003409,-0.010757,-0.015936,-0.015679,-0.016123,0.000414,0.001113,0.002355,0.00178,0.001599,5.8e-05,-0.001265,-0.004214,-0.004689,-0.00498,0.492372,-0.266015,-0.14281,-0.870895,1,0,0,0,0,0,0,0,0,0,0
4458,0.002719,0.005437,0.005766,0.005407,0.005019,0.00708,0.014908,0.018254,0.018522,0.019269,-0.001314,-0.003943,-0.004392,-0.004571,-0.011771,-0.007887,-0.025035,-0.053476,-0.070236,-0.087713,0.002509,0.009172,0.012189,0.012547,0.01198,0.00239,0.004302,0.004511,0.004601,0.00472,0.001852,0.00227,-0.00248,-0.005915,-0.014997,-0.010247,-0.046007,-0.076121,-0.091656,-0.105787,-0.003293,-0.006658,-0.002323,0.000907,0.002748,-0.004665,-0.009855,-0.012478,-0.012527,-0.013176,0.000155,0.00137,0.001454,0.001364,0.001107,-0.000305,-0.002918,-0.004557,-0.004931,-0.004899,0.496706,-0.259235,-0.142542,-0.870726,1,0,0,0,0,0,0,0,0,0,0
4459,0.001612,0.003404,0.002866,0.002508,0.00212,0.003523,0.011287,0.011048,0.011645,0.012451,-0.001971,-0.002717,-0.002807,-0.006121,-0.014422,-0.007286,-0.030516,-0.05515,-0.071602,-0.088413,0.002986,0.009376,0.009794,0.009913,0.009107,0.000597,0.002329,0.00218,0.002239,0.003165,0.001165,-0.002568,-0.004688,-0.01263,-0.022036,-0.015407,-0.057419,-0.073961,-0.088144,-0.106687,-0.00343,-0.000198,0.001566,0.006163,0.007289,-0.002669,-0.007837,-0.00758,-0.008023,-0.00798,0.000533,0.001757,0.00119,0.001012,0.001146,-0.000998,-0.003901,-0.004369,-0.004655,-0.004438,0.502053,-0.248551,-0.142246,-0.871344,1,0,0,0,0,0,0,0,0,0,0
4460,0.001104,0.001433,0.001075,0.000686,0.000418,0.004298,0.007641,0.00791,0.008656,0.008566,-0.000657,-0.001104,-0.001283,-0.008477,-0.01367,-0.00985,-0.038265,-0.055009,-0.07247,-0.08823,0.003671,0.006686,0.007044,0.006477,0.005611,0.001313,0.001522,0.001612,0.001731,0.002656,-0.000746,-0.005492,-0.008924,-0.017998,-0.025281,-0.020326,-0.050413,-0.065934,-0.080052,-0.106318,6.7e-05,0.004398,0.007625,0.009464,0.011817,-0.002518,-0.005138,-0.005187,-0.005836,-0.004943,0.000675,0.000759,0.000669,0.000414,0.001237,-0.001601,-0.003229,-0.003601,-0.003569,-0.003183,0.504843,-0.23436,-0.142008,-0.872816,1,0,0,0,0,0,0,0,0,0,0
4461,0.000687,0.000149,-0.000209,-0.000597,-0.000717,0.003463,0.003225,0.003822,0.004628,0.002956,-9e-05,-0.000179,-0.003493,-0.011794,-0.01254,-0.013376,-0.038008,-0.054459,-0.071269,-0.084436,0.002717,0.003135,0.003254,0.002448,0.001732,0.000418,0.000269,0.000328,0.001254,0.001702,-0.002986,-0.005106,-0.013048,-0.022453,-0.023348,-0.021676,-0.038217,-0.052399,-0.070941,-0.098947,0.003165,0.004929,0.009526,0.010652,0.011426,-0.002649,-0.002392,-0.002836,-0.002793,-0.000812,0.000546,-2e-05,-0.000198,-6.4e-05,0.001116,-0.001297,-0.001764,-0.00205,-0.001833,-0.001344,0.504613,-0.222005,-0.142097,-0.874431,1,0,0,0,0,0,0,0,0,0,0
4462,-0.000358,-0.000716,-0.001104,-0.001373,-0.001522,-0.000119,0.000149,0.000895,0.000806,-0.001164,-0.000358,-0.000537,-0.007731,-0.012925,-0.00785,-0.015044,-0.031789,-0.049251,-0.065011,-0.077637,0.000298,0.000657,9e-05,-0.000776,-0.001851,-0.000209,-0.000119,0.0,0.000925,0.001672,-0.001761,-0.005194,-0.014268,-0.021551,-0.017939,-0.008417,-0.023939,-0.038057,-0.064324,-0.08698,0.001167,0.004394,0.006233,0.008586,0.010663,2.8e-05,-2.1e-05,-0.00067,0.000223,0.002735,-0.000461,-0.000551,-0.000807,1.8e-05,0.00081,-0.000334,-0.000706,-0.000674,-0.000288,0.000429,0.502519,-0.213193,-0.14137,-0.874926,1,0,0,0,0,0,0,0,0,0,0
4463,-0.000179,-0.000537,-0.000925,-0.001044,-0.001223,-0.000119,0.000477,0.001283,-0.000388,-0.001312,0.000268,-0.003043,-0.011335,-0.012081,0.001641,-0.009575,-0.026011,-0.042804,-0.055959,-0.067294,0.000119,0.000239,-0.000567,-0.001283,-0.002416,6e-05,0.000119,0.001044,0.001491,0.005131,-0.000358,-0.008292,-0.017688,-0.018583,-0.000805,-0.008113,-0.022282,-0.040806,-0.068785,-0.095452,0.000596,0.005189,0.006314,0.007087,0.004529,0.000229,-0.000214,-0.000171,0.001808,0.006136,-0.000103,-0.00028,-0.000147,0.001026,0.002275,-0.000132,-0.000416,-0.0002,0.000286,0.001191,0.487588,-0.196485,-0.141223,-0.877262,1,0,0,0,0,0,0,0,0,0,0
4464,-0.000179,-0.000566,-0.000834,-0.000983,-0.001728,0.000387,0.001132,0.001043,-0.000924,-0.003159,-0.000447,-0.007628,-0.012813,-0.007748,0.012962,-0.007152,-0.024584,-0.040317,-0.052922,-0.069341,0.000238,-0.000328,-0.001192,-0.002265,-0.002652,3e-05,0.000149,0.001073,0.001818,0.006824,-0.003069,-0.012128,-0.019399,-0.015793,0.031884,-0.00739,-0.021485,-0.047707,-0.070324,-0.108556,0.002626,0.004462,0.006811,0.008884,-0.015163,-0.000277,-0.000925,-3.4e-05,0.002473,0.009668,1.4e-05,-0.000239,0.000576,0.001359,0.003155,-0.000237,-0.000206,0.000177,0.000885,0.001358,0.45535,-0.175045,-0.141066,-0.876302,1,0,0,0,0,0,0,0,0,0,0
4465,-0.000179,-0.000566,-0.000685,-0.000864,-0.002413,0.000209,0.001013,-0.000655,-0.001579,-0.005362,-0.00286,-0.011142,-0.011887,0.001817,0.030149,-0.009265,-0.026038,-0.039176,-0.050497,-0.073764,-0.000119,-0.000924,-0.001639,-0.002771,-0.003992,3e-05,0.000953,0.0014,0.005035,0.00852,-0.004856,-0.01424,-0.015134,0.002622,0.074508,-0.006763,-0.025263,-0.053208,-0.079841,-0.123247,0.001961,0.003085,0.003857,0.001303,-0.038037,-0.000165,-0.000122,0.001854,0.006177,0.013395,-0.000189,-5.7e-05,0.001106,0.002344,0.003775,-4.5e-05,0.000169,0.000651,0.001548,0.002075,0.416687,-0.153516,-0.140142,-0.877325,0,0,1,0,0,0,0,0,0,0,0
4466,-0.000209,-0.000477,-0.000626,-0.001371,-0.003248,0.000536,0.000447,-0.00152,-0.003754,-0.00876,-0.00432,-0.009505,-0.00444,0.016268,0.062094,-0.008164,-0.023896,-0.0365,-0.052917,-0.065997,-0.000447,-0.001311,-0.002384,-0.002771,-0.004529,8.9e-05,0.001013,0.001758,0.006764,0.008492,-0.004201,-0.011471,-0.007866,0.039807,0.127048,-0.00733,-0.03355,-0.056165,-0.094392,-0.144717,-0.000126,0.002223,0.004296,-0.019749,-0.049913,-0.000482,0.000408,0.002916,0.010109,0.016765,-6.3e-05,0.000751,0.001533,0.003328,0.004941,7.7e-05,0.000459,0.001166,0.00164,0.002235,0.37287,-0.127852,-0.140215,-0.877753,0,0,1,0,0,0,0,0,0,0,0
4467,-0.000179,-0.000298,-0.000477,-0.002027,-0.004442,0.000268,-0.001401,-0.002326,-0.006112,-0.014609,-0.003965,-0.004711,0.009004,0.037357,0.098417,-0.008616,-0.021764,-0.033094,-0.056379,-0.061537,-0.000358,-0.001073,-0.002206,-0.003429,-0.005873,0.000835,0.001282,0.004919,0.008408,0.007096,-0.005188,-0.006082,0.011687,0.083629,0.194896,-0.01118,-0.039146,-0.0658,-0.10924,-0.165827,0.00125,0.002023,-0.000533,-0.039903,-0.067652,0.000525,0.002503,0.00683,0.014053,0.021131,0.000196,0.001365,0.00261,0.004049,0.005859,0.000138,0.000623,0.001525,0.002055,0.002827,0.315032,-0.10203,-0.1393,-0.878505,0,0,1,0,0,0,0,0,0,0,0
4468,-8.9e-05,-0.000239,-0.000984,-0.002863,-0.005876,-0.000358,-0.002327,-0.004564,-0.009575,-0.018105,-0.001223,0.003848,0.024578,0.070452,0.126378,-0.007129,-0.019746,-0.03618,-0.049275,-0.053063,-0.000507,-0.001581,-0.001969,-0.003728,-0.007457,8.9e-05,0.000835,0.005846,0.007576,0.005041,-0.002088,0.001521,0.049245,0.136579,0.261287,-0.015063,-0.037702,-0.07597,-0.126348,-0.17094,0.0011,0.003176,-0.020895,-0.051092,-0.089967,0.000366,0.002876,0.010077,0.01674,0.022531,0.000623,0.001412,0.00322,0.004845,0.006185,0.000246,0.000959,0.001436,0.002036,0.003123,0.258968,-0.092673,-0.138199,-0.878594,0,0,1,0,0,0,0,0,0,0,0
4469,-3e-05,-0.000209,-0.001763,-0.004183,-0.007738,-0.001315,-0.002241,-0.006035,-0.01455,-0.018315,0.000478,0.014222,0.042635,0.103825,0.158561,-0.006035,-0.017389,-0.040723,-0.045892,-0.056409,-0.000209,-0.001344,-0.002569,-0.005019,-0.008485,0.000359,0.004004,0.007499,0.006185,0.003854,0.001195,0.019002,0.091097,0.2026,0.341741,-0.012937,-0.039648,-0.083179,-0.139887,-0.155722,-0.000328,-0.002889,-0.042343,-0.070151,-0.132451,0.001615,0.005951,0.01319,0.020283,0.021712,0.000556,0.001819,0.00328,0.005117,0.005789,0.000242,0.001158,0.001696,0.00248,0.002576,0.185165,-0.100257,-0.137579,-0.878299,0,0,1,0,0,0,0,0,0,0,0
4470,-0.00012,-0.000868,-0.002753,-0.005776,-0.010535,-0.000658,-0.002903,-0.007931,-0.01649,-0.018046,0.004609,0.025409,0.071438,0.127552,0.180375,-0.006614,-0.023104,-0.036243,-0.040043,-0.055307,-0.000868,-0.001257,-0.003023,-0.006764,-0.009966,0.000389,0.005417,0.007153,0.004609,0.003352,0.002424,0.050309,0.137937,0.263066,0.399297,-0.009756,-0.048154,-0.098702,-0.143444,-0.156074,0.002411,-0.021741,-0.052039,-0.091046,-0.145768,0.000901,0.008126,0.014811,0.020622,0.021177,0.000245,0.002097,0.00376,0.005132,0.005386,0.000485,0.000973,0.001587,0.0027,0.001706,0.129234,-0.088288,-0.137562,-0.879536,0,0,1,0,0,0,0,0,0,0,0
4471,-6e-05,-0.001617,-0.004042,-0.007604,-0.018592,-0.000269,-0.004072,-0.012604,-0.016376,-0.026047,0.009161,0.037633,0.098947,0.153795,0.205049,-0.00476,-0.028142,-0.033322,-0.04386,-0.081403,-0.000269,-0.001497,-0.003952,-0.007425,-0.011407,0.003263,0.006766,0.005449,0.003114,0.001707,0.015418,0.08766,0.199391,0.338815,0.461144,-0.017005,-0.060626,-0.117449,-0.133317,-0.201098,-0.004978,-0.044512,-0.072377,-0.134805,-0.13833,0.003443,0.010698,0.017805,0.019237,0.028585,0.001036,0.002517,0.004381,0.005062,0.005252,0.000443,0.000989,0.001784,0.001881,-0.001968,0.066757,-0.033817,-0.139015,-0.880326,0,0,1,0,0,0,0,0,0,0,0
4472,-0.000689,-0.002576,-0.005601,-0.010363,-0.021745,-0.001977,-0.007009,-0.015575,-0.017133,-0.029862,0.011651,0.057717,0.113877,0.166742,0.2244,-0.011741,-0.02489,-0.028694,-0.043969,-0.114926,-0.00012,-0.001887,-0.005631,-0.008836,-0.016444,0.001767,0.003504,0.000958,-0.0003,-0.000839,0.032498,0.120197,0.245426,0.381767,0.501725,-0.021416,-0.072004,-0.116783,-0.129422,-0.185462,-0.019191,-0.049514,-0.088551,-0.143317,-0.172669,0.003786,0.010477,0.016292,0.016847,0.029503,0.000823,0.002496,0.003875,0.00413,0.004264,4.7e-05,0.000664,0.001784,0.000784,-0.000194,0.01009,-0.050539,-0.136752,-0.873784,0,0,1,0,0,0,0,0,0,0,0
4473,-0.000868,-0.003293,-0.006856,-0.017843,-0.024339,-0.001826,-0.010358,-0.014131,-0.0238,-0.030686,0.016825,0.078137,0.132983,0.184236,0.232166,-0.011646,-0.016825,-0.027363,-0.064905,-0.087957,-0.001108,-0.003563,-0.007035,-0.011017,-0.022782,0.001736,0.000419,-0.001916,-0.003323,-0.002664,0.039757,0.151484,0.290903,0.413228,0.576238,-0.022214,-0.079035,-0.094902,-0.162681,-0.245698,-0.020351,-0.048215,-0.11064,-0.114166,-0.037627,0.00347,0.010577,0.012009,0.021356,0.027885,0.000661,0.002524,0.003206,0.003396,0.003782,0.000499,0.001294,0.001391,-0.002457,0.002606,-0.099854,0.032132,-0.132196,-0.874306,0,0,1,0,0,0,0,0,0,0,0
4474,-0.001017,-0.004039,-0.008796,-0.020166,-0.024773,-0.003201,-0.011758,-0.013314,-0.02603,-0.031176,0.029201,0.0853,0.138108,0.195702,0.21892,-0.001496,-0.005296,-0.020555,-0.091434,-0.082308,-0.000658,-0.004398,-0.0076,-0.015199,-0.026209,0.0,-0.002543,-0.0038,-0.004338,-0.005116,0.047871,0.172964,0.309157,0.428984,0.574272,-0.028334,-0.073063,-0.085689,-0.141668,-0.211829,-0.009951,-0.048946,-0.103653,-0.132973,-0.016031,0.003216,0.009025,0.00958,0.022221,0.025477,0.001002,0.002371,0.002624,0.002757,0.004068,0.000116,0.001227,0.000234,-0.000736,0.00487,-0.141948,0.021725,-0.129293,-0.873773,0,0,1,0,0,0,0,0,0,0,0
4475,-0.001407,-0.004969,-0.015955,-0.022451,-0.026852,-0.005328,-0.0091,-0.018769,-0.025654,-0.034575,0.03209,0.086931,0.13818,0.186106,0.194936,-0.003682,-0.014219,-0.051758,-0.074807,-0.09205,-0.001796,-0.005269,-0.00925,-0.021014,-0.029695,-0.001317,-0.003652,-0.005059,-0.0044,-0.005119,0.063821,0.203228,0.325543,0.488538,0.585168,-0.028468,-0.044334,-0.112106,-0.195116,-0.170629,-0.017905,-0.080325,-0.08385,-0.007318,0.010695,0.003889,0.005321,0.014668,0.021196,0.028618,0.000856,0.001537,0.001727,0.002113,0.004792,0.000679,0.000775,-0.00307,0.001989,0.006497,-0.204325,-0.000605,-0.131408,-0.878028,0,0,1,0,0,0,0,0,0,0,0
4476,-0.00162,-0.006392,-0.017795,-0.022417,-0.028928,-0.003241,-0.004801,-0.017555,-0.022717,-0.03439,0.024097,0.077062,0.134829,0.158116,0.214022,-0.00012,-0.015424,-0.086515,-0.077362,-0.089216,-0.001951,-0.005162,-0.012784,-0.023827,-0.03343,-0.00123,-0.002491,-0.003031,-0.003811,-0.005492,0.061488,0.198088,0.318273,0.463995,0.603685,-0.016325,-0.028988,-0.085135,-0.155505,-0.13882,-0.021162,-0.076032,-0.10544,0.011851,0.04929,0.001928,0.002484,0.015163,0.018429,0.027838,0.000527,0.000785,0.000921,0.00226,0.005035,0.000444,-0.000569,-0.00156,0.004165,0.008189,-0.28712,-0.011806,-0.128176,-0.875311,0,0,1,0,0,0,0,0,0,0,0
4477,-0.001953,-0.012981,-0.019502,-0.02392,-0.029749,-0.000541,-0.010247,-0.017158,-0.026113,-0.030921,0.030921,0.082366,0.130476,0.139341,0.223209,-0.010457,-0.04814,-0.071278,-0.088587,-0.087264,-0.001533,-0.005529,-0.017339,-0.026053,-0.035399,-0.001112,-0.002524,-0.001863,-0.002584,-0.004598,0.07837,0.201153,0.364774,0.461774,0.601175,0.000421,-0.067612,-0.15094,-0.126359,-0.115631,-0.041468,-0.045007,0.031819,0.049901,0.088309,-0.000493,0.008889,0.015443,0.022893,0.025138,0.000167,0.000362,0.000759,0.00351,0.00579,-0.000349,-0.004299,0.000898,0.005528,0.009076,-0.34694,-0.02241,-0.123952,-0.871925,0,0,1,0,0,0,0,0,0,0,0
4478,-0.002829,-0.014267,-0.018902,-0.025433,-0.03064,-0.001023,-0.013815,-0.018992,-0.0307,-0.026396,0.022152,0.080092,0.103448,0.159521,0.21126,-0.004876,-0.076179,-0.066999,-0.078888,-0.083944,-0.001686,-0.00933,-0.020407,-0.030038,-0.035456,-0.00015,-0.000692,-0.001475,-0.00316,-0.003251,0.058511,0.179055,0.325212,0.46532,0.570483,-0.013123,-0.069437,-0.140017,-0.123283,-0.108444,-0.013499,-0.042994,0.074647,0.112198,0.146861,0.001052,0.013769,0.017045,0.026482,0.022104,9.4e-05,0.000233,0.0016,0.004434,0.008165,-0.000682,-0.001693,0.004152,0.008261,0.007901,-0.393489,-0.032826,-0.122253,-0.870612,0,0,1,0,0,0,0,0,0,0,0
4479,-0.008237,-0.014785,-0.019221,-0.025074,-0.030506,-0.00872,-0.01566,-0.024652,-0.02948,-0.023083,0.02945,0.077758,0.086659,0.170874,0.216376,-0.03295,-0.056184,-0.073564,-0.072236,-0.100086,-0.002323,-0.014182,-0.022932,-0.032316,-0.034127,-0.001267,-0.000603,-0.001328,-0.003349,-0.002263,0.064632,0.228928,0.326329,0.466306,0.563616,-0.055158,-0.13883,-0.114147,-0.103375,-0.091698,0.009979,0.087122,0.105279,0.143846,0.171965,0.008367,0.014947,0.022429,0.024682,0.019967,0.000105,0.000513,0.003344,0.005691,0.012026,-0.003372,0.001977,0.006743,0.010394,0.00645,-0.440537,-0.052799,-0.123327,-0.865562,0,0,1,0,0,0,0,0,0,0,0
4480,-0.003234,-0.007888,-0.014445,-0.019674,-0.02466,-0.00411,-0.009308,-0.021064,-0.016742,-0.013146,0.028679,0.052131,0.108431,0.160381,0.207646,-0.038592,-0.029374,-0.041312,-0.046389,-0.085131,-0.005349,-0.01647,-0.026141,-0.031581,-0.032064,0.000725,-6e-05,-0.001753,-0.001843,-0.000453,0.056301,0.203052,0.343729,0.44932,0.545089,-0.001299,-0.072167,-0.055364,-0.040465,-0.035902,-0.03961,0.078509,0.116213,0.151017,0.179679,0.004389,0.007678,0.017153,0.012758,0.011265,3.7e-05,0.001443,0.004358,0.008197,0.015921,0.002368,0.008381,0.012608,0.012239,0.007934,-0.482644,-0.062386,-0.124802,-0.861877,0,0,1,0,0,0,0,0,0,0,0
4481,-0.003303,-0.007717,-0.013543,-0.018948,-0.022822,-0.002823,-0.011771,-0.016576,-0.01021,-0.008468,0.019579,0.028437,0.112248,0.157532,0.195759,0.015225,-0.002072,-0.000751,-0.028468,-0.054443,-0.006486,-0.015195,-0.024534,-0.026335,-0.028347,-6e-05,-0.000781,-0.002793,-0.001712,-0.000661,0.107564,0.204498,0.343802,0.440646,0.509562,-0.081979,-0.057415,-0.046695,-0.035074,-0.03144,0.116131,0.134201,0.172583,0.200568,0.220602,0.002188,0.009633,0.011876,0.007184,0.00679,0.000359,0.003097,0.005367,0.011491,0.017282,0.002907,0.007515,0.011045,0.007232,0.005553,-0.503118,-0.075115,-0.124994,-0.859002,0,0,1,0,0,0,0,0,0,0,0
4482,-0.001323,-0.007845,-0.013045,-0.018005,-0.023596,-0.002345,-0.014037,-0.009739,-0.006162,-0.005681,0.003727,0.059726,0.111396,0.158407,0.19057,-0.006072,-0.017945,-0.022995,-0.061529,-0.067571,-0.004569,-0.014188,-0.019598,-0.020079,-0.024317,-0.000721,-0.002405,-0.002495,-0.001112,-0.000631,0.038294,0.178216,0.283239,0.378494,0.416428,0.011572,0.028285,0.043104,0.047642,0.052061,0.00124,0.038741,0.073359,0.101867,0.104573,0.001081,0.010506,0.006134,0.00465,0.004865,0.000993,0.0038,0.007496,0.014935,0.016914,0.002864,0.006935,0.006579,0.002433,0.001276,-0.510488,-0.088028,-0.125161,-0.854763,0,0,1,0,0,0,0,0,0,0,0
4483,-0.003104,-0.008949,-0.014373,-0.018259,-0.025401,-0.006629,-0.01145,-0.005062,-0.003314,-0.005092,0.005152,0.089248,0.134686,0.173043,0.1907,-0.011269,-0.009943,-0.037754,-0.063818,-0.060895,-0.004158,-0.013529,-0.015337,-0.017356,-0.021845,0.0,-0.002019,-0.000934,0.000121,-0.001356,0.058876,0.198655,0.295828,0.364979,0.381882,0.013047,0.023804,0.035464,0.03911,0.041521,0.016888,0.055401,0.083481,0.103583,0.102984,0.006387,0.008637,0.003929,0.003534,0.004256,0.001794,0.004118,0.01039,0.01632,0.016199,0.001806,0.005421,0.001516,-0.000203,-0.002464,-0.509975,-0.093659,-0.125065,-0.852558,0,0,1,0,0,0,0,0,0,0,0
4484,-0.003448,-0.00868,-0.01367,-0.019295,-0.023711,-0.005111,-0.000786,0.002813,0.003297,0.001663,0.051172,0.10316,0.150461,0.182822,0.190715,-0.000635,-0.005716,-0.044488,-0.050567,-0.054771,-0.005504,-0.010948,-0.011432,-0.015696,-0.022683,-0.001694,-0.001784,-0.000393,9.1e-05,-0.000726,0.081688,0.187358,0.2832,0.321367,0.316226,0.00372,0.01863,0.023197,0.027643,0.031756,0.020781,0.055612,0.084296,0.087019,0.07233,0.003072,-0.001327,-0.00282,-0.002603,-0.002203,0.001089,0.004948,0.012714,0.014779,0.015554,0.002396,0.002025,-0.002303,-0.003511,-0.001095,-0.498585,-0.102486,-0.121648,-0.850922,0,0,1,0,0,0,0,0,0,0,0
4485,-0.002416,-0.007851,-0.011746,-0.018902,-0.02328,0.000272,0.006673,0.008424,0.006643,0.006854,0.033184,0.078717,0.117155,0.134849,0.15049,0.001963,-0.025907,-0.052025,-0.049096,-0.053807,-0.003895,-0.005707,-0.00773,-0.012229,-0.020683,-0.000332,0.000755,0.001812,0.000332,0.0016,0.058517,0.155895,0.225191,0.24213,0.227999,0.007066,0.018751,0.022404,0.02482,0.036445,0.017846,0.045985,0.066129,0.06553,0.032692,-0.000812,-0.00553,-0.005926,-0.005202,-0.004804,0.001281,0.007646,0.013664,0.013541,0.014782,0.0013,-0.002663,-0.004408,-0.006703,-0.002948,-0.487476,-0.116148,-0.121429,-0.848535,0,0,1,0,0,0,0,0,0,0,0
4486,-0.002809,-0.007792,-0.01341,-0.01782,-0.024736,0.004047,0.007641,0.008125,0.006494,0.007218,0.018726,0.065963,0.09828,0.106163,0.112656,-0.007037,-0.045757,-0.051828,-0.056026,-0.056872,-0.00154,-0.002024,-0.006282,-0.013259,-0.018937,0.000242,0.001631,0.002114,0.001299,0.008729,0.046996,0.142708,0.180824,0.17569,0.157085,0.007823,0.012383,0.016823,0.020931,0.037361,0.016933,0.045578,0.048298,0.033628,0.005316,-0.00358,-0.005072,-0.004855,-0.004456,0.00236,0.002539,0.010232,0.012278,0.013046,0.014217,-0.001671,-0.005958,-0.007154,-0.004761,-0.004954,-0.470091,-0.128867,-0.125588,-0.853324,0,0,1,0,0,0,0,0,0,0,0
4487,-0.002625,-0.006517,-0.013667,-0.018042,-0.025585,0.002353,0.004103,0.002323,0.002534,0.006095,0.026792,0.065199,0.08288,0.098508,0.094013,-0.020818,-0.046916,-0.043989,-0.048696,-0.053071,-0.000272,-0.002293,-0.006788,-0.015236,-0.01943,0.000845,0.001901,0.000422,0.00169,0.010922,0.050355,0.119598,0.136523,0.122403,0.100077,0.003862,0.007513,0.009926,0.021542,0.034003,0.011202,0.031331,0.030731,-0.00208,-0.022999,-0.001138,-0.001533,-0.00081,-0.000412,0.005714,0.00381,0.009796,0.009673,0.010907,0.012045,-0.002283,-0.004018,-0.0063,-0.002566,-0.004876,-0.455933,-0.137652,-0.127617,-0.854494,0,0,1,0,0,0,0,0,0,0,0
4488,-0.002336,-0.007906,-0.012279,-0.019137,-0.026324,0.001228,0.001707,9e-05,0.000809,0.007697,0.020245,0.052289,0.060106,0.066545,0.08658,-0.017729,-0.023749,-0.027912,-0.02875,-0.033722,-0.00021,-0.004432,-0.01135,-0.016981,-0.021473,0.000539,0.001018,0.00021,0.007577,0.01183,0.044922,0.082717,0.077626,0.059178,0.047797,0.000689,0.005091,0.009164,0.025456,0.037405,0.017285,0.019981,0.005435,-0.022639,-0.056633,-0.00035,-0.000135,0.000261,0.00702,0.004846,0.003633,0.005561,0.006285,0.007389,0.008115,-0.001873,-0.003,-0.000745,-0.000927,-0.00374,-0.448467,-0.150396,-0.130521,-0.853056,1,0,0,0,0,0,0,0,0,0,0
4489,-0.001519,-0.00858,-0.0129,-0.020349,-0.033308,0.000506,-0.001251,-0.001043,0.002473,0.009266,0.017786,0.035245,0.050678,0.046238,0.072546,-0.008133,-0.005244,-0.009891,-0.014211,-0.016118,-0.001788,-0.006227,-0.014569,-0.01871,-0.024371,0.000506,-0.000953,0.000298,0.009415,0.010696,0.023685,0.040399,0.026456,0.004409,0.00149,0.00292,0.005303,0.016773,0.029078,0.045881,0.002681,0.00209,-0.030311,-0.050968,-0.082776,-4.2e-05,0.000672,0.001064,0.007114,0.002906,0.001977,0.001865,0.002994,0.004036,0.004647,0.000217,-0.001872,0.001546,-0.000568,-0.007559,-0.442903,-0.161255,-0.135965,-0.851441,1,0,0,0,0,0,0,0,0,0,0
4490,-0.004003,-0.008333,-0.015124,-0.022241,-0.03437,-3e-05,-0.001631,-0.000919,0.005901,0.014264,0.014027,0.021766,0.028142,0.047981,0.053793,0.002135,-0.001987,-0.002817,-0.00774,-0.009015,-0.002402,-0.009252,-0.014827,-0.019275,-0.022715,-3e-05,-0.00083,0.006465,0.010676,0.010112,0.013849,0.008807,-0.00946,-0.020728,-0.023842,0.001453,0.005486,0.021618,0.03345,0.054208,1e-06,-0.014402,-0.042201,-0.075862,-0.08739,0.000255,0.000647,0.007339,0.005187,-0.002098,-0.000113,0.000562,0.001592,0.00227,0.003001,-0.001263,0.000842,0.000672,-0.001953,-0.010297,-0.438864,-0.173938,-0.136657,-0.847545,1,0,0,0,0,0,0,0,0,0,0
4491,-0.003006,-0.007279,-0.014647,-0.027467,-0.029972,-0.001709,-0.001503,0.001975,0.008694,0.016857,0.00333,0.018596,0.014205,0.040227,0.036956,0.000737,-0.003861,-0.008134,-0.01002,-0.012289,-0.002004,-0.010256,-0.014352,-0.019952,-0.020394,-0.001415,-0.000177,0.008841,0.010108,0.010138,0.00277,-0.011022,-0.03283,-0.035718,-0.036897,0.000914,0.01226,0.024431,0.041052,0.059737,-0.000587,-0.032636,-0.05307,-0.084534,-0.084232,0.000453,0.000841,0.006825,0.002663,-0.004964,4e-06,0.001051,0.002017,0.002583,0.003265,-0.000727,0.002441,0.000482,-0.005997,-0.008703,-0.438703,-0.182066,-0.135535,-0.844721,1,0,0,0,0,0,0,0,0,0,0
4492,-0.001295,-0.008036,-0.0151,-0.027138,-0.02702,0.000118,0.000824,0.007594,0.015894,0.021928,0.004356,0.010685,0.030376,0.036145,0.035968,-0.004827,-0.005651,-0.010537,-0.011803,-0.013069,-0.004798,-0.010331,-0.014746,-0.018161,-0.018602,0.000618,0.007859,0.012039,0.011479,0.011538,-0.007771,-0.025902,-0.037087,-0.040178,-0.034909,0.003091,0.019103,0.030847,0.051451,0.064461,-0.01371,-0.041302,-0.074713,-0.086155,-0.08138,-6.3e-05,0.006579,0.004443,-0.002788,-0.008764,0.000636,0.001614,0.002258,0.002951,0.003431,0.002719,0.002557,6.6e-05,-0.007854,-0.00825,-0.44158,-0.188013,-0.1354,-0.842604,1,0,0,0,0,0,0,0,0,0,0
4493,-0.002968,-0.010316,-0.023101,-0.025599,-0.025658,8.8e-05,0.003556,0.010257,0.018399,0.023689,0.010875,0.006495,0.032447,0.029185,0.03427,0.000235,-0.004027,-0.005908,-0.008171,-0.007936,-0.003439,-0.007524,-0.013108,-0.013549,-0.014166,0.000617,0.009611,0.010875,0.010904,0.010845,-0.005996,-0.027745,-0.030625,-0.031801,-0.023953,0.008229,0.020368,0.036944,0.055578,0.065688,-0.018273,-0.038651,-0.070031,-0.06973,-0.06716,0.00045,0.006418,0.002267,-0.005339,-0.010699,0.000397,0.001345,0.0019,0.002569,0.002909,0.000417,-0.001505,-0.007862,-0.010518,-0.01083,-0.443017,-0.192809,-0.136351,-0.841074,1,0,0,0,0,0,0,0,0,0,0
4494,-0.003755,-0.010796,-0.022795,-0.022678,-0.022825,0.000616,0.007364,0.015637,0.021651,0.025993,-0.004547,0.01508,0.02083,0.020654,0.025054,-0.001056,-0.005926,-0.007188,-0.008449,-0.007158,-0.002083,-0.006484,-0.009887,-0.010327,-0.010532,0.006601,0.010767,0.01021,0.010268,0.011148,-0.012087,-0.023235,-0.026316,-0.021064,-0.013319,0.007745,0.019451,0.039987,0.052955,0.060436,-0.009262,-0.042563,-0.053968,-0.049209,-0.045881,0.006172,0.004042,-0.003166,-0.009121,-0.012534,0.000564,0.001192,0.001871,0.002339,0.002554,-0.00057,-0.003005,-0.010745,-0.011132,-0.011518,-0.445352,-0.195901,-0.137445,-0.84012,1,0,0,0,0,0,0,0,0,0,0
4495,-0.003571,-0.016306,-0.018794,-0.018853,-0.019263,0.00284,0.009514,0.017623,0.022893,0.025557,0.000176,0.026025,0.022776,0.02784,0.029567,-0.003191,-0.005065,-0.007319,-0.007084,-0.004947,-0.001991,-0.007553,-0.007992,-0.008607,-0.008314,0.002371,0.00363,0.003659,0.003601,0.005123,-0.009602,-0.012471,-0.013642,-0.005826,0.004157,0.004362,0.020873,0.039433,0.049503,0.052109,-0.011056,-0.042311,-0.042011,-0.039451,-0.031195,-0.000214,-0.004348,-0.011925,-0.017263,-0.018254,0.000367,0.000907,0.001558,0.001888,0.001897,-0.001309,-0.007491,-0.010075,-0.010378,-0.010966,-0.449028,-0.194897,-0.138449,-0.839202,1,0,0,0,0,0,0,0,0,0,0
4496,-0.003452,-0.015418,-0.015301,-0.015447,-0.016091,0.003891,0.012141,0.018139,0.022469,0.022645,0.019397,0.025131,0.024956,0.029344,0.031773,-0.001668,-0.002926,-0.004184,-0.002896,0.005442,-0.002399,-0.005793,-0.006232,-0.006436,-0.006349,0.001785,0.001229,0.001287,0.002165,0.002809,-0.001521,-0.004593,0.000644,0.008367,0.021269,0.007314,0.027794,0.040725,0.048185,0.047278,-0.022161,-0.033534,-0.028788,-0.02547,-0.014915,-0.00191,-0.009097,-0.015037,-0.018439,-0.017842,0.000252,0.000917,0.001376,0.001587,0.001203,-0.001086,-0.008677,-0.009056,-0.009435,-0.009844,-0.455905,-0.194254,-0.138192,-0.837558,1,0,0,0,0,0,0,0,0,0,0
4497,-0.009279,-0.011767,-0.011826,-0.012235,-0.012411,0.002781,0.010889,0.016158,0.018822,0.018734,0.00644,0.003191,0.008255,0.009982,0.013026,-0.000205,-0.002459,-0.002225,-8.8e-05,0.015631,-0.003161,-0.0036,-0.004215,-0.003922,-0.003571,-0.000527,-0.000498,-0.000556,0.000966,0.003103,-0.001346,-0.002517,0.005298,0.01528,0.02409,0.009191,0.027749,0.037819,0.040424,0.039838,-0.00908,-0.00878,-0.006221,0.002035,0.008278,-0.002223,-0.009798,-0.015137,-0.016127,-0.013843,0.000287,0.000938,0.001267,0.001277,0.000564,-0.005088,-0.00767,-0.007973,-0.00856,-0.008622,-0.456886,-0.193628,-0.138122,-0.837796,1,0,0,0,0,0,0,0,0,0,0
4498,-0.002693,-0.002576,-0.002722,-0.003366,-0.001668,0.005474,0.011474,0.015806,0.015982,0.015924,-0.000703,-0.000878,0.003513,0.005942,0.005825,-0.001054,-0.002312,-0.001024,0.007318,0.021134,-0.000234,-0.000673,-0.000878,-0.00079,0.001873,-2.9e-05,2.9e-05,0.000907,0.001551,0.005269,-0.001727,0.003513,0.01124,0.024149,0.026286,0.011299,0.024237,0.031701,0.030793,0.030471,-0.002299,0.00245,0.005769,0.016329,0.019359,-0.004968,-0.010911,-0.014315,-0.013717,-0.009827,0.00038,0.000841,0.001052,0.000667,2.7e-05,-0.00253,-0.00291,-0.003291,-0.0037,-0.003864,-0.457163,-0.19304,-0.136676,-0.838307,1,0,0,0,0,0,0,0,0,0,0
4499,0.000205,0.000147,-0.000264,-0.00044,0.003578,0.00264,0.00792,0.010589,0.010501,0.010471,-0.002552,0.002523,0.004253,0.007304,0.005544,-0.001203,-0.000968,0.001173,0.016924,0.032529,-0.000205,-0.000821,-0.000528,-0.000176,0.004722,5.9e-05,0.0,0.001525,0.003666,0.008037,0.000557,0.008389,0.018391,0.02722,0.028452,0.007274,0.017364,0.019975,0.019388,0.019359,0.002604,0.005169,0.013442,0.019697,0.024112,-0.002613,-0.007962,-0.008954,-0.006666,-0.002179,0.000274,0.000609,0.000618,-0.000105,-0.00085,-5.2e-05,-0.00036,-0.000956,-0.001019,-0.001034,-0.457045,-0.191535,-0.135275,-0.838834,1,0,0,0,0,0,0,0,0,0,0
4500,-8.8e-05,-0.000235,-0.000882,0.000823,0.006908,0.00338,0.007731,0.007907,0.007848,0.00776,0.002381,0.00679,0.00923,0.009112,0.006143,-5.9e-05,0.001235,0.009612,0.023486,0.045796,-0.000235,-0.000441,-0.000353,0.002322,0.01067,0.0,0.000882,0.001528,0.005262,0.009288,0.004703,0.012463,0.025426,0.027571,0.026572,0.005702,0.013198,0.012287,0.011963,0.014726,0.002159,0.005492,0.016096,0.019139,0.023442,-0.003349,-0.006768,-0.006168,-0.002261,0.00221,0.000197,0.000414,1.7e-05,-0.000642,-0.00162,-0.000339,-0.000731,-0.001153,-0.001321,-0.002381,-0.458241,-0.193012,-0.135438,-0.839463,1,0,0,0,0,0,0,0,0,0,0
4501,2.9e-05,-0.000382,-0.000559,0.00347,0.009029,0.001912,0.004588,0.0045,0.00447,0.001588,0.002706,0.004441,0.007499,0.005735,-0.007029,0.000294,0.002441,0.018234,0.033879,0.060877,-0.000382,-8.8e-05,0.000265,0.005176,0.016057,-5.9e-05,0.00147,0.003617,0.007999,0.010146,0.003147,0.013175,0.022028,0.023263,0.020763,0.004411,0.007029,0.006441,0.006411,0.016587,0.000412,0.008706,0.014978,0.019404,0.032081,-0.002013,-0.003008,-0.000713,0.003786,0.009747,0.000143,0.000153,-0.000584,-0.001342,-0.002161,2.6e-05,-0.00058,-0.000645,-0.00066,-0.003822,-0.461772,-0.199358,-0.134415,-0.843041,1,0,0,0,0,0,0,0,0,0,0
4502,-0.000176,-0.000823,0.000882,0.006969,0.013556,0.002441,0.002617,0.002558,0.00247,-0.002294,0.001705,0.004146,0.004028,0.001059,-0.03064,0.001,0.00938,0.023259,0.045578,0.089068,0.000176,0.000265,0.002941,0.011292,0.024818,0.000941,0.001588,0.005322,0.009351,0.011262,0.004617,0.017584,0.019731,0.018731,0.016555,0.003088,0.002176,0.001853,0.004617,0.035021,0.002923,0.013531,0.016575,0.02088,0.052209,-0.001408,-0.000807,0.003101,0.007574,0.015493,7.5e-05,-0.000323,-0.000984,-0.001965,-0.002455,-0.000419,-0.000842,-0.001012,-0.002074,-0.00632,-0.461551,-0.217596,-0.137185,-0.847384,1,0,0,0,0,0,0,0,0,0,0
4503,-0.000235,-0.000411,0.003613,0.009165,0.017948,0.000235,0.000147,0.000117,-0.002761,-0.004788,2.9e-05,0.003084,0.001322,-0.011427,-0.04415,0.001146,0.01692,0.032547,0.059513,0.126723,0.000117,0.00047,0.005376,0.016244,0.031872,0.000587,0.002732,0.007109,0.009253,0.009929,0.005405,0.014247,0.015481,0.012984,-0.002379,-0.00047,-0.001057,-0.001087,0.009077,0.068796,0.005365,0.011629,0.01605,0.028712,0.047162,0.000412,0.002704,0.007198,0.013152,0.017196,-6.4e-05,-0.000795,-0.001548,-0.00236,-0.002722,-0.000185,-0.000249,-0.000265,-0.003401,-0.008288,-0.447931,-0.247419,-0.142429,-0.850606,1,0,0,0,0,0,0,0,0,0,0
4504,-0.000411,0.001291,0.007364,0.013936,0.023236,-5.9e-05,-0.000117,-0.000205,-0.004958,-0.004459,0.002406,0.002288,-0.000675,-0.032302,-0.070471,0.007217,0.021065,0.043333,0.086725,0.150742,-2.9e-05,0.00264,0.010973,0.024468,0.040781,5.9e-05,0.003785,0.007804,0.009711,0.016488,0.00754,0.009682,0.008684,0.006513,-0.036321,-0.00044,-0.000763,0.001995,0.032331,0.11932,0.005226,0.008263,0.012558,0.043816,0.035818,0.000187,0.004086,0.008549,0.016451,0.024065,-0.000328,-0.000978,-0.001944,-0.002426,-0.000573,-0.000232,-0.000399,-0.001444,-0.005624,-0.0101,-0.424579,-0.285624,-0.147306,-0.864874,1,0,0,0,0,0,0,0,0,0,0
4505,0.000234,0.004247,0.009783,0.018541,0.034943,-2.9e-05,-5.9e-05,-0.002929,-0.00495,-0.003749,0.000644,-0.001113,-0.013825,-0.046455,-0.097215,0.008523,0.024106,0.050995,0.118011,0.179199,0.000381,0.005272,0.01611,0.031692,0.045312,0.00208,0.006444,0.008582,0.009256,0.029232,0.001289,0.002519,2.9e-05,-0.01529,-0.059196,-0.000146,-0.000176,0.009959,0.069506,0.167805,0.001029,0.005437,0.018063,0.036459,0.038501,0.002099,0.006579,0.012516,0.016549,0.034361,-0.000393,-0.00113,-0.001926,-0.002281,0.00088,0.000168,0.000152,-0.002921,-0.007711,-0.001451,-0.418099,-0.316578,-0.144334,-0.884669,1,0,0,0,0,0,0,0,0,0,0
4506,0.001462,0.007516,0.014067,0.023337,0.056149,-2.9e-05,-0.000117,-0.004855,-0.004357,-0.006024,-0.00076,-0.003714,-0.03524,-0.073287,-0.115282,0.005293,0.02749,0.070742,0.134554,0.20129,0.002281,0.010587,0.024039,0.040299,0.048253,0.001638,0.005644,0.007545,0.014301,0.034216,0.000848,-0.000146,-0.00231,-0.045007,-0.077907,-0.000175,0.002574,0.032812,0.119522,0.243694,0.001999,0.00628,0.037439,0.029466,0.038154,0.001791,0.00624,0.014116,0.021706,0.03829,-0.000248,-0.001192,-0.001664,0.000149,0.005402,-0.000328,-0.001351,-0.005438,-0.009813,0.017584,-0.403993,-0.383843,-0.142654,-0.89232,1,0,0,0,0,0,0,0,0,0,0
4507,0.002541,0.00806,0.016792,0.033147,0.073711,0.0,-0.002862,-0.004877,-0.00368,-0.002891,-0.000993,-0.013668,-0.046201,-0.096812,-0.139392,0.010251,0.03706,0.103879,0.164887,0.2492,0.002599,0.013405,0.028941,0.042521,0.049822,0.002716,0.004848,0.00552,0.025437,0.045705,0.00038,-0.002103,-0.017377,-0.061154,-0.112582,0.000146,0.010251,0.069623,0.167632,0.331234,0.002399,0.014987,0.033329,0.035365,0.03257,0.002678,0.008598,0.012618,0.030379,0.044327,-0.000477,-0.001256,-0.001604,0.001492,0.008723,0.00031,-0.002701,-0.007392,-0.001261,0.035037,-0.373451,-0.461475,-0.140453,-0.907837,1,0,0,0,0,0,0,0,0,0,0
4508,0.003496,0.010023,0.019258,0.051948,0.065176,-8.7e-05,-0.004807,-0.004312,-0.005973,0.020657,-0.001952,-0.03336,-0.071265,-0.113103,-0.163624,0.011887,0.054978,0.118551,0.185038,0.280077,0.005681,0.019084,0.035283,0.043208,0.045189,0.001282,0.003176,0.009906,0.029747,0.055211,-0.001369,-0.003525,-0.046063,-0.07884,-0.141714,0.002593,0.032719,0.119105,0.242813,0.403611,0.001872,0.032914,0.024971,0.033627,0.035219,0.00176,0.009607,0.017168,0.03369,0.030918,-0.000451,-0.00091,0.000855,0.005973,0.011837,-0.001301,-0.005282,-0.009545,0.017144,0.028745,-0.346537,-0.521193,-0.130919,-0.9214,1,0,0,0,0,0,0,0,0,0,0
4509,0.002008,0.010712,0.027012,0.067442,0.056847,-0.002765,-0.004774,-0.00358,-0.002794,0.033619,-0.010682,-0.043108,-0.093552,-0.135991,-0.174325,0.014845,0.081443,0.142249,0.226282,0.300128,0.005094,0.020579,0.034114,0.041391,0.038102,0.000844,0.001514,0.021365,0.041566,0.053936,-0.001106,-0.016329,-0.059962,-0.11122,-0.195399,0.007481,0.066656,0.164341,0.327402,0.490492,0.010676,0.028958,0.030987,0.028201,0.020139,0.004142,0.008149,0.025851,0.039752,0.016886,-0.000314,-0.000654,0.002371,0.009437,0.018008,-0.001649,-0.006234,-0.000242,0.035223,0.025227,-0.293331,-0.601167,-0.126278,-0.927785,1,0,0,0,0,0,0,0,0,0,0
4510,0.0045,0.013703,0.046276,0.059456,0.05754,-0.001945,-0.001452,-0.003106,0.023428,0.04616,-0.020641,-0.058411,-0.1001,-0.15044,-0.184494,0.028131,0.091478,0.157727,0.252427,0.283926,0.008274,0.024415,0.032312,0.034286,0.033067,0.001045,0.007751,0.027522,0.052895,0.051821,-0.001045,-0.043431,-0.076091,-0.138741,-0.252602,0.022557,0.108635,0.231902,0.392126,0.559898,0.020283,0.012368,0.020994,0.02258,0.03352,0.003688,0.011222,0.027686,0.024923,0.001436,-0.00014,0.001582,0.006573,0.012293,0.025497,-0.002263,-0.006421,0.019609,0.030923,0.027247,-0.235412,-0.68119,-0.124244,-0.92914,1,0,0,0,0,0,0,0,0,0,0
4511,0.004171,0.020392,0.060627,0.050083,0.054747,-5.8e-05,0.00113,0.001912,0.038149,0.047128,-0.011673,-0.061872,-0.104105,-0.142254,-0.181272,0.038207,0.098718,0.182344,0.255831,0.272197,0.007155,0.020624,0.027866,0.024592,0.024129,-0.000377,0.019379,0.039481,0.051792,0.049011,-0.014107,-0.057527,-0.108537,-0.192308,-0.314054,0.036382,0.133593,0.295863,0.458162,0.588974,-0.002044,-2.5e-05,-0.002798,-0.01082,0.016853,0.000308,0.017924,0.031758,0.009002,-0.003359,-0.000191,0.002733,0.009562,0.017847,0.031663,-0.002203,0.003588,0.037867,0.028206,0.030693,-0.170915,-0.731992,-0.119796,-0.928316,1,0,0,0,0,0,0,0,0,0,0
4512,0.005009,0.037496,0.050642,0.048731,0.049947,0.00055,-0.0011,0.025364,0.048036,0.049223,-0.026001,-0.067581,-0.117788,-0.151752,-0.177088,0.024988,0.091063,0.185514,0.21693,0.268788,0.008947,0.016823,0.018792,0.017576,0.016475,0.007065,0.026783,0.05209,0.051018,0.048152,-0.028173,-0.060747,-0.123232,-0.236793,-0.336484,0.049484,0.172426,0.332228,0.499557,0.642276,-0.00585,0.002752,0.004335,0.015245,0.056686,0.007206,0.023626,0.020871,-0.002555,-0.006891,0.00188,0.00678,0.012395,0.025357,0.039446,-0.001885,0.023668,0.034775,0.031166,0.032414,-0.132496,-0.824027,-0.117834,-0.929458,1,0,0,0,0,0,0,0,0,0,0
4513,0.011222,0.051499,0.040944,0.045613,0.046048,0.000638,0.001421,0.037697,0.046686,0.047353,-0.024213,-0.066491,-0.10468,-0.14374,-0.166967,0.035551,0.119266,0.192832,0.209216,0.261469,0.004524,0.011773,0.008496,0.008032,0.005799,0.012701,0.032825,0.045149,0.042365,0.040625,-0.015253,-0.066317,-0.150177,-0.272053,-0.365395,0.047759,0.210202,0.372674,0.503625,0.668446,0.00788,0.005104,-0.002926,0.024776,0.106643,0.010418,0.024267,0.001487,-0.010888,-0.013628,0.001045,0.007926,0.016273,0.030192,0.053693,0.007738,0.042274,0.03254,0.035047,0.036635,-0.074089,-0.899323,-0.115486,-0.935777,1,0,0,0,0,0,0,0,0,0,0
4514,0.021436,0.034676,0.032751,0.033976,0.036485,-0.002304,0.024352,0.047188,0.048384,0.04363,-0.017528,-0.068099,-0.102308,-0.127827,-0.152004,0.030797,0.125931,0.157575,0.209808,0.24043,0.003383,0.005366,0.004141,0.003033,-0.000817,0.007087,0.032576,0.031497,0.02861,0.026481,-0.017469,-0.080406,-0.194788,-0.295201,-0.393513,0.075798,0.236756,0.405296,0.549047,0.671624,0.000739,0.002333,0.013323,0.055063,0.127947,0.006061,0.003286,-0.020309,-0.024677,-0.022897,0.004065,0.00997,0.023603,0.038422,0.072757,0.01882,0.030502,0.026706,0.028019,0.032785,-0.030986,-0.94439,-0.111811,-0.937609,1,0,0,0,0,0,0,0,0,0,0
4515,0.019071,0.008457,0.013152,0.013589,0.01703,0.003091,0.039571,0.048611,0.049282,0.041,-0.024991,-0.063396,-0.102675,-0.126033,-0.147233,0.053393,0.127374,0.14385,0.196398,0.20882,0.003908,0.000612,0.000146,-0.0021,-0.004695,0.013152,0.025545,0.022745,0.020996,0.019129,-0.033885,-0.118218,-0.24078,-0.334649,-0.413062,0.08757,0.250958,0.382648,0.548397,0.610597,-0.003531,-0.011607,0.016252,0.09858,0.140847,0.007866,-0.015042,-0.027486,-0.030242,-0.024616,0.003095,0.011777,0.026255,0.050699,0.084222,0.017118,0.006993,0.0096,0.011253,0.016196,0.007812,-0.954094,-0.109736,-0.937497,1,0,0,0,0,0,0,0,0,0,0
4516,-0.005835,-0.007761,-0.006535,-0.004026,-0.000788,0.023574,0.046419,0.047615,0.042859,0.035711,-0.025587,-0.059811,-0.085339,-0.109526,-0.135668,0.041751,0.073407,0.125661,0.156295,0.163852,-0.001926,-0.003151,-0.00426,-0.008111,-0.009891,0.012341,0.011262,0.008373,0.006244,0.004931,-0.029059,-0.143487,-0.24394,-0.342291,-0.413481,0.073407,0.242014,0.385822,0.508448,0.553496,0.005127,0.016121,0.057878,0.130791,0.16578,-0.010647,-0.034251,-0.038621,-0.036841,-0.031624,0.002816,0.016487,0.031346,0.065778,0.097437,-0.005465,-0.009271,-0.007955,-0.003175,0.001114,0.043507,-0.982952,-0.107475,-0.938622,1,0,0,0,0,0,0,0,0,0,0
4517,-0.004792,-8.8e-05,0.000351,0.003798,0.006106,0.012943,0.022,0.022672,0.014375,0.01081,-0.012855,-0.05221,-0.075612,-0.096853,-0.123469,0.032313,0.048821,0.101469,0.113915,0.126011,-0.001373,-0.001841,-0.00409,-0.006691,-0.01043,5.8e-05,-0.002746,-0.004499,-0.006369,-0.009817,-0.055394,-0.178191,-0.272239,-0.350802,-0.423084,0.090191,0.222133,0.388199,0.450518,0.488558,-0.013225,0.014687,0.097172,0.13952,0.165591,-0.01229,-0.024758,-0.027519,-0.021883,-0.022422,0.005956,0.020628,0.045401,0.079375,0.117293,-0.004742,-0.0021,-0.000425,0.004585,0.009252,0.083342,-0.988774,-0.103713,-0.936582,1,0,0,0,0,0,0,0,0,0,0
4518,0.002889,0.004128,0.006663,0.009936,0.011204,0.010024,0.011233,0.006427,-0.000796,-0.006516,-0.021611,-0.047409,-0.071851,-0.098268,-0.119732,-0.000619,0.052186,0.083143,0.09078,0.096588,0.000147,-0.000973,-0.004865,-0.006663,-0.013946,-0.00115,-0.004069,-0.006221,-0.007548,-0.022879,-0.059733,-0.161245,-0.260634,-0.332573,-0.398498,0.079369,0.224693,0.348612,0.394135,0.398351,0.024456,0.066653,0.140335,0.175693,0.176224,-0.011451,-0.015866,-0.014067,-0.008796,-0.01922,0.008365,0.024357,0.061411,0.095482,0.136981,0.000957,0.002374,0.007518,0.012134,0.018115,0.111825,-0.983585,-0.097451,-0.924384,1,0,0,0,0,0,0,0,0,0,0
4519,0.001881,0.002328,0.005851,0.008209,0.008747,-0.000896,-0.000209,-0.008687,-0.012329,-0.023135,-0.018329,-0.04224,-0.063943,-0.091138,-0.105944,0.017493,0.071286,0.084003,0.096362,0.09869,-0.000627,-0.002925,-0.005582,-0.009403,-0.019493,-0.001702,-0.003493,-0.005403,-0.008926,-0.032509,-0.064988,-0.161081,-0.241352,-0.315206,-0.364223,0.05445,0.224128,0.287802,0.326669,0.323923,0.003757,0.088036,0.131305,0.157943,0.155985,-0.001145,-0.003966,0.001793,0.001242,-0.01245,0.007932,0.036732,0.076227,0.120309,0.154623,0.002027,0.003974,0.009798,0.015224,0.022688,0.133475,-0.984095,-0.091348,-0.916216,1,0,0,0,0,0,0,0,0,0,0
4520,-0.000629,0.001948,0.005274,0.006562,0.006862,0.002127,-0.002757,-0.010098,-0.015911,-0.027507,-0.007821,-0.032661,-0.059509,-0.081322,-0.096694,0.036107,0.067569,0.07533,0.081233,0.080453,-0.000509,-0.004465,-0.006292,-0.013694,-0.02517,-0.001258,-0.003446,-0.004794,-0.020376,-0.039223,-0.037934,-0.138943,-0.212056,-0.279055,-0.319507,0.093038,0.218977,0.265242,0.269527,0.271235,0.039114,0.113997,0.149931,0.150471,0.156017,-0.003338,-0.00151,0.003848,-0.006746,-0.014912,0.009764,0.051259,0.089413,0.135885,0.161085,-0.000495,0.005266,0.010435,0.017132,0.025672,0.152891,-0.984455,-0.084842,-0.909743,1,0,0,0,0,0,0,0,0,0,0
4521,0.001084,0.004636,0.007015,0.007557,0.007557,-0.001445,-0.009995,-0.013668,-0.024566,-0.037241,-0.016257,-0.038144,-0.065571,-0.080503,-0.095767,0.017973,0.030798,0.043262,0.04561,0.042299,-0.001806,-0.004486,-0.008339,-0.018515,-0.028269,-0.000542,-0.002469,-0.006021,-0.029805,-0.044075,-0.058797,-0.139751,-0.214233,-0.263667,-0.293532,0.077643,0.141859,0.181057,0.178287,0.177113,0.045697,0.089335,0.116199,0.114224,0.118419,0.000509,0.006317,0.005761,-0.008047,-0.010317,0.020467,0.062375,0.10915,0.14556,0.160858,0.002577,0.008757,0.014514,0.022434,0.029795,0.163591,-0.982063,-0.081446,-0.908035,1,0,0,0,0,0,0,0,0,0,0
4522,0.001516,0.004883,0.006187,0.00649,0.006551,-0.003488,-0.010918,-0.016801,-0.028538,-0.038546,-0.008765,-0.035938,-0.058016,-0.073574,-0.082126,0.013738,0.021593,0.027567,0.026779,0.020713,-0.002184,-0.004034,-0.011524,-0.02314,-0.03242,-0.001668,-0.003033,-0.018803,-0.037879,-0.046977,-0.043004,-0.117002,-0.184814,-0.225756,-0.240374,0.049251,0.096077,0.100413,0.102142,0.089314,0.029757,0.066127,0.066674,0.072286,0.066553,0.001338,0.00676,-0.003962,-0.012226,-0.011843,0.023602,0.065113,0.115675,0.143091,0.151112,0.003555,0.009179,0.016466,0.025757,0.033232,0.167554,-0.972054,-0.075901,-0.907708,1,0,0,0,0,0,0,0,0,0,0
4523,0.002068,0.00447,0.005017,0.005017,0.004957,-0.005139,-0.008849,-0.019857,-0.032658,-0.041021,-0.013319,-0.041021,-0.056103,-0.07152,-0.076021,-0.000821,0.011768,0.01414,0.010795,0.005443,-0.000517,-0.004409,-0.014687,-0.024539,-0.034544,-0.000274,-0.003862,-0.027884,-0.042298,-0.051968,-0.038649,-0.113879,-0.163809,-0.193974,-0.203857,0.015478,0.055069,0.052272,0.051086,0.037098,0.014239,0.041373,0.039378,0.043615,0.035981,0.004525,0.003964,-0.009983,-0.012276,-0.014055,0.020899,0.071063,0.110113,0.126519,0.133937,0.003006,0.009181,0.017675,0.025568,0.033527,0.173611,-0.97138,-0.071962,-0.906275,1,0,0,0,0,0,0,0,0,0,0
4524,0.001307,0.002614,0.002918,0.002979,0.002797,-0.00231,-0.008207,-0.019971,-0.030003,-0.037024,-0.013922,-0.036052,-0.051646,-0.060218,-0.063835,0.008694,0.014682,0.013892,0.007812,0.005228,-0.001338,-0.008846,-0.020488,-0.02979,-0.03742,-0.001094,-0.016901,-0.036021,-0.045141,-0.052527,-0.035535,-0.103504,-0.144541,-0.159193,-0.167522,0.031462,0.035809,0.037541,0.024683,0.020518,0.022221,0.022769,0.028394,0.022648,0.021884,0.000912,-0.009835,-0.018119,-0.017735,-0.018377,0.021344,0.072734,0.1006,0.108752,0.114069,0.002717,0.010124,0.019568,0.027165,0.033094,0.175336,-0.972167,-0.068767,-0.909232,1,0,0,0,0,0,0,0,0,0,0
4525,0.001096,0.001644,0.001644,0.001583,0.00134,-0.001401,-0.012422,-0.02524,-0.033612,-0.034739,-0.013792,-0.028893,-0.04433,-0.048836,-0.049201,0.003897,0.006272,0.002923,-0.002436,-0.004506,-0.002557,-0.012848,-0.022713,-0.03273,-0.039062,-0.002497,-0.026549,-0.04098,-0.050662,-0.051332,-0.039732,-0.089725,-0.119927,-0.129822,-0.131436,0.008129,0.005328,0.004141,-0.009865,-0.013488,0.004912,0.002915,0.007157,-0.000487,-0.001801,-0.001475,-0.015439,-0.017735,-0.019516,-0.019239,0.02902,0.068411,0.08496,0.092443,0.094076,0.003481,0.012049,0.020011,0.02804,0.032951,0.174255,-0.972534,-0.066107,-0.914816,1,0,0,0,0,0,0,0,0,0,0
4526,0.000213,0.000518,0.000579,0.000396,-0.001127,-0.004507,-0.016291,-0.026339,-0.033373,-0.034561,-0.008374,-0.023995,-0.032582,-0.036205,-0.033769,0.002101,0.001309,-0.004781,-0.007369,-0.007156,-0.004963,-0.016626,-0.025943,-0.033586,-0.039037,-0.013337,-0.03249,-0.041625,-0.049025,-0.049207,-0.028349,-0.069457,-0.084133,-0.092477,-0.09001,-0.003776,-0.00204,-0.014921,-0.019092,-0.020249,-0.004364,0.001271,-0.004485,-0.00525,-0.006604,-0.009291,-0.017588,-0.017204,-0.017847,-0.016938,0.022966,0.051169,0.05942,0.064801,0.065028,0.004012,0.01357,0.02126,0.02726,0.03045,0.171581,-0.973299,-0.063589,-0.916565,1,0,0,0,0,0,0,0,0,0,0
4527,0.000335,0.000335,0.000274,3e-05,-0.002893,-0.006517,-0.019338,-0.027713,-0.028839,-0.031489,-0.00673,-0.02217,-0.026677,-0.027043,-0.023967,0.000274,-0.003076,-0.008436,-0.010506,-0.005055,-0.005329,-0.015196,-0.025215,-0.03155,-0.036209,-0.01072,-0.025155,-0.034839,-0.035509,-0.036209,-0.021652,-0.051862,-0.06176,-0.063374,-0.059689,0.000975,-0.000213,-0.014222,-0.017846,-0.017206,0.002367,0.00661,-0.001036,-0.00235,-0.007194,-0.004676,-0.006972,-0.008754,-0.008476,-0.006564,0.016474,0.033051,0.040547,0.042182,0.042432,0.004567,0.012543,0.020585,0.025505,0.02695,0.167337,-0.971067,-0.061868,-0.918991,1,0,0,0,0,0,0,0,0,0,0
4528,-3e-05,3e-05,-0.000152,-0.001674,-0.004748,-0.005266,-0.015311,-0.022342,-0.023529,-0.024838,-0.008888,-0.017472,-0.021094,-0.018659,-0.01592,-0.001065,-0.007153,-0.009741,-0.009527,-0.002679,-0.006331,-0.015646,-0.023286,-0.028734,-0.033787,-0.008432,-0.017563,-0.02496,-0.025143,-0.025143,-0.019451,-0.034122,-0.042463,-0.039997,-0.037075,0.000761,-0.012115,-0.016285,-0.017442,-0.016041,0.003268,-0.002487,-0.003251,-0.004605,-0.010002,-0.003621,-0.003237,-0.00388,-0.002971,-0.001697,0.011713,0.019943,0.025311,0.025537,0.02633,0.004982,0.012652,0.018637,0.021819,0.023465,0.163839,-0.971134,-0.059803,-0.920661,1,0,0,0,0,0,0,0,0,0,0
4529,3e-05,-3e-05,-0.000274,-0.003194,-0.006175,-0.007544,-0.01591,-0.017035,-0.019682,-0.019013,-0.00654,-0.011042,-0.011408,-0.008335,-0.005932,-0.002282,-0.007635,-0.009704,-0.004259,-0.001947,-0.003529,-0.013537,-0.019864,-0.024519,-0.029751,-0.005993,-0.015666,-0.016336,-0.017035,-0.015028,-0.010738,-0.020625,-0.022237,-0.018556,-0.010921,-0.001947,-0.01594,-0.01956,-0.018921,-0.01807,0.000973,-0.006665,-0.007977,-0.012816,-0.015143,0.001325,-0.000454,-0.000177,0.001733,0.003036,0.004789,0.012227,0.01385,0.014098,0.009202,0.002955,0.010935,0.015818,0.017252,0.01912,0.15554,-0.969678,-0.058526,-0.924215,1,0,0,0,0,0,0,0,0,0,0
4530,3e-05,-0.000152,-0.001672,-0.004743,-0.006658,-0.002493,-0.009516,-0.010701,-0.012009,-0.011461,-0.002037,-0.005655,-0.003223,-0.000486,0.00152,-0.0038,-0.006384,-0.006172,0.000669,-6.1e-05,-0.005776,-0.013407,-0.018849,-0.023896,-0.027969,-0.003131,-0.010519,-0.010701,-0.010701,-0.008695,-0.003922,-0.012252,-0.009789,-0.006871,0.004013,-0.010914,-0.015079,-0.016234,-0.014836,-0.01967,-0.00672,-0.007483,-0.008836,-0.014225,-0.019757,-0.00094,-0.001582,-0.000675,0.000597,0.002028,0.003391,0.008712,0.008937,0.009723,0.001756,0.004662,0.010596,0.01375,0.015382,0.017184,0.149467,-0.965834,-0.057775,-0.926136,1,0,0,0,0,0,0,0,0,0,0
4531,-9.1e-05,-0.000334,-0.003254,-0.006234,-0.007177,-0.005869,-0.006994,-0.00964,-0.008971,-0.00964,-0.002463,-0.002828,0.000243,0.002646,0.004288,-0.001551,-0.003619,0.001825,0.004136,0.003467,-0.004227,-0.010552,-0.015204,-0.020435,-0.023354,-0.006538,-0.007207,-0.007906,-0.005899,-0.005382,-0.00596,-0.007572,-0.003892,0.00374,0.01043,-0.003071,-0.00669,-0.006051,-0.0052,-0.010217,-0.000914,-0.002226,-0.007063,-0.009389,-0.014488,-0.000838,-0.000561,0.001349,0.002651,0.003814,0.004023,0.005642,0.005889,0.001005,-0.003102,0.00329,0.00816,0.00959,0.011454,0.013111,0.144546,-0.964449,-0.059244,-0.928511,1,0,0,0,0,0,0,0,0,0,0
4532,-9.1e-05,-0.001615,-0.004694,-0.006614,-0.008473,-0.001158,-0.002347,-0.003658,-0.003109,-0.004816,-0.001158,0.00128,0.004023,0.006035,0.007041,-0.001036,-0.000823,0.006035,0.005303,0.004694,-0.003414,-0.00887,-0.013929,-0.018013,-0.019233,-0.000853,-0.001036,-0.001036,0.000975,0.00125,-0.002377,9.1e-05,0.003017,0.013929,0.018105,-0.001097,-0.002255,-0.000853,-0.0057,-0.008047,0.00015,-0.001206,-0.006609,-0.012155,-0.014364,0.000196,0.001106,0.002381,0.003816,0.005804,0.001329,0.001557,0.002358,-0.005752,-0.008467,0.002697,0.005908,0.00757,0.009405,0.008867,0.140284,-0.963387,-0.06381,-0.929861,1,0,0,0,0,0,0,0,0,0,0
4533,-0.000153,-0.003084,-0.006077,-0.007023,-0.012459,3.1e-05,-0.002626,-0.001954,-0.002626,-0.004122,0.000794,0.003878,0.00629,0.007939,0.007115,-0.001038,0.004428,0.006748,0.006077,0.005527,-0.002931,-0.007603,-0.012856,-0.015787,-0.016428,0.000183,-0.000519,0.001496,0.002015,0.002229,0.000763,0.004458,0.012123,0.018841,0.021558,-0.002534,-0.001893,-0.001038,-0.006077,-0.007512,-0.001468,-0.006325,-0.008661,-0.013782,-0.015194,8.1e-05,0.001999,0.003306,0.004475,0.006253,0.00032,0.000575,-0.004454,-0.008681,-0.011875,0.002282,0.003754,0.005672,0.007378,0.003208,0.134997,-0.962871,-0.069104,-0.930812,1,0,0,0,0,0,0,0,0,0,0
4534,-0.001378,-0.00447,-0.006399,-0.008267,-0.01975,-0.001225,-0.002541,-0.00199,-0.003705,-0.00545,0.001653,0.004409,0.00643,0.007441,0.003613,0.001255,0.008145,0.00741,0.006798,0.006522,-0.002541,-0.007624,-0.011727,-0.012952,-0.014238,-0.000367,-0.000367,0.001653,0.001929,0.001317,0.001715,0.004654,0.015616,0.019811,0.021464,0.001378,0.002786,-0.002082,-0.00444,-0.005083,0.00011,-0.005318,-0.010889,-0.013109,-0.014276,0.000832,0.002114,0.003555,0.005552,0.006921,-9.1e-05,0.000736,-0.007639,-0.010442,-0.015583,0.00099,0.002706,0.004601,0.004045,-0.005058,0.128537,-0.96291,-0.077165,-0.931702,1,0,0,0,0,0,0,0,0,0,0
4535,-0.001561,-0.00456,-0.005508,-0.010955,-0.024328,-0.001438,-0.000765,-0.001438,-0.002938,-0.005019,0.001438,0.003856,0.005508,0.004682,-0.00153,0.004223,0.006549,0.005875,0.005325,0.00508,-0.002142,-0.007405,-0.010343,-0.010986,-0.013985,-0.000337,0.001683,0.002203,0.002417,0.001377,0.001989,0.00967,0.016402,0.019126,0.019983,-0.000734,0.000122,-0.004927,-0.006365,-0.006702,-0.004977,-0.007318,-0.01245,-0.013865,-0.014948,0.00109,0.0024,0.003571,0.005354,0.006716,0.000349,-0.004755,-0.009047,-0.012289,-0.01892,0.000509,0.002456,0.004188,-4.5e-05,-0.009312,0.121063,-0.96357,-0.08177,-0.933466,1,0,0,0,0,0,0,0,0,0,0
4536,-0.00153,-0.003457,-0.005324,-0.016798,-0.027874,0.000122,0.000673,-0.00104,-0.002784,-0.006823,0.001316,0.003335,0.004345,0.00052,-0.006578,0.002662,0.001928,0.001316,0.00104,0.000734,-0.002937,-0.007037,-0.008261,-0.009546,-0.013952,0.000337,0.002356,0.002631,0.002019,-0.000734,0.000949,0.011902,0.016094,0.017746,0.018114,0.002142,-0.002723,-0.005079,-0.005722,-0.007343,-0.000448,-0.006015,-0.008232,-0.009398,-0.011695,0.00019,0.001631,0.003627,0.004994,0.006557,0.000474,-0.007859,-0.010648,-0.015762,-0.022558,0.001199,0.003084,0.002531,-0.006526,-0.012499,0.11396,-0.965064,-0.088096,-0.935145,1,0,0,0,0,0,0,0,0,0,0
4537,-0.001468,-0.002417,-0.007862,-0.021229,-0.033312,0.000551,-0.000122,-0.001621,-0.003701,-0.008443,0.001101,0.002753,0.001927,-0.004283,-0.01346,-0.000336,-0.001009,-0.00156,-0.001805,-0.00208,-0.002325,-0.005261,-0.005904,-0.008902,-0.01349,0.001682,0.002202,0.002417,0.001377,-0.0052,0.00673,0.01346,0.016182,0.017039,0.017742,-0.001285,-0.006332,-0.00777,-0.008106,-0.009575,-0.001892,-0.007022,-0.008437,-0.00952,-0.011912,0.001119,0.00229,0.004072,0.005433,0.003982,-0.005565,-0.009845,-0.013079,-0.019692,-0.028619,0.000746,0.002473,-0.001749,-0.010992,-0.017841,0.107371,-0.965973,-0.091259,-0.932765,1,0,0,0,0,0,0,0,0,0,0
4538,-0.000459,-0.002325,-0.013798,-0.024873,-0.040139,0.0,-0.001713,-0.003457,-0.007496,-0.010433,0.000918,0.001927,-0.001897,-0.008995,-0.01906,-0.000398,-0.00101,-0.001285,-0.001591,-0.00156,-0.001774,-0.002998,-0.004283,-0.008689,-0.014196,0.000337,0.000612,0.0,-0.002753,-0.008138,0.004222,0.008413,0.010065,0.010433,0.011289,-0.00358,-0.005935,-0.006578,-0.008199,-0.008628,-0.003674,-0.005891,-0.007057,-0.009353,-0.011046,0.000321,0.002316,0.003684,0.005246,0.003388,-0.002757,-0.005544,-0.010655,-0.017445,-0.027356,0.001138,0.000585,-0.008465,-0.014434,-0.023273,0.100969,-0.965421,-0.094943,-0.933291,1,0,0,0,0,0,0,0,0,0,0
4539,-0.000489,-0.005933,-0.019299,-0.03138,-0.046458,-0.000673,-0.002172,-0.004251,-0.008992,-0.010705,0.000734,-9.2e-05,-0.0063,-0.015476,-0.024651,-0.000275,-0.000826,-0.00107,-0.001346,-0.001193,-0.001162,-0.001804,-0.004802,-0.00939,-0.017005,0.000184,0.000398,-0.000642,-0.007218,-0.008655,0.002508,0.00523,0.006086,0.00679,0.007157,-0.001468,-0.002906,-0.003242,-0.00471,-0.005291,-0.001456,-0.002871,-0.003953,-0.006345,-0.008043,0.00085,0.002631,0.003993,0.002541,0.003319,-0.001524,-0.004754,-0.01136,-0.020276,-0.028814,0.00059,-0.003627,-0.012859,-0.0197,-0.026315,0.095851,-0.965245,-0.095298,-0.934279,1,0,0,0,0,0,0,0,0,0,0
4540,-0.001376,-0.012846,-0.023918,-0.03918,-0.051353,-0.00104,-0.002783,-0.006821,-0.009757,-0.011164,0.000275,-0.003548,-0.010644,-0.020706,-0.029698,-0.000336,-0.000612,-0.000918,-0.000887,-0.000612,-6.1e-05,-0.001346,-0.00575,-0.011255,-0.021287,9.2e-05,-0.00052,-0.003273,-0.008656,-0.012173,0.001682,0.003334,0.003701,0.004557,0.004251,-0.000887,-0.001529,-0.00315,-0.003578,-0.00315,-0.00076,-0.001926,-0.004222,-0.005914,-0.00656,0.001145,0.002513,0.004074,0.002217,0.000269,-0.001257,-0.006358,-0.013135,-0.023026,-0.03083,-0.001142,-0.010174,-0.016131,-0.024953,-0.027002,0.093044,-0.966992,-0.09366,-0.932693,1,0,0,0,0,0,0,0,0,0,0
4541,-0.004068,-0.017436,-0.029519,-0.0446,-0.054235,-0.000459,-0.002539,-0.00728,-0.008993,-0.01092,-0.001101,-0.007311,-0.016488,-0.025665,-0.032945,-0.000214,-0.000459,-0.000734,-0.000581,-0.000184,-0.000581,-0.003579,-0.008167,-0.015784,-0.02594,0.000122,-0.000918,-0.007494,-0.008932,-0.012786,0.00104,0.001897,0.0026,0.002967,0.002202,-0.000551,-0.000887,-0.002355,-0.002937,-0.001652,-0.000654,-0.001737,-0.004129,-0.005827,-0.005488,0.000636,0.001998,0.000546,0.001325,-0.000636,-0.001976,-0.008589,-0.017515,-0.026062,-0.031976,-0.003079,-0.012321,-0.01917,-0.025792,-0.025467,0.091698,-0.967216,-0.091236,-0.932187,1,0,0,0,0,0,0,0,0,0,0
4542,-0.007403,-0.018477,-0.033741,-0.045917,-0.05231,-0.001285,-0.005323,-0.008259,-0.009667,-0.010584,-0.002723,-0.00982,-0.019884,-0.028878,-0.032487,-6.1e-05,-0.000367,-0.000336,-6.1e-05,0.0,-0.000704,-0.005109,-0.010615,-0.020649,-0.031784,-0.000734,-0.003487,-0.008871,-0.012389,-0.013032,0.000612,0.000979,0.001835,0.00153,0.000581,-9.2e-05,-0.001713,-0.002141,-0.001713,-0.000336,-0.000512,-0.002808,-0.0045,-0.005146,-0.004046,0.000731,0.002293,0.000436,-0.001512,-0.001573,-0.003131,-0.009916,-0.01982,-0.027633,-0.030119,-0.005963,-0.011927,-0.02076,-0.022812,-0.018656,0.091861,-0.968283,-0.08616,-0.933554,1,0,0,0,0,0,0,0,0,0,0
4543,-0.005966,-0.018052,-0.033136,-0.042774,-0.046109,-0.000796,-0.005538,-0.007251,-0.009179,-0.010984,-0.003488,-0.012667,-0.021846,-0.029128,-0.029495,-0.000184,-0.000459,-0.000306,9.2e-05,0.000734,-0.002295,-0.006884,-0.014503,-0.024661,-0.035156,-0.000306,-0.006884,-0.008322,-0.012178,-0.014442,0.000245,0.000948,0.001316,0.000551,-0.000153,-0.000245,-0.001713,-0.002295,-0.00101,0.000551,-0.000571,-0.002964,-0.004662,-0.004324,-0.003383,0.00063,-0.000822,-4.3e-05,-0.002004,-0.002942,-0.003489,-0.012429,-0.020991,-0.026915,-0.026672,-0.003286,-0.010146,-0.016779,-0.016453,-0.010235,0.091859,-0.968813,-0.082352,-0.933162,1,0,0,0,0,0,0,0,0,0,0
4544,-0.005114,-0.020397,-0.032586,-0.038986,-0.039813,-0.003246,-0.006186,-0.007595,-0.008514,-0.011699,-0.003614,-0.01369,-0.022694,-0.026307,-0.026062,-0.000123,-9.2e-05,0.000184,0.000245,0.002236,-0.002113,-0.007626,-0.017671,-0.028819,-0.034668,-0.00245,-0.00784,-0.011362,-0.012005,-0.017181,0.000123,0.00098,0.000674,-0.000276,-0.000551,-0.001378,-0.001807,-0.001378,0.0,0.001838,-0.001727,-0.003422,-0.004068,-0.002967,-0.003079,0.000933,-0.000927,-0.002877,-0.002938,-0.005226,-0.003328,-0.013311,-0.021186,-0.023692,-0.023204,-0.002704,-0.011608,-0.013676,-0.009487,-0.005218,0.092646,-0.967051,-0.079817,-0.929456,1,0,0,0,0,0,0,0,0,0,0
4545,-0.007003,-0.022147,-0.031823,-0.035171,-0.033881,-0.001505,-0.003225,-0.00516,-0.006973,-0.009061,-0.00559,-0.014806,-0.022116,-0.022485,-0.022208,-0.000154,0.0,0.000399,0.001044,0.002642,-0.002488,-0.010137,-0.020335,-0.03087,-0.033236,-0.004147,-0.00559,-0.009461,-0.011734,-0.017017,0.000584,0.000952,0.000184,-0.000522,-0.000645,-9.2e-05,-0.000676,0.000614,0.002181,0.003072,-0.00067,-0.002375,-0.002035,-0.00109,-0.001764,-0.002393,-0.001612,-0.003581,-0.004522,-0.007913,-0.005792,-0.014591,-0.02068,-0.02043,-0.020008,-0.00429,-0.011107,-0.010772,-0.004381,-0.001344,0.092978,-0.960842,-0.078536,-0.923755,1,0,0,0,0,0,0,0,0,0,0
4546,-0.008333,-0.02057,-0.026997,-0.027827,-0.026474,-0.001445,-0.00286,-0.003782,-0.00698,-0.008117,-0.00452,-0.01356,-0.017188,-0.016942,-0.015435,0.000184,0.000461,0.000523,0.002521,0.002983,-0.003044,-0.013129,-0.024322,-0.030194,-0.030594,-0.001261,-0.004797,-0.005442,-0.010639,-0.014175,0.000277,-3.1e-05,-0.000984,-0.001261,-0.001045,-0.000338,9.2e-05,0.001476,0.003321,0.002798,-0.001031,-0.00168,-0.000574,-0.000687,-0.001566,0.000528,-0.00143,-0.00149,-0.003788,-0.006275,-0.004433,-0.012532,-0.015108,-0.014606,-0.013333,-0.004835,-0.006962,-0.002654,0.001735,0.003145,0.093576,-0.955699,-0.077223,-0.919772,1,0,0,0,0,0,0,0,0,0,0
4547,-0.006826,-0.016511,-0.019862,-0.018571,-0.017248,-0.000277,-0.002214,-0.004028,-0.006118,-0.00658,-0.004704,-0.012022,-0.012391,-0.012114,-0.007379,-3.1e-05,0.000369,0.001015,0.002613,0.004489,-0.004612,-0.01482,-0.025365,-0.027733,-0.027272,-0.000184,-0.004058,-0.006334,-0.011622,-0.012913,9.2e-05,-0.000676,-0.001384,-0.001507,6.1e-05,-0.000246,0.001045,0.002613,0.003505,0.000154,-0.000676,-0.000336,0.00061,-6.4e-05,-0.005013,0.000254,-0.001717,-0.002659,-0.006053,-0.006926,-0.004427,-0.010556,-0.010304,-0.009879,-0.006599,-0.002029,-0.001693,0.004742,0.007799,0.008497,0.09388,-0.947978,-0.074815,-0.91912,1,0,0,0,0,0,0,0,0,0,0
4548,-0.005412,-0.011839,-0.012669,-0.011316,-0.003383,-0.001138,-0.00206,-0.005258,-0.006396,-0.005873,-0.004336,-0.007965,-0.007719,-0.006212,0.003567,0.000308,0.000369,0.002368,0.002829,0.007842,-0.005474,-0.016667,-0.022541,-0.02294,-0.021987,-0.003352,-0.003998,-0.009195,-0.012731,-0.011655,-0.0004,-0.001353,-0.00163,-0.001415,0.003598,0.000677,0.00206,0.003905,0.003383,-0.002768,2.7e-05,0.001133,0.001019,0.00014,-0.010567,-0.002212,-0.002273,-0.004571,-0.007058,-0.006806,-0.003672,-0.006251,-0.005749,-0.004475,0.000548,-9.7e-05,0.004214,0.008607,0.010018,0.016,0.096419,-0.940709,-0.069826,-0.917167,1,0,0,0,0,0,0,0,0,0,0
4549,-0.00428,-0.007636,-0.006343,-0.005019,0.012993,-0.000801,-0.002617,-0.004711,-0.005173,0.010253,-0.002987,-0.003356,-0.003079,0.001663,0.016195,9.2e-05,0.000739,0.00234,0.004218,0.010099,-0.004742,-0.015302,-0.017673,-0.017211,-0.012192,-0.000523,-0.002802,-0.008098,-0.009391,-0.001478,-0.000369,-0.001078,-0.001201,0.000369,0.007451,0.000616,0.002186,0.003079,-0.000277,-0.00351,0.000314,0.001261,0.000586,-0.00437,-0.012733,0.000241,-0.000702,-0.004101,-0.004975,-0.012941,-0.002485,-0.002231,-0.001802,0.001511,0.008423,0.000438,0.006936,0.010023,0.010728,0.021499,0.104219,-0.940449,-0.063009,-0.918774,1,0,0,0,0,0,0,0,0,0,0
4550,-0.002155,-0.002986,-0.001631,0.00631,0.025672,-0.000123,-0.003324,-0.004463,-0.00394,0.010558,-0.000646,-0.0004,0.001108,0.010897,0.027611,-3.1e-05,0.00197,0.002432,0.007449,0.011112,-0.006464,-0.012343,-0.012744,-0.011789,0.002709,-0.000123,-0.005325,-0.008865,-0.007788,-0.000923,-0.000585,-0.000862,-0.000646,0.004371,0.011697,0.00077,0.002616,0.002093,-0.004063,-0.006095,0.000793,0.00068,-0.0002,-0.010918,-0.015603,-0.000302,-0.002602,-0.005092,-0.004839,-0.012616,-0.000115,0.00039,0.001673,0.00673,0.014779,0.003904,0.008327,0.009748,0.015772,0.019654,0.111511,-0.936776,-0.066484,-0.916188,1,0,0,0,0,0,0,0,0,0,0
4551,-0.001202,9.2e-05,0.001418,0.019445,0.033681,-0.001695,-0.00379,-0.004253,0.011186,0.011679,0.000277,0.000555,0.0053,0.019845,0.035777,0.000678,0.00228,0.00416,0.010046,0.014637,-0.004098,-0.006471,-0.006009,-0.000986,0.019537,-0.002157,-0.007457,-0.008752,-0.000832,0.001695,-0.000123,-0.000247,0.001325,0.008413,0.015069,0.000801,0.001695,-0.001664,-0.0049,-0.007611,0.000154,-0.000522,-0.005483,-0.013853,-0.020032,-0.000642,-0.004044,-0.004918,-0.012891,-0.010683,0.000372,0.000803,0.004136,0.01109,0.019043,0.002603,0.005709,0.006418,0.017254,0.012276,0.118525,-0.930928,-0.068363,-0.914777,1,0,0,0,0,0,0,0,0,0,0
4552,0.00037,0.001729,0.009692,0.029107,0.041855,-0.001512,-0.002655,-0.00213,0.012408,0.013026,-3.1e-05,0.001482,0.011297,0.028058,0.043954,0.001327,0.00179,0.006822,0.010495,0.019014,-0.00179,-0.002192,-0.001235,0.013304,0.037472,-0.003056,-0.006605,-0.005525,0.001358,0.001759,-0.000154,6.2e-05,0.005093,0.012439,0.020187,0.001049,0.000525,-0.005649,-0.007686,-0.00855,-0.000267,-0.00115,-0.011897,-0.016595,-0.024878,-0.001664,-0.00416,-0.003907,-0.011705,-0.01149,0.000139,0.001447,0.006604,0.014809,0.021939,0.001877,0.003325,0.009467,0.013425,0.004146,0.122283,-0.928196,-0.07128,-0.912553,1,0,0,0,0,0,0,0,0,0,0
4553,0.000925,0.002251,0.020293,0.034542,0.053787,-0.000586,-0.001049,0.014403,0.014896,0.016407,0.000308,0.005058,0.019615,0.03556,0.049562,0.000278,0.002159,0.00805,0.012645,0.026523,-0.000586,-0.000123,0.004904,0.025444,0.055483,-0.002251,-0.003547,0.004379,0.006908,0.004595,3.1e-05,0.001604,0.008697,0.015359,0.024734,-0.000154,-0.003516,-0.006754,-0.009468,-0.009777,-0.000409,-0.005374,-0.013751,-0.019936,-0.03337,-0.001743,-0.002618,-0.010597,-0.008387,-0.011696,0.000296,0.003648,0.010642,0.018641,0.023361,0.001258,0.001972,0.012871,0.007863,-0.000934,0.129063,-0.928464,-0.07581,-0.911337,1,0,0,0,0,0,0,0,0,0,0
4554,0.00043,0.008358,0.027684,0.040374,0.061299,-0.000553,-3.1e-05,0.014441,0.015056,0.020525,0.001198,0.010969,0.027654,0.043478,0.057704,0.000184,0.005193,0.008849,0.01733,0.02833,0.000184,0.001137,0.015609,0.039668,0.070056,-0.001291,-0.000215,0.006637,0.007036,0.008634,0.000184,0.005193,0.012506,0.020218,0.029805,-0.000369,-0.006514,-0.008542,-0.009402,-0.011676,-0.000471,-0.01117,-0.015846,-0.024091,-0.036558,-0.000749,-0.000497,-0.008259,-0.008045,-0.011325,0.000979,0.005973,0.013921,0.020827,0.024993,0.000177,0.006126,0.009959,0.000973,-0.006445,0.133872,-0.929394,-0.080643,-0.912884,1,0,0,0,0,0,0,0,0,0,0
4555,0.00089,0.018838,0.033012,0.052157,0.06989,9.2e-05,0.015463,0.015954,0.017457,0.020771,0.003528,0.018009,0.033871,0.0478,0.064981,0.001687,0.007547,0.012119,0.025925,0.028533,0.000276,0.005277,0.02571,0.055593,0.083083,0.0,0.007885,0.010401,0.0081,0.010585,0.001381,0.008437,0.015064,0.024391,0.035559,-0.002976,-0.006197,-0.008897,-0.009204,-0.015739,-0.004469,-0.012802,-0.018955,-0.03232,-0.040451,-0.000123,-0.00806,-0.005862,-0.009153,-0.009287,0.002263,0.009007,0.016719,0.021269,0.025716,0.000512,0.011021,0.006193,-0.002289,-0.009653,0.137577,-0.925453,-0.084492,-0.913186,1,0,0,0,0,0,0,0,0,0,0
4556,0.00703,0.02634,0.039019,0.059926,0.076258,0.00043,0.014889,0.015503,0.020968,0.020477,0.006232,0.022902,0.038712,0.052926,0.069044,0.003316,0.006969,0.015442,0.026433,0.026617,0.000675,0.015135,0.039173,0.069535,0.093174,0.001074,0.007921,0.00832,0.009916,0.011298,0.003623,0.010929,0.018635,0.028213,0.039326,-0.003162,-0.005188,-0.006048,-0.00832,-0.016578,-0.006218,-0.01089,-0.019128,-0.031584,-0.039123,0.000375,-0.007381,-0.007167,-0.010444,-0.007987,0.002691,0.010591,0.017455,0.021596,0.025241,0.005398,0.009209,0.000276,-0.007097,-0.012518,0.143567,-0.922991,-0.087323,-0.914624,1,0,0,0,0,0,0,0,0,0,0
4557,0.01097,0.025206,0.044435,0.062246,0.078916,0.015007,0.0155,0.01701,0.020338,0.022156,0.008289,0.02422,0.03821,0.055466,0.071336,0.002558,0.007149,0.021016,0.023635,0.023666,0.004345,0.024867,0.054881,0.082491,0.105478,0.006841,0.009368,0.007057,0.009553,0.013897,0.003451,0.010107,0.019475,0.030691,0.041661,-6.2e-05,-0.002773,-0.003081,-0.009645,-0.017287,-0.002129,-0.008308,-0.021732,-0.029898,-0.036646,-0.008349,-0.00614,-0.009446,-0.00958,-0.006501,0.00419,0.012141,0.016833,0.021418,0.024885,0.005293,0.000316,-0.008429,-0.016022,-0.020818,0.148504,-0.919577,-0.090989,-0.918379,1,0,0,0,0,0,0,0,0,0,0
4558,0.008465,0.021272,0.042388,0.058885,0.076714,-0.000496,0.000124,0.005643,0.005147,0.009613,0.008496,0.024465,0.038822,0.055102,0.07166,0.001116,0.009675,0.020776,0.020962,0.021117,0.010233,0.034512,0.065179,0.089056,0.109552,3.1e-05,0.000434,0.002047,0.003442,0.010543,0.003907,0.01169,0.021365,0.03259,0.045427,-0.001985,-0.002853,-0.005147,-0.013489,-0.023318,-0.002577,-0.010898,-0.023479,-0.031093,-0.040283,0.000567,0.000783,-0.002527,-4.4e-05,0.002825,0.004094,0.011456,0.015897,0.019806,0.022854,-0.001444,-0.011024,-0.018931,-0.024745,-0.026732,0.152232,-0.914339,-0.089758,-0.920821,1,0,0,0,0,0,0,0,0,0,0
4559,0.005869,0.025246,0.043195,0.059994,0.077633,0.000994,0.002515,0.005869,0.007701,0.013974,0.007546,0.021644,0.039034,0.055026,0.072819,0.003509,0.017483,0.020122,0.020153,0.019408,0.010434,0.040679,0.068503,0.091668,0.1103,0.002515,0.000186,0.002702,0.00708,0.021644,0.002795,0.012235,0.023538,0.034593,0.048474,-0.000745,-0.001056,-0.00767,-0.015371,-0.024749,-0.003646,-0.017174,-0.025403,-0.032203,-0.039987,0.001657,-0.001674,-0.001809,0.001294,0.009642,0.004256,0.009207,0.014046,0.017706,0.020594,-0.003795,-0.013024,-0.021038,-0.0261,-0.026303,0.154884,-0.911274,-0.09076,-0.928674,1,0,0,0,0,0,0,0,0,0,0
4560,0.006957,0.028109,0.044633,0.062493,0.079482,-0.000373,0.005156,0.004659,0.009132,0.014225,0.008448,0.022829,0.039136,0.055722,0.07647,0.005063,0.016182,0.016369,0.016524,0.014785,0.013884,0.044602,0.068518,0.089049,0.109517,-0.002112,-0.000497,0.000901,0.008013,0.026432,0.005001,0.014691,0.025935,0.038794,0.055566,-0.000124,-0.002423,-0.010778,-0.020624,-0.024972,-0.004687,-0.017289,-0.024916,-0.034121,-0.03595,-0.001441,-0.004757,-0.00227,0.000604,0.014203,0.003186,0.007679,0.011633,0.014718,0.017014,-0.005891,-0.013891,-0.019774,-0.021784,-0.023815,0.151516,-0.910327,-0.094958,-0.935569,1,0,0,0,0,0,0,0,0,0,0
4561,0.01244,0.030415,0.04724,0.064905,0.078433,0.001897,0.005256,0.007091,0.013373,0.014461,0.00566,0.023076,0.039092,0.056912,0.077469,0.008926,0.011569,0.0116,0.010854,0.008148,0.016389,0.044255,0.067455,0.086115,0.102535,-0.000218,0.002301,0.006686,0.021272,0.033432,0.004447,0.015767,0.026839,0.04074,0.064531,-0.000187,-0.006811,-0.014523,-0.023916,-0.030073,-0.008854,-0.017096,-0.023907,-0.031702,-0.035691,-0.001893,-0.002029,0.001079,0.00944,0.020742,0.001789,0.006679,0.010377,0.013296,0.012015,-0.003382,-0.01148,-0.016596,-0.016801,-0.018557,0.142529,-0.905815,-0.096982,-0.940316,1,0,0,0,0,0,0,0,0,0,0
4562,0.008766,0.025363,0.043302,0.060367,0.070163,0.00365,0.003151,0.007643,0.01276,0.012885,0.008766,0.025145,0.041804,0.062644,0.080084,0.002215,0.002402,0.002558,0.000811,-0.002153,0.014413,0.038435,0.059057,0.079616,0.091003,0.001841,0.003245,0.010389,0.028889,0.035097,0.005272,0.016566,0.029481,0.046328,0.069664,-0.002121,-0.010514,-0.020403,-0.024771,-0.030917,-0.003776,-0.011437,-0.020682,-0.022519,-0.026732,-0.001431,0.001067,0.003953,0.017612,0.023825,0.002805,0.006884,0.010065,0.012433,0.009745,-0.004794,-0.010861,-0.012934,-0.015028,-0.016069,0.138154,-0.905981,-0.095575,-0.940931,1,0,0,0,0,0,0,0,0,0,0
4563,0.009305,0.026254,0.04405,0.057678,0.066482,-0.000282,0.001566,0.007895,0.008992,0.009838,0.008741,0.024876,0.042828,0.063537,0.076789,0.000439,0.00047,-0.000282,-0.003008,-0.004637,0.013597,0.036969,0.055767,0.072309,0.081739,0.000689,0.005107,0.0198,0.03205,0.0344,0.006109,0.017263,0.031267,0.055234,0.071369,-0.004543,-0.012313,-0.021774,-0.027977,-0.029356,-0.004511,-0.011372,-0.019225,-0.023243,-0.023508,0.001301,0.004432,0.012854,0.02424,0.025799,0.00226,0.006153,0.009227,0.007878,0.006381,-0.003589,-0.008976,-0.009192,-0.011041,-0.011565,0.134585,-0.907256,-0.095467,-0.941147,1,0,0,0,0,0,0,0,0,0,0
4564,0.007373,0.025413,0.042575,0.052427,0.060239,-0.00022,0.004298,0.009444,0.009569,0.014495,0.007718,0.024472,0.04543,0.062969,0.071157,-0.000251,-9.4e-05,-0.001851,-0.004832,-0.005051,0.010542,0.03128,0.051956,0.063408,0.071157,0.000722,0.007906,0.026511,0.032755,0.037179,0.00524,0.018229,0.035171,0.058639,0.071848,-0.00389,-0.013836,-0.018229,-0.024409,-0.025476,-0.003186,-0.012485,-0.014332,-0.018568,-0.020265,0.001209,0.004112,0.017849,0.024097,0.023591,0.001961,0.005271,0.007735,0.004938,0.002443,-0.002687,-0.004844,-0.007023,-0.008106,-0.008093,0.130529,-0.907396,-0.095417,-0.942255,1,0,0,0,0,0,0,0,0,0,0
4565,0.009626,0.027493,0.041176,0.050016,0.055049,0.002076,0.00843,0.009531,0.010381,0.017962,0.008462,0.026486,0.047279,0.060585,0.069298,0.000283,-0.000472,-0.003209,-0.004844,-0.00431,0.012897,0.031771,0.04838,0.057848,0.063605,0.003712,0.018465,0.030764,0.033123,0.037936,0.005945,0.020006,0.04407,0.06027,0.075149,-0.003901,-0.0134,-0.019629,-0.021013,-0.021957,-0.003694,-0.011578,-0.015613,-0.015879,-0.018365,0.001931,0.010388,0.02182,0.023385,0.020706,0.002008,0.00517,0.003783,0.002242,-0.000808,-0.002804,-0.003026,-0.004929,-0.005468,-0.0066,0.124716,-0.90757,-0.095487,-0.942157,1,0,0,0,0,0,0,0,0,0,0
4566,0.008487,0.025745,0.035651,0.043507,0.047608,0.002461,0.007635,0.007761,0.012715,0.02035,0.008361,0.029436,0.047072,0.055307,0.067232,-0.000126,-0.001893,-0.00489,-0.005111,-0.00448,0.007919,0.02871,0.040226,0.048019,0.052152,0.003502,0.022211,0.028489,0.032938,0.035651,0.007099,0.024135,0.047735,0.061017,0.074773,-0.006089,-0.010506,-0.016721,-0.017794,-0.018267,-0.005646,-0.007503,-0.011763,-0.013469,-0.014859,0.000982,0.014796,0.021078,0.02057,0.015677,0.001391,0.003953,0.001045,-0.00155,-0.002412,0.000621,-0.001646,-0.002772,-0.002758,-0.003388,0.121789,-0.908943,-0.094644,-0.941581,1,0,0,0,0,0,0,0,0,0,0
4567,0.009453,0.023206,0.03209,0.037149,0.039742,0.00392,0.005027,0.005881,0.0135,0.018748,0.009738,0.030636,0.04401,0.052767,0.061999,-0.000632,-0.003383,-0.005027,-0.004489,-0.004395,0.011034,0.027727,0.037244,0.04303,0.04578,0.011319,0.023681,0.026052,0.030889,0.032944,0.007019,0.031205,0.047487,0.062442,0.071642,-0.003446,-0.009706,-0.011097,-0.012046,-0.013216,-0.002267,-0.006322,-0.00659,-0.009089,-0.010332,0.007515,0.019005,0.020579,0.017885,0.014726,0.001864,0.000427,-0.001169,-0.004329,-0.004202,-0.00086,-0.002831,-0.003389,-0.004563,-0.005096,0.121783,-0.909242,-0.095437,-0.941149,1,0,0,0,0,0,0,0,0,0,0
4568,0.007845,0.017779,0.025656,0.029768,0.032457,0.001265,0.001392,0.006359,0.014014,0.018791,0.011389,0.029072,0.037329,0.049287,0.052134,-0.001139,-0.004144,-0.004366,-0.003733,-0.003796,0.009807,0.021354,0.029167,0.033312,0.036254,0.007434,0.01373,0.01819,0.020911,0.024485,0.01006,0.033723,0.047041,0.060834,0.063554,-0.000981,-0.007213,-0.008288,-0.008763,-0.01006,0.000406,-0.003866,-0.005576,-0.006969,-0.008166,0.006331,0.012631,0.012121,0.007214,0.006045,0.000739,-0.002224,-0.004868,-0.005746,-0.005579,-0.001446,-0.002593,-0.002579,-0.003221,-0.003647,0.124516,-0.910908,-0.097001,-0.941957,1,0,0,0,0,0,0,0,0,0,0
4569,0.005915,0.014804,0.019865,0.022458,0.025843,-0.000158,0.000696,0.008319,0.01357,0.027203,0.009521,0.022901,0.031663,0.0409,0.044664,-0.001613,-0.003258,-0.00272,-0.002625,-0.002436,0.006896,0.016417,0.022205,0.024957,0.026223,0.004935,0.007307,0.012147,0.014203,0.02094,0.014139,0.03043,0.045391,0.054596,0.053616,-0.005282,-0.006674,-0.007623,-0.008794,-0.017397,-0.004463,-0.004731,-0.007231,-0.008475,-0.016347,0.005165,0.006739,0.004045,0.000884,-0.006193,-0.002181,-0.003782,-0.006953,-0.006826,-0.003731,-0.000533,-0.001093,-0.002271,-0.002806,-0.001284,0.12423,-0.905221,-0.097787,-0.943863,1,0,0,0,0,0,0,0,0,0,0
4570,0.00402,0.011901,0.016016,0.018706,0.020162,0.000285,0.005254,0.012914,0.017693,0.035577,0.008166,0.016427,0.028392,0.03124,0.035134,-0.001393,-0.001614,-0.000981,-0.001045,-0.000886,0.004653,0.012471,0.016617,0.019561,0.019561,0.001361,0.005824,0.008546,0.012123,0.018738,0.009527,0.022853,0.036653,0.039375,0.036811,-0.00095,-0.002026,-0.002501,-0.003798,-0.026651,0.000192,-0.00152,-0.002914,-0.004111,-0.025631,0.001134,0.000624,-0.004285,-0.005455,-0.016813,-0.000784,-0.003438,-0.00432,-0.004152,0.000732,-0.000617,-0.000602,-0.001247,-0.001674,-0.001319,0.126766,-0.892738,-0.099108,-0.945333,1,0,0,0,0,0,0,0,0,0,0
4571,0.004875,0.009941,0.012536,0.015924,0.015354,0.00057,0.008199,0.013455,0.027099,0.03609,0.005224,0.013993,0.023237,0.027004,0.026403,-0.000253,0.000285,0.00038,0.00057,-0.009339,0.004875,0.010669,0.013423,0.014689,0.013834,0.001013,0.005857,0.007914,0.014658,0.01757,0.006775,0.021749,0.030961,0.02998,0.020134,-0.000443,-0.001393,-0.002564,-0.011175,-0.060625,-0.00046,-0.002962,-0.004207,-0.012086,-0.049031,0.000441,-0.002256,-0.00542,-0.012503,-0.018578,-0.000825,-0.004015,-0.003887,-0.000774,0.005477,5.4e-05,-0.00113,-0.001669,-0.000138,-0.000486,0.135313,-0.8633,-0.099198,-0.950416,1,0,0,0,0,0,0,0,0,0,0
4572,0.003009,0.007127,0.009819,0.011276,0.009756,0.004403,0.012068,0.016851,0.034747,0.037376,0.003041,0.015014,0.017864,0.02176,0.020145,3.2e-05,0.000665,0.000602,0.00076,-0.012955,0.002946,0.007095,0.010041,0.010041,0.008679,0.003453,0.006177,0.009756,0.016376,0.016471,0.006557,0.020367,0.023091,0.020525,-0.011213,-0.000633,-0.001109,-0.002407,-0.025276,-0.081815,-0.001253,-0.002648,-0.003846,-0.025381,-0.059699,-0.000952,-0.005864,-0.007035,-0.018402,-0.020906,-0.001839,-0.002725,-0.002556,0.002353,0.013721,-4e-05,-0.000687,-0.001116,-0.00076,-0.001161,0.16026,-0.84192,-0.099489,-0.950533,1,0,0,0,0,0,0,0,0,0,0
4573,0.00206,0.004658,0.008049,0.007479,0.006591,0.003232,0.008493,0.022151,0.031151,0.034034,0.005736,0.014989,0.01876,0.018158,0.016669,0.000507,0.000602,0.000792,-0.009127,-0.013024,0.002852,0.005609,0.006877,0.006021,0.005387,0.001394,0.003454,0.010204,0.013119,0.011377,0.008429,0.017651,0.016669,0.006813,-0.053207,-0.000317,-0.001489,-0.010109,-0.059608,-0.099346,-0.001251,-0.002498,-0.010384,-0.047366,-0.063275,-0.001747,-0.004914,-0.012004,-0.018086,-0.022662,-0.001367,-0.001238,0.001897,0.008191,0.025088,-0.001153,-0.001695,-0.000153,-0.000504,-0.00121,0.195937,-0.822856,-0.099532,-0.948795,1,0,0,0,0,0,0,0,0,0,0
4574,0.002061,0.004755,0.006214,0.004692,0.003899,0.004438,0.009225,0.027137,0.029768,0.030434,0.006245,0.009099,0.012998,0.011381,0.00932,0.000127,6.3e-05,0.000222,-0.013505,-0.01528,0.0013,0.004248,0.004248,0.002885,0.002283,0.001331,0.004914,0.01154,0.011635,0.001458,0.005389,0.008116,0.005548,-0.026218,-0.094504,-0.000159,-0.001458,-0.024347,-0.080936,-0.13708,-0.000144,-0.001343,-0.022897,-0.057245,-0.079902,-0.003169,-0.004341,-0.015717,-0.018223,-0.028986,0.00048,0.000649,0.005588,0.017025,0.035667,0.000504,7.2e-05,0.000432,2.7e-05,-0.001162,0.229686,-0.784948,-0.099701,-0.941505,1,0,0,0,0,0,0,0,0,0,0
4575,0.00054,0.003937,0.003365,0.002476,0.001746,0.000825,0.014509,0.023526,0.026415,0.023526,0.003016,0.006794,0.006191,0.004699,0.000508,-3.2e-05,0.000159,-0.009779,-0.013684,-0.016986,0.00146,0.00273,0.001873,0.001238,0.000698,0.00073,0.007493,0.010414,0.008667,-0.006667,0.003842,0.002857,-0.007017,-0.067149,-0.11636,-0.001016,-0.009652,-0.059244,-0.099057,-0.209766,-0.001104,-0.009006,-0.046057,-0.061996,-0.129219,0.0,-0.007103,-0.013196,-0.017781,-0.030137,-0.000354,0.002822,0.009201,0.026321,0.042054,-0.001059,0.000503,0.000148,-0.000568,-0.001909,0.246557,-0.712714,-0.09993,-0.937848,1,0,0,0,0,0,0,0,0,0,0
4576,0.002161,0.003623,0.002098,0.001303,0.000922,0.003973,0.021929,0.024566,0.025234,0.015096,-0.000159,0.00375,0.002129,6.4e-05,-0.005752,-3.2e-05,0.000127,-0.013634,-0.015414,-0.0191,0.001494,0.001494,0.000127,-0.000477,-0.001081,0.00286,0.009502,0.009598,-0.000604,-0.016653,-0.001112,-0.003687,-0.035531,-0.103986,-0.144951,-0.000286,-0.023232,-0.07996,-0.136243,-0.255134,-9.7e-05,-0.021704,-0.056136,-0.07885,-0.143228,-0.001176,-0.01258,-0.015092,-0.025881,-0.031782,0.000529,0.005554,0.01719,0.036158,0.045962,0.000627,0.000992,0.000581,-0.000629,-0.000973,0.271349,-0.665274,-0.100616,-0.931448,1,0,0,0,0,0,0,0,0,0,0
4577,0.001242,0.000669,-0.000223,-0.000955,-0.001433,0.009745,0.018789,0.021687,0.018789,0.009936,0.003949,0.003344,0.001847,-0.002357,-0.018247,0.000223,-0.009745,-0.013662,-0.016974,-0.022069,-0.000223,-0.001083,-0.00172,-0.002261,-0.002898,0.003917,0.006847,0.005095,-0.010286,-0.020445,0.000127,-0.009777,-0.070092,-0.119452,-0.166743,-0.008375,-0.058118,-0.098052,-0.209097,-0.286737,-0.007828,-0.044992,-0.06098,-0.128406,-0.151797,-0.005947,-0.012059,-0.016657,-0.029051,-0.030366,0.002708,0.009223,0.026711,0.042782,0.047725,0.00096,0.000597,-0.000135,-0.001505,-0.00149,0.293721,-0.632387,-0.100447,-0.930694,1,0,0,0,0,0,0,0,0,0,0
4578,0.000224,-0.001309,-0.002108,-0.002491,-0.002938,0.008271,0.010922,0.011593,0.001405,-0.00016,-3.2e-05,-0.001661,-0.003736,-0.009581,-0.034076,-6.4e-05,-0.013892,-0.01568,-0.019385,-0.025261,0.000224,-0.00115,-0.001756,-0.002363,-0.002906,0.002746,0.002842,-0.007409,-0.023537,-0.024559,-0.002715,-0.034714,-0.103504,-0.144669,-0.192701,-0.014659,-0.071664,-0.128222,-0.247694,-0.316963,-0.013862,-0.048463,-0.071287,-0.135979,-0.148831,-0.005496,-0.008021,-0.018862,-0.024792,-0.024263,0.002438,0.014478,0.034103,0.044248,0.047807,-0.000601,-0.001026,-0.002279,-0.002634,-0.002506,0.318958,-0.593817,-0.100781,-0.931292,1,0,0,0,0,0,0,0,0,0,0
4579,-0.0008,-0.001697,-0.002433,-0.002913,-0.003617,0.0008,0.003713,0.0008,-0.008099,-0.009123,-0.000576,-0.002081,-0.006306,-0.02228,-0.045873,-0.009956,-0.013893,-0.017222,-0.022344,-0.029995,-0.001088,-0.001729,-0.002273,-0.002913,-0.003297,0.000192,-0.001569,-0.01703,-0.027242,-0.027914,-0.007235,-0.067864,-0.117482,-0.165019,-0.20577,-0.035309,-0.075451,-0.187075,-0.265119,-0.34358,-0.023463,-0.039534,-0.107312,-0.130825,-0.14402,-0.000635,-0.005257,-0.017715,-0.019038,-0.018653,0.004278,0.022414,0.039081,0.044208,0.047705,0.000235,-0.000524,-0.001945,-0.00193,-0.00217,0.333149,-0.553012,-0.100999,-0.931501,1,0,0,0,0,0,0,0,0,0,0
4580,-0.000741,-0.001546,-0.001933,-0.002384,-0.003286,0.001869,0.002545,-0.007732,-0.009311,-0.011083,-0.001063,-0.003157,-0.009053,-0.033764,-0.055607,-0.003931,-0.005735,-0.009472,-0.0154,-0.023873,-0.00029,-0.000902,-0.001514,-0.002062,-0.00232,-9.7e-05,-0.010438,-0.026708,-0.027739,-0.028738,-0.025001,-0.094397,-0.135926,-0.184381,-0.214246,-0.021972,-0.079029,-0.199555,-0.269435,-0.340474,-0.011292,-0.034318,-0.099581,-0.112546,-0.122752,-0.001908,-0.012846,-0.018828,-0.018294,-0.017456,0.008329,0.029198,0.039987,0.043771,0.046555,-0.000698,-0.002029,-0.002408,-0.002271,-0.002767,0.34584,-0.523018,-0.101268,-0.932444,1,0,0,0,0,0,0,0,0,0,0
4581,-0.000161,-0.000903,-0.001386,-0.002096,-0.003385,0.001064,-0.00187,-0.010832,-0.011864,-0.014314,-0.000451,-0.004707,-0.020794,-0.044554,-0.063253,-3.2e-05,-0.003385,-0.008543,-0.016248,-0.024566,-0.000355,-0.000903,-0.001547,-0.001934,-0.002128,-0.001676,-0.017248,-0.027532,-0.028209,-0.02866,-0.036043,-0.086014,-0.133888,-0.174929,-0.204427,-0.018441,-0.130858,-0.209456,-0.288474,-0.338283,-0.004885,-0.073145,-0.096825,-0.110114,-0.107146,-0.002746,-0.015293,-0.016624,-0.016237,-0.014131,0.01069,0.028203,0.03359,0.037265,0.039089,-9.6e-05,-0.001589,-0.001574,-0.001825,-0.002612,0.359354,-0.503476,-0.102147,-0.933165,1,0,0,0,0,0,0,0,0,0,0
4582,-0.000645,-0.001032,-0.001483,-0.002386,-0.004514,-0.000387,-0.010672,-0.012252,-0.014025,-0.017024,-0.001644,-0.007545,-0.032275,-0.054135,-0.071868,-0.001773,-0.005513,-0.011446,-0.019926,-0.027148,-0.000258,-0.000871,-0.001419,-0.001677,-0.001838,-0.008673,-0.024956,-0.025987,-0.026987,-0.026922,-0.033403,-0.074963,-0.123456,-0.153344,-0.179525,-0.038659,-0.159277,-0.229211,-0.300305,-0.337577,-0.018158,-0.083471,-0.096446,-0.10666,-0.101228,-0.0082,-0.014187,-0.013652,-0.012813,-0.009552,0.010285,0.021131,0.024936,0.027735,0.029123,-0.001243,-0.001623,-0.001486,-0.001984,-0.003467,0.368386,-0.485826,-0.103147,-0.933613,1,0,0,0,0,0,0,0,0,0,0
4583,-9.7e-05,-0.000581,-0.001291,-0.002583,-0.005101,-0.002551,-0.011526,-0.012559,-0.015013,-0.019662,-0.002615,-0.018726,-0.042521,-0.061247,-0.076196,-0.001582,-0.006748,-0.014464,-0.022794,-0.029058,-0.000291,-0.000936,-0.001324,-0.001517,-0.001711,-0.006909,-0.017209,-0.017887,-0.018339,-0.01821,-0.016595,-0.064541,-0.105641,-0.135183,-0.155718,-0.073871,-0.152586,-0.23172,-0.281602,-0.309078,-0.050178,-0.073893,-0.087201,-0.084229,-0.079813,-0.004354,-0.005688,-0.0053,-0.003191,0.001817,0.007311,0.012754,0.016467,0.01831,0.019321,-0.000254,-0.000238,-0.000492,-0.001287,-0.002958,0.375574,-0.476194,-0.104652,-0.93416,1,0,0,0,0,0,0,0,0,0,0
4584,-0.000291,-0.000744,-0.00165,-0.003786,-0.006149,-0.007767,-0.009352,-0.011132,-0.014142,-0.018705,-0.003301,-0.028122,-0.050062,-0.067861,-0.078604,-0.002168,-0.008123,-0.016633,-0.023882,-0.030452,-0.000324,-0.000874,-0.001133,-0.001294,-0.001618,-0.009417,-0.010453,-0.011456,-0.011391,-0.01097,-0.02508,-0.07375,-0.103749,-0.130026,-0.146853,-0.04702,-0.117211,-0.188566,-0.225975,-0.240311,-0.01526,-0.028283,-0.038535,-0.033082,-0.027162,-0.001644,-0.001108,-0.000266,0.003007,0.00819,0.003699,0.007603,0.010474,0.011898,0.012292,-0.000132,9e-06,-0.000502,-0.002024,-0.00346,0.380465,-0.471615,-0.105502,-0.934746,1,0,0,0,0,0,0,0,0,0,0
4585,-0.000194,-0.000906,-0.002199,-0.004722,-0.007245,-0.001229,-0.002264,-0.004722,-0.009379,-0.012193,-0.01284,-0.036676,-0.055434,-0.070408,-0.078817,-0.003008,-0.010738,-0.019082,-0.025356,-0.030434,-0.000323,-0.000712,-0.000906,-0.0011,-0.00207,-0.000906,-0.001585,-0.002038,-0.001908,-0.0011,-0.022963,-0.064134,-0.093727,-0.114296,-0.123934,-0.031857,-0.111127,-0.161095,-0.188618,-0.193469,-0.008505,-0.021837,-0.018858,-0.014436,-0.013204,0.000308,0.000696,0.002809,0.007825,0.011602,0.001825,0.005582,0.007448,0.008471,0.008458,0.000147,-0.00011,-0.000914,-0.002605,-0.003733,0.380865,-0.471419,-0.105943,-0.935677,1,0,0,0,0,0,0,0,0,0,0
4586,-0.000258,-0.001162,-0.003293,-0.00565,-0.008815,-0.000355,-0.002131,-0.005134,-0.009686,-0.01214,-0.011946,-0.033838,-0.051596,-0.062315,-0.067643,-0.002938,-0.01143,-0.018662,-0.025217,-0.029027,-0.000226,-0.000484,-0.000646,-0.000969,-0.003067,-0.000129,-0.00113,-0.001065,-0.000646,0.000194,-0.025636,-0.055567,-0.081785,-0.098574,-0.101674,-0.038229,-0.109423,-0.146748,-0.161051,-0.159695,-0.004503,-0.014732,-0.009292,-0.003384,-0.005532,0.000228,0.001068,0.004334,0.009505,0.012899,0.002039,0.004865,0.006267,0.006655,0.006387,-7e-06,-0.00051,-0.002008,-0.003421,-0.004106,0.380353,-0.47323,-0.105689,-0.936618,1,0,0,0,0,0,0,0,0,0,0
4587,-0.000452,-0.001742,-0.004258,-0.006775,-0.009614,-0.000677,-0.003129,-0.007775,-0.010581,-0.012904,-0.01184,-0.030551,-0.045487,-0.053875,-0.054101,-0.004775,-0.013098,-0.019356,-0.024421,-0.026905,-0.000161,-0.000355,-0.000548,-0.001516,-0.003936,-0.000548,-0.001,-0.000871,-6.5e-05,0.000645,-0.015453,-0.044971,-0.065489,-0.075102,-0.070844,-0.040874,-0.090716,-0.11817,-0.123009,-0.11975,-0.008799,-0.005829,-0.001417,-0.000188,-0.004532,0.000159,0.002267,0.007271,0.011038,0.014098,0.001665,0.003497,0.004502,0.00449,0.004197,-0.000246,-0.001036,-0.002697,-0.003805,-0.003867,0.374463,-0.474823,-0.105072,-0.93719,1,0,0,0,0,0,0,0,0,0,0
4588,-0.000451,-0.00258,-0.004934,-0.008094,-0.010126,-0.001096,-0.004095,-0.008642,-0.011093,-0.01464,-0.010029,-0.027765,-0.038471,-0.043792,-0.040148,-0.003708,-0.010932,-0.017478,-0.021283,-0.022219,-9.7e-05,-0.000258,-0.00058,-0.002677,-0.004095,-0.000451,-0.000387,3.2e-05,0.000871,0.000645,-0.014447,-0.040632,-0.057401,-0.060496,-0.049177,-0.030248,-0.067526,-0.081812,-0.080457,-0.077362,-0.00142,0.004013,0.009913,0.007768,0.000236,0.000679,0.003941,0.009105,0.012496,0.015866,0.001142,0.002531,0.002916,0.00265,0.002446,-0.000254,-0.001738,-0.00314,-0.003819,-0.004056,0.368028,-0.476133,-0.105363,-0.937329,1,0,0,0,0,0,0,0,0,0,0
4589,-0.000839,-0.003355,-0.005872,-0.008711,-0.010291,-0.001355,-0.006001,-0.008807,-0.01113,-0.014485,-0.008678,-0.023615,-0.032003,-0.032229,-0.028938,-0.004613,-0.010872,-0.015937,-0.018421,-0.018389,-9.7e-05,-0.00029,-0.001258,-0.003678,-0.004129,0.0,0.000129,0.000936,0.001645,0.00029,-0.015066,-0.035584,-0.045198,-0.040939,-0.031132,-0.019583,-0.047037,-0.051876,-0.048618,-0.045262,0.004392,0.008803,0.010032,0.005689,-0.000678,0.001428,0.006432,0.010199,0.013259,0.015378,0.000688,0.001693,0.001681,0.001387,0.00123,-0.000536,-0.002198,-0.003306,-0.003368,-0.00431,0.364504,-0.477928,-0.106292,-0.937817,1,0,0,0,0,0,0,0,0,0,0
4590,-0.001291,-0.003646,-0.006808,-0.00884,-0.010002,-0.001645,-0.006195,-0.008647,-0.012196,-0.014132,-0.009066,-0.019778,-0.025101,-0.021455,-0.017455,-0.002613,-0.009163,-0.01297,-0.013906,-0.013357,-6.5e-05,-0.000387,-0.002484,-0.003904,-0.004227,6.5e-05,0.000484,0.001323,0.001097,-0.001032,-0.011131,-0.027908,-0.031005,-0.019681,-0.006324,-0.017713,-0.032006,-0.030651,-0.027553,-0.026585,0.001044,0.006947,0.004801,-0.002735,-0.012063,0.001835,0.007002,0.010394,0.013766,0.013673,0.000706,0.001092,0.000825,0.000621,0.00058,-0.000953,-0.00236,-0.003041,-0.003279,-0.004192,0.355079,-0.475538,-0.106798,-0.937867,1,0,0,0,0,0,0,0,0,0,0
4591,-0.001226,-0.003743,-0.006582,-0.008163,-0.008937,-0.003001,-0.005807,-0.00813,-0.011486,-0.013389,-0.005872,-0.014261,-0.014486,-0.011195,-0.001774,-0.003646,-0.008711,-0.011195,-0.011163,-0.010647,-0.000129,-0.001097,-0.003517,-0.003968,-0.004291,6.5e-05,0.000871,0.001581,0.000226,-0.001839,-0.009389,-0.019003,-0.014744,-0.004936,0.029618,-0.009744,-0.014583,-0.011325,-0.007969,-0.011292,0.003368,0.004597,0.000253,-0.006114,-0.031394,0.003169,0.006936,0.009997,0.012116,0.01201,0.0003,0.000288,-6e-06,-0.000164,-7.5e-05,-0.000709,-0.001818,-0.00188,-0.002823,-0.003321,0.330401,-0.472856,-0.107366,-0.938927,1,0,0,0,0,0,0,0,0,0,0
4592,-0.001129,-0.004291,-0.006323,-0.007484,-0.007968,-0.001548,-0.004,-0.007549,-0.009485,-0.01313,-0.004839,-0.010162,-0.006517,-0.002516,0.013582,-0.002903,-0.00671,-0.007646,-0.007097,-0.007549,-0.000194,-0.00229,-0.00371,-0.004033,-0.004194,0.000355,0.001194,0.000968,-0.001161,-0.004355,-0.007388,-0.010485,0.000839,0.014195,0.073263,-0.004549,-0.003194,-9.7e-05,0.000871,-0.005839,0.002534,0.000389,-0.007146,-0.016473,-0.059642,0.001998,0.005389,0.008761,0.008668,0.009155,8.6e-05,-0.000181,-0.000385,-0.000425,-0.000322,-0.000697,-0.001378,-0.001616,-0.002528,-0.002813,0.296922,-0.469213,-0.108325,-0.939494,0,0,1,0,0,0,0,0,0,0,0
4593,-0.001387,-0.004225,-0.005806,-0.00658,-0.007064,-0.001258,-0.00358,-0.006935,-0.008838,-0.011773,-0.003548,-0.003774,-0.000484,0.008934,0.028254,-0.002161,-0.004645,-0.004612,-0.004096,-0.006386,-0.000774,-0.003193,-0.003645,-0.003967,-0.003838,0.000452,0.001161,-0.000194,-0.002258,-0.00529,-0.002226,0.002032,0.011837,0.046381,0.112662,-0.00029,0.002967,0.006322,0.003,-0.017224,-0.001306,-0.005648,-0.012013,-0.037286,-0.084144,0.001769,0.004829,0.006947,0.00684,0.006818,-9.8e-05,-0.000391,-0.000548,-0.00046,-0.000268,-0.000411,-0.000472,-0.001413,-0.001911,-0.002572,0.266193,-0.454893,-0.109229,-0.942173,0,0,1,0,0,0,0,0,0,0,0
4594,-0.001774,-0.003807,-0.004968,-0.005452,-0.00571,-0.001194,-0.004742,-0.006678,-0.010323,-0.007968,-0.001774,0.001871,0.005871,0.021969,0.042809,-0.001645,-0.002581,-0.002032,-0.002484,-0.004516,-0.001323,-0.002742,-0.003065,-0.003226,-0.002678,0.000387,0.000161,-0.001968,-0.005162,-0.005742,-0.000871,0.010452,0.023808,0.082877,0.159753,0.001645,0.004742,0.00571,-0.001,-0.039648,-0.00084,-0.008375,-0.017702,-0.06087,-0.113243,0.001623,0.004994,0.004901,0.005388,0.002571,-0.000169,-0.000372,-0.000413,-0.00031,-5.2e-05,-0.00027,-0.000507,-0.00142,-0.001705,-0.002927,0.221787,-0.434069,-0.110275,-0.944791,0,0,1,0,0,0,0,0,0,0,0
4595,-0.001065,-0.002646,-0.003421,-0.003905,-0.003969,-0.00113,-0.004486,-0.00639,-0.009326,-0.003163,0.001549,0.004841,0.014264,0.033595,0.060122,-0.000839,-0.000807,-0.00029,-0.002582,-0.012909,-0.001097,-0.001549,-0.001872,-0.001743,-0.001162,0.000323,-0.001033,-0.003098,-0.006132,-0.005648,0.005131,0.014942,0.049505,0.115823,0.217736,0.001614,0.00497,0.001646,-0.018588,-0.054184,-0.003505,-0.009873,-0.03516,-0.082044,-0.151449,0.001439,0.003558,0.003451,0.003428,-0.00213,-0.000125,-0.000283,-0.000194,-2e-06,0.000135,0.000208,-0.000736,-0.001236,-0.0019,-0.003286,0.165388,-0.42472,-0.111986,-0.95152,0,0,1,0,0,0,0,0,0,0,0
4596,-0.000968,-0.00213,-0.002614,-0.002872,-0.003066,-0.00242,-0.004356,-0.008003,-0.005647,0.000645,0.002098,0.006099,0.022202,0.043048,0.060022,-9.7e-05,0.000452,0.0,-0.002033,-0.014554,-0.000323,-0.000645,-0.000807,-0.000258,0.000226,-0.000549,-0.002678,-0.005873,-0.006454,-0.006228,0.006196,0.019556,0.078642,0.155542,0.273812,0.001484,0.002453,-0.00426,-0.042919,-0.080546,-0.004033,-0.013363,-0.056544,-0.108933,-0.181509,0.001934,0.001841,0.002328,-0.00049,-0.006427,-7.9e-05,-0.00012,-1.6e-05,0.000243,0.000272,-0.000447,-0.001361,-0.001647,-0.002872,-0.004298,0.103999,-0.403594,-0.115705,-0.957647,0,0,1,0,0,0,0,0,0,0,0
4597,-0.000613,-0.001387,-0.001871,-0.001936,-0.00229,-0.000936,-0.002839,-0.005775,0.000387,0.004129,0.001194,0.010614,0.029938,0.056456,0.073941,0.000129,0.000645,-0.001645,-0.011969,-0.014066,-0.000129,-0.000452,-0.000323,0.000258,0.001,-0.000807,-0.002871,-0.005904,-0.00542,-0.007936,0.003613,0.038164,0.104459,0.206338,0.335316,0.001871,-0.001452,-0.021679,-0.057262,-0.104976,-0.002335,-0.027613,-0.074481,-0.143863,-0.161452,0.000185,7.8e-05,5.6e-05,-0.005501,-0.011573,-7.9e-05,1e-05,0.000202,0.000339,0.000357,-0.000496,-0.000995,-0.001657,-0.00304,-0.004855,0.035212,-0.386502,-0.118699,-0.957518,0,0,1,0,0,0,0,0,0,0,0
4598,-0.000549,-0.001033,-0.001291,-0.001484,-0.002097,-0.001,-0.004647,-0.002291,0.004001,0.00484,0.002807,0.018909,0.039755,0.056728,0.091707,0.000419,-3.2e-05,-0.002065,-0.014585,-0.021684,-0.000194,-0.000355,0.000194,0.000678,0.001775,-0.001323,-0.004518,-0.005098,-0.004873,-0.009358,0.009745,0.068829,0.145724,0.263988,0.365085,-0.000904,-0.007615,-0.046273,-0.083898,-0.102226,-0.006994,-0.050174,-0.102559,-0.175132,-0.166038,-0.000278,0.000209,-0.002609,-0.008545,-0.013608,3.8e-05,0.000141,0.0004,0.000429,0.000439,-0.000417,-0.000702,-0.001927,-0.003353,-0.005589,0.001191,-0.394796,-0.121639,-0.952825,0,0,1,0,0,0,0,0,0,0,0
4599,-0.000226,-0.00071,-0.000775,-0.00113,-0.002616,-0.000904,-0.003843,0.002325,0.006071,0.005684,0.00662,0.025965,0.052511,0.070015,0.091587,9.7e-05,-0.002196,-0.01253,-0.014629,-0.046052,-0.000129,0.0,0.000581,0.001324,0.002745,-0.000743,-0.003778,-0.003294,-0.005813,-0.007686,0.024835,0.0912,0.193186,0.3223,0.44221,-0.002422,-0.022671,-0.058292,-0.106055,-0.141386,-0.018305,-0.065223,-0.134678,-0.152285,-0.091135,0.000172,0.000149,-0.005414,-0.011492,-0.012585,5.1e-05,0.000245,0.000382,0.0004,0.000447,-8.3e-05,-0.00075,-0.002143,-0.003972,-0.006834,-0.087389,-0.356962,-0.124223,-0.952483,0,0,1,0,0,0,0,0,0,0,0
4600,-0.000258,-0.000517,-0.000711,-0.001325,-0.004362,-0.002746,-0.000388,0.005913,0.006753,0.007754,0.009499,0.030371,0.047366,0.08239,0.09819,-0.000549,-0.002585,-0.015121,-0.022229,-0.069628,-3.2e-05,0.000517,0.001002,0.0021,0.003651,-0.002456,-0.003037,-0.002811,-0.007302,-0.0063,0.034313,0.111308,0.229724,0.330951,0.488559,-0.004297,-0.043005,-0.080678,-0.09903,-0.186105,-0.024921,-0.077374,-0.15004,-0.140935,-0.011678,0.000316,-0.002506,-0.00845,-0.013519,-0.012898,5.3e-05,0.000314,0.000344,0.000353,0.0005,-0.000205,-0.001441,-0.002879,-0.005136,-0.009384,-0.159461,-0.31717,-0.128699,-0.9527,0,0,1,0,0,0,0,0,0,0,0
4601,-0.000226,-0.000291,-0.000647,-0.002135,-0.004983,-0.000194,0.005986,0.009739,0.009351,0.011971,0.009868,0.036464,0.054001,0.075614,0.115961,-0.001747,-0.012101,-0.014204,-0.045685,-0.086712,0.000162,0.000744,0.001488,0.002912,0.004206,-0.000582,-9.7e-05,-0.002621,-0.004497,-0.001521,0.032129,0.134306,0.263661,0.383796,0.542109,-0.015983,-0.051671,-0.099524,-0.134921,-0.219076,-0.022049,-0.091634,-0.109275,-0.04801,0.075011,-0.000339,-0.005912,-0.012002,-0.013097,-0.012171,0.000143,0.000282,0.0003,0.000348,0.000947,-0.00047,-0.001881,-0.003734,-0.006633,-0.010458,-0.246555,-0.285492,-0.131226,-0.951562,0,0,1,0,0,0,0,0,0,0,0
4602,-3.2e-05,-0.000227,-0.000844,-0.003894,-0.009021,0.002564,0.008891,0.009735,0.010741,0.02437,0.011066,0.028135,0.063311,0.07918,0.128764,-0.000292,-0.012883,-0.020022,-0.067627,-0.114648,0.000389,0.000876,0.001979,0.003537,0.004381,0.0,0.000227,-0.004283,-0.003278,0.004705,0.045106,0.164038,0.265706,0.424,0.577168,-0.022845,-0.060683,-0.079115,-0.166569,-0.212811,-0.030567,-0.10355,-0.094405,0.035416,0.128173,-0.002494,-0.008464,-0.013555,-0.012932,-0.017635,0.000124,0.000154,0.000164,0.000315,0.004201,-0.000795,-0.002278,-0.004604,-0.008984,-0.015364,-0.31086,-0.283603,-0.132302,-0.949424,0,0,1,0,0,0,0,0,0,0,0
4603,-3.3e-05,-0.000391,-0.001888,-0.004752,-0.016242,0.003645,0.007421,0.007031,0.009667,0.009407,0.015656,0.033297,0.05504,0.095628,0.146664,-0.010123,-0.012238,-0.043908,-0.08518,-0.146925,0.000195,0.000944,0.002376,0.003678,0.003938,0.000488,-0.002051,-0.003938,-0.000944,0.00485,0.057546,0.187676,0.308529,0.46779,0.589197,-0.012987,-0.061126,-0.096735,-0.181394,-0.202811,-0.039342,-0.057088,0.004543,0.128301,0.178382,-0.003106,-0.009232,-0.010333,-0.009402,-0.001605,1.9e-05,3.8e-05,8.7e-05,0.000712,0.008103,-0.00066,-0.002592,-0.005615,-0.009603,-0.019924,-0.36629,-0.271433,-0.1357,-0.94779,0,0,1,0,0,0,0,0,0,0,0
4604,-0.000164,-0.000787,-0.003871,-0.009053,-0.017024,0.002723,0.003575,0.004592,0.018369,0.002231,0.001476,0.037033,0.053074,0.103195,0.168799,-0.002526,-0.009742,-0.057863,-0.105393,-0.159614,0.000295,0.00141,0.002985,0.003838,0.002395,-0.000262,-0.004822,-0.003805,0.004264,0.004658,0.062225,0.164994,0.325002,0.479828,0.573805,-0.025159,-0.043791,-0.132192,-0.178935,-0.21049,-0.034124,-0.024881,0.106345,0.200107,0.219921,-0.002905,-0.008051,-0.007421,-0.012176,0.005185,1.3e-05,2.3e-05,0.000186,0.004376,0.009026,-0.000902,-0.00341,-0.008133,-0.015013,-0.01883,-0.402884,-0.253479,-0.137263,-0.945364,0,0,1,0,0,0,0,0,0,0,0
4605,-0.000198,-0.00172,-0.00463,-0.016302,-0.019212,0.001091,0.000694,0.003373,0.003108,-0.002149,0.016435,0.038524,0.07976,0.13161,0.195861,0.000397,-0.031778,-0.073708,-0.136438,-0.177145,0.000463,0.001918,0.003241,0.003505,0.001025,-0.002315,-0.004233,-0.00119,0.004696,0.004828,0.069476,0.192257,0.354058,0.477402,0.537354,-0.023544,-0.059721,-0.14573,-0.167489,-0.196754,0.016372,0.078986,0.204718,0.255599,0.248455,-0.003295,-0.004415,-0.003468,0.004453,0.00984,8e-06,6.3e-05,0.000761,0.009017,0.01078,-0.001203,-0.004581,-0.009036,-0.020566,-0.020038,-0.421705,-0.247647,-0.138937,-0.943203,0,0,1,0,0,0,0,0,0,0,0
4606,-0.000431,-0.003548,-0.008786,-0.016843,-0.022016,-0.000232,0.000796,0.014721,-0.001591,-0.006565,0.019463,0.035676,0.086339,0.152651,0.196915,-0.007692,-0.056332,-0.104376,-0.159183,-0.195986,0.000663,0.002255,0.003117,0.001658,-0.000298,-0.002288,-0.00126,0.006896,0.007294,0.006764,0.034217,0.195953,0.352451,0.447443,0.482257,0.004774,-0.084582,-0.131829,-0.163725,-0.186404,-0.007072,0.125571,0.220345,0.240374,0.227678,-0.001898,-0.001261,-0.006067,0.011481,0.016396,3e-06,0.000179,0.004696,0.009709,0.011641,-0.001478,-0.00657,-0.013987,-0.018102,-0.021227,-0.430312,-0.243514,-0.138121,-0.93903,0,0,1,0,0,0,0,0,0,0,0
4607,-0.001092,-0.004004,-0.015685,-0.018597,-0.024784,-0.000165,0.002515,0.00225,-0.003011,-0.009894,0.00268,0.043943,0.095829,0.160122,0.197713,-0.02452,-0.066478,-0.129249,-0.169983,-0.196819,0.000794,0.002118,0.002382,-9.9e-05,-0.00311,0.000364,0.003408,0.009298,0.009431,0.006155,0.088714,0.250623,0.374049,0.434041,0.454623,-0.040965,-0.127032,-0.148806,-0.17809,-0.195462,0.069714,0.19553,0.246444,0.239296,0.22052,0.000774,0.001721,0.009648,0.015038,0.019126,5.2e-05,0.000754,0.009049,0.01082,0.011621,-0.001936,-0.006412,-0.017995,-0.017465,-0.020727,-0.433052,-0.247404,-0.136078,-0.934443,0,0,1,0,0,0,0,0,0,0,0
4608,-0.002017,-0.007241,-0.015276,-0.020434,-0.02503,0.00119,0.015077,-0.00119,-0.00615,-0.014152,0.01349,0.064012,0.130141,0.174282,0.202453,-0.024005,-0.071915,-0.12657,-0.163272,-0.181358,0.000794,0.001653,0.000198,-0.001752,-0.005819,0.000661,0.008795,0.009192,0.008663,0.003174,0.072642,0.228706,0.323435,0.358152,0.368204,-0.048175,-0.095291,-0.127099,-0.149715,-0.158609,0.062615,0.157127,0.1771,0.16444,0.144711,-0.000139,-0.004931,0.012568,0.017469,0.020035,0.000121,0.004551,0.009468,0.011362,0.011933,-0.003068,-0.010343,-0.014379,-0.017443,-0.017553,-0.431408,-0.248406,-0.134108,-0.932244,0,0,1,0,0,0,0,0,0,0,0
4609,-0.000892,-0.012556,-0.015464,-0.021643,-0.025608,0.001487,0.001223,-0.004031,-0.010904,-0.015794,0.027722,0.079532,0.143733,0.181268,0.196534,-0.017909,-0.080589,-0.121264,-0.148061,-0.166664,0.000529,0.000793,-0.001685,-0.004692,-0.007467,0.002379,0.008261,0.008393,0.005122,0.000958,0.089081,0.212328,0.272233,0.292785,0.294702,-0.0378,-0.059542,-0.088784,-0.106131,-0.109633,0.06306,0.113901,0.106763,0.088014,0.071785,0.001084,0.008999,0.014382,0.018464,0.019384,0.000574,0.008786,0.010539,0.011332,0.012575,-0.001377,-0.012844,-0.012319,-0.015547,-0.016938,-0.426516,-0.255565,-0.135546,-0.9286,0,0,1,0,0,0,0,0,0,0,0
4610,-0.004312,-0.01231,-0.017444,-0.022019,-0.027055,0.012343,-0.003851,-0.008788,-0.016753,-0.016654,0.022677,0.088504,0.132444,0.160486,0.172335,-0.029853,-0.084259,-0.120793,-0.138796,-0.155615,0.000329,-0.001119,-0.003061,-0.007109,-0.00859,0.005727,0.006122,0.005595,0.000132,-0.002139,0.066617,0.160914,0.195473,0.205479,0.201529,-0.009249,-0.040911,-0.063424,-0.072278,-0.072805,0.031265,0.051147,0.038545,0.018906,0.000219,-0.00585,0.011569,0.016447,0.019002,0.01728,0.003732,0.008494,0.010328,0.010882,0.012066,-0.005706,-0.009615,-0.012582,-0.012689,-0.017705,-0.419678,-0.260689,-0.137893,-0.926556,0,0,1,0,0,0,0,0,0,0,0
4611,-0.007247,-0.010119,-0.016224,-0.020141,-0.022915,-0.012502,-0.017693,-0.024482,-0.029313,-0.026474,0.028693,0.092119,0.129201,0.144282,0.153455,-0.032317,-0.0725,-0.098974,-0.117352,-0.129462,-6.5e-05,-0.002514,-0.005484,-0.008226,-0.009205,0.000131,0.000261,-0.002971,-0.007084,-0.010903,0.055689,0.114871,0.135175,0.137068,0.128418,-0.012306,-0.041196,-0.058333,-0.061793,-0.066592,0.019219,0.012167,-0.006355,-0.022389,-0.04125,0.013622,0.01894,0.022973,0.023881,0.01764,0.004019,0.00563,0.006358,0.0075,0.007823,-0.005146,-0.004664,-0.00763,-0.008907,-0.01245,-0.412087,-0.26207,-0.141126,-0.921814,1,0,0,0,0,0,0,0,0,0,0
4612,-0.000683,-0.005756,-0.010276,-0.015251,-0.016032,-0.003545,-0.008422,-0.016292,-0.016194,-0.008,0.036453,0.079866,0.107572,0.119279,0.119116,-0.02156,-0.057656,-0.075443,-0.09206,-0.104287,-0.001366,-0.003284,-0.007284,-0.008748,-0.00917,0.00026,-0.00026,-0.005658,-0.007902,-0.010959,0.037689,0.071834,0.081719,0.077817,0.065037,-0.019023,-0.041266,-0.050014,-0.050534,-0.054696,0.000498,-0.011953,-0.031356,-0.049819,-0.063578,0.00364,0.00846,0.010984,0.009284,-0.001722,0.000463,0.002149,0.002657,0.003746,0.004066,0.001418,-0.001309,-0.001407,-0.006016,-0.00864,-0.403691,-0.263891,-0.142294,-0.920781,1,0,0,0,0,0,0,0,0,0,0
4613,-0.00217,-0.008225,-0.01211,-0.014863,-0.016741,-0.001619,-0.008354,-0.013147,-0.01033,0.004274,0.026617,0.063402,0.078362,0.087461,0.082863,-0.018392,-0.044653,-0.062884,-0.074897,-0.087429,-0.001069,-0.004015,-0.006735,-0.007707,-0.008128,-0.00013,-0.003335,-0.007415,-0.011204,-0.011171,0.021177,0.041318,0.043196,0.034615,0.025808,-0.009714,-0.026714,-0.030147,-0.034907,-0.038857,-0.007491,-0.025865,-0.04177,-0.060479,-0.066012,0.00165,0.005651,0.006552,0.000361,-0.013698,0.001073,0.001762,0.00284,0.003146,0.003571,-0.000921,-0.003724,-0.004931,-0.00828,-0.012393,-0.401328,-0.262866,-0.143418,-0.919204,1,0,0,0,0,0,0,0,0,0,0
4614,-0.002865,-0.00734,-0.012265,-0.013037,-0.015484,-0.003219,-0.011009,-0.010913,-0.002801,0.008531,0.016514,0.043941,0.05553,0.055369,0.052665,-0.017448,-0.035056,-0.051506,-0.06361,-0.073074,-0.000837,-0.004796,-0.006245,-0.006664,-0.007694,-0.000386,-0.00573,-0.007951,-0.010977,-0.013327,0.012748,0.022534,0.018671,0.00602,0.001931,-0.012361,-0.021021,-0.021536,-0.025656,-0.03393,-0.004878,-0.024086,-0.042363,-0.055983,-0.057529,0.003131,0.005629,0.003946,-0.006949,-0.020129,0.000541,0.001015,0.002029,0.002327,0.002376,-0.001657,-0.001748,-0.006042,-0.008486,-0.012118,-0.397573,-0.259389,-0.143669,-0.915914,1,0,0,0,0,0,0,0,0,0,0
4615,-0.003126,-0.006954,-0.009665,-0.011515,-0.013493,-0.003445,-0.008166,-0.005391,0.008995,0.012377,0.019873,0.03461,0.043573,0.039044,0.034706,-0.008581,-0.02654,-0.038374,-0.050719,-0.057928,-0.002073,-0.004753,-0.00571,-0.006125,-0.007496,-0.002775,-0.006794,-0.010527,-0.010495,-0.016141,0.007209,0.009059,0.000606,-0.00807,-0.011547,-0.004498,-0.007879,-0.012568,-0.01646,-0.023701,-0.013266,-0.028934,-0.047364,-0.052815,-0.051958,0.000838,0.001726,-0.004372,-0.018222,-0.02697,0.000113,0.001083,0.001359,0.001741,0.001746,-0.000969,-0.002056,-0.00507,-0.008774,-0.010648,-0.396342,-0.257839,-0.143583,-0.911614,1,0,0,0,0,0,0,0,0,0,0
4616,-0.001298,-0.006141,-0.0069,-0.009306,-0.011237,-0.004242,-0.004147,0.00383,0.014972,0.01665,0.007249,0.018644,0.018486,0.015827,0.013579,-0.0088,-0.024975,-0.036876,-0.046182,-0.050329,-0.001836,-0.00326,-0.003672,-0.004685,-0.006077,-0.002501,-0.004685,-0.00766,-0.009971,-0.013548,0.002469,-0.001329,-0.013769,-0.017789,-0.018264,-0.004052,-0.004558,-0.00861,-0.016745,-0.018865,-0.005723,-0.023695,-0.037087,-0.038608,-0.037142,0.001625,-3.1e-05,-0.010744,-0.023704,-0.028757,0.000314,0.001216,0.001481,0.001524,0.001627,0.000837,-0.00298,-0.005152,-0.00838,-0.009527,-0.396406,-0.259142,-0.142746,-0.909239,1,0,0,0,0,0,0,0,0,0,0
4617,-0.002484,-0.005157,-0.006981,-0.00893,-0.010188,-0.00044,0.002295,0.016477,0.01981,0.022262,0.007326,0.016162,0.011697,0.007421,0.004465,-0.008961,-0.020627,-0.032796,-0.039902,-0.040437,-0.000818,-0.001761,-0.00217,-0.003522,-0.004779,-0.001478,-0.005157,-0.005125,-0.010691,-0.01088,-0.000629,-0.008961,-0.017514,-0.020942,-0.02047,0.000692,-0.00393,-0.007767,-0.014904,-0.013112,-0.009759,-0.027927,-0.0333,-0.032456,-0.029386,-0.000739,-0.00675,-0.020403,-0.029026,-0.031618,0.000578,0.000827,0.001173,0.001177,0.0013,-0.001782,-0.004508,-0.007857,-0.009553,-0.009912,-0.396578,-0.261229,-0.142016,-0.908445,1,0,0,0,0,0,0,0,0,0,0
4618,-0.002316,-0.003068,-0.005447,-0.007356,-0.007701,0.000532,0.008421,0.01944,0.021099,0.022977,0.003976,0.003819,0.00119,-0.001033,-0.003569,-0.007075,-0.018845,-0.028048,-0.032149,-0.029582,-0.000595,-0.001002,-0.002003,-0.003381,-0.004508,-0.000689,-0.003631,-0.005916,-0.009454,-0.00889,-0.00313,-0.015433,-0.019408,-0.019878,-0.016184,-0.00119,-0.005196,-0.013242,-0.015339,-0.012866,-0.008057,-0.021302,-0.022805,-0.021356,-0.015172,-0.000902,-0.011497,-0.024313,-0.029311,-0.030752,0.000274,0.000519,0.000559,0.000654,0.000686,-0.001804,-0.003814,-0.0068,-0.007862,-0.007519,-0.400064,-0.261571,-0.141514,-0.908599,1,0,0,0,0,0,0,0,0,0,0
4619,-0.000344,-0.002157,-0.004094,-0.005344,-0.005594,0.002188,0.016283,0.019596,0.022034,0.02244,0.004813,0.000375,-0.003875,-0.006813,-0.006782,-0.004532,-0.016627,-0.023691,-0.024222,-0.021034,-0.000344,-0.00075,-0.002094,-0.003344,-0.004188,-0.002969,-0.002938,-0.00847,-0.008657,-0.005001,-0.005157,-0.013658,-0.017065,-0.016596,-0.008251,-0.003407,-0.00722,-0.014314,-0.012533,-0.010939,-0.010013,-0.015354,-0.014515,-0.011464,-0.003011,-0.005075,-0.018645,-0.027216,-0.029792,-0.026717,-3.2e-05,0.000299,0.000303,0.000421,0.000399,-0.000829,-0.004039,-0.005664,-0.006009,-0.005201,-0.404052,-0.261872,-0.141029,-0.910594,1,0,0,0,0,0,0,0,0,0,0
4620,-0.000406,-0.002776,-0.004679,-0.005022,-0.00521,0.005677,0.016658,0.018311,0.020183,0.019902,-0.00496,-0.00758,-0.009795,-0.012322,-0.012634,-0.007206,-0.016377,-0.020464,-0.017906,-0.015036,-6.2e-05,-0.001061,-0.002433,-0.003556,-0.003868,3.1e-05,-0.002246,-0.005771,-0.00521,0.004648,-0.007112,-0.011074,-0.011542,-0.007861,-0.000873,-0.000593,-0.00861,-0.0107,-0.008235,-0.006613,-0.003204,-0.004702,-0.003258,0.002905,0.010306,-0.005492,-0.018265,-0.023245,-0.024681,-0.014751,0.000271,0.00031,0.000403,0.000434,0.000421,-0.001143,-0.004058,-0.005094,-0.004759,-0.003336,-0.405049,-0.261649,-0.140268,-0.913895,1,0,0,0,0,0,0,0,0,0,0
4621,-0.001403,-0.003335,-0.004582,-0.004831,-0.004831,0.008385,0.011689,0.01412,0.014526,0.014276,0.00053,-0.003709,-0.006639,-0.006608,-0.010536,-0.004863,-0.011907,-0.012437,-0.009258,0.002369,-0.000343,-0.001683,-0.00293,-0.003772,-0.003803,0.0,-0.005517,-0.005704,-0.002057,0.009943,-0.001372,-0.004769,-0.004302,0.004021,0.006141,-0.003211,-0.010286,-0.00851,-0.00692,-0.002057,-0.002125,-0.001288,0.001755,0.010185,0.01716,-0.008046,-0.016594,-0.019163,-0.016096,-0.00407,5.6e-05,6e-05,0.000176,0.000154,-0.00018,-0.002014,-0.003609,-0.003947,-0.003154,-0.001462,-0.404222,-0.263702,-0.138167,-0.916178,1,0,0,0,0,0,0,0,0,0,0
4622,-0.000966,-0.002868,-0.003211,-0.003398,-0.003616,0.002587,0.004239,0.00611,0.005829,0.00505,-0.003148,-0.005361,-0.007886,-0.008198,-0.015087,-0.004302,-0.008385,-0.005829,-0.002961,0.028646,-0.000655,-0.002026,-0.003148,-0.00346,-0.003522,-0.002275,-0.005798,-0.005237,0.004613,0.014619,-0.002587,-0.003055,0.000623,0.007606,0.007045,-0.0048,-0.006889,-0.004426,-0.002805,0.011128,0.000628,0.002071,0.008229,0.015625,0.024817,-0.004717,-0.009693,-0.011128,-0.001206,0.009421,-1.7e-05,7.6e-05,0.000107,9.4e-05,-0.0009,-0.000885,-0.001916,-0.001582,-0.000167,0.001271,-0.40396,-0.268274,-0.136491,-0.921212,1,0,0,0,0,0,0,0,0,0,0
4623,-0.000966,-0.002212,-0.002461,-0.002461,-0.002867,0.000717,0.003147,0.003552,0.003303,0.003303,-0.001091,-0.004019,-0.003988,-0.007914,-0.021,-0.002742,-0.003272,-9.3e-05,0.011528,0.049105,-0.000685,-0.001932,-0.002773,-0.002804,-0.002898,-0.00324,-0.003427,0.000218,0.012214,0.030067,-0.00081,-0.000343,0.007976,0.010095,0.008631,-0.002275,-0.000499,0.001091,0.005951,0.029039,0.000209,0.003251,0.011677,0.018649,0.032697,-0.00383,-0.006398,-0.003332,0.008688,0.026299,2.1e-05,0.000136,0.000115,-0.000218,-0.000979,-0.000708,-0.001045,-0.000255,0.001433,0.003963,-0.403909,-0.279348,-0.134357,-0.934239,1,0,0,0,0,0,0,0,0,0,0
4624,-0.000935,-0.001278,-0.001465,-0.001683,-0.001901,0.000935,0.002805,0.002524,0.001745,0.009443,-0.001122,-0.003646,-0.003958,-0.010846,-0.030387,-0.00134,0.001215,0.004083,0.035685,0.067444,-0.000686,-0.001808,-0.002119,-0.002182,-0.002244,-0.00028,0.00028,0.010129,0.020133,0.045503,0.000343,0.00402,0.011002,0.010441,0.008695,0.000187,0.002649,0.00427,0.018201,0.047092,0.001234,0.007391,0.014785,0.023976,0.041989,-0.001145,-0.002579,0.007342,0.017967,0.035377,7.2e-05,0.000103,9e-05,-0.000903,-0.000823,-0.00032,1.3e-05,0.001427,0.002863,0.005635,-0.404531,-0.292464,-0.132321,-0.943337,1,0,0,0,0,0,0,0,0,0,0
4625,-0.000311,-0.000561,-0.000561,-0.000966,0.009033,0.001495,0.0019,0.001651,0.001651,0.009064,-0.001807,-0.001775,-0.0057,-0.018782,-0.051673,0.00081,0.003987,0.015605,0.053168,0.082508,-0.000561,-0.001402,-0.001433,-0.001526,-0.00162,9.3e-05,0.003738,0.015729,0.033576,0.063571,0.000125,0.008441,0.010559,0.009095,0.002803,0.001588,0.003177,0.008036,0.031116,0.079798,0.001807,0.010231,0.017201,0.031243,0.054368,-0.001423,0.001642,0.013658,0.031263,0.051879,4.4e-05,2.3e-05,-0.000309,-0.001068,0.001318,-1.8e-05,0.000771,0.002454,0.004979,0.019763,-0.40227,-0.319829,-0.128162,-0.958771,1,0,0,0,0,0,0,0,0,0,0
4626,-3.1e-05,-0.000218,-0.000436,-0.000654,0.0195,0.000374,9.3e-05,-0.000685,0.007009,0.002025,-0.000716,-0.001028,-0.007912,-0.027444,-0.07255,0.001744,0.00461,0.036197,0.067939,0.109931,-0.000561,-0.000872,-0.000935,-0.000997,-0.000903,0.000467,0.010311,0.02031,0.045667,0.070089,0.003551,0.010529,0.009968,0.008224,-0.020061,0.000872,0.002492,0.016416,0.045293,0.130833,0.004346,0.011737,0.020924,0.038927,0.05052,-1.1e-05,0.009905,0.020525,0.037926,0.063961,-1.3e-05,-2.6e-05,-0.001015,-0.000936,0.004022,0.000349,0.001758,0.003189,0.005951,0.034229,-0.380262,-0.367504,-0.123739,-0.966516,1,0,0,0,0,0,0,0,0,0,0
4627,-0.000218,-0.000218,-0.000623,0.009374,0.033385,3.1e-05,-0.000218,-0.000218,0.007194,0.001619,0.000747,-0.003177,-0.016257,-0.049144,-0.095485,0.001433,0.013049,0.050607,0.079944,0.130427,-0.00028,-0.000311,-0.000405,-0.000498,0.000903,0.003177,0.015167,0.033012,0.063002,0.075055,0.004765,0.006883,0.005419,-0.000872,-0.0545,0.000716,0.005575,0.028652,0.077328,0.196762,0.004077,0.011046,0.025087,0.048209,0.040527,0.003075,0.01509,0.032693,0.053306,0.06798,-8e-06,-0.00034,-0.001098,0.001286,0.008768,0.000439,0.002121,0.004643,0.019415,0.051474,-0.348968,-0.42661,-0.118128,-0.969636,1,0,0,0,0,0,0,0,0,0,0
4628,3.1e-05,-0.000187,-0.000404,0.01972,0.041152,-0.000311,-0.001089,0.006594,0.001617,0.019067,-0.001058,-0.007932,-0.027434,-0.072474,-0.114559,0.001431,0.032971,0.064667,0.106596,0.161248,-3.1e-05,-9.3e-05,-0.000156,-6.2e-05,0.002426,0.006656,0.016641,0.04196,0.066347,0.075336,0.002208,0.001649,-9.3e-05,-0.028337,-0.089053,0.000902,0.014806,0.04364,0.129054,0.257299,0.003308,0.012481,0.030458,0.042033,0.029932,0.00683,0.017434,0.03481,0.060806,0.050355,-4e-06,-0.000984,-0.000905,0.004002,0.011592,0.000959,0.002376,0.00511,0.033098,0.056917,-0.319463,-0.482264,-0.111733,-0.971881,1,0,0,0,0,0,0,0,0,0,0
4629,-3.1e-05,-0.000434,0.009521,0.033431,0.037897,6.2e-05,6.2e-05,0.007443,0.001892,0.020995,-0.002853,-0.015878,-0.048627,-0.094773,-0.130654,0.010141,0.047542,0.076755,0.127025,0.17404,0.0,-9.3e-05,-0.000186,0.001209,0.00428,0.005303,0.023073,0.052938,0.064939,0.067513,-9.3e-05,-0.001551,-0.007815,-0.061218,-0.148548,0.003939,0.026918,0.07539,0.194322,0.289095,0.003642,0.017623,0.040648,0.032998,-0.007023,0.005155,0.022684,0.04321,0.057823,0.041236,-0.000318,-0.001054,0.001261,0.008525,0.013223,0.000694,0.003143,0.017485,0.048612,0.048937,-0.26216,-0.511792,-0.110408,-0.975569,1,0,0,0,0,0,0,0,0,0,0
4630,-0.000186,-0.000402,0.019628,0.040958,0.03749,-0.000836,0.006811,0.001857,0.019225,0.038884,-0.003994,-0.023404,-0.068232,-0.110118,-0.137578,0.021268,0.052815,0.094546,0.14894,0.198226,-6.2e-05,-0.000124,-3.1e-05,0.002446,0.005882,0.004644,0.029844,0.054115,0.063062,0.060616,-0.000464,-0.002198,-0.030308,-0.090739,-0.176617,0.009907,0.038605,0.123616,0.251257,0.347011,0.005494,0.023386,0.034908,0.022863,-0.017018,0.005408,0.022702,0.048576,0.038174,0.016859,-0.000633,-0.000557,0.00419,0.011533,0.014793,0.000685,0.00333,0.030407,0.053452,0.043647,-0.233771,-0.570622,-0.108014,-0.976582,1,0,0,0,0,0,0,0,0,0,0
4631,-0.000217,0.009725,0.033604,0.038064,0.043081,0.000836,0.008207,0.002664,0.021742,0.040139,-0.009013,-0.041718,-0.087804,-0.123638,-0.150304,0.016074,0.045249,0.095454,0.142406,0.196792,-3.1e-05,-0.000124,0.00127,0.004336,0.007588,0.013101,0.042926,0.054912,0.057483,0.055098,-0.000991,-0.007247,-0.06058,-0.147795,-0.210667,0.013039,0.061447,0.180222,0.274871,0.373948,0.008467,0.031461,0.023821,-0.016147,-0.02978,0.012095,0.032595,0.047188,0.030624,0.00977,-9.4e-05,0.0022,0.009397,0.014052,0.016357,0.00174,0.015951,0.046792,0.047115,0.046312,-0.196781,-0.607043,-0.105285,-0.980899,1,0,0,0,0,0,0,0,0,0,0
4632,0.0,0.020057,0.041417,0.037945,0.047276,0.00682,0.00186,0.019251,0.038937,0.038069,-0.010416,-0.055305,-0.097249,-0.124747,-0.155686,0.0155,0.057289,0.111758,0.161111,0.186284,-3.1e-05,6.2e-05,0.002542,0.005983,0.008339,0.012121,0.036426,0.045385,0.042936,0.03996,-0.000744,-0.028893,-0.089406,-0.175402,-0.243046,0.015686,0.100814,0.228631,0.324516,0.416929,0.009442,0.020979,0.008918,-0.031017,-0.022083,0.005211,0.03112,0.020704,-0.000641,-0.003443,0.000171,0.004964,0.012378,0.01567,0.018696,0.000919,0.028258,0.051525,0.041626,0.04765,-0.15963,-0.661737,-0.100827,-0.977873,1,0,0,0,0,0,0,0,0,0,0
4633,0.009957,0.033871,0.038338,0.043363,0.048791,0.000558,-0.004994,0.014113,0.032537,0.031886,-0.022333,-0.068487,-0.104374,-0.13108,-0.150838,0.01371,0.063989,0.111012,0.165479,0.181763,-6.2e-05,0.001334,0.004404,0.007661,0.010081,0.017742,0.029746,0.03232,0.029932,0.021402,-0.005521,-0.058933,-0.146279,-0.209244,-0.288308,0.032786,0.151738,0.246527,0.345753,0.447583,0.013581,0.00593,-0.034098,-0.047751,-0.030327,0.015316,0.029931,0.013342,-0.007543,-0.015679,0.002146,0.009419,0.014123,0.016452,0.021265,0.013438,0.044602,0.044928,0.044117,0.046154,-0.108805,-0.706179,-0.099784,-0.970453,1,0,0,0,0,0,0,0,0,0,0
4634,0.010153,0.031612,0.028124,0.037499,0.040862,-0.005544,0.011929,0.031706,0.030834,0.031114,-0.022674,-0.064813,-0.092439,-0.123522,-0.129813,0.028217,0.082939,0.132522,0.157812,0.178773,0.000156,0.002647,0.006104,0.008471,0.014825,0.006603,0.015604,0.013143,0.010153,0.000374,-0.022736,-0.083531,-0.169928,-0.237886,-0.3174,0.052604,0.181015,0.277347,0.370191,0.45939,-0.002046,-0.014164,-0.054285,-0.045309,-0.031009,0.010651,0.000186,-0.021258,-0.024074,-0.033792,0.002743,0.010402,0.013803,0.016929,0.022285,0.014413,0.038449,0.028223,0.034446,0.031148,-0.069717,-0.746688,-0.100927,-0.96799,1,0,0,0,0,0,0,0,0,0,0
4635,0.01388,0.018372,0.023425,0.028884,0.034686,-3.1e-05,0.019183,0.037711,0.037056,0.036775,-0.023706,-0.059795,-0.086651,-0.106521,-0.10808,0.022302,0.069589,0.124363,0.140738,0.151874,0.001248,0.004336,0.007611,0.010044,0.016844,0.005459,0.008048,0.005646,-0.002932,-0.006519,-0.030942,-0.118779,-0.182099,-0.261608,-0.337997,0.066938,0.162261,0.262044,0.364448,0.463888,-0.005645,-0.045898,-0.059627,-0.042105,0.010651,0.004031,-0.012652,-0.033654,-0.041836,-0.04503,0.004792,0.009684,0.012107,0.017113,0.02524,0.017847,0.018186,0.017341,0.01946,0.018332,-0.019406,-0.8003,-0.100233,-0.969305,1,0,0,0,0,0,0,0,0,0,0
4636,0.007593,0.004108,0.013475,0.016835,0.025082,0.017489,0.037249,0.036378,0.036658,0.036036,-0.018454,-0.046056,-0.077113,-0.083399,-0.089529,0.032426,0.081967,0.107236,0.128179,0.127961,0.001245,0.004699,0.007064,0.013412,0.016275,0.003548,0.001089,-0.001898,-0.01167,-0.012074,-0.029874,-0.116198,-0.1841,-0.263547,-0.330328,0.061522,0.157773,0.250539,0.339664,0.43106,-0.006476,-0.046563,-0.037595,-0.023307,0.048715,-0.014477,-0.035903,-0.038716,-0.048427,-0.048729,0.0029,0.006281,0.009389,0.014713,0.024347,0.006339,-0.003828,0.002359,-0.00092,0.003417,0.009694,-0.833304,-0.093892,-0.970752,1,0,0,0,0,0,0,0,0,0,0
4637,-0.003116,0.001932,0.007384,0.01318,0.021935,0.001683,0.02019,0.019536,0.019256,0.008537,-0.017573,-0.0444,-0.064248,-0.065806,-0.074343,0.014769,0.069482,0.08584,0.096964,0.098802,0.001838,0.00511,0.00754,0.014333,0.016483,-0.000966,-0.003365,-0.011934,-0.015517,-0.017698,-0.057829,-0.12108,-0.200502,-0.276808,-0.334201,0.03362,0.133294,0.235586,0.334918,0.402873,-0.033726,-0.04744,-0.029937,0.022761,0.082032,-0.002169,-0.023149,-0.031321,-0.034511,-0.026606,0.001929,0.004333,0.009302,0.017367,0.030388,-0.006058,-0.006896,-0.004793,-0.005913,0.000168,0.04811,-0.860993,-0.086676,-0.963728,1,0,0,0,0,0,0,0,0,0,0
4638,-0.000376,0.009052,0.012435,0.020735,0.02916,0.018198,0.017321,0.017603,0.016976,-0.003007,-0.010117,-0.041376,-0.047703,-0.053873,-0.056316,0.035017,0.06045,0.08153,0.08131,0.084411,0.001629,0.004009,0.010399,0.01328,0.015692,-0.001503,-0.00451,-0.014345,-0.014752,-0.020516,-0.028753,-0.097096,-0.17706,-0.244276,-0.296833,0.063081,0.156451,0.246155,0.338146,0.386976,-0.006446,0.002581,0.016962,0.089452,0.131796,-0.019385,-0.022217,-0.03199,-0.032294,-0.018618,0.001536,0.004789,0.01036,0.020442,0.036897,-0.004354,0.00212,-0.001311,0.003228,0.009752,0.073814,-0.876096,-0.081527,-0.959478,1,0,0,0,0,0,0,0,0,0,0
4639,0.005503,0.011039,0.016922,0.025809,0.034507,0.000411,-0.000253,-0.000538,-0.011418,-0.02562,-0.017016,-0.037164,-0.038746,-0.047412,-0.045989,0.020179,0.036785,0.048076,0.049942,0.050037,0.001676,0.004143,0.011039,0.013221,0.015625,-0.000917,-0.009615,-0.013253,-0.015467,-0.020875,-0.035172,-0.115794,-0.193254,-0.251515,-0.295954,0.037481,0.141319,0.242153,0.311136,0.344948,-0.007413,0.010355,0.06385,0.124017,0.158277,-0.001721,-0.010017,-0.013256,-0.005231,0.003068,0.001025,0.006544,0.015502,0.029966,0.050111,0.003732,0.006068,0.004824,0.011579,0.018701,0.104592,-0.890771,-0.075534,-0.954726,1,0,0,0,0,0,0,0,0,0,0
4640,0.004063,0.007518,0.015996,0.024602,0.034039,-0.001312,-0.001024,-0.001664,-0.022074,-0.029816,-0.014716,-0.021179,-0.027481,-0.029976,-0.030328,0.005567,0.027097,0.026873,0.03004,0.035543,0.000736,0.007262,0.010205,0.012669,0.015516,-0.002143,-0.012189,-0.012605,-0.018491,-0.021243,-0.034231,-0.115906,-0.18456,-0.238243,-0.280472,0.057457,0.149082,0.243041,0.292916,0.343048,0.016717,0.031407,0.105448,0.148698,0.195538,-0.001151,-0.011133,-0.011444,0.002525,0.007062,0.002662,0.009124,0.020816,0.0399,0.062381,0.003466,-0.000513,0.004751,0.012318,0.020174,0.125138,-0.916516,-0.07036,-0.948744,1,0,0,0,0,0,0,0,0,0,0
4641,0.001546,0.007535,0.016584,0.02544,0.033974,0.000644,0.000354,-0.010724,-0.025183,-0.029401,-0.0057,-0.00731,-0.016134,-0.014685,-0.015296,0.011303,0.0228,0.0247,0.024796,0.034006,0.001771,0.008791,0.011013,0.013461,0.017454,-0.006698,-0.010402,-0.012656,-0.018162,-0.02003,-0.047628,-0.126493,-0.185811,-0.231056,-0.26474,0.047886,0.150548,0.220783,0.255208,0.304929,0.001262,0.055728,0.116986,0.151868,0.195566,-0.007288,-0.010585,-0.002414,0.006035,0.008099,0.003472,0.013631,0.030034,0.052881,0.076877,-0.00098,-0.00239,0.00527,0.013348,0.018966,0.144262,-0.928868,-0.067827,-0.943898,1,0,0,0,0,0,0,0,0,0,0
4642,0.001947,0.010546,0.019275,0.028848,0.034592,-0.000357,-0.001006,-0.021709,-0.029562,-0.030114,-0.000811,-0.007204,-0.009735,-0.010092,-0.008891,0.010449,0.010222,0.013434,0.019016,0.023916,0.004835,0.00782,0.010319,0.013207,0.019048,-0.00344,-0.003862,-0.009832,-0.012623,-0.013402,-0.034851,-0.104489,-0.158941,-0.201775,-0.225463,0.044684,0.13999,0.190579,0.241429,0.256258,0.013628,0.08873,0.1326,0.180111,0.193108,-0.002782,-0.003097,0.011073,0.015675,0.015454,0.003476,0.016393,0.037475,0.062309,0.085657,-0.003361,0.002454,0.010813,0.019491,0.019353,0.153573,-0.926288,-0.067698,-0.944015,1,0,0,0,0,0,0,0,0,0,0
4643,0.004105,0.013259,0.022218,0.030851,0.035217,6.5e-05,-0.011142,-0.025769,-0.030037,-0.030265,-0.000814,-0.009741,-0.008275,-0.008894,-0.007135,0.00114,0.003062,0.00316,0.012477,0.014367,0.002248,0.004496,0.006972,0.011011,0.019254,-0.000293,-0.002574,-0.008145,-0.010034,-0.010718,-0.044795,-0.104803,-0.150576,-0.184652,-0.197423,0.058999,0.130051,0.164877,0.215178,0.215145,0.041419,0.10339,0.138678,0.182885,0.183172,-0.000543,0.007723,0.016271,0.018359,0.018141,0.007445,0.025232,0.050009,0.076032,0.091535,0.001926,0.010233,0.018993,0.025086,0.020041,0.162045,-0.929336,-0.069751,-0.943401,1,0,0,0,0,0,0,0,0,0,0
4644,0.004541,0.01333,0.022967,0.02875,0.032867,-0.000719,-0.021563,-0.029469,-0.030024,-0.030351,-0.005619,-0.008168,-0.008527,-0.007318,-0.005456,-0.001372,0.001862,0.007482,0.012415,0.015061,0.000751,0.003267,0.006175,0.012055,0.020975,-0.000131,-0.006142,-0.008952,-0.009736,-0.010487,-0.025189,-0.08001,-0.123136,-0.146985,-0.154597,0.036787,0.087721,0.138916,0.153846,0.157505,0.034076,0.078244,0.126078,0.139163,0.141695,0.000227,0.014493,0.019126,0.018904,0.018792,0.00595,0.028055,0.054096,0.078577,0.088551,0.004133,0.012898,0.021998,0.021853,0.015511,0.165181,-0.930162,-0.071131,-0.943964,1,0,0,0,0,0,0,0,0,0,0
4645,0.00465,0.013656,0.022335,0.026723,0.030817,-0.010545,-0.02525,-0.02954,-0.029769,-0.030064,-0.00334,-0.001867,-0.002489,-0.00072,0.000393,0.003308,0.003406,0.012772,0.014672,0.017816,0.001506,0.003995,0.008056,0.016342,0.025774,-0.002161,-0.007762,-0.009661,-0.010349,-0.010316,-0.035074,-0.081087,-0.115343,-0.12818,-0.12972,0.03455,0.069559,0.120124,0.120091,0.122744,0.028139,0.063613,0.108052,0.108341,0.108305,0.008082,0.016674,0.018774,0.018555,0.019259,0.012402,0.038104,0.0651,0.081182,0.084178,0.004415,0.013502,0.019823,0.014589,0.0075,0.168038,-0.932654,-0.073966,-0.94489,1,0,0,0,0,0,0,0,0,0,0
4646,0.004137,0.013746,0.019511,0.023615,0.028697,-0.010293,-0.018176,-0.018729,-0.019055,-0.019804,0.000782,0.000423,0.001629,0.003485,0.004625,-6.5e-05,0.005537,0.010456,0.013094,0.015407,0.00101,0.003909,0.009772,0.018664,0.02811,-0.003844,-0.006645,-0.007427,-0.008176,-0.008045,-0.019772,-0.062768,-0.086546,-0.094135,-0.093288,0.016417,0.067458,0.082344,0.085992,0.089933,0.016048,0.063739,0.076785,0.079309,0.080964,0.006185,0.010804,0.010583,0.010471,0.011673,0.009704,0.035203,0.059175,0.068942,0.06895,0.004332,0.013242,0.013101,0.006891,0.001322,0.170331,-0.936339,-0.07542,-0.94692,1,0,0,0,0,0,0,0,0,0,0
4647,0.004817,0.013441,0.017802,0.021871,0.028315,-0.004329,-0.008592,-0.00882,-0.009113,-0.010057,0.000683,6.5e-05,0.001823,0.002929,0.005305,0.000163,0.009471,0.011358,0.014483,0.016794,0.001465,0.0055,0.013734,0.023107,0.030365,-0.001725,-0.003613,-0.004296,-0.004263,-0.004133,-0.025971,-0.060014,-0.072772,-0.074302,-0.07095,0.018388,0.068639,0.068606,0.071242,0.077914,0.019218,0.063381,0.063668,0.063632,0.067764,0.00236,0.004446,0.004228,0.004929,0.006062,0.014956,0.040799,0.056195,0.059062,0.057183,0.004392,0.010443,0.005432,-0.001353,-0.002294,0.169619,-0.941741,-0.075715,-0.948243,1,0,0,0,0,0,0,0,0,0,0
4648,0.004767,0.010508,0.014594,0.019654,0.027048,-0.003535,-0.004086,-0.004411,-0.005157,-0.005643,-0.001038,0.000162,0.002011,0.003146,0.008011,0.005416,0.010313,0.01294,0.015243,0.019589,0.001427,0.007265,0.016119,0.025524,0.03214,-0.00107,-0.001849,-0.002595,-0.002465,-0.000876,-0.016929,-0.040605,-0.048161,-0.047318,-0.041286,0.032497,0.047318,0.05095,0.054875,0.07002,0.028334,0.041323,0.043836,0.045484,0.055933,0.002248,0.002027,0.001916,0.003113,0.005122,0.010143,0.033398,0.042873,0.042881,0.039591,0.004358,0.004221,-0.001804,-0.007205,-0.006001,0.167115,-0.953389,-0.075792,-0.95094,1,0,0,0,0,0,0,0,0,0,0
4649,0.003807,0.00813,0.012162,0.01855,0.024905,-0.00071,-0.000936,-0.001226,-0.002161,-0.00242,0.000419,0.002161,0.003258,0.005613,0.01442,0.003839,0.00571,0.008807,0.011098,0.014517,0.002581,0.010743,0.020034,0.027228,0.032938,-0.000807,-0.001484,-0.001452,-0.001323,0.00371,-0.016904,-0.02955,-0.031067,-0.027744,-0.020647,0.017485,0.017453,0.020066,0.026679,0.033777,0.015592,0.015876,0.015841,0.019936,0.02385,-0.000168,-0.000384,0.00031,0.001434,0.006659,0.014524,0.029,0.031696,0.029929,0.03118,0.00149,-0.003221,-0.009601,-0.010485,-0.00915,0.164958,-0.952039,-0.075485,-0.956229,1,0,0,0,0,0,0,0,0,0,0
4650,0.001895,0.005941,0.010951,0.018274,0.023412,0.000161,-0.000161,-0.000899,-0.001381,-0.00167,0.000771,0.002601,0.003725,0.008543,0.019301,0.001028,0.003629,0.005909,0.010213,0.013039,0.003212,0.011979,0.021292,0.027844,0.031409,3.2e-05,-0.000707,-0.000578,0.000996,0.006937,-0.006616,-0.014099,-0.013264,-0.00729,-0.001445,-0.00273,0.000867,0.004753,0.019751,0.015608,-0.00266,-0.00017,0.001461,0.011808,0.005786,-5.1e-05,-0.000161,0.001024,0.003013,0.009109,0.007639,0.016485,0.016493,0.013421,0.019934,-0.001572,-0.007196,-0.01224,-0.011116,-0.008506,0.162899,-0.951765,-0.0748,-0.959107,1,0,0,0,0,0,0,0,0,0,0
4651,0.002409,0.006423,0.012782,0.019108,0.023669,-0.000385,-0.000674,-0.001606,-0.001863,-0.000931,0.000963,0.002055,0.0044,0.013167,0.023893,0.000835,0.003918,0.006198,0.009602,0.017824,0.004914,0.014163,0.021324,0.027009,0.028903,-0.000707,-0.000674,-0.000546,0.004464,0.011497,-0.005973,-0.007483,-0.004175,0.00289,0.006423,0.002698,0.005299,0.011882,0.018948,0.026623,0.002942,0.002907,0.006984,0.010881,0.011625,-0.000164,0.000528,0.001646,0.006848,0.012741,0.006386,0.008999,0.007287,0.008499,0.016138,-0.002993,-0.009174,-0.010031,-0.008737,-0.004663,0.161625,-0.959457,-0.073866,-0.964667,1,0,0,0,0,0,0,0,0,0,0
4652,0.001638,0.006648,0.013969,0.019108,0.023154,6.4e-05,-0.000674,-0.001156,-0.001445,-0.000482,0.000867,0.001991,0.006808,0.017566,0.026333,0.001766,0.004046,0.00835,0.011176,0.021034,0.003854,0.013167,0.019718,0.023282,0.024149,-3.2e-05,9.6e-05,0.00167,0.007611,0.014612,-0.001509,-0.000674,0.005299,0.011143,0.013648,0.000899,0.004785,0.019782,0.015639,0.026333,-0.000453,0.001178,0.011524,0.005503,0.007479,5.4e-05,0.001239,0.003228,0.009323,0.015126,0.002458,0.002466,-0.000604,0.005907,0.012368,-0.002631,-0.007673,-0.006549,-0.00394,0.000922,0.160134,-0.961865,-0.073077,-0.967521,1,0,0,0,0,0,0,0,0,0,0
4653,0.002375,0.008731,0.015054,0.019612,0.023079,-0.000353,-0.001284,-0.001541,-0.00061,6.4e-05,0.000225,0.002568,0.011331,0.022052,0.028504,0.001316,0.003595,0.006998,0.015215,0.019837,0.005393,0.012551,0.018232,0.020126,0.021089,6.4e-05,0.000193,0.0052,0.01223,0.016403,0.0,0.003306,0.010368,0.013899,0.016178,0.001701,0.008282,0.015343,0.023015,0.026257,0.000418,0.004493,0.008387,0.009131,0.008571,0.000637,0.001755,0.006954,0.012844,0.016169,0.000153,-0.001553,-0.000346,0.007268,0.011957,-0.003537,-0.004391,-0.003102,0.000958,0.004715,0.159366,-0.963715,-0.073207,-0.969628,1,0,0,0,0,0,0,0,0,0,0
4654,0.002634,0.009956,0.015095,0.019142,0.02245,-0.000385,-0.000867,-0.001156,-0.000193,0.003886,0.000899,0.005717,0.016476,0.025244,0.030415,0.000964,0.005267,0.008094,0.017954,0.018243,0.003918,0.01047,0.014035,0.014902,0.016444,6.4e-05,0.001638,0.00758,0.014581,0.018596,0.000835,0.006809,0.012654,0.015159,0.016894,0.002184,0.017183,0.01304,0.023735,0.023831,0.001213,0.011561,0.005539,0.007515,0.007994,0.000548,0.002537,0.008633,0.014437,0.01426,-0.000146,-0.003219,0.003298,0.009764,0.013446,-0.001494,-0.000369,0.002242,0.007107,0.009566,0.158763,-0.963733,-0.072825,-0.972088,1,0,0,0,0,0,0,0,0,0,0
4655,0.003731,0.010067,0.014634,0.018107,0.020455,-0.000547,-0.000804,0.000129,0.000804,0.006079,0.001447,0.010228,0.02097,0.027434,0.029364,0.001319,0.004728,0.012961,0.017593,0.017528,0.003248,0.008941,0.010839,0.011804,0.01309,6.4e-05,0.005082,0.012125,0.016306,0.019844,0.002476,0.009552,0.01309,0.015374,0.016338,0.004406,0.011482,0.019169,0.022417,0.024089,0.002868,0.00677,0.007515,0.006954,0.008845,0.000571,0.005781,0.011683,0.015014,0.013214,-0.001582,-0.000358,0.007361,0.012116,0.012764,0.000643,0.00195,0.006067,0.009876,0.011215,0.15832,-0.966335,-0.072542,-0.973242,1,0,0,0,0,0,0,0,0,0,0
4656,0.003605,0.008756,0.012812,0.016128,0.016547,6.4e-05,-0.000225,0.00074,0.004829,0.007372,0.00338,0.014164,0.022953,0.028136,0.027717,0.002994,0.005827,0.01571,0.015999,0.017738,0.003316,0.006889,0.007758,0.009303,0.010462,0.001513,0.007469,0.014486,0.01851,0.020957,0.003509,0.009368,0.011879,0.013617,0.01381,0.010623,0.006471,0.01719,0.017287,0.021987,0.007501,0.001465,0.003446,0.003926,0.006709,0.001422,0.007532,0.013349,0.013172,0.013122,-0.00153,0.005092,0.011664,0.015407,0.014091,0.000496,0.00315,0.008094,0.010594,0.00955,0.158004,-0.969171,-0.073363,-0.974698,1,0,0,0,0,0,0,0,0,0,0
4657,0.002739,0.007315,0.010795,0.013148,0.012729,-0.000322,0.000612,0.001289,0.006574,0.008346,0.005414,0.016177,0.022654,0.024587,0.02275,0.000419,0.008668,0.013309,0.013244,0.016241,0.002385,0.004286,0.005253,0.006542,0.00754,0.003512,0.01057,0.014759,0.018303,0.021365,0.003577,0.007122,0.00941,0.010376,0.009087,-0.003545,0.004157,0.007412,0.009087,0.019335,-0.003599,-0.002852,-0.003415,-0.00152,0.005487,0.003796,0.009709,0.013047,0.011244,0.01262,0.002782,0.010606,0.015425,0.016083,0.013812,0.000826,0.004998,0.008859,0.010216,0.008329,0.158084,-0.976856,-0.074016,-0.976374,1,0,0,0,0,0,0,0,0,0,0
4658,0.002417,0.006478,0.009798,0.010217,0.009863,3.2e-05,0.000999,0.005092,0.007639,0.009895,0.005383,0.014182,0.019371,0.018952,0.014149,0.002417,0.012312,0.012602,0.014343,0.014182,0.001193,0.002063,0.00361,0.00477,0.00535,0.00245,0.009476,0.013505,0.015954,0.018436,0.002288,0.004802,0.006543,0.006736,0.004158,-0.000612,0.010121,0.010217,0.014923,0.022884,-0.002444,-0.000461,2e-05,0.002807,0.010352,0.00232,0.008145,0.007968,0.007917,0.008203,0.003893,0.010521,0.014296,0.012969,0.008457,0.00185,0.006837,0.009358,0.008305,0.006997,0.158324,-0.976993,-0.074104,-0.975617,1,0,0,0,0,0,0,0,0,0,0
4659,0.002157,0.005635,0.007986,0.007567,0.007438,0.000902,0.001578,0.006859,0.00863,0.00834,0.005377,0.01185,0.013782,0.011946,0.004991,0.005828,0.010465,0.010401,0.013395,0.007696,0.000708,0.001674,0.002962,0.003961,0.004701,0.004605,0.008791,0.012333,0.015392,0.015617,0.001256,0.003542,0.004508,0.00322,0.000483,0.008308,0.01156,0.013234,0.023474,0.022765,0.003188,0.002625,0.004519,0.01152,0.015635,0.003591,0.006926,0.005124,0.006499,0.00707,0.003916,0.008709,0.009363,0.007105,0.000854,0.002313,0.006154,0.007503,0.005626,0.004444,0.157519,-0.975257,-0.074626,-0.97761,1,0,0,0,0,0,0,0,0,0,0
4660,0.001897,0.00521,0.005628,0.005274,0.005242,6.4e-05,0.004148,0.006689,0.00894,0.000418,0.003409,0.008586,0.008168,0.003377,-0.004341,0.004052,0.004341,0.006078,0.005917,-0.003344,0.000161,0.001704,0.002862,0.003441,0.00402,0.002412,0.006432,0.008876,0.011352,0.003441,0.001254,0.002991,0.003184,0.000611,-0.002701,0.002412,0.002508,0.007203,0.015146,0.013538,-0.001205,-0.000725,0.002055,0.009583,0.016308,0.002225,0.002049,0.001999,0.002283,0.002933,0.002643,0.006358,0.005053,0.000612,-0.006565,0.002617,0.005098,0.004061,0.002774,0.00197,0.155529,-0.971308,-0.074852,-0.977385,1,0,0,0,0,0,0,0,0,0,0
4661,0.001575,0.003921,0.003503,0.003374,0.003246,0.000611,0.005881,0.007648,0.007359,-0.004338,0.003053,0.004981,0.003149,-0.003792,-0.012244,0.000578,0.000514,0.003503,-0.002185,-0.011665,0.000803,0.002089,0.003085,0.003824,0.00466,0.001767,0.005302,0.008355,0.00858,-0.00421,0.001028,0.001992,0.000707,-0.002025,-0.005592,0.000836,0.002507,0.012726,0.012019,0.010605,0.000643,0.002533,0.00952,0.013626,0.020711,0.001105,-0.000694,0.000678,0.001248,0.000223,0.002097,0.002741,0.000514,-0.005651,-0.01374,0.001184,0.002514,0.000664,-0.000502,-0.001952,0.152352,-0.96883,-0.076098,-0.978022,1,0,0,0,0,0,0,0,0,0,0
4662,0.001735,0.002153,0.0018,0.001768,0.001735,0.003471,0.00601,0.008259,-0.000257,-0.009995,0.002121,0.001703,-0.003085,-0.010798,-0.019732,-0.000289,0.001446,0.001285,-0.00797,-0.016454,0.000739,0.001896,0.002475,0.003053,0.005399,0.00225,0.004692,0.007166,-0.000739,-0.014108,0.000707,0.0009,-0.001671,-0.004981,-0.008002,-0.000739,0.003953,0.011891,0.010284,0.009962,-0.000163,0.002615,0.010139,0.016859,0.023907,-0.001281,-0.001331,-0.001047,-0.000398,-0.003856,0.001601,0.000301,-0.004119,-0.011263,-0.020956,0.001286,0.000254,-0.001027,-0.001827,-0.005463,0.14784,-0.969714,-0.078877,-0.971814,1,0,0,0,0,0,0,0,0,0,0
4663,0.000611,0.000193,6.4e-05,-6.4e-05,0.000354,0.0018,0.003567,0.003278,-0.00842,-0.023782,-0.000193,-0.002025,-0.008967,-0.017419,-0.025646,0.000225,0.003214,-0.002475,-0.011955,-0.02134,0.000546,0.001543,0.002282,0.003117,0.007199,0.001286,0.004339,0.004564,-0.008227,-0.028475,0.000257,-0.001028,-0.00376,-0.007328,-0.009706,0.00241,0.01263,0.011923,0.010509,0.010638,0.002054,0.009041,0.013148,0.020233,0.028676,-0.000517,0.000855,0.001425,0.000399,-0.004208,-0.000956,-0.003184,-0.009353,-0.017445,-0.027666,4.5e-05,-0.001807,-0.002973,-0.004424,-0.009861,0.142126,-0.969202,-0.082802,-0.965223,1,0,0,0,0,0,0,0,0,0,0
4664,-0.000193,-0.000546,-0.000578,-0.00061,0.000225,0.000739,0.002988,-0.005526,-0.01526,-0.041186,-0.000225,-0.005012,-0.012722,-0.021653,-0.029075,0.00151,0.001349,-0.007903,-0.016385,-0.032223,0.00061,0.001189,0.001767,0.004112,0.008257,0.001157,0.00363,-0.004273,-0.017637,-0.0417,-6.4e-05,-0.002634,-0.005943,-0.008963,-0.009863,0.002281,0.010216,0.00861,0.008289,0.001992,0.000725,0.008246,0.014963,0.02201,0.030438,0.000467,0.000751,0.0014,-0.002057,4.9e-05,-0.000343,-0.004753,-0.011882,-0.021553,-0.033117,-0.001074,-0.002353,-0.003151,-0.006779,-0.011018,0.137365,-0.969983,-0.087945,-0.964384,1,0,0,0,0,0,0,0,0,0,0
4665,-0.000225,-0.000353,-0.000482,-6.4e-05,0.001189,0.001028,0.000739,-0.010958,-0.026318,-0.05601,-0.001607,-0.008548,-0.016999,-0.025225,-0.032938,0.001478,-0.00421,-0.013689,-0.023072,-0.043124,0.000386,0.001125,0.00196,0.006041,0.010219,0.001896,0.002121,-0.010669,-0.030913,-0.06263,-0.001221,-0.003953,-0.007519,-0.009897,-0.009415,0.007937,0.00723,0.005816,0.005945,-0.007744,0.006262,0.010368,0.017452,0.025894,0.031,0.000905,0.001475,0.000449,-0.004158,-0.005943,-0.001883,-0.008046,-0.016131,-0.026342,-0.040011,-0.000774,-0.001939,-0.003389,-0.008822,-0.01299,0.132782,-0.970289,-0.0937,-0.956088,1,0,0,0,0,0,0,0,0,0,0
4666,-0.000128,-0.000161,-0.000193,0.000642,0.002055,0.00122,-0.007289,-0.017019,-0.042933,-0.067305,-0.003179,-0.010886,-0.019813,-0.02723,-0.035676,-0.001638,-0.010886,-0.019363,-0.035194,-0.049098,0.000193,0.000771,0.003115,0.007257,0.013166,0.000578,-0.007321,-0.02068,-0.044731,-0.077292,-0.001349,-0.004656,-0.007675,-0.008574,-0.007353,0.0,-0.001606,-0.001927,-0.00822,-0.018817,0.00126,0.007975,0.015018,0.023442,0.025408,-0.00062,2.9e-05,-0.003427,-0.001322,-0.009107,-0.002522,-0.009627,-0.019266,-0.030791,-0.04615,-0.000504,-0.0013,-0.004916,-0.00914,-0.015891,0.12735,-0.966955,-0.099712,-0.94877,1,0,0,0,0,0,0,0,0,0,0
4667,0.0,-0.000128,0.000288,0.001537,0.002433,-0.001504,-0.013156,-0.028457,-0.058035,-0.075097,-0.003745,-0.012164,-0.020359,-0.028041,-0.03566,-0.004033,-0.013476,-0.022824,-0.042798,-0.04792,0.000544,0.001376,0.005442,0.009603,0.016197,-0.000352,-0.013092,-0.033259,-0.064853,-0.088541,-0.001376,-0.00493,-0.007298,-0.006818,-0.003137,-0.000704,-0.002113,-0.001985,-0.015621,-0.018918,0.002834,0.009891,0.018301,0.023387,0.023787,0.001186,0.000164,-0.004425,-0.006203,-0.012294,-0.003531,-0.011401,-0.02134,-0.034644,-0.051943,-0.000641,-0.002052,-0.00734,-0.011397,-0.019184,0.120049,-0.963317,-0.104662,-0.939056,1,0,0,0,0,0,0,0,0,0,0
4668,-3.2e-05,-6.4e-05,0.000763,0.002162,0.002448,-0.006932,-0.016566,-0.042226,-0.066359,-0.074149,-0.003911,-0.01275,-0.020095,-0.028458,-0.034881,-0.005151,-0.013545,-0.029221,-0.042989,-0.044419,3.2e-05,0.002353,0.006455,0.012305,0.018696,-0.007472,-0.020699,-0.044515,-0.076756,-0.09116,-0.001908,-0.004897,-0.005787,-0.004579,0.001176,-0.00089,-0.001208,-0.00744,-0.017933,-0.018696,0.003834,0.010807,0.019149,0.021096,0.02038,-0.000535,-0.003957,-0.001873,-0.009581,-0.015579,-0.003262,-0.012259,-0.023016,-0.03735,-0.055012,-0.000131,-0.003506,-0.007449,-0.013749,-0.021505,0.113521,-0.955454,-0.108494,-0.929816,1,0,0,0,0,0,0,0,0,0,0
4669,-9.4e-05,0.000315,0.001543,0.002425,0.002551,-0.004598,-0.01965,-0.048746,-0.065531,-0.068333,-0.004409,-0.01247,-0.020028,-0.027522,-0.03234,-0.004188,-0.013383,-0.033033,-0.038071,-0.043677,0.000787,0.004786,0.00888,0.015367,0.021665,-0.005133,-0.024972,-0.056052,-0.079355,-0.088802,-0.001606,-0.003936,-0.003464,0.000157,0.007432,-0.000504,-0.000378,-0.013793,-0.017036,-0.021571,0.003146,0.011418,0.016421,0.016816,0.01666,-0.000475,-0.004989,-0.006739,-0.01273,-0.018703,-0.003968,-0.01283,-0.024691,-0.040114,-0.056685,-0.001136,-0.00585,-0.009468,-0.01641,-0.023626,0.106519,-0.947979,-0.111939,-0.919005,1,0,0,0,0,0,0,0,0,0,0
4670,6.2e-05,0.000873,0.002244,0.002524,0.002618,-0.004892,-0.03004,-0.053692,-0.061327,-0.064412,-0.0043,-0.011499,-0.019694,-0.025989,-0.028794,-0.004082,-0.019445,-0.032938,-0.034341,-0.043533,0.001496,0.005516,0.01125,0.017513,0.024057,-0.007884,-0.031224,-0.062823,-0.076939,-0.089342,-0.00134,-0.002213,-0.001028,0.004612,0.013711,0.000187,-0.005921,-0.016204,-0.016952,-0.02334,0.003722,0.011897,0.013805,0.013103,0.014843,-0.002884,-0.000841,-0.008396,-0.014274,-0.022818,-0.004125,-0.013467,-0.025916,-0.041255,-0.056835,-0.001876,-0.0053,-0.010771,-0.017507,-0.024604,0.099901,-0.942579,-0.11502,-0.909056,1,0,0,0,0,0,0,0,0,0,0
4671,0.00034,0.001544,0.002409,0.002532,0.002532,-0.009914,-0.03845,-0.054911,-0.05766,-0.062725,-0.003644,-0.011056,-0.018407,-0.023132,-0.02517,-0.004972,-0.024244,-0.029185,-0.034682,-0.043484,0.00244,0.006455,0.012817,0.018993,0.025294,-0.011643,-0.042125,-0.064979,-0.074244,-0.086505,-0.000957,-0.000494,0.003057,0.010192,0.018932,-6.2e-05,-0.013218,-0.016399,-0.020846,-0.029926,0.004425,0.009332,0.009718,0.009566,0.008454,-0.001569,-0.003285,-0.009161,-0.015019,-0.021418,-0.00386,-0.014212,-0.027673,-0.042135,-0.055276,-0.002353,-0.00551,-0.011569,-0.017868,-0.024038,0.094772,-0.93581,-0.117605,-0.90237,1,0,0,0,0,0,0,0,0,0,0
4672,0.000459,0.001806,0.002082,0.002173,0.002143,-0.014877,-0.038111,-0.04561,-0.048641,-0.064007,-0.003459,-0.01151,-0.017693,-0.020448,-0.02256,-0.010163,-0.023417,-0.024795,-0.033825,-0.043559,0.001531,0.007163,0.013316,0.019744,0.026601,-0.011387,-0.042427,-0.056293,-0.068477,-0.082741,9.2e-05,0.001255,0.006796,0.015734,0.021948,-0.005939,-0.01604,-0.016775,-0.02305,-0.034223,0.003644,0.005519,0.00483,0.006538,0.004541,0.003562,-0.003859,-0.009633,-0.018026,-0.01606,-0.004617,-0.015604,-0.029142,-0.042892,-0.052323,-0.00081,-0.005639,-0.011584,-0.017848,-0.023271,0.091086,-0.930794,-0.121036,-0.895851,1,0,0,0,0,0,0,0,0,0,0
4673,0.00073,0.001582,0.001704,0.001704,0.001856,-0.013329,-0.029548,-0.032257,-0.037247,-0.058701,-0.003865,-0.011107,-0.015763,-0.017772,-0.019841,-0.008886,-0.013755,-0.019171,-0.027844,-0.037826,0.002434,0.008703,0.014789,0.020997,0.030005,-0.018715,-0.041234,-0.050363,-0.062444,-0.076807,0.000365,0.003865,0.010894,0.019506,0.022914,-0.00706,-0.010194,-0.014576,-0.023523,-0.033139,0.001212,0.001593,0.001442,0.000347,0.00038,-0.005232,-0.011022,-0.016793,-0.023099,-0.014878,-0.004905,-0.017044,-0.030086,-0.041936,-0.047998,-0.002069,-0.007533,-0.013213,-0.018778,-0.025103,0.088535,-0.927078,-0.125329,-0.893535,1,0,0,0,0,0,0,0,0,0,0
4674,0.000607,0.00088,0.000971,0.000941,0.001639,-0.00974,-0.017174,-0.020178,-0.035411,-0.04776,-0.004127,-0.010256,-0.012987,-0.015081,-0.01675,-0.004278,-0.005644,-0.014595,-0.024244,-0.033044,0.003156,0.009255,0.015627,0.022424,0.032225,-0.012107,-0.025853,-0.037929,-0.052069,-0.05565,0.000789,0.006281,0.015141,0.021301,0.022515,-0.002974,-0.003702,-0.009922,-0.020998,-0.030738,0.00065,-3.3e-05,0.00166,-0.00032,-0.00142,-0.002139,-0.007863,-0.016182,-0.014234,-0.004254,-0.005525,-0.018256,-0.031187,-0.040055,-0.043117,-0.002513,-0.008104,-0.013994,-0.019094,-0.025548,0.08762,-0.922495,-0.129256,-0.896831,1,0,0,0,0,0,0,0,0,0,0
4675,0.000241,0.000361,0.000361,0.000512,0.002288,-0.006383,-0.009062,-0.013999,-0.035224,-0.040493,-0.003071,-0.007677,-0.009664,-0.011711,-0.013277,-0.000572,-0.005931,-0.014511,-0.024386,-0.031732,0.003071,0.009092,0.015234,0.024145,0.032605,-0.010266,-0.019298,-0.03125,-0.045461,-0.041878,0.002679,0.009634,0.018154,0.021526,0.021345,-0.000151,-0.004486,-0.013337,-0.022851,-0.030046,-0.000268,-0.000417,-0.001501,-0.001468,-0.001391,-0.003606,-0.009316,-0.015554,-0.007421,0.002331,-0.006031,-0.01813,-0.029123,-0.034747,-0.036178,-0.00269,-0.007959,-0.013121,-0.018989,-0.023397,0.08733,-0.922574,-0.132031,-0.90143,1,0,0,0,0,0,0,0,0,0,0
4676,3e-05,0.00012,9e-05,0.000777,0.003824,-0.000986,-0.003944,-0.018942,-0.031103,-0.03412,-0.002988,-0.005677,-0.007738,-0.009382,-0.011622,-0.000777,-0.009591,-0.019092,-0.027756,-0.031401,0.002958,0.009232,0.015925,0.025575,0.032417,-0.003346,-0.015238,-0.029161,-0.032686,-0.030804,0.002749,0.011473,0.017538,0.018733,0.018315,-0.000568,-0.006693,-0.017598,-0.027189,-0.029459,-0.000407,0.001261,-0.000689,-0.001772,-0.000492,-0.002058,-0.010249,-0.00833,0.001496,0.006924,-0.005707,-0.017311,-0.02527,-0.028017,-0.029885,-0.002467,-0.007753,-0.01233,-0.018122,-0.020626,0.08744,-0.925711,-0.133416,-0.90417,1,0,0,0,0,0,0,0,0,0,0
4677,8.9e-05,8.9e-05,0.000237,0.001981,0.005086,-0.001656,-0.006506,-0.027353,-0.032528,-0.034686,-0.001567,-0.003519,-0.00553,-0.007067,-0.009403,-0.004495,-0.012922,-0.022621,-0.029837,-0.035189,0.002987,0.009019,0.017772,0.026081,0.031227,-0.005559,-0.017299,-0.031256,-0.027737,-0.026643,0.00411,0.012479,0.015791,0.015613,0.013869,-0.003696,-0.01239,-0.021734,-0.028802,-0.030546,0.000257,-0.000808,-0.000775,-0.0007,0.002873,-0.003572,-0.009699,-0.00171,0.007868,0.0114,-0.005361,-0.015056,-0.020016,-0.021277,-0.021984,-0.002352,-0.006905,-0.012079,-0.015967,-0.017174,0.088821,-0.92786,-0.134053,-0.908063,1,0,0,0,0,0,0,0,0,0,0
4678,0.0,-2.9e-05,0.000645,0.003633,0.006797,-0.00126,-0.015966,-0.027889,-0.030848,-0.036532,-0.001084,-0.003105,-0.004717,-0.006914,-0.008759,-0.004189,-0.013505,-0.022001,-0.025575,-0.033397,0.003193,0.009755,0.019218,0.025927,0.031346,-0.006152,-0.019804,-0.023261,-0.021415,-0.02039,0.004482,0.010429,0.011601,0.011191,0.005215,-0.002344,-0.013037,-0.02244,-0.024667,-0.031317,0.001381,-0.000531,-0.001593,-0.000338,0.001052,-0.004493,-0.002612,0.007023,0.012345,0.019327,-0.00509,-0.012024,-0.014418,-0.016046,-0.012365,-0.002403,-0.006391,-0.011438,-0.01362,-0.01454,0.093337,-0.925862,-0.135317,-0.913228,1,0,0,0,0,0,0,0,0,0,0
4679,0.0,0.000145,0.001861,0.004914,0.010438,-0.003518,-0.024016,-0.029104,-0.031226,-0.038117,-0.000843,-0.00282,-0.004332,-0.006629,-0.008519,-0.004129,-0.013665,-0.020759,-0.026022,-0.042537,0.002762,0.011368,0.019538,0.024597,0.031343,-0.005437,-0.01916,-0.0157,-0.014625,-0.013927,0.00378,0.007036,0.006862,0.005146,-0.01006,-0.006222,-0.01541,-0.022359,-0.024074,-0.049485,-0.002417,-0.002385,-0.002311,0.001202,-0.006807,-0.001565,0.006289,0.015707,0.019181,0.026867,-0.003786,-0.008192,-0.009313,-0.00994,0.001661,-0.001766,-0.006363,-0.009817,-0.01089,-0.010857,0.105132,-0.910773,-0.134222,-0.9165,1,0,0,0,0,0,0,0,0,0,0
4680,-2.9e-05,0.000636,0.003584,0.006705,0.014625,-0.011012,-0.022775,-0.025694,-0.031302,-0.040117,-0.001156,-0.002746,-0.004913,-0.006734,-0.009191,-0.005087,-0.013469,-0.016995,-0.024712,-0.043267,0.003728,0.013064,0.019683,0.02503,0.032082,-0.008064,-0.011474,-0.009653,-0.008642,-0.010289,0.00211,0.003266,0.002861,-0.003035,-0.023845,-0.004364,-0.013642,-0.015839,-0.0224,-0.048065,0.000517,-0.000531,0.000707,0.002079,-0.003565,0.003412,0.012918,0.018169,0.025057,0.031997,-0.002677,-0.004855,-0.006336,-0.002988,0.011784,-0.001934,-0.006526,-0.008511,-0.009348,-0.007771,0.117303,-0.915507,-0.132715,-0.924326,1,0,0,0,0,0,0,0,0,0,0
4681,0.000172,0.001865,0.004877,0.010328,0.019852,-0.009295,-0.014315,-0.01641,-0.023209,-0.035889,-0.000803,-0.002295,-0.004561,-0.006426,-0.009725,-0.004361,-0.011361,-0.016553,-0.032848,-0.042,0.004791,0.012852,0.017844,0.0245,0.032332,-0.005537,-0.002123,-0.001061,-0.000373,-0.002037,0.001119,0.000947,-0.000746,-0.01575,-0.034455,-0.004734,-0.01159,-0.013283,-0.038356,-0.051869,-0.000481,-0.000408,0.003058,-0.004844,-0.007664,0.004364,0.013656,0.017083,0.024667,0.035288,-0.001471,-0.002491,-0.003063,0.007502,0.019092,-0.00235,-0.005495,-0.006472,-0.006442,-0.003739,0.129678,-0.91586,-0.1327,-0.933703,1,0,0,0,0,0,0,0,0,0,0
4682,0.000485,0.003394,0.006475,0.01429,0.027525,-0.002367,-0.005248,-0.010782,-0.019481,-0.028095,-0.00077,-0.002909,-0.004706,-0.007131,-0.010582,-0.003936,-0.007416,-0.015032,-0.033343,-0.045579,0.00445,0.010981,0.016258,0.023218,0.033628,0.002139,0.003936,0.004934,0.003309,0.00482,2.9e-05,-0.000371,-0.006189,-0.026726,-0.042613,-0.00445,-0.006617,-0.013092,-0.03842,-0.074074,-0.000556,0.000666,0.00202,-0.00355,-0.025348,0.005042,0.010224,0.017022,0.023871,0.033453,-0.000573,-0.001923,0.001129,0.014595,0.024626,-0.001929,-0.003739,-0.004502,-0.003064,0.000444,0.141143,-0.889476,-0.131662,-0.936821,1,0,0,0,0,0,0,0,0,0,0
4683,0.001194,0.004178,0.009578,0.019013,0.036122,-0.002615,-0.004689,-0.011425,-0.023987,-0.031348,-0.000711,-0.002956,-0.004803,-0.008071,-0.009663,-0.003013,-0.008157,-0.024299,-0.033365,-0.057608,0.003553,0.008498,0.015091,0.02285,0.035952,0.00125,0.002302,0.002984,0.001336,0.001222,-0.000199,-0.001876,-0.01674,-0.03527,-0.053373,-0.002359,-0.004036,-0.028875,-0.042261,-0.127579,0.000626,0.00406,-0.003768,-0.006562,-0.064558,0.004181,0.007577,0.01509,0.025611,0.032197,-0.000397,-0.000932,0.00896,0.019813,0.031991,-0.001064,-0.001979,-0.001951,0.00058,0.004753,0.160353,-0.831129,-0.130934,-0.936533,1,0,0,0,0,0,0,0,0,0,0
4684,0.001703,0.004768,0.012545,0.025714,0.040444,-0.000255,-0.005761,-0.014418,-0.022989,-0.036612,-0.001419,-0.003207,-0.00562,-0.009054,-0.007408,-0.000454,-0.008032,-0.026253,-0.038429,-0.069535,0.002952,0.008202,0.015127,0.025487,0.037038,0.000539,0.001533,-8.5e-05,0.001419,-0.001079,-0.000199,-0.005989,-0.026423,-0.042232,-0.059147,0.000199,-0.006244,-0.031447,-0.066924,-0.193506,0.000591,0.001937,-0.003604,-0.025295,-0.115878,0.000981,0.007745,0.01456,0.024094,0.034658,-0.000911,0.002038,0.015043,0.024732,0.036279,-0.000694,-0.001431,-4.3e-05,0.003346,0.007378,0.175197,-0.765248,-0.128572,-0.941226,1,0,0,0,0,0,0,0,0,0,0
4685,0.001277,0.006669,0.016092,0.033177,0.04399,-0.001816,-0.008542,-0.021087,-0.028437,-0.038569,-0.000823,-0.002668,-0.005931,-0.007521,-0.005137,-0.004683,-0.020803,-0.029856,-0.054065,-0.075917,0.001987,0.008571,0.016319,0.029402,0.040527,0.000511,0.001192,-0.000454,-0.000568,-0.001674,-0.001476,-0.016319,-0.034823,-0.052901,-0.071575,-0.001873,-0.026678,-0.040045,-0.125243,-0.229228,0.002838,-0.004979,-0.007769,-0.065683,-0.140633,0.00241,0.009913,0.02042,0.026996,0.035976,0.000381,0.010176,0.020923,0.032981,0.039839,-0.000212,-0.000185,0.002322,0.006454,0.007246,0.195541,-0.731373,-0.127877,-0.945236,1,0,0,0,0,0,0,0,0,0,0
4686,0.001784,0.009545,0.022687,0.037386,0.050585,-0.003682,-0.01232,-0.020874,-0.034469,-0.038576,-0.000963,-0.00337,-0.006798,-0.005155,-0.002153,-0.002889,-0.021072,-0.033223,-0.064265,-0.077463,0.003257,0.010168,0.020506,0.032033,0.047866,0.000481,-0.001133,0.000368,-0.002124,-0.002804,-0.004305,-0.024698,-0.040474,-0.057354,-0.085819,-0.00456,-0.029711,-0.065114,-0.191435,-0.264367,-0.001489,-0.007019,-0.028665,-0.11906,-0.166352,0.004345,0.011146,0.020661,0.031203,0.034962,0.00253,0.015349,0.024898,0.036279,0.041273,-0.000518,0.000851,0.004191,0.008165,0.006177,0.218928,-0.698527,-0.131357,-0.953739,1,0,0,0,0,0,0,0,0,0,0
4687,0.003598,0.013002,0.030055,0.040847,0.057022,-0.003031,-0.015551,-0.022888,-0.033001,-0.04266,-0.000878,-0.004136,-0.005722,-0.003343,0.000453,-0.0132,-0.022237,-0.046399,-0.068211,-0.077785,0.003314,0.011047,0.024106,0.03521,0.050507,0.000198,-0.001445,-0.001558,-0.002663,-0.007592,-0.010509,-0.028978,-0.047023,-0.065662,-0.094782,-0.020197,-0.033539,-0.118576,-0.222366,-0.311255,-0.006314,-0.009098,-0.066904,-0.141712,-0.201494,0.003143,0.01363,0.020194,0.029157,0.033723,0.007134,0.017739,0.029639,0.036407,0.040514,0.000545,0.003019,0.007097,0.007878,0.009376,0.238033,-0.645319,-0.131561,-0.951199,1,0,0,0,0,0,0,0,0,0,0
4688,0.004168,0.017323,0.032039,0.045251,0.06093,-0.005614,-0.014176,-0.027786,-0.031897,-0.045676,-0.001531,-0.004962,-0.003317,-0.000312,0.006351,-0.00499,-0.017153,-0.048228,-0.06144,-0.069634,0.003601,0.01395,0.025489,0.041338,0.054239,-0.001815,-0.000312,-0.002807,-0.003487,-0.011284,-0.009895,-0.025688,-0.042586,-0.07108,-0.105727,-0.004962,-0.040403,-0.166855,-0.239864,-0.325205,0.000783,-0.020886,-0.111375,-0.158716,-0.20391,0.003663,0.013187,0.02374,0.027503,0.033048,0.005734,0.015353,0.026818,0.031848,0.034802,0.00083,0.004195,0.008198,0.006195,0.009674,0.266619,-0.612107,-0.133135,-0.952128,1,0,0,0,0,0,0,0,0,0,0
4689,0.00528,0.022462,0.033336,0.049633,0.063646,-0.006964,-0.014356,-0.024545,-0.034278,-0.044153,-0.001741,-0.003339,-0.000942,0.002883,0.014328,-0.004081,-0.028427,-0.050403,-0.06005,-0.068013,0.004167,0.017324,0.028512,0.043924,0.05848,0.000171,5.7e-05,-0.001056,-0.006022,-0.015726,-0.008648,-0.026828,-0.045608,-0.074948,-0.110796,-0.008448,-0.094128,-0.198702,-0.288263,-0.379908,-0.003594,-0.061837,-0.13721,-0.197444,-0.228598,0.006879,0.013493,0.022524,0.027125,0.027368,0.005174,0.017718,0.024852,0.029181,0.031711,0.001738,0.006037,0.00686,0.00844,0.007902,0.286666,-0.554288,-0.135596,-0.949436,1,0,0,0,0,0,0,0,0,0,0
4690,0.008029,0.022966,0.036377,0.052291,0.065472,-0.001669,-0.015483,-0.019656,-0.033643,-0.038823,-0.001727,-5.8e-05,0.002993,0.009756,0.018275,-0.008231,-0.039772,-0.053183,-0.061501,-0.061903,0.006303,0.018016,0.034103,0.047197,0.062479,0.001353,-0.00118,-0.001871,-0.009785,-0.018131,-0.00731,-0.024462,-0.053385,-0.088553,-0.123778,-0.027455,-0.155809,-0.229915,-0.316539,-0.407078,-0.018371,-0.110221,-0.158273,-0.204146,-0.225088,0.002731,0.013443,0.017263,0.022891,0.02004,0.005195,0.017922,0.023506,0.026785,0.028935,0.001893,0.006337,0.004113,0.007975,0.005252,0.310923,-0.521924,-0.137615,-0.948646,1,0,0,0,0,0,0,0,0,0,0
4691,0.009308,0.020287,0.036741,0.05089,0.062993,-0.005792,-0.01608,-0.025906,-0.035876,-0.040429,0.000115,0.002536,0.006397,0.017953,0.020805,-0.016339,-0.038528,-0.048267,-0.056307,-0.052331,0.006974,0.01827,0.03383,0.048527,0.062157,-0.00147,-0.002593,-0.007608,-0.017405,-0.020892,-0.011037,-0.029998,-0.059621,-0.095815,-0.133189,-0.059016,-0.164599,-0.255025,-0.347555,-0.42997,-0.04041,-0.116511,-0.177327,-0.208781,-0.206047,0.003943,0.013061,0.017707,0.017952,0.019218,0.008174,0.015804,0.020434,0.023141,0.025049,0.002687,0.003568,0.005257,0.004683,0.003202,0.330165,-0.471987,-0.137574,-0.949059,1,0,0,0,0,0,0,0,0,0,0
4692,0.005648,0.019075,0.03501,0.048207,0.057456,-0.008039,-0.012217,-0.026221,-0.031408,-0.034088,0.001556,0.00461,0.011382,0.019911,0.02043,-0.015243,-0.028671,-0.036998,-0.037401,-0.034318,0.004754,0.020862,0.033972,0.049273,0.058897,-0.001066,-0.001758,-0.009682,-0.018038,-0.022706,-0.006138,-0.035096,-0.070308,-0.105577,-0.13589,-0.069501,-0.143699,-0.230431,-0.321081,-0.415507,-0.051557,-0.099669,-0.145599,-0.166566,-0.155564,0.006783,0.010607,0.016242,0.013388,0.011471,0.004668,0.010301,0.013608,0.015777,0.017945,0.001797,-0.000446,0.003449,0.000703,-1e-06,0.34615,-0.428725,-0.135527,-0.945626,1,0,0,0,0,0,0,0,0,0,0
4693,0.005348,0.021853,0.036045,0.048186,0.056337,-0.002255,-0.012111,-0.022113,-0.02668,-0.026738,0.000867,0.004741,0.016332,0.019193,0.018529,-0.006966,-0.016736,-0.024801,-0.020812,-0.018095,0.006562,0.022171,0.036913,0.050585,0.057089,-5.8e-05,-0.005087,-0.014915,-0.018413,-0.028414,-0.012863,-0.042578,-0.078883,-0.116374,-0.144268,-0.03619,-0.126896,-0.219712,-0.302382,-0.384272,-0.024617,-0.085621,-0.117173,-0.114431,-0.086426,0.002343,0.007002,0.007249,0.008519,-0.001557,0.003025,0.007757,0.010522,0.012472,0.014729,-0.000937,0.000789,0.000202,-0.001311,-0.00108,0.361489,-0.392302,-0.133877,-0.93763,1,0,0,0,0,0,0,0,0,0,0
4694,0.008146,0.024178,0.037456,0.046762,0.052299,-0.001942,-0.016032,-0.02125,-0.023946,-0.024845,0.002203,0.009016,0.017597,0.018119,0.013713,-0.006523,-0.014901,-0.015307,-0.012205,-0.010234,0.009625,0.022816,0.03821,0.047892,0.053545,-0.000638,-0.00861,-0.017017,-0.021714,-0.033223,-0.016235,-0.051661,-0.087146,-0.117644,-0.141068,-0.038354,-0.125616,-0.21682,-0.311822,-0.393169,-0.023717,-0.069927,-0.091023,-0.079953,-0.044748,0.001498,0.007168,0.004296,0.002368,-0.008119,0.00279,0.006242,0.008504,0.010767,0.013888,-0.001384,0.002681,-0.000186,-0.00092,-0.002485,0.370748,-0.348584,-0.133554,-0.931003,1,0,0,0,0,0,0,0,0,0,0
4695,0.008465,0.022798,0.035058,0.043289,0.045946,-0.007998,-0.018098,-0.02271,-0.022769,-0.023498,0.001693,0.013398,0.016288,0.015617,0.006218,-0.003299,-0.011443,-0.007414,-0.00467,-0.004408,0.006072,0.020959,0.034766,0.041334,0.046617,-0.004437,-0.014362,-0.017894,-0.027994,-0.034707,-0.013661,-0.050324,-0.088184,-0.116353,-0.13629,-0.052981,-0.146711,-0.230196,-0.312892,-0.390831,-0.037725,-0.069587,-0.066818,-0.038538,-0.003322,0.003197,0.003446,0.004728,-0.005447,-0.010997,0.00214,0.005102,0.00719,0.009607,0.013542,0.003301,0.002673,0.001052,0.001299,-0.002279,0.38131,-0.315316,-0.132817,-0.927203,1,0,0,0,0,0,0,0,0,0,0
4696,0.007655,0.020986,0.030329,0.035888,0.039236,-0.006171,-0.01141,-0.014117,-0.015019,-0.015194,0.005152,0.013767,0.014291,0.009867,-0.000961,-0.005123,-0.00553,-0.002416,-0.000437,-0.002765,0.007189,0.022645,0.032366,0.038042,0.042088,-0.00358,-0.012021,-0.016736,-0.028291,-0.031231,-0.021946,-0.057573,-0.088193,-0.111711,-0.128068,-0.034782,-0.126351,-0.221733,-0.303406,-0.361793,-0.008779,-0.029959,-0.018845,0.016501,0.045634,0.002505,-0.000379,-0.002315,-0.012844,-0.015479,0.001452,0.003779,0.006105,0.009315,0.012924,0.000945,-0.002002,-0.002758,-0.004367,-0.005458,0.386822,-0.290388,-0.130974,-0.922771,1,0,0,0,0,0,0,0,0,0,0
4697,0.006631,0.018845,0.027046,0.029692,0.035421,-0.003897,-0.008492,-0.00855,-0.009277,-0.005874,0.006514,0.009393,0.008724,-0.00064,-0.014017,-0.002995,0.001018,0.003752,0.004013,-0.005089,0.007648,0.021404,0.027947,0.033211,0.035887,-0.006311,-0.00983,-0.019892,-0.02658,-0.023905,-0.014599,-0.052318,-0.080381,-0.100244,-0.11589,-0.058628,-0.141801,-0.224189,-0.301837,-0.34636,-0.022973,-0.020214,0.007961,0.043045,0.062363,-0.002255,-0.000977,-0.011114,-0.016644,-0.017799,0.001442,0.003476,0.005831,0.009664,0.012354,-0.001552,-0.00313,-0.00289,-0.006375,-0.003536,0.394761,-0.270079,-0.12788,-0.920373,1,0,0,0,0,0,0,0,0,0,0
4698,0.006677,0.015995,0.02154,0.024878,0.029987,-0.001335,-0.004035,-0.004935,-0.005109,-0.001829,0.00209,0.002613,-0.0018,-0.012599,-0.026185,0.002584,0.00569,0.007664,0.005341,-0.008448,0.00778,0.017476,0.023136,0.027172,0.028449,-0.002119,-0.006822,-0.018347,-0.021279,-0.017331,-0.020959,-0.051498,-0.074954,-0.091268,-0.106277,-0.032803,-0.127933,-0.209389,-0.267622,-0.298974,0.001807,0.012892,0.048144,0.077201,0.087658,-0.000625,-0.002556,-0.013057,-0.015685,-0.015567,0.00086,0.003144,0.006294,0.009837,0.011304,-0.001361,-0.002102,-0.003682,-0.004753,-0.001006,0.400481,-0.258548,-0.125168,-0.918735,1,0,0,0,0,0,0,0,0,0,0
4699,0.005505,0.013675,0.016311,0.022018,0.023438,-0.003245,-0.003303,-0.004027,-0.000637,-0.001159,0.000782,0.000116,-0.009213,-0.02254,-0.032825,0.00142,0.004143,0.004404,-0.004664,-0.017557,0.005939,0.012458,0.017702,0.020367,0.020686,-0.001391,-0.011415,-0.018078,-0.015413,-0.015065,-0.016659,-0.044616,-0.064404,-0.079991,-0.088103,-0.050121,-0.132197,-0.209552,-0.253907,-0.280561,0.000945,0.029013,0.063965,0.083209,0.088977,0.001897,-0.008202,-0.013711,-0.014862,-0.014153,0.001133,0.003426,0.007159,0.009778,0.011191,-0.000195,3.9e-05,-0.003356,-0.000591,0.000563,0.404477,-0.244514,-0.123216,-0.918463,1,0,0,0,0,0,0,0,0,0,0
4700,0.003785,0.009305,0.012628,0.017713,0.018176,0.000549,-0.000347,-0.00052,0.002745,-0.000231,-0.00026,-0.004652,-0.015402,-0.028925,-0.034993,0.001676,0.003641,0.001329,-0.012396,-0.024128,0.003728,0.009362,0.013379,0.01465,0.015026,-0.003294,-0.014766,-0.017684,-0.013754,-0.014332,-0.013783,-0.037131,-0.053371,-0.06831,-0.070159,-0.044702,-0.125784,-0.183749,-0.214957,-0.235849,0.010092,0.045182,0.074104,0.084514,0.086153,-0.003814,-0.014267,-0.016883,-0.016765,-0.014401,0.001099,0.004149,0.00758,0.009,0.010117,-0.000526,-0.002055,-0.003093,0.000536,0.000928,0.404588,-0.239924,-0.121695,-0.917656,1,0,0,0,0,0,0,0,0,0,0
4701,0.00436,0.006987,0.012675,0.01409,0.014754,-0.000606,-0.001328,0.00205,0.00153,-0.00205,-0.000404,-0.009701,-0.022982,-0.033232,-0.034849,0.001039,0.001299,-0.007738,-0.020586,-0.030431,0.002772,0.007998,0.010654,0.010971,0.011433,-0.006698,-0.013339,-0.010683,-0.010336,-0.010971,-0.01409,-0.033809,-0.049343,-0.057427,-0.056821,-0.03713,-0.114219,-0.158422,-0.184985,-0.204762,0.017889,0.052721,0.071899,0.077647,0.081607,-0.006254,-0.011744,-0.01289,-0.012184,-0.009294,0.001146,0.00479,0.007348,0.008727,0.009804,0.000752,-0.002562,0.000137,0.001263,0.00184,0.406977,-0.227747,-0.120012,-0.917634,1,0,0,0,0,0,0,0,0,0,0
4702,0.001152,0.004464,0.009532,0.009993,0.011576,-0.000288,-0.000461,0.002793,-0.000173,-0.001469,-0.003974,-0.014686,-0.028163,-0.034211,-0.033721,0.000922,-0.001382,-0.015061,-0.026752,-0.036399,0.002851,0.006854,0.008121,0.008495,0.009935,-0.004752,-0.00766,-0.003744,-0.00432,-0.004176,-0.009215,-0.025399,-0.040287,-0.04213,-0.041842,-0.043771,-0.101538,-0.132639,-0.153459,-0.179722,0.017128,0.045951,0.056325,0.057959,0.067957,-0.00418,-0.006787,-0.006669,-0.004313,-0.002906,0.001853,0.005201,0.006588,0.007679,0.009258,-0.002231,-0.003244,0.000299,0.000682,0.001002,0.408223,-0.217138,-0.119851,-0.917025,1,0,0,0,0,0,0,0,0,0,0
4703,0.001464,0.00712,0.008527,0.009187,0.013292,-0.000431,0.002928,0.002412,-0.001148,0.001091,-0.005282,-0.018489,-0.02868,-0.030288,-0.029829,-0.00066,-0.009646,-0.022422,-0.032211,-0.04091,0.002354,0.004995,0.005311,0.005771,0.009302,-0.001866,0.000775,0.00112,0.000488,0.004077,-0.010421,-0.025867,-0.033905,-0.033302,-0.029742,-0.033015,-0.076969,-0.103381,-0.123047,-0.149459,0.017559,0.036629,0.042344,0.046282,0.054711,-0.001292,-0.002432,-0.00173,0.001144,0.002404,0.001689,0.004147,0.005472,0.006508,0.008534,-0.001001,0.001593,0.002675,0.00323,0.003941,0.40653,-0.204852,-0.120686,-0.918998,1,0,0,0,0,0,0,0,0,0,0
4704,0.001832,0.006868,0.007326,0.0089,0.014166,0.000258,0.003491,0.000544,-0.000744,0.003348,-0.00538,-0.018774,-0.024783,-0.024297,-0.024154,-0.001631,-0.015225,-0.026844,-0.036431,-0.040981,0.001631,0.00289,0.003262,0.004693,0.009501,-0.00103,0.002862,0.002289,0.002433,0.007527,-0.005695,-0.020491,-0.022322,-0.022036,-0.017457,-0.024497,-0.055405,-0.076096,-0.102196,-0.141317,0.011141,0.02145,0.023074,0.03301,0.051942,-0.001303,-0.001186,0.001155,0.002553,0.003484,0.001554,0.002882,0.003926,0.005438,0.009578,9e-06,0.003401,0.003768,0.004075,0.00462,0.407089,-0.181799,-0.122528,-0.919916,1,0,0,0,0,0,0,0,0,0,0
4705,0.00379,0.005187,0.005842,0.009917,0.013679,0.003078,0.002565,-0.000969,0.001254,0.003961,-0.007751,-0.017868,-0.019464,-0.019008,-0.01536,-0.007295,-0.019977,-0.029694,-0.038329,-0.044142,0.000997,0.001311,0.001767,0.005272,0.009746,0.003648,0.00399,0.003363,0.006925,0.010288,-0.009661,-0.01764,-0.017041,-0.013508,0.008264,-0.019236,-0.045453,-0.064974,-0.091191,-0.150323,0.007836,0.013509,0.017418,0.025784,0.049749,0.000166,0.000863,0.003716,0.004966,0.005711,0.000825,0.002083,0.003067,0.004991,0.013417,0.002454,0.003482,0.004009,0.004683,0.004121,0.390889,-0.150019,-0.12442,-0.924334,1,0,0,0,0,0,0,0,0,0,0
4706,0.001217,0.00167,0.003226,0.008433,0.010725,0.000141,-0.002773,-0.004047,0.0,0.001811,-0.005546,-0.011489,-0.011008,-0.010867,-0.004924,-0.006197,-0.017686,-0.027166,-0.031666,-0.04273,0.000255,0.000623,0.002037,0.006792,0.010244,0.000226,-0.00034,-0.000198,0.004839,0.008235,-0.005037,-0.006848,-0.006565,-0.002037,0.051531,-0.011461,-0.03192,-0.057729,-0.096412,-0.161046,0.002413,0.004019,0.013843,0.032564,0.041847,-4.9e-05,0.002266,0.003648,0.004569,0.006296,0.000441,0.001406,0.002804,0.006631,0.019132,0.000798,0.001137,0.001421,0.001925,0.001102,0.362396,-0.122592,-0.126528,-0.931122,1,0,0,0,0,0,0,0,0,0,0
4707,0.000169,0.000818,0.004854,0.00858,0.010725,-0.000649,-0.004149,-0.001947,0.000734,0.001693,-0.004487,-0.006068,-0.005616,-0.002004,0.009624,-0.006378,-0.016002,-0.024554,-0.030311,-0.046257,5.6e-05,0.000508,0.003979,0.00841,0.011289,0.000113,-0.000508,0.00302,0.00635,0.0081,-0.002879,-0.002286,0.001214,0.022776,0.104368,-0.014535,-0.033867,-0.059832,-0.118394,-0.177408,0.003212,0.007083,0.015369,0.039103,0.035023,0.000739,0.003564,0.004803,0.005541,0.006423,0.000743,0.001662,0.003459,0.011333,0.025696,0.000177,0.000669,0.001299,0.000774,0.000235,0.317851,-0.097079,-0.128066,-0.934011,1,0,0,0,0,0,0,0,0,0,0
4708,0.000282,0.001833,0.007022,0.009307,0.011027,-0.002256,-0.003525,0.000508,0.002313,0.001664,-0.001438,-0.000959,-0.000818,0.005105,0.021913,-0.005076,-0.014524,-0.019008,-0.030035,-0.053246,0.00031,0.00172,0.006458,0.009899,0.012212,-0.000677,-0.000536,0.004484,0.007868,0.008263,0.001072,0.001354,0.005866,0.059253,0.147272,-0.005866,-0.031587,-0.070139,-0.134553,-0.207597,-0.001609,0.008182,0.026839,0.036091,0.047652,0.001568,0.002946,0.003863,0.005585,0.006699,0.000203,0.001568,0.005305,0.017512,0.03269,0.000155,0.000432,0.000924,0.000121,-0.000267,0.282445,-0.054602,-0.130102,-0.94056,0,0,1,0,0,0,0,0,0,0,0
4709,0.000366,0.004396,0.008115,0.010256,0.011186,-0.00124,0.000958,0.003635,0.004593,0.003888,-0.000141,0.00031,0.003917,0.015525,0.036404,-0.004536,-0.013074,-0.018822,-0.034742,-0.075344,0.000141,0.003607,0.00803,0.010904,0.012398,5.6e-05,0.003578,0.006903,0.00865,0.009383,-0.000479,0.003015,0.024542,0.106,0.20862,-0.01344,-0.039363,-0.097829,-0.156747,-0.277737,0.005473,0.013745,0.03744,0.033367,0.083587,0.001253,0.00249,0.003227,0.004108,0.005609,0.000706,0.002484,0.010268,0.024468,0.048412,0.000333,0.000956,0.000436,-9.6e-05,-0.000411,0.222235,0.018714,-0.131685,-0.946116,0,0,1,0,0,0,0,0,0,0,0
4710,0.001183,0.006364,0.008645,0.010362,0.01101,-2.8e-05,0.003999,0.005801,0.005153,0.005181,0.000619,0.00076,0.006674,0.023456,0.046856,-0.0049,-0.009377,-0.020387,-0.043561,-0.084448,0.001267,0.005998,0.009433,0.011742,0.012981,8.4e-05,0.005097,0.008476,0.00887,0.009377,0.00076,0.005266,0.05857,0.146453,0.273843,-0.012249,-0.050742,-0.115056,-0.187987,-0.31977,0.004307,0.022935,0.032172,0.043716,0.114045,0.000123,0.001039,0.002757,0.003871,0.004426,0.000647,0.004344,0.016419,0.031433,0.072308,-5.7e-05,0.00043,-0.000365,-0.000749,-0.001205,0.158139,0.072843,-0.133666,-0.949151,0,0,1,0,0,0,0,0,0,0,0
4711,0.002842,0.006555,0.008693,0.009622,0.009734,0.002223,0.004895,0.005852,0.005149,0.004867,-0.000169,0.003432,0.015024,0.035871,0.063555,-0.003629,-0.009369,-0.025264,-0.065805,-0.125674,0.002194,0.006611,0.009481,0.010972,0.011957,0.003432,0.006752,0.008496,0.009228,0.008581,0.002729,0.024223,0.105558,0.208022,0.351421,-0.013645,-0.072023,-0.130851,-0.251658,-0.38158,0.003957,0.027616,0.023549,0.073693,0.140132,0.001111,0.001847,0.002727,0.004226,0.003984,0.001116,0.008818,0.022867,0.046559,0.109082,0.000673,0.000159,-0.000368,-0.000679,-0.001476,0.082678,0.14213,-0.136539,-0.94831,0,0,1,0,0,0,0,0,0,0,0
4712,0.002332,0.004607,0.006321,0.006967,0.006798,0.001798,0.003596,0.00295,0.002978,0.001882,0.000309,0.006208,0.022952,0.046297,0.087144,-0.000843,-0.011827,-0.034947,-0.075738,-0.161337,0.002528,0.005956,0.008259,0.009495,0.010001,0.001573,0.004944,0.005338,0.005843,0.004888,0.00177,0.054949,0.142627,0.269719,0.41802,-0.024778,-0.088942,-0.161702,-0.293176,-0.408609,0.014633,0.023849,0.035366,0.10553,0.145034,-0.000196,0.001518,0.002629,0.003183,0.003416,0.002532,0.014411,0.029181,0.069391,0.142432,-0.000188,-0.00097,-0.001347,-0.001795,-0.002355,0.01945,0.169013,-0.137751,-0.940943,0,0,1,0,0,0,0,0,0,0,0
4713,0.001376,0.00351,0.004436,0.004548,0.004492,0.00087,0.001825,0.001123,0.000842,-0.00132,0.003285,0.014853,0.035658,0.063286,0.111045,-0.004885,-0.020749,-0.061208,-0.120956,-0.203895,0.001881,0.004745,0.006233,0.007216,0.007805,0.001741,0.003482,0.004212,0.003566,0.003201,0.019682,0.100853,0.203109,0.346218,0.484188,-0.033496,-0.092205,-0.212768,-0.342428,-0.392208,0.008986,0.004927,0.05497,0.121275,0.108284,0.000931,0.001809,0.003304,0.003063,0.004933,0.005071,0.018923,0.042282,0.103925,0.176742,-0.00032,-0.00084,-0.001146,-0.001932,-0.002267,-0.043536,0.154005,-0.138624,-0.932582,0,0,1,0,0,0,0,0,0,0,0
4714,0.000901,0.002619,0.003267,0.003098,0.003126,0.000929,0.000282,0.00031,-0.000789,-0.003746,0.002619,0.019404,0.042806,0.083754,0.142584,-0.006111,-0.029289,-0.07018,-0.155989,-0.228563,0.001549,0.003858,0.005097,0.005604,0.005435,0.001633,0.002028,0.002535,0.001577,0.001464,0.033569,0.121463,0.248868,0.397535,0.542598,-0.030725,-0.103664,-0.235463,-0.351181,-0.393367,0.000226,0.01177,0.082108,0.12171,0.119171,0.000786,0.001899,0.002455,0.002688,0.005477,0.006906,0.021933,0.062842,0.137153,0.202732,-0.000469,-0.000853,-0.001309,-0.001878,-0.001343,-0.121528,0.181953,-0.140142,-0.931577,0,0,1,0,0,0,0,0,0,0,0
4715,0.001246,0.002181,0.002294,0.002237,0.001897,2.8e-05,-0.00068,-0.000963,-0.003143,-0.004559,0.009034,0.030018,0.057884,0.106054,0.163654,-0.009855,-0.050662,-0.110925,-0.194578,-0.273305,0.001331,0.002832,0.003823,0.004418,0.003172,0.000113,0.00085,0.000198,-0.00017,-0.000368,0.048114,0.151251,0.295592,0.43475,0.574192,-0.028319,-0.14992,-0.280696,-0.330905,-0.401334,-0.00432,0.046153,0.113029,0.099926,0.125425,9.6e-05,0.001604,0.001361,0.003247,0.004326,0.00753,0.032333,0.097789,0.17511,0.239184,-6.5e-05,-0.00039,-0.001225,-0.001581,-0.000585,-0.187767,0.211037,-0.143202,-0.927695,0,0,1,0,0,0,0,0,0,0,0
4716,0.000483,0.001136,0.000966,0.000994,-0.002528,-0.000682,-0.000653,-0.001761,-0.004743,-0.008975,0.007867,0.03147,0.072767,0.132099,0.189557,-0.013491,-0.054731,-0.141273,-0.214466,-0.324525,0.000994,0.002244,0.002755,0.002585,0.001164,0.000284,0.000795,-0.00017,-0.000284,-0.000653,0.040388,0.16888,0.318816,0.465117,0.578272,-0.04516,-0.178083,-0.294788,-0.337335,-0.39769,0.015976,0.086914,0.126854,0.124294,0.106904,0.001027,0.001587,0.001823,0.004636,0.008755,0.008262,0.051678,0.130543,0.20014,0.2627,-0.000341,-0.000826,-0.00143,-0.000862,-0.002369,-0.241694,0.227774,-0.144032,-0.924342,0,0,1,0,0,0,0,0,0,0,0
4717,0.000457,0.000572,0.000515,0.000172,-0.004059,-2.9e-05,-0.000314,-0.002516,-0.003945,-0.008205,0.013265,0.041395,0.090022,0.148169,0.220239,-0.027616,-0.08845,-0.172898,-0.252371,-0.348711,0.000515,0.001515,0.002115,0.000858,-0.001058,0.000457,-0.0002,-0.000572,-0.000772,0.002687,0.063464,0.209175,0.349655,0.49042,0.576583,-0.077301,-0.209318,-0.260004,-0.331101,-0.374212,0.034872,0.102383,0.089155,0.114896,0.076753,0.000489,0.000244,0.002147,0.003237,0.011203,0.017853,0.087783,0.170391,0.238845,0.271088,1e-05,-0.000882,-0.001262,-0.000199,-0.001392,-0.281268,0.244941,-0.144629,-0.925122,0,0,1,0,0,0,0,0,0,0,0
4718,0.000201,2.9e-05,5.7e-05,-0.003507,-0.008969,5.7e-05,-0.001064,-0.004082,-0.008365,-0.007819,0.01055,0.052346,0.112397,0.17055,0.229105,-0.013971,-0.101559,-0.175638,-0.287028,-0.345785,0.000747,0.001265,0.001092,-0.000345,-0.005059,5.7e-05,-0.00092,-0.001035,-0.001409,0.003306,0.066231,0.217981,0.366051,0.480575,0.549134,-0.056802,-0.174919,-0.217981,-0.279066,-0.306317,0.036731,0.077154,0.074563,0.056962,0.036763,7.5e-05,0.000314,0.003161,0.00733,0.011562,0.028672,0.114463,0.190173,0.258227,0.274747,-0.000537,-0.001194,-0.000576,-0.002215,-0.002401,-0.317368,0.246364,-0.142233,-0.924461,0,0,1,0,0,0,0,0,0,0,0
4719,-8.6e-05,-0.000144,-0.00049,-0.004756,-0.01326,-0.000346,-0.002566,-0.004007,-0.008302,-0.00761,0.017786,0.066818,0.12545,0.19812,0.229656,-0.047332,-0.132484,-0.21262,-0.309763,-0.36018,0.000259,0.000865,-0.000404,-0.002335,-0.011184,-0.000721,-0.001095,-0.001297,0.002191,0.004151,0.080511,0.222161,0.3641,0.450981,0.513534,-0.076158,-0.127266,-0.198956,-0.242426,-0.259808,0.03124,0.017903,0.043858,0.005397,-0.002356,-0.000323,0.001596,0.002696,0.010728,0.011935,0.044879,0.13243,0.20498,0.239152,0.266362,-0.000398,-0.000801,0.000326,-0.000938,-0.000336,-0.347072,0.250565,-0.138217,-0.924234,0,0,1,0,0,0,0,0,0,0,0
4720,-8.6e-05,-5.8e-05,-0.003631,-0.009106,-0.015792,-0.000778,-0.003804,-0.008098,-0.00755,-0.006657,0.024121,0.084321,0.14262,0.201322,0.221926,-0.040489,-0.114753,-0.226422,-0.285326,-0.332645,0.000259,8.6e-05,-0.001354,-0.006081,-0.014899,-0.000259,-0.000375,-0.000749,0.003977,0.00487,0.071641,0.220082,0.334893,0.403623,0.450567,-0.042276,-0.085445,-0.146683,-0.174002,-0.185357,0.009292,0.006695,-0.01095,-0.0312,-0.042255,0.000562,0.003416,0.007596,0.011838,0.01154,0.042513,0.119559,0.188813,0.205624,0.230913,-0.000272,0.000357,-0.001311,-0.0015,0.000908,-0.364971,0.250438,-0.136187,-0.924153,0,0,1,0,0,0,0,0,0,0,0
4721,2.9e-05,-0.000315,-0.004548,-0.012986,-0.018535,-0.00143,-0.00286,-0.007122,-0.006436,-0.003461,0.024713,0.082891,0.154998,0.186289,0.198789,-0.044306,-0.123821,-0.220212,-0.270238,-0.313743,0.000343,-0.000915,-0.002832,-0.011613,-0.017991,-0.000114,-0.000315,0.003146,0.005091,0.005063,0.069447,0.210287,0.296495,0.358563,0.38136,-0.008752,-0.079887,-0.12302,-0.140268,-0.14267,-0.022457,0.003298,-0.034866,-0.042559,-0.065939,0.001347,0.002437,0.010408,0.011606,0.008516,0.042573,0.111281,0.143644,0.169412,0.18711,-0.000124,0.000943,-0.000254,0.000316,0.000764,-0.370976,0.248572,-0.135133,-0.924067,0,0,1,0,0,0,0,0,0,0,0
4722,0.0,-0.003512,-0.008894,-0.015466,-0.019573,-0.001558,-0.005778,-0.00524,-0.004362,0.000793,0.034698,0.092001,0.149699,0.169952,0.1776,-0.029118,-0.138879,-0.196776,-0.243286,-0.294498,-0.00051,-0.001926,-0.006571,-0.015239,-0.020479,0.0,-0.000368,0.004277,0.005155,0.006345,0.07713,0.189978,0.257533,0.303675,0.305743,-0.033764,-0.093955,-0.120807,-0.131968,-0.131458,0.019686,0.002343,-0.017561,-0.028427,-0.069075,0.001472,0.00558,0.00975,0.009456,0.005373,0.028521,0.089902,0.104802,0.127215,0.140045,0.000673,-0.000806,-0.000973,0.001161,0.001722,-0.367429,0.241868,-0.134197,-0.923058,0,0,1,0,0,0,0,0,0,0,0
4723,-0.000339,-0.004526,-0.012871,-0.018359,-0.020707,0.000141,-0.004074,-0.003395,-0.000453,0.004102,0.022886,0.094202,0.125149,0.137512,0.148177,-0.049562,-0.144895,-0.194372,-0.237399,-0.285971,-0.000736,-0.002631,-0.011316,-0.017624,-0.021528,-0.000198,0.003225,0.005149,0.00512,0.007497,0.062264,0.147526,0.208912,0.231459,0.220256,-0.036634,-0.079293,-0.096352,-0.098728,-0.094937,0.005811,-0.031933,-0.039542,-0.062666,-0.114472,-0.000391,0.007492,0.008677,0.005621,0.00325,0.035335,0.065292,0.089145,0.105526,0.112493,0.000321,-0.000787,-0.00026,0.000155,0.001369,-0.357995,0.230557,-0.133274,-0.920355,0,0,1,0,0,0,0,0,0,0,0
4724,-0.003159,-0.008518,-0.015062,-0.019152,-0.020703,-0.004344,-0.003808,-0.002933,0.0022,0.003949,0.034242,0.091698,0.111865,0.119481,0.121399,-0.059881,-0.117534,-0.163849,-0.214845,-0.24762,-0.000677,-0.005303,-0.013934,-0.019152,-0.021211,-0.000169,0.004457,0.005331,0.006516,0.008152,0.050291,0.117563,0.16351,0.165569,0.152679,-0.023411,-0.05015,-0.061263,-0.060756,-0.052576,-0.023064,-0.042884,-0.053705,-0.094181,-0.132232,0.004481,0.008633,0.008341,0.004275,0.004094,0.024976,0.039442,0.061203,0.07366,0.077753,-0.00175,-0.001913,0.00016,0.000705,0.001168,-0.352281,0.218024,-0.132753,-0.918436,0,0,1,0,0,0,0,0,0,0,0
4725,-0.001012,-0.009308,-0.014763,-0.017097,-0.018025,0.000141,0.000815,0.00374,0.008267,0.007817,0.036753,0.067517,0.079805,0.090407,0.083939,-0.035066,-0.084248,-0.127019,-0.175302,-0.191527,-0.001209,-0.009842,-0.016113,-0.019994,-0.020472,0.003571,0.005483,0.005455,0.007817,0.008127,0.034616,0.095637,0.118049,0.106913,0.093866,-0.019066,-0.036022,-0.038384,-0.034616,-0.022412,-0.014526,-0.022089,-0.045075,-0.096573,-0.119834,0.003368,0.004546,0.001509,-0.000848,-3.5e-05,0.00428,0.027156,0.042867,0.049548,0.05242,0.00065,0.001156,0.001554,0.002718,0.002396,-0.345033,0.206606,-0.133429,-0.920152,1,0,0,0,0,0,0,0,0,0,0
4726,-0.004333,-0.010861,-0.014941,-0.016489,-0.017417,0.000394,0.001266,0.006387,0.008132,0.008329,0.020541,0.040659,0.048257,0.05017,0.048426,-0.022426,-0.068629,-0.119502,-0.152199,-0.158867,-0.003405,-0.012015,-0.01722,-0.019275,-0.019134,0.001041,0.001913,0.003095,0.004727,0.004221,0.032471,0.078308,0.080362,0.067503,0.059259,-0.007597,-0.018684,-0.018177,-0.010017,0.0009,-0.005238,-0.016032,-0.056411,-0.09437,-0.110374,0.000772,0.00048,-0.003576,-0.003757,-0.004307,0.009925,0.031321,0.043569,0.047593,0.048908,-0.000813,0.001225,0.00176,0.002216,0.00113,-0.345417,0.201491,-0.133777,-0.919276,1,0,0,0,0,0,0,0,0,0,0
4727,-0.003965,-0.00942,-0.011754,-0.012682,-0.013751,0.000281,0.003206,0.007733,0.007283,0.00793,0.010236,0.022525,0.033126,0.026658,0.034869,-0.026771,-0.069542,-0.117825,-0.13405,-0.135822,-0.00523,-0.011501,-0.015382,-0.01586,-0.01496,0.000872,0.000844,0.003206,0.003515,0.001406,0.02857,0.050982,0.039847,0.026799,0.027164,-0.009364,-0.011726,-0.007958,0.004246,0.011136,-0.002329,-0.025315,-0.076813,-0.100075,-0.111591,0.000406,-0.002631,-0.004988,-0.004175,-0.00663,0.012995,0.028707,0.035389,0.038261,0.038544,0.001315,0.001713,0.002877,0.002556,0.000396,-0.34603,0.197971,-0.134845,-0.917856,1,0,0,0,0,0,0,0,0,0,0
4728,-0.002556,-0.006629,-0.008173,-0.0091,-0.010224,0.00059,0.005702,0.007443,0.00764,0.006881,0.009859,0.017442,0.019352,0.017611,0.025924,-0.01938,-0.070162,-0.102799,-0.109455,-0.110382,-0.00337,-0.008567,-0.010617,-0.010476,-0.008567,0.0,0.00118,0.002809,0.002303,-0.002022,0.017217,0.019268,0.006432,-0.001798,8.4e-05,-0.001713,-0.001208,0.006938,0.017835,0.021515,-0.008448,-0.048754,-0.086645,-0.102619,-0.110527,-0.000697,-0.004746,-0.004926,-0.005476,-0.008576,0.008239,0.020333,0.024306,0.025604,0.025557,0.000708,0.001236,0.001687,0.000614,-0.002572,-0.347058,0.196443,-0.136365,-0.915222,1,0,0,0,0,0,0,0,0,0,0
4729,-0.002893,-0.005224,-0.006151,-0.007218,-0.008032,0.002331,0.006853,0.006403,0.007049,0.006347,0.002415,0.013004,0.006544,0.014745,0.01525,-0.023339,-0.071562,-0.087767,-0.089537,-0.085183,-0.002893,-0.006769,-0.007246,-0.006347,-0.003286,-2.8e-05,0.002331,0.00264,0.000534,-0.005477,0.005168,-0.005954,-0.018986,-0.018621,-0.014913,-0.000646,0.003117,0.015307,0.022188,0.023311,-0.014509,-0.065944,-0.089176,-0.100678,-0.096168,-0.002337,-0.004691,-0.003878,-0.00633,-0.011012,0.007339,0.013963,0.01681,0.017091,0.017017,-0.000313,0.000841,0.000522,-0.001619,-0.00571,-0.349407,0.197407,-0.138462,-0.911132,1,0,0,0,0,0,0,0,0,0,0
4730,-0.00118,-0.002726,-0.003653,-0.004777,-0.005311,0.002782,0.004524,0.004721,0.003962,0.004018,0.00517,0.007081,0.005339,0.013657,0.012982,-0.027454,-0.060106,-0.066765,-0.067693,-0.056087,-0.002304,-0.004355,-0.004215,-0.002304,0.001293,0.001208,0.002838,0.002332,-0.001995,-0.008289,-0.003119,-0.015961,-0.024194,-0.022311,-0.016467,0.001152,0.009301,0.020204,0.023885,0.024672,-0.025808,-0.063715,-0.079697,-0.087608,-0.075818,-0.001713,-0.001894,-0.002443,-0.005545,-0.011199,0.004766,0.008753,0.010055,0.010008,0.009488,0.000845,0.001296,0.00022,-0.002975,-0.007354,-0.352976,0.197338,-0.140411,-0.908002,1,0,0,0,0,0,0,0,0,0,0
4731,-0.00115,-0.002075,-0.00314,-0.003954,-0.004094,0.001738,0.00129,0.001935,0.001234,0.002355,0.005412,-0.001037,0.00715,0.007655,0.007599,-0.020749,-0.036928,-0.038694,-0.034348,-0.025404,-0.00157,-0.002047,-0.00115,0.001907,0.005299,0.00115,0.001458,-0.000645,-0.006645,-0.009618,-0.007991,-0.021002,-0.020637,-0.016936,-0.010234,0.002608,0.014777,0.021646,0.022768,0.024002,-0.025598,-0.048792,-0.060276,-0.055772,-0.045695,-0.000641,0.00017,-0.002277,-0.006952,-0.010444,0.001853,0.004667,0.004945,0.004872,0.004646,0.000309,-6e-06,-0.002123,-0.006168,-0.009614,-0.355976,0.197101,-0.142132,-0.906613,1,0,0,0,0,0,0,0,0,0,0
4732,-0.000391,-0.001312,-0.002429,-0.00296,-0.002904,0.0,0.000195,-0.000558,-0.000503,0.001759,-0.00349,-0.005222,0.003044,0.002373,0.001173,-0.011783,-0.018401,-0.019322,-0.00779,0.008349,-0.000475,-0.000335,0.001564,0.005138,0.008963,0.000475,-2.8e-05,-0.004328,-0.010583,-0.011029,-0.004803,-0.012984,-0.011113,-0.005305,-0.002262,0.005501,0.016335,0.019993,0.020774,0.025968,-0.012177,-0.028058,-0.035919,-0.024204,-0.014032,0.000459,-8.7e-05,-0.00317,-0.008787,-0.010853,0.002014,0.00326,0.003215,0.002717,0.001905,0.000132,-0.000897,-0.003955,-0.008143,-0.011472,-0.355964,0.192895,-0.144355,-0.906226,1,0,0,0,0,0,0,0,0,0,0
4733,-0.000529,-0.001587,-0.002395,-0.002534,-0.002451,-0.000446,0.000195,-0.000501,0.000613,0.002339,-0.002924,0.005208,0.005709,0.005653,0.003648,-0.004316,-0.006071,-0.001754,0.007129,0.040798,0.0,0.000891,0.003927,0.007296,0.010749,-0.000167,-0.002256,-0.008215,-0.011167,-0.01036,-0.008132,-0.00777,-0.004094,0.002562,0.007324,0.0066,0.013423,0.014537,0.015762,0.026818,-0.010892,-0.022297,-0.017824,-0.007815,0.011793,0.000348,-0.002083,-0.006726,-0.010194,-0.010546,0.000706,0.000971,0.000901,0.000686,-0.00125,-0.00043,-0.002448,-0.006303,-0.009589,-0.012309,-0.360457,0.186926,-0.145789,-0.90697,1,0,0,0,0,0,0,0,0,0,0
4734,-0.000391,-0.001508,-0.002038,-0.001982,-0.001982,0.000642,-0.000112,-5.6e-05,0.002206,0.003797,0.001201,0.009465,0.008795,0.007594,0.005919,-0.002289,-0.003211,0.00832,0.024458,0.068348,0.00014,0.002038,0.005612,0.009437,0.011894,-0.000335,-0.004635,-0.010889,-0.011335,-0.009186,-2.8e-05,0.001843,0.00765,0.010693,0.017171,0.004216,0.007873,0.008655,0.013848,0.03275,-0.00496,-0.01282,-0.001106,0.009065,0.031516,-0.000895,-0.003977,-0.009594,-0.01166,-0.010696,0.000526,0.000481,-1.6e-05,-0.000828,-0.003218,-0.000591,-0.003646,-0.007832,-0.011158,-0.013014,-0.362935,0.174993,-0.147545,-0.909309,1,0,0,0,0,0,0,0,0,0,0
4735,-0.000671,-0.001482,-0.001622,-0.001538,-0.001594,0.0,-0.000699,0.000419,0.002153,0.005004,0.006961,0.007465,0.007409,0.005396,0.004278,0.000531,0.004865,0.013783,0.047584,0.102744,0.000755,0.003802,0.007185,0.010652,0.013364,-0.001761,-0.007744,-0.010708,-0.009897,-0.007325,0.000391,0.004082,0.010764,0.015544,0.020297,0.002628,0.003746,0.004976,0.016076,0.051973,-0.006483,-0.001993,0.008055,0.02774,0.044912,-0.001545,-0.006205,-0.009687,-0.010041,-0.009842,-0.000259,-0.000331,-0.000552,-0.002541,-0.004654,-0.001477,-0.00544,-0.008817,-0.011613,-0.01385,-0.366218,0.151886,-0.149294,-0.91219,1,0,0,0,0,0,0,0,0,0,0
4736,-0.000448,-0.00098,-0.000924,-0.000924,-0.000812,-0.000756,-0.0007,0.001568,0.003163,0.000588,0.001316,0.000644,-0.00056,-0.002239,-0.01103,-0.001456,0.010106,0.026286,0.070292,0.137141,0.001148,0.004731,0.008566,0.01103,0.013885,-0.002547,-0.008818,-0.009266,-0.00711,-0.002827,0.001484,0.007306,0.010358,0.016852,0.016656,0.001036,0.00182,0.007026,0.025978,0.095766,-0.00139,0.010356,0.020554,0.043064,0.047607,-0.001544,-0.007176,-0.009247,-0.00828,-0.001051,0.000216,-0.000291,-0.001118,-0.003552,-0.001717,-0.001621,-0.005885,-0.009274,-0.011164,-0.012384,-0.362625,0.105366,-0.150089,-0.915919,1,0,0,0,0,0,0,0,0,0,0
4737,-0.000364,-0.000504,-0.00042,-0.000476,0.000308,5.6e-05,0.001176,0.002912,0.005767,-0.001904,-0.000812,-0.000868,-0.002884,-0.004003,-0.022704,0.005795,0.014726,0.048572,0.103807,0.173095,0.001904,0.005291,0.008763,0.011478,0.013298,-0.003443,-0.006411,-0.005599,-0.003023,0.007139,0.002212,0.008903,0.01369,0.018449,0.00238,8.4e-05,0.001316,0.01243,0.048376,0.149411,0.005886,0.015947,0.035659,0.052854,0.034335,-0.003123,-0.00661,-0.006964,-0.006765,0.01098,-0.000288,-0.000511,-0.002519,-0.004652,0.000852,-0.002378,-0.005787,-0.00861,-0.010868,-0.008954,-0.350357,0.053912,-0.14873,-0.924232,1,0,0,0,0,0,0,0,0,0,0
4738,-0.000168,-0.000112,-0.000112,0.0,0.000701,0.0,0.00227,0.003868,0.001289,-0.006643,0.00014,-0.001065,-0.002747,-0.011548,-0.034531,0.005774,0.021975,0.066036,0.132969,0.212542,0.001682,0.005522,0.007988,0.010847,0.011127,-0.002831,-0.003279,-0.001121,0.003167,0.013986,0.003616,0.006671,0.013174,0.012977,-0.010847,0.000701,0.005914,0.02489,0.094765,0.2066,0.005867,0.016078,0.038616,0.043165,0.022476,-0.002512,-0.004585,-0.003618,0.00362,0.022026,-0.000221,-0.001055,-0.003511,-0.001659,0.002953,-0.001903,-0.005322,-0.007229,-0.00846,-0.00491,-0.340177,0.003536,-0.146453,-0.930627,1,0,0,0,0,0,0,0,0,0,0
4739,2.8e-05,0.000112,5.6e-05,0.000841,0.001655,0.001122,0.00286,0.005721,-0.001963,-0.00903,-0.000196,-0.002215,-0.003337,-0.02207,-0.055665,0.003169,0.037073,0.092401,0.161808,0.271315,0.001711,0.005188,0.007908,0.009731,0.009507,-0.00014,0.000673,0.003253,0.013433,0.020443,0.003085,0.00788,0.012647,-0.003449,-0.031576,0.000533,0.011666,0.047673,0.14888,0.28329,0.004209,0.023954,0.041178,0.022628,0.012393,-0.000979,-0.001334,-0.001134,0.016641,0.030349,-4e-06,-0.002037,-0.004195,0.001375,0.0052,-0.00154,-0.004396,-0.006681,-0.004745,-0.001111,-0.321761,-0.068167,-0.139691,-0.940398,1,0,0,0,0,0,0,0,0,0,0
4740,2.8e-05,2.8e-05,0.00014,0.000841,0.006226,0.00115,0.002748,0.000168,-0.007768,-0.010152,-0.00101,-0.002692,-0.011498,-0.034495,-0.07603,0.013041,0.057128,0.1241,0.20372,0.334802,0.002131,0.004599,0.00746,0.00774,0.008778,-0.000308,0.001851,0.006142,0.016967,0.028297,-2.8e-05,0.006478,0.006282,-0.017556,-0.064139,0.004684,0.02367,0.093586,0.205486,0.35435,0.006008,0.02856,0.033111,0.012409,-0.001967,-0.001096,-0.000127,0.007115,0.025531,0.038374,-0.000833,-0.003299,-0.00144,0.003191,0.005079,-0.001892,-0.003807,-0.005043,-0.001478,0.006148,-0.290593,-0.13063,-0.129704,-0.942676,1,0,0,0,0,0,0,0,0,0,0
4741,5.6e-05,0.0,0.000786,0.001599,0.008698,0.000589,0.003451,-0.004237,-0.011307,-0.008558,-0.00101,-0.002132,-0.020875,-0.054487,-0.107628,0.020875,0.076232,0.145674,0.255238,0.377372,0.001347,0.004068,0.005892,0.005668,0.007547,0.001122,0.003704,0.013888,0.020903,0.037485,0.004826,0.009596,-0.006509,-0.034651,-0.105804,0.006453,0.042479,0.143738,0.278217,0.447768,0.013745,0.030978,0.012418,0.002178,-0.037753,0.000741,0.000941,0.018725,0.032441,0.045292,-0.001204,-0.003371,0.00222,0.006059,0.009182,-0.000969,-0.003262,-0.001319,0.002329,0.011264,-0.249802,-0.224771,-0.131312,-0.950825,1,0,0,0,0,0,0,0,0,0,0
4742,-5.6e-05,5.6e-05,0.000758,0.006149,0.01067,0.001011,-0.001572,-0.009519,-0.011906,-0.009294,-0.000674,-0.009491,-0.032516,-0.074102,-0.135456,0.02325,0.090304,0.170022,0.301266,0.384184,0.001123,0.003987,0.004268,0.005307,0.006486,0.001039,0.005335,0.016174,0.027518,0.039003,0.001685,0.001488,-0.022379,-0.06902,-0.139218,0.012552,0.082554,0.194591,0.343638,0.53924,0.008824,0.01338,-0.007347,-0.021741,-0.076752,0.000228,0.007479,0.025918,0.038776,0.047054,-0.001277,0.000598,0.00527,0.007174,0.01462,-0.000957,-0.002204,0.001391,0.009084,0.015144,-0.221312,-0.314826,-0.131825,-0.957285,1,0,0,0,0,0,0,0,0,0,0
4743,0.0,0.000788,0.001605,0.008727,0.016075,0.001858,-0.005856,-0.01295,-0.010191,-0.003294,-0.00045,-0.019256,-0.052982,-0.106302,-0.15858,0.032234,0.10191,0.211844,0.334389,0.392439,0.001605,0.003435,0.003209,0.005096,0.005461,0.001548,0.011768,0.018806,0.035443,0.037696,0.003097,-0.013063,-0.041299,-0.112692,-0.180173,0.023563,0.125164,0.260096,0.430219,0.625988,0.008445,-0.010178,-0.020452,-0.060518,-0.109051,-2.8e-05,0.017816,0.031578,0.044473,0.038884,-0.000918,0.004805,0.008736,0.011934,0.018825,-0.001374,0.000616,0.00435,0.013499,0.021878,-0.182908,-0.402466,-0.132502,-0.959568,1,0,0,0,0,0,0,0,0,0,0
4744,0.000113,0.000817,0.006228,0.010764,0.021473,-0.004452,-0.012427,-0.014822,-0.012202,0.012596,-0.008397,-0.031504,-0.073238,-0.13481,-0.170738,0.035027,0.115028,0.246738,0.329951,0.386619,0.001268,0.00155,0.002592,0.003776,0.003128,0.002762,0.013639,0.025023,0.036548,0.037084,-0.003297,-0.027249,-0.074055,-0.144503,-0.223208,0.046665,0.1591,0.308675,0.504972,0.695013,-0.00388,-0.024681,-0.039126,-0.094332,-0.133455,0.007305,0.025809,0.038714,0.047021,0.021439,0.002847,0.007635,0.009587,0.01722,0.021757,0.000105,0.003791,0.011676,0.017889,0.027891,-0.143931,-0.486164,-0.131133,-0.964171,1,0,0,0,0,0,0,0,0,0,0
4745,0.000676,0.001494,0.008623,0.015978,0.021699,-0.003269,-0.01037,-0.007609,-0.000705,0.02756,-0.010427,-0.044187,-0.09756,-0.149891,-0.167025,0.034718,0.144763,0.267432,0.32554,0.378209,0.000564,0.000338,0.002226,0.002593,0.00124,0.007468,0.014513,0.031168,0.033422,0.034972,-0.012878,-0.041143,-0.112609,-0.180157,-0.242943,0.055036,0.190105,0.360399,0.556365,0.72804,-0.014761,-0.025046,-0.065152,-0.113734,-0.12295,0.010557,0.024333,0.037241,0.031646,0.00423,0.002917,0.006876,0.010096,0.017035,0.020274,0.001899,0.005659,0.014873,0.023311,0.027475,-0.122261,-0.560445,-0.130483,-0.967774,1,0,0,0,0,0,0,0,0,0,0
4746,2.8e-05,0.005445,0.009987,0.020707,0.020735,-0.004711,-0.007109,-0.004486,0.02034,0.036421,-0.012695,-0.054476,-0.116118,-0.152087,-0.161651,0.045336,0.177196,0.260504,0.317237,0.369597,-0.000282,0.000762,0.001947,0.001298,-0.001354,0.003414,0.014811,0.026349,0.026885,0.027309,-0.011087,-0.057946,-0.128475,-0.207269,-0.265215,0.057467,0.207212,0.403733,0.59399,0.742664,-0.006047,-0.020509,-0.075778,-0.114945,-0.103913,0.007957,0.020876,0.029192,0.003581,-0.01229,0.001888,0.003855,0.011549,0.016123,0.018942,0.001801,0.00975,0.016012,0.026094,0.02668,-0.08816,-0.626586,-0.126757,-0.967324,1,0,0,0,0,0,0,0,0,0,0
4747,0.000792,0.007949,0.015333,0.021075,0.020906,-0.002405,0.000368,0.007299,0.035673,0.047384,-0.02116,-0.07474,-0.127273,-0.144473,-0.146821,0.065008,0.188151,0.246483,0.299356,0.345184,5.7e-05,0.001952,0.00232,0.000962,-0.002433,0.003649,0.020368,0.022631,0.024187,0.033268,-0.017256,-0.088998,-0.156807,-0.219835,-0.286823,0.077965,0.248916,0.445639,0.617976,0.763835,-0.004261,-0.044522,-0.093291,-0.102543,-0.073015,0.00585,0.018808,0.013191,-0.01433,-0.017345,0.002143,0.005451,0.01258,0.015907,0.019754,0.002027,0.011492,0.020161,0.024439,0.027122,-0.056353,-0.700034,-0.122931,-0.972423,1,0,0,0,0,0,0,0,0,0,0
4748,0.004627,0.00917,0.019891,0.01992,0.020032,0.0,0.002624,0.027453,0.043535,0.048022,-0.020681,-0.082331,-0.118305,-0.127869,-0.123129,0.067038,0.150356,0.207096,0.259463,0.280878,0.000988,0.002173,0.001524,-0.001129,-0.005248,0.007759,0.019299,0.019835,0.020258,0.029767,-0.029654,-0.100191,-0.178994,-0.236948,-0.309544,0.072004,0.268548,0.458829,0.60752,0.73776,-0.010214,-0.06549,-0.104662,-0.093628,-0.037091,0.007086,0.015404,-0.010211,-0.026084,-0.021612,-0.000134,0.007566,0.012144,0.014965,0.021215,0.005966,0.012233,0.022324,0.02291,0.027408,-0.015459,-0.750173,-0.119184,-0.970639,1,0,0,0,0,0,0,0,0,0,0
4749,0.002496,0.009815,0.015508,0.01534,0.015312,0.002748,0.009619,0.037747,0.049358,0.046469,-0.032559,-0.084637,-0.101688,-0.104016,-0.100118,0.055443,0.11327,0.165685,0.211116,0.220595,0.000897,0.001262,-8.4e-05,-0.003449,-0.008161,0.008862,0.011105,0.012648,0.02165,0.02294,-0.041646,-0.108867,-0.17135,-0.237758,-0.297464,0.097902,0.292921,0.463766,0.608362,0.739047,-0.02976,-0.078107,-0.087279,-0.058007,0.035897,0.005803,0.000234,-0.027049,-0.030037,-0.026435,0.003241,0.009949,0.01308,0.016699,0.025591,0.003188,0.011345,0.01537,0.017895,0.022604,0.004103,-0.823329,-0.11544,-0.964517,1,0,0,0,0,0,0,0,0,0,0
4750,0.002016,0.012655,0.012683,0.012795,0.013019,-0.00014,0.024499,0.040458,0.044909,0.044125,-0.02867,-0.064368,-0.07386,-0.069156,-0.064564,0.027326,0.083631,0.135596,0.156847,0.165974,0.00028,-0.000364,-0.002996,-0.007084,-0.010891,0.002604,0.003136,0.003556,0.012991,0.016911,-0.028418,-0.106618,-0.164126,-0.236166,-0.282532,0.097294,0.286115,0.433667,0.562907,0.661014,-0.025141,-0.064012,-0.053063,0.00304,0.081291,0.002461,-0.022957,-0.038708,-0.034271,-0.030045,0.004092,0.008429,0.011103,0.017025,0.030157,0.002787,0.012348,0.012903,0.017165,0.021373,0.031789,-0.833102,-0.109792,-0.952456,1,0,0,0,0,0,0,0,0,0,0
4751,0.005285,0.010962,0.010794,0.010766,0.010906,0.006991,0.03504,0.046617,0.043737,0.04603,-0.023295,-0.040297,-0.042618,-0.038731,-0.033893,0.03037,0.082635,0.127938,0.13739,0.135237,8.4e-05,-0.001258,-0.004614,-0.009312,-0.016108,-0.000364,0.001175,0.010151,0.011438,0.020918,-0.038647,-0.100952,-0.167173,-0.226709,-0.275591,0.097289,0.26765,0.411835,0.54215,0.584433,-0.0231,-0.032245,-0.003056,0.090581,0.129676,-0.00801,-0.035216,-0.038196,-0.034604,-0.028171,0.002519,0.005587,0.009136,0.017852,0.03393,0.005234,0.009179,0.011654,0.016271,0.02357,0.055146,-0.856008,-0.102318,-0.959585,1,0,0,0,0,0,0,0,0,0,0
4752,0.005352,0.00538,0.005492,0.005716,0.006052,0.017652,0.033623,0.038078,0.037293,0.042001,-0.012384,-0.021883,-0.017176,-0.012581,-0.008826,0.025918,0.077921,0.099187,0.108322,0.116391,-0.000728,-0.003362,-0.007453,-0.011264,-0.018941,0.000897,0.001317,0.010759,0.014682,0.026674,-0.039535,-0.097086,-0.169179,-0.215579,-0.257495,0.091482,0.239143,0.368478,0.466657,0.537293,-0.015756,-0.004798,0.051347,0.129655,0.191132,-0.017411,-0.033174,-0.028733,-0.024504,-0.018032,0.001807,0.004494,0.010447,0.023647,0.04231,0.004305,0.004864,0.009148,0.013377,0.021975,0.076606,-0.905754,-0.096722,-0.964425,1,0,0,0,0,0,0,0,0,0,0
4753,0.000338,0.000169,0.000141,0.000281,0.001744,0.010492,0.022137,0.01924,0.021546,0.025118,-0.004669,-0.007004,-0.003094,0.001772,0.004782,0.026553,0.07212,0.081627,0.079462,0.098898,-0.000619,-0.003994,-0.00872,-0.015555,-0.019493,0.000647,0.009676,0.01097,0.020505,0.03201,-0.022981,-0.089588,-0.149472,-0.19864,-0.229693,0.079518,0.224546,0.355622,0.398152,0.466559,0.006618,0.035977,0.130162,0.169485,0.219197,-0.009886,-0.012884,-0.009271,-0.0028,0.004622,0.00134,0.005036,0.014115,0.030862,0.04933,-0.000314,0.002264,0.007073,0.014676,0.021068,0.088494,-0.921588,-0.093037,-0.966322,1,0,0,0,0,0,0,0,0,0,0
4754,-0.000311,-0.000198,2.8e-05,0.000367,0.002797,0.005566,0.010059,0.009268,0.014015,0.019101,-0.004888,-0.000141,0.004493,0.008279,0.010398,0.025769,0.047215,0.056426,0.064564,0.078352,-0.002034,-0.00616,-0.010002,-0.017744,-0.018959,-0.000226,0.009296,0.013252,0.025345,0.043118,-0.034952,-0.107653,-0.154444,-0.196714,-0.224037,0.069028,0.199455,0.298461,0.369693,0.412246,0.004402,0.06102,0.139989,0.201985,0.232618,-0.005965,-0.001487,0.002778,0.009304,0.021644,0.001467,0.00778,0.02178,0.041573,0.062443,0.000916,0.00546,0.009945,0.019063,0.024377,0.104786,-0.939638,-0.090669,-0.968789,1,0,0,0,0,0,0,0,0,0,0
4755,0.000142,0.000113,0.000255,0.001729,0.003712,0.006149,0.003231,0.005554,0.009153,0.015444,0.00255,0.006489,0.011392,0.014424,0.015756,0.020063,0.029642,0.02746,0.047041,0.054013,-0.00136,-0.006121,-0.013007,-0.016975,-0.017598,0.009323,0.010627,0.020233,0.031824,0.047268,-0.03205,-0.092383,-0.141918,-0.173203,-0.201541,0.076882,0.208937,0.251785,0.320703,0.347285,0.025164,0.120052,0.159669,0.209753,0.232002,0.002962,0.006602,0.013121,0.020599,0.029518,0.002396,0.011961,0.029604,0.04906,0.073532,0.001781,0.006847,0.014857,0.02159,0.025658,0.11761,-0.943522,-0.089367,-0.970265,1,0,0,0,0,0,0,0,0,0,0
4756,-2.8e-05,0.000199,0.00054,0.002982,0.003976,-0.001647,-0.002443,0.002329,0.007442,0.013179,0.002215,0.006874,0.01068,0.01281,0.013293,0.001449,0.010708,0.018888,0.032749,0.035504,-0.002784,-0.006646,-0.014429,-0.01565,-0.016843,0.000227,0.004204,0.01636,0.034226,0.042179,-0.040958,-0.087994,-0.130486,-0.157952,-0.177948,0.054052,0.153578,0.225183,0.267959,0.262846,0.031693,0.111076,0.173397,0.204191,0.198813,0.001533,0.00582,0.01238,0.024785,0.026828,0.004114,0.018635,0.039167,0.060814,0.080894,0.002904,0.007556,0.017014,0.022526,0.025531,0.125981,-0.936968,-0.089274,-0.971891,1,0,0,0,0,0,0,0,0,0,0
4757,0.0,0.000142,0.00162,0.003609,0.004007,-0.001279,0.001051,0.004661,0.010969,0.017846,0.001733,0.00665,0.00969,0.011026,0.010969,0.008156,0.005968,0.025604,0.032595,0.037398,-0.001989,-0.008895,-0.012873,-0.013498,-0.015545,0.00108,0.010714,0.022336,0.037824,0.047998,-0.019523,-0.069197,-0.100571,-0.128988,-0.151268,0.078348,0.121316,0.190428,0.217084,0.219045,0.063445,0.103174,0.153398,0.17571,0.176136,0.002117,0.008654,0.016153,0.025097,0.028207,0.005626,0.023619,0.043461,0.068419,0.088977,0.002253,0.010421,0.017289,0.021437,0.024922,0.139371,-0.945892,-0.08879,-0.975628,1,0,0,0,0,0,0,0,0,0,0
4758,0.000226,0.000566,0.002999,0.003989,0.00099,0.000481,0.005234,0.010327,0.016043,0.022154,0.002914,0.006706,0.008828,0.009309,0.006819,0.001103,0.009252,0.02306,0.025804,0.03152,-0.001867,-0.00962,-0.010837,-0.012025,-0.017429,0.002886,0.014996,0.032793,0.040715,0.046487,-0.027417,-0.069745,-0.097105,-0.117024,-0.138782,0.021136,0.092465,0.135076,0.129983,0.132558,0.015908,0.077989,0.108664,0.103307,0.103351,0.002163,0.008698,0.021055,0.02309,0.02258,0.008677,0.028661,0.049732,0.069276,0.087085,0.002344,0.011549,0.016914,0.019839,0.022879,0.144533,-0.93716,-0.08735,-0.975617,1,0,0,0,0,0,0,0,0,0,0
4759,-8.4e-05,0.00137,0.003327,0.003718,-0.006542,0.001817,0.005368,0.011575,0.018341,0.021388,0.001957,0.004949,0.006263,0.006207,-0.002516,-0.003243,0.016076,0.022954,0.027679,0.033159,-0.004949,-0.008863,-0.009478,-0.011491,-0.021025,0.006626,0.018061,0.033298,0.043307,0.042077,-0.02178,-0.052645,-0.080604,-0.102523,-0.122318,0.021388,0.089383,0.115608,0.117537,0.114657,0.023368,0.07278,0.094731,0.09515,0.088956,0.004294,0.011672,0.020471,0.023531,0.019316,0.008071,0.025773,0.048039,0.066381,0.076604,0.005132,0.011259,0.014959,0.018069,0.0169,0.152547,-0.941385,-0.088081,-0.975464,1,0,0,0,0,0,0,0,0,0,0
4760,0.00042,0.002826,0.003805,0.000839,-0.016116,0.002882,0.007918,0.01357,0.019613,0.022299,0.001791,0.003889,0.004365,0.001903,-0.014157,0.011303,0.024957,0.027671,0.033323,0.038359,-0.002714,-0.003917,-0.005092,-0.010436,-0.022859,0.005344,0.022943,0.030777,0.036484,0.035029,-0.020061,-0.047116,-0.066813,-0.088329,-0.108557,0.049131,0.091266,0.08623,0.088776,0.095715,0.038005,0.068338,0.06304,0.063084,0.065738,0.002165,0.014384,0.016397,0.015893,0.012097,0.010364,0.029844,0.047914,0.064379,0.067402,0.003353,0.008313,0.011017,0.013827,0.008273,0.149647,-0.941743,-0.09381,-0.97492,1,0,0,0,0,0,0,0,0,0,0
4761,0.001035,0.002994,0.003385,-0.006883,-0.027867,0.000671,0.006883,0.013654,0.016703,0.023418,0.001203,0.002518,0.002462,-0.006267,-0.02823,0.00803,0.014913,0.019641,0.025125,0.029154,-0.001203,-0.001819,-0.003833,-0.013374,-0.03128,0.006099,0.021348,0.031364,0.030133,0.028762,-0.010828,-0.038806,-0.060742,-0.080551,-0.096918,0.018914,0.045158,0.047088,0.044206,0.047452,0.011444,0.033411,0.03383,0.027631,0.025796,0.005218,0.014023,0.017085,0.012867,0.005039,0.007429,0.029809,0.048244,0.05852,0.054119,0.002805,0.006525,0.009651,0.008476,0.004278,0.146489,-0.938512,-0.095991,-0.973011,1,0,0,0,0,0,0,0,0,0,0
4762,0.001366,0.002341,-0.000613,-0.017504,-0.042449,0.004348,0.009978,0.015999,0.018674,0.021043,0.000892,0.001366,-0.001087,-0.017086,-0.041557,0.005602,0.008306,0.013936,0.018953,0.022939,0.0,-0.001171,-0.006494,-0.018869,-0.04086,0.011455,0.01926,0.024945,0.023496,0.018618,-0.016166,-0.035788,-0.057221,-0.077373,-0.093511,0.023134,0.018117,0.020653,0.027565,0.034756,0.018817,0.01354,0.013584,0.016228,0.017855,0.006975,0.00898,0.008478,0.004696,-0.002283,0.011734,0.029326,0.045357,0.048301,0.041247,0.002098,0.004731,0.007467,0.002059,-0.001608,0.142344,-0.941971,-0.099319,-0.971161,1,0,0,0,0,0,0,0,0,0,0
4763,0.000582,0.000971,-0.009208,-0.03001,-0.054057,0.001831,0.008543,0.011566,0.018223,0.017279,0.000416,0.000361,-0.008293,-0.030066,-0.055666,0.001248,0.005935,0.011372,0.015366,0.019471,-0.00061,-0.002607,-0.012065,-0.029816,-0.047928,0.003717,0.013646,0.012426,0.011067,0.004854,-0.011649,-0.033394,-0.053031,-0.069257,-0.088339,0.002995,0.004909,0.002052,0.00527,0.014395,0.003051,0.003467,-0.002678,-0.004497,-0.000707,0.001789,0.004824,0.000642,-0.007118,-0.011854,0.009717,0.027062,0.03673,0.032589,0.026814,0.001472,0.004413,0.003308,-0.000641,-0.006947,0.139296,-0.936658,-0.106306,-0.964422,1,0,0,0,0,0,0,0,0,0,0
4764,0.000389,-0.002555,-0.019384,-0.044239,-0.06815,0.003777,0.009775,0.012441,0.014802,0.016663,5.6e-05,-0.002388,-0.018329,-0.042712,-0.070733,0.001444,0.007054,0.012053,0.016024,0.024244,-0.000555,-0.00586,-0.01819,-0.040101,-0.057153,0.004055,0.00972,0.008276,0.003416,0.000778,-0.007887,-0.029243,-0.049321,-0.065401,-0.089006,-0.007998,-0.005471,0.001416,0.008581,0.020273,-0.008313,-0.008269,-0.005635,-0.004014,-0.001333,0.000207,-0.000294,-0.004061,-0.011015,-0.014851,0.007347,0.022976,0.025846,0.018969,0.01495,0.001081,0.003749,-0.001523,-0.005098,-0.012165,0.137571,-0.936942,-0.111292,-0.96002,1,0,0,0,0,0,0,0,0,0,0
4765,0.0,-0.010229,-0.031133,-0.055298,-0.087768,0.002954,0.005992,0.012682,0.011734,0.013713,-0.000111,-0.008808,-0.030687,-0.056413,-0.085176,0.003261,0.008724,0.012737,0.016862,0.030548,-0.001449,-0.010954,-0.028792,-0.046992,-0.070042,0.005909,0.004682,0.003317,-0.002927,-0.007832,-0.013936,-0.033669,-0.049974,-0.06915,-0.093343,0.00995,0.007079,0.010313,0.019482,0.03091,0.008761,0.002585,0.000758,0.004566,0.001589,0.002843,-0.001359,-0.009158,-0.013917,-0.019783,0.010412,0.020416,0.016132,0.010155,0.006687,0.001934,0.00079,-0.003296,-0.009822,-0.019597,0.133076,-0.937285,-0.120744,-0.957348,1,0,0,0,0,0,0,0,0,0,0
4766,-0.002954,-0.019843,-0.044785,-0.06878,-0.104006,0.003066,0.005741,0.00811,0.009977,0.01098,-0.002341,-0.018338,-0.042806,-0.070926,-0.099324,0.002369,0.007385,0.01137,0.01962,0.029736,-0.003874,-0.016247,-0.038236,-0.055347,-0.081962,-0.000223,-0.001672,-0.006549,-0.009197,-0.01909,-0.007497,-0.027646,-0.043782,-0.06747,-0.087814,-0.007413,-0.000502,0.006688,0.018421,0.021961,-0.008716,-0.006073,-0.004446,-0.001755,-0.009501,-0.003344,-0.007125,-0.014103,-0.017953,-0.027817,0.005614,0.008555,0.001507,-0.002612,-0.008111,0.000801,-0.004601,-0.008266,-0.015508,-0.024697,0.125005,-0.934032,-0.125825,-0.951935,1,0,0,0,0,0,0,0,0,0,0
4767,-0.007284,-0.028214,-0.05241,-0.084922,-0.119416,-2.8e-05,0.00667,0.005721,0.007702,0.009237,-0.006363,-0.02827,-0.054029,-0.082829,-0.1135,0.003098,0.007116,0.011247,0.024949,0.031508,-0.005637,-0.023498,-0.041722,-0.064801,-0.09282,-0.001005,-0.002372,-0.008623,-0.013535,-0.020456,-0.012251,-0.028577,-0.047778,-0.072001,-0.091564,0.004549,0.007786,0.016968,0.02841,0.02908,0.002545,0.000715,0.004528,0.001548,-0.005924,-0.000858,-0.008667,-0.013432,-0.019306,-0.026902,0.004425,0.000103,-0.005928,-0.009427,-0.017342,-0.001963,-0.006087,-0.01267,-0.022534,-0.029199,0.119137,-0.926367,-0.129028,-0.946487,1,0,0,0,0,0,0,0,0,0,0
4768,-0.009653,-0.034695,-0.058786,-0.094152,-0.132933,0.002714,0.005092,0.006967,0.007974,0.010716,-0.009681,-0.034247,-0.062479,-0.090991,-0.124063,0.001931,0.005932,0.014214,0.024371,0.033968,-0.006771,-0.028847,-0.046027,-0.072748,-0.103945,-0.000448,-0.005344,-0.008002,-0.017935,-0.020705,-0.007946,-0.024147,-0.04793,-0.068355,-0.093341,0.002378,0.009597,0.021377,0.02493,0.025602,0.000102,0.001736,0.004437,-0.003339,-0.013308,-0.002935,-0.009941,-0.013806,-0.02371,-0.028178,-0.001482,-0.008729,-0.012965,-0.01862,-0.023777,-0.003556,-0.007324,-0.014771,-0.02422,-0.031467,0.115984,-0.923199,-0.130344,-0.942827,1,0,0,0,0,0,0,0,0,0,0
4769,-0.011358,-0.035673,-0.068345,-0.103008,-0.141486,0.00401,0.003057,0.005048,0.006591,0.007151,-0.012312,-0.038197,-0.067139,-0.09796,-0.130941,0.002103,0.006254,0.020024,0.026614,0.036823,-0.011162,-0.029475,-0.052668,-0.080825,-0.115713,-0.000925,-0.007208,-0.012143,-0.019098,-0.029868,-0.008441,-0.027736,-0.052079,-0.071738,-0.097175,0.000869,0.010096,0.021594,0.022268,0.021623,-0.001941,0.001891,-0.001105,-0.008613,-0.020357,-0.004905,-0.009693,-0.015596,-0.02323,-0.033964,-0.002968,-0.009209,-0.01283,-0.021022,-0.025342,-0.000653,-0.007467,-0.017675,-0.024573,-0.029063,0.111708,-0.919482,-0.130582,-0.934428,1,0,0,0,0,0,0,0,0,0,0
4770,-0.013777,-0.037986,-0.073526,-0.112495,-0.148598,-0.001631,0.000253,0.001265,0.004021,0.003346,-0.012343,-0.040713,-0.069364,-0.102598,-0.135861,0.001912,0.010235,0.020441,0.030085,0.037058,-0.010994,-0.028257,-0.055109,-0.086459,-0.120256,-0.003993,-0.006664,-0.016645,-0.019429,-0.029017,-0.007816,-0.031716,-0.052241,-0.077349,-0.101642,0.006383,0.01822,0.021791,0.022465,0.019204,0.003588,0.006303,-0.001512,-0.011529,-0.022794,-0.002123,-0.006006,-0.015959,-0.020449,-0.028936,-0.004478,-0.00886,-0.014712,-0.020048,-0.025266,-0.003234,-0.01094,-0.020717,-0.028216,-0.031099,0.107706,-0.916913,-0.133954,-0.935335,1,0,0,0,0,0,0,0,0,0,0
4771,-0.010622,-0.043447,-0.078272,-0.116929,-0.150684,0.000676,0.002677,0.004226,0.00479,0.006283,-0.013637,-0.042714,-0.07368,-0.106814,-0.136906,0.002254,0.016088,0.02271,0.032966,0.035135,-0.007382,-0.030683,-0.058972,-0.094022,-0.126002,-0.00231,-0.007269,-0.014257,-0.025076,-0.02471,-0.011552,-0.036009,-0.05576,-0.081315,-0.10718,0.002874,0.014426,0.015102,0.014454,0.011918,0.000254,-0.002755,-0.010299,-0.022098,-0.027274,-0.002684,-0.008614,-0.016283,-0.027067,-0.027926,-0.001904,-0.005646,-0.014109,-0.018572,-0.021014,-0.003758,-0.014305,-0.021432,-0.02607,-0.027641,0.10706,-0.920365,-0.132459,-0.942053,1,0,0,0,0,0,0,0,0,0,0
4772,-0.013601,-0.04912,-0.088068,-0.12415,-0.156437,0.001208,0.00222,0.004974,0.004299,0.005114,-0.014753,-0.043388,-0.076603,-0.109846,-0.13539,0.00607,0.01627,0.025909,0.032878,0.031951,-0.009892,-0.036728,-0.06806,-0.101838,-0.139408,-0.000365,-0.010341,-0.013123,-0.022705,-0.024054,-0.012364,-0.032878,-0.057972,-0.082251,-0.105013,0.008964,0.012533,0.013207,0.009948,-0.004047,0.002459,-0.005351,-0.015363,-0.026621,-0.039919,-0.001205,-0.011151,-0.015639,-0.024122,-0.027017,-0.002496,-0.008324,-0.01364,-0.018837,-0.019589,-0.003986,-0.013725,-0.021194,-0.024065,-0.020192,0.102502,-0.906214,-0.126216,-0.942853,1,0,0,0,0,0,0,0,0,0,0
4773,-0.01912,-0.053821,-0.092341,-0.125976,-0.155202,0.000786,0.00233,0.002892,0.00438,0.003818,-0.014234,-0.04509,-0.078107,-0.108091,-0.130777,0.007721,0.014319,0.024538,0.0267,0.025633,-0.013336,-0.041524,-0.07645,-0.108316,-0.143242,-0.004576,-0.011539,-0.02232,-0.021955,-0.025437,-0.012016,-0.031697,-0.057162,-0.082936,-0.10694,0.002555,0.003229,0.002583,5.6e-05,-0.030153,-0.005456,-0.012973,-0.02473,-0.029887,-0.058657,-0.004705,-0.012347,-0.023093,-0.023949,-0.027641,-0.001169,-0.009425,-0.013778,-0.016159,-0.013957,-0.006326,-0.013277,-0.017802,-0.019334,-0.015257,0.102381,-0.885017,-0.12341,-0.93952,1,0,0,0,0,0,0,0,0,0,0
4774,-0.016451,-0.055561,-0.091793,-0.124215,-0.14868,0.000226,0.002991,0.002314,0.003132,0.000141,-0.014448,-0.047801,-0.081183,-0.106833,-0.12667,0.002483,0.012162,0.01916,0.018229,0.012388,-0.013545,-0.045008,-0.078925,-0.116653,-0.146733,-0.005418,-0.008211,-0.017834,-0.019188,-0.022461,-0.008522,-0.03372,-0.058101,-0.080957,-0.105337,0.001016,0.001693,-0.00158,-0.015633,-0.067864,-0.002359,-0.012413,-0.023718,-0.037071,-0.082536,-0.005259,-0.009765,-0.018283,-0.02119,-0.022206,-0.004789,-0.010262,-0.015612,-0.016386,-0.011608,-0.003473,-0.011162,-0.014118,-0.01013,-0.005794,0.099945,-0.848911,-0.119133,-0.938743,1,0,0,0,0,0,0,0,0,0,0
4775,-0.018468,-0.057271,-0.091152,-0.120593,-0.141776,0.001329,0.001895,0.003394,0.002828,-0.007155,-0.016601,-0.049861,-0.080066,-0.102917,-0.122545,0.004157,0.014452,0.01663,0.015555,0.009276,-0.01482,-0.050002,-0.082102,-0.117284,-0.143558,-0.001584,-0.012444,-0.012076,-0.015583,-0.024407,-0.011284,-0.036936,-0.062899,-0.087079,-0.110016,-0.000339,-0.00099,-0.003535,-0.033966,-0.087306,-0.005207,-0.017051,-0.022246,-0.051227,-0.097369,-0.002427,-0.013252,-0.014114,-0.017833,-0.01734,-0.003823,-0.008405,-0.010912,-0.008594,-0.005371,-0.003789,-0.008551,-0.010163,-0.005872,-0.001735,0.101284,-0.829989,-0.118924,-0.935424,1,0,0,0,0,0,0,0,0,0,0
4776,-0.020713,-0.056997,-0.089466,-0.113966,-0.134312,0.001441,0.000763,0.001582,-0.001413,-0.016616,-0.016814,-0.050243,-0.07593,-0.095796,-0.114503,0.005539,0.012547,0.011614,0.005765,0.002854,-0.016701,-0.050667,-0.088449,-0.118572,-0.141631,-0.001215,-0.010851,-0.012208,-0.015486,-0.032808,-0.01396,-0.038375,-0.061264,-0.08568,-0.109614,0.001017,-0.002261,-0.016333,-0.06864,-0.101589,-0.004865,-0.016186,-0.029559,-0.075089,-0.103996,-0.002088,-0.010618,-0.013529,-0.014546,-0.016982,-0.001726,-0.007131,-0.007913,-0.003086,-0.000548,-0.004,-0.006986,-0.002958,0.001422,0.003336,0.101996,-0.813923,-0.116981,-0.926244,1,0,0,0,0,0,0,0,0,0,0
4777,-0.018099,-0.05203,-0.081515,-0.102729,-0.12196,-0.000878,0.000623,5.7e-05,-0.009941,-0.020364,-0.016456,-0.046705,-0.06959,-0.089247,-0.107345,0.004758,0.006939,0.005863,-0.000425,-0.003795,-0.018495,-0.050642,-0.085876,-0.112189,-0.136632,-0.009658,-0.00929,-0.012802,-0.021639,-0.033931,-0.011698,-0.037698,-0.061915,-0.084885,-0.107034,-0.001671,-0.00422,-0.034696,-0.088114,-0.109555,-0.006985,-0.012188,-0.041212,-0.087422,-0.104597,-0.008748,-0.009612,-0.013336,-0.012842,-0.015312,-0.002875,-0.005408,-0.003066,0.000191,0.00175,-0.000747,-0.002376,0.00196,0.00614,0.010032,0.104871,-0.807135,-0.11459,-0.925061,1,0,0,0,0,0,0,0,0,0,0
4778,-0.018362,-0.051071,-0.075753,-0.09625,-0.110854,0.000199,0.001025,-0.001993,-0.017308,-0.024169,-0.017138,-0.043015,-0.063028,-0.081873,-0.097218,0.002277,0.001338,-0.004555,-0.007487,-0.009081,-0.015629,-0.05369,-0.084037,-0.107267,-0.126767,0.0,-0.001366,-0.004669,-0.022119,-0.030688,-0.012839,-0.035898,-0.060494,-0.084606,-0.105872,-0.001623,-0.0158,-0.068494,-0.101687,-0.116376,-0.004385,-0.017856,-0.063724,-0.092845,-0.104693,0.000199,-0.002734,-0.003758,-0.006212,-0.008468,-0.002712,-0.003535,0.001548,0.004221,0.005868,-0.00237,0.001872,0.006484,0.0085,0.012259,0.109216,-0.800504,-0.113593,-0.921324,1,0,0,0,0,0,0,0,0,0,0
4779,-0.015795,-0.045527,-0.06692,-0.086313,-0.098795,0.001314,0.000743,-0.00934,-0.01985,-0.026791,-0.01331,-0.036387,-0.056209,-0.07446,-0.085513,-8.6e-05,-0.001171,-0.007512,-0.010911,-0.010996,-0.016737,-0.052268,-0.078801,-0.10345,-0.120244,0.000371,-0.00317,-0.012082,-0.024477,-0.037301,-0.013338,-0.037758,-0.060922,-0.083257,-0.10068,-0.000943,-0.031675,-0.085542,-0.107163,-0.116389,-0.000848,-0.030115,-0.076714,-0.094034,-0.10185,-0.001071,-0.004827,-0.004329,-0.006819,-0.013135,9e-05,0.002573,0.006026,0.007679,0.009244,0.000699,0.005296,0.009729,0.013855,0.016761,0.112518,-0.800784,-0.112258,-0.917486,1,0,0,0,0,0,0,0,0,0,0
4780,-0.017143,-0.042082,-0.062792,-0.077548,-0.088162,-0.000489,-0.003538,-0.019013,-0.025945,-0.032762,-0.012742,-0.032964,-0.052005,-0.067509,-0.075966,-0.000863,-0.006817,-0.00978,-0.011391,-0.011103,-0.021602,-0.052264,-0.075736,-0.095439,-0.113072,-0.001755,-0.005091,-0.022724,-0.031382,-0.041938,-0.009866,-0.034718,-0.059081,-0.080568,-0.093828,-0.013375,-0.066618,-0.100157,-0.114999,-0.1152,-0.012758,-0.059103,-0.088527,-0.100499,-0.100042,-0.001885,-0.00292,-0.005399,-0.007679,-0.012114,-0.000979,0.004485,0.007359,0.009131,0.010081,0.003827,0.008786,0.010953,0.014995,0.020296,0.116466,-0.802924,-0.108056,-0.915084,1,0,0,0,0,0,0,0,0,0,0
4781,-0.012838,-0.034446,-0.054035,-0.066642,-0.07547,-8.7e-05,-0.01027,-0.020887,-0.027897,-0.035081,-0.01053,-0.030551,-0.048986,-0.060151,-0.066642,-0.000231,-0.006635,-0.010068,-0.010155,-0.010357,-0.014223,-0.041024,-0.065921,-0.082884,-0.096876,-0.001818,-0.010818,-0.023339,-0.036292,-0.041283,-0.014771,-0.038168,-0.060728,-0.078326,-0.086317,-0.017627,-0.072037,-0.093876,-0.103194,-0.101896,-0.016767,-0.063835,-0.081329,-0.089223,-0.087457,-0.001903,-0.0014,-0.003916,-0.010295,-0.00862,0.003664,0.007368,0.009141,0.010819,0.011053,0.001024,0.005779,0.010206,0.013323,0.017677,0.115056,-0.802758,-0.106641,-0.914691,1,0,0,0,0,0,0,0,0,0,0
4782,-0.012157,-0.032898,-0.047676,-0.058306,-0.063722,-0.002967,-0.018465,-0.025408,-0.032235,-0.035491,-0.009737,-0.028807,-0.044334,-0.052804,-0.057787,-0.005733,-0.0087,-0.010313,-0.010025,-0.010198,-0.016507,-0.040013,-0.059746,-0.077405,-0.083858,-0.001527,-0.019186,-0.027857,-0.038429,-0.039696,-0.01014,-0.03454,-0.056059,-0.069339,-0.074265,-0.035721,-0.06931,-0.084175,-0.084376,-0.083829,-0.029672,-0.059141,-0.07113,-0.070673,-0.069979,0.000863,-0.001619,-0.003903,-0.008344,-0.006462,0.001896,0.0048,0.00659,0.007551,0.007511,0.003997,0.006188,0.010273,0.015629,0.016621,0.116253,-0.802716,-0.107486,-0.915005,1,0,0,0,0,0,0,0,0,0,0
4783,-0.009421,-0.028984,-0.041574,-0.05039,-0.052666,-0.007203,-0.017805,-0.024806,-0.03198,-0.032844,-0.010257,-0.028667,-0.039817,-0.046299,-0.050477,-0.000663,-0.004091,-0.004178,-0.004379,-0.004149,-0.010257,-0.03512,-0.052061,-0.066034,-0.069405,-0.007462,-0.019966,-0.032902,-0.037886,-0.038146,-0.013224,-0.035754,-0.053329,-0.061309,-0.066265,-0.018612,-0.040422,-0.049727,-0.048431,-0.046558,-0.017329,-0.0348,-0.042684,-0.04092,-0.039156,-0.000361,-0.002873,-0.009244,-0.007571,-0.007068,0.001772,0.003529,0.005192,0.005424,0.005511,0.00071,0.005096,0.008183,0.012497,0.013442,0.115503,-0.802847,-0.10743,-0.91508,1,0,0,0,0,0,0,0,0,0,0
4784,-0.011327,-0.026114,-0.036749,-0.042168,-0.044993,-0.008301,-0.015247,-0.022078,-0.025335,-0.027065,-0.00882,-0.024355,-0.032829,-0.037816,-0.041102,-0.002306,-0.00392,-0.003632,-0.003805,-0.002306,-0.013259,-0.033002,-0.050671,-0.057127,-0.062114,-0.010203,-0.018879,-0.029457,-0.030725,-0.032685,-0.011183,-0.032714,-0.046002,-0.05093,-0.05485,-0.014988,-0.029861,-0.030062,-0.029515,-0.02767,-0.012148,-0.024144,-0.023687,-0.022992,-0.022526,-0.002123,-0.004408,-0.008852,-0.006968,-0.007391,0.001138,0.002935,0.003899,0.00386,0.003975,0.001486,0.005587,0.010964,0.01196,0.013722,0.115957,-0.801939,-0.107213,-0.9139,1,0,0,0,0,0,0,0,0,0,0
4785,-0.008226,-0.020796,-0.029598,-0.03187,-0.034171,-0.002301,-0.009291,-0.016453,-0.017316,-0.018725,-0.009578,-0.02071,-0.027182,-0.031352,-0.03141,-0.001122,-0.001208,-0.001409,-0.001179,0.000575,-0.011592,-0.028505,-0.042455,-0.04582,-0.048725,-0.002301,-0.015216,-0.020192,-0.020451,-0.022407,-0.011333,-0.028879,-0.036846,-0.041793,-0.04188,-0.006817,-0.016108,-0.014813,-0.012944,-0.011966,-0.005319,-0.01319,-0.011429,-0.009668,-0.010423,-0.00039,-0.00675,-0.00508,-0.004578,-0.005176,0.000615,0.002259,0.002488,0.002574,0.002613,0.00287,0.005923,0.010187,0.011121,0.011574,0.115154,-0.801235,-0.107645,-0.915461,1,0,0,0,0,0,0,0,0,0,0
4786,-0.006527,-0.017138,-0.022544,-0.025362,-0.025477,-0.00463,-0.011445,-0.014694,-0.016419,-0.016304,-0.005924,-0.014378,-0.019352,-0.02263,-0.020186,-0.000489,-0.000201,-0.000374,0.001121,0.004371,-0.008109,-0.025736,-0.032177,-0.037152,-0.034449,-0.006355,-0.016908,-0.018173,-0.020129,-0.020158,-0.010151,-0.023407,-0.028324,-0.032235,-0.028497,-0.008023,-0.008224,-0.007678,-0.005837,-0.004457,-0.00665,-0.006194,-0.005502,-0.005036,-0.007127,-0.00189,-0.006323,-0.004444,-0.004866,-0.004755,0.001154,0.002103,0.002064,0.002177,0.001995,0.001169,0.006459,0.007438,0.009172,0.006884,0.114656,-0.799598,-0.108412,-0.917129,1,0,0,0,0,0,0,0,0,0,0
4787,-0.006047,-0.014858,-0.017132,-0.019436,-0.017708,-0.002361,-0.009531,-0.010395,-0.011806,-0.012727,-0.005212,-0.01169,-0.015866,-0.015923,-0.012698,0.000403,0.000202,0.000432,0.002188,0.008753,-0.008811,-0.022776,-0.026145,-0.029053,-0.02364,-0.006565,-0.011546,-0.011806,-0.013764,-0.014887,-0.0074,-0.015376,-0.020329,-0.020415,-0.016816,-0.001267,2.9e-05,0.0019,0.002879,0.003801,-0.00122,0.000542,0.002306,0.00155,-0.004054,-0.004475,-0.002803,-0.0023,-0.002899,-0.002759,0.000491,0.000722,0.000809,0.000848,0.000997,0.001895,0.006191,0.007132,0.007588,0.00457,0.114363,-0.797711,-0.10935,-0.919476,1,0,0,0,0,0,0,0,0,0,0
4788,-0.004588,-0.010014,-0.012842,-0.012957,-0.01062,-0.004473,-0.007734,-0.009465,-0.00935,-0.010908,-0.003261,-0.008253,-0.011543,-0.00909,-0.006176,-0.000115,-0.000289,0.001212,0.004473,0.013967,-0.008859,-0.015324,-0.020316,-0.017603,-0.013073,-0.004011,-0.005281,-0.007243,-0.007272,-0.009754,-0.005887,-0.010822,-0.014746,-0.010995,-0.009754,0.001068,0.001616,0.003463,0.004848,0.005916,0.001681,0.002376,0.002843,0.000744,-0.00716,3.5e-05,0.001921,0.001497,0.001609,0.0009,0.000474,0.000433,0.00055,0.000363,0.000995,0.003499,0.004503,0.00628,0.003935,0.002052,0.116017,-0.796792,-0.109915,-0.919641,1,0,0,0,0,0,0,0,0,0,0
4789,-0.004248,-0.006531,-0.008843,-0.007109,-0.005057,-0.002717,-0.003584,-0.005,-0.005924,-0.006445,-0.003237,-0.007427,-0.007485,-0.004248,0.000144,-8.7e-05,0.000144,0.001907,0.008497,0.025461,-0.005144,-0.008525,-0.011444,-0.006011,-0.003786,-0.000983,-0.001243,-0.003208,-0.004335,-0.005433,-0.00211,-0.00708,-0.007167,-0.003555,-0.014219,0.000231,0.00211,0.003092,0.004017,0.00604,8.6e-05,0.001856,0.001097,-0.004527,-0.015624,0.001643,0.002147,0.001546,0.001687,0.001129,-0.000242,-0.000153,-0.000112,4.1e-05,0.003181,0.000874,0.001839,0.002307,-0.000789,-0.000981,0.127071,-0.797063,-0.10949,-0.921214,1,0,0,0,0,0,0,0,0,0,0
4790,-0.001186,-0.004019,-0.004135,-0.001793,-0.000347,-0.000549,-0.002284,-0.002169,-0.00373,-0.003788,-0.001764,-0.00506,-0.002602,0.000318,0.007027,-8.7e-05,0.001417,0.004684,0.014198,0.039962,-0.00133,-0.006333,-0.003614,0.000925,0.010612,-0.000289,-0.002255,-0.002284,-0.004771,-0.004337,-0.002834,-0.006766,-0.003007,-0.001764,-0.030159,0.000318,0.002169,0.003557,0.004627,0.006333,0.00061,0.001079,-0.001024,-0.008944,-0.022645,0.000246,-0.000179,-6.7e-05,-0.000777,0.000597,0.000202,0.00032,0.00013,0.000771,0.007293,0.000141,0.001943,-0.000435,-0.002344,-0.009189,0.145631,-0.798398,-0.118201,-0.92312,1,0,0,0,0,0,0,0,0,0,0
4791,-0.001099,-0.003414,-0.001678,0.000376,0.001707,-0.000318,-0.001736,-0.002662,-0.003183,-0.003848,-0.00243,-0.002488,0.000752,0.00515,0.010734,0.000318,0.002083,0.00868,0.025664,0.051327,-0.002054,-0.004976,0.000463,0.002691,0.020571,2.9e-05,-0.001939,-0.003067,-0.004166,-0.004051,-0.002141,-0.002228,0.001389,-0.009287,-0.055349,0.001562,0.002546,0.003472,0.005497,-0.000521,0.001161,0.000401,-0.005229,-0.016339,-0.028339,0.000259,-0.000343,-0.000202,-0.000761,0.001921,-0.000113,-7.2e-05,8.2e-05,0.003247,0.012019,0.000831,0.001303,-0.001818,-0.002012,-0.015887,0.174344,-0.79052,-0.126852,-0.924336,1,0,0,0,0,0,0,0,0,0,0
4792,-0.001736,-0.001852,0.000492,0.001939,0.005613,-0.001418,-0.001302,-0.002864,-0.002922,-0.005468,-0.000868,0.001591,0.004514,0.011226,0.013917,0.001186,0.004456,0.013975,0.039755,0.051733,-0.002951,-0.000231,0.004311,0.014004,0.029773,-0.001996,-0.002025,-0.004514,-0.00408,-0.005179,-0.001794,0.001967,0.003212,-0.025201,-0.07731,0.000289,0.001678,0.002749,0.004456,-0.03553,-0.000692,-0.002797,-0.010721,-0.024431,-0.047305,-0.000684,-0.000572,-0.001283,9.2e-05,0.003091,0.000232,4.1e-05,0.000685,0.007235,0.016665,0.000979,-0.00141,-0.003327,-0.010201,-0.020359,0.200302,-0.756119,-0.134013,-0.924507,1,0,0,0,0,0,0,0,0,0,0
4793,-0.000579,0.001158,0.003214,0.004546,0.013116,0.0,-0.000926,-0.001448,-0.002114,-0.003648,0.000811,0.004053,0.008454,0.014042,0.014969,0.000579,0.00718,0.024176,0.049857,0.049365,2.9e-05,0.005472,0.007701,0.025594,0.042242,2.9e-05,-0.0011,-0.0022,-0.002085,-0.005935,0.001708,0.005327,-0.005356,-0.051449,-0.104549,0.000695,0.001621,0.003648,-0.002374,-0.067721,-6.7e-05,-0.005702,-0.016819,-0.028828,-0.053745,8.2e-05,0.000223,-0.000336,0.002347,0.001203,-0.000192,-3.7e-05,0.003144,0.011958,0.02053,-0.00051,-0.003646,-0.00384,-0.017782,-0.025048,0.232615,-0.723331,-0.14251,-0.922171,1,0,0,0,0,0,0,0,0,0,0
4794,0.000464,0.002812,0.004262,0.007944,0.016728,0.000116,-0.00145,-0.001508,-0.004059,-0.003218,0.001653,0.004581,0.011307,0.014003,0.014206,0.002696,0.012234,0.038066,0.050068,0.048648,0.002696,0.007248,0.01696,0.03276,0.049024,-5.8e-05,-0.002551,-0.002116,-0.003218,-0.011973,0.002058,0.003305,-0.025165,-0.077378,-0.117705,0.000696,0.001768,0.003479,-0.036587,-0.111153,-0.002041,-0.009982,-0.023719,-0.046639,-0.075919,3e-05,-0.000682,0.000695,0.0037,-0.004649,1e-06,0.000653,0.007296,0.016859,0.023766,-0.001908,-0.003852,-0.010823,-0.021124,-0.028694,0.247036,-0.680183,-0.147577,-0.916493,1,0,0,0,0,0,0,0,0,0,0
4795,0.001278,0.00334,0.004676,0.013272,0.018354,-0.001045,-0.001568,-0.002236,-0.003775,-0.003166,0.001597,0.006012,0.011617,0.012546,0.010949,0.003921,0.020968,0.046728,0.046234,0.046263,0.002759,0.004995,0.022943,0.039642,0.051665,-0.001075,-0.002178,-0.002062,-0.005924,-0.015247,0.001568,-0.009148,-0.055382,-0.108644,-0.132778,0.000232,0.002265,-0.003775,-0.069322,-0.144278,-0.003607,-0.014758,-0.026804,-0.051797,-0.085039,0.000112,-0.000449,0.002242,0.001095,-0.007594,0.000158,0.003407,0.012412,0.021169,0.025869,-0.001273,-0.001472,-0.015715,-0.023137,-0.03011,0.263065,-0.647756,-0.150641,-0.913253,1,0,0,0,0,0,0,0,0,0,0
4796,0.001078,0.002536,0.006237,0.015068,0.020576,-0.000525,-0.000583,-0.003148,-0.002302,0.000117,0.001341,0.008102,0.010813,0.011017,0.005858,0.005654,0.031622,0.043687,0.042259,0.04258,0.001807,0.01157,0.027454,0.043804,0.052664,-0.001428,-0.000991,-0.002098,-0.0109,-0.014718,-0.000321,-0.02894,-0.081429,-0.121969,-0.155952,0.000845,0.002565,-0.037713,-0.112672,-0.176848,-0.004363,-0.018172,-0.041213,-0.070649,-0.082482,-0.000828,0.000557,0.003577,-0.004816,-0.010408,0.000516,0.007407,0.017329,0.024496,0.028209,-0.000713,-0.007945,-0.018633,-0.026487,-0.030047,0.287005,-0.615747,-0.15166,-0.911539,1,0,0,0,0,0,0,0,0,0,0
4797,0.000993,0.002336,0.010977,0.016086,0.02245,0.0,-0.000671,-0.002219,-0.001606,0.003737,0.003095,0.008729,0.009663,0.008058,0.001868,0.011473,0.037368,0.036872,0.036901,0.036755,0.000438,0.01848,0.035266,0.047353,0.052754,0.000321,0.000438,-0.003445,-0.012816,-0.014101,-0.010451,-0.056928,-0.11047,-0.13473,-0.166435,0.001197,-0.004875,-0.070766,-0.146116,-0.20284,-0.00684,-0.018948,-0.044073,-0.07749,-0.08067,0.000265,0.002971,0.001818,-0.006917,-0.013612,0.002849,0.01219,0.021274,0.02615,0.029306,0.000515,-0.01426,-0.021959,-0.029193,-0.029352,0.298951,-0.589861,-0.15085,-0.908199,1,0,0,0,0,0,0,0,0,0,0
4798,0.000467,0.004176,0.013025,0.018545,0.023568,-5.8e-05,-0.002628,-0.001782,0.000643,0.007214,0.00368,0.006396,0.0066,0.001431,-0.004906,0.014544,0.026635,0.025204,0.025525,0.02497,0.009346,0.025262,0.041646,0.050525,0.053358,0.000117,-0.000993,-0.009813,-0.013639,-0.01431,-0.018224,-0.070822,-0.111446,-0.145499,-0.163402,0.000526,-0.039836,-0.114951,-0.17926,-0.227478,-0.006996,-0.030085,-0.059581,-0.07144,-0.07733,0.001122,0.004149,-0.004262,-0.009865,-0.017375,0.004136,0.014203,0.021475,0.025242,0.027613,-0.007855,-0.018699,-0.026668,-0.03028,-0.029577,0.306285,-0.564924,-0.149672,-0.904478,1,0,0,0,0,0,0,0,0,0,0
4799,0.000877,0.009533,0.014651,0.021026,0.024886,-0.000614,-0.002164,-0.00155,0.003802,0.011142,0.001959,0.002895,0.001287,-0.004913,-0.013247,0.011376,0.010878,0.010908,0.010762,0.010206,0.008714,0.025529,0.037636,0.043046,0.044479,0.0,-0.003889,-0.013276,-0.014563,-0.014358,-0.028307,-0.081939,-0.106241,-0.137999,-0.153264,-0.006609,-0.072611,-0.148088,-0.204907,-0.243245,-0.005124,-0.030291,-0.063764,-0.06695,-0.070647,0.001587,0.000431,-0.008318,-0.015024,-0.022467,0.005277,0.014469,0.019403,0.022597,0.024382,-0.007023,-0.014814,-0.022133,-0.022294,-0.021426,0.314263,-0.549219,-0.148194,-0.901593,1,0,0,0,0,0,0,0,0,0,0
4800,0.002838,0.011705,0.017235,0.022269,0.02461,-0.001961,-0.001112,0.001317,0.007901,0.013665,0.000761,0.000966,-0.004214,-0.010564,-0.019196,0.000732,-0.000702,-0.00038,-0.000936,-0.001258,0.007228,0.023644,0.03254,0.035378,0.035963,-0.001112,-0.009949,-0.013783,-0.014456,-0.013227,-0.024375,-0.065079,-0.099199,-0.117137,-0.123077,-0.033827,-0.10909,-0.173525,-0.221837,-0.256864,-0.018007,-0.047561,-0.059443,-0.065344,-0.074694,0.001445,-0.006982,-0.012597,-0.020122,-0.024888,0.004905,0.012277,0.016096,0.0185,0.019976,-0.003939,-0.012018,-0.015679,-0.014967,-0.014274,0.312771,-0.52938,-0.147212,-0.901327,1,0,0,0,0,0,0,0,0,0,0
4801,0.005827,0.010951,0.017334,0.021199,0.021931,0.00041,0.001025,0.006383,0.013732,0.016045,0.000176,-0.001435,-0.007642,-0.015987,-0.021081,-0.00123,-0.0012,-0.001347,-0.001903,-0.00243,0.009604,0.021726,0.027142,0.028577,0.028489,-0.002782,-0.01218,-0.013469,-0.013264,-0.010716,-0.029309,-0.05364,-0.085438,-0.100722,-0.097443,-0.032237,-0.107808,-0.164698,-0.203084,-0.238835,-0.007181,-0.040696,-0.043886,-0.047587,-0.060584,-0.002603,-0.011363,-0.018077,-0.025529,-0.025435,0.004347,0.009324,0.012546,0.014347,0.015682,-0.003904,-0.011287,-0.011449,-0.010574,-0.009977,0.312653,-0.514133,-0.145763,-0.901737,1,0,0,0,0,0,0,0,0,0,0
4802,0.003046,0.008583,0.013621,0.015965,0.016053,0.000439,0.002871,0.009462,0.015232,0.016053,2.9e-05,-0.005156,-0.011512,-0.020154,-0.02071,-0.000205,0.000117,-0.000439,-0.000762,-0.001699,0.006825,0.01573,0.018572,0.019158,0.018572,-0.006064,-0.009901,-0.010575,-0.009344,-0.006386,-0.011424,-0.04558,-0.063536,-0.069483,-0.060549,-0.04309,-0.107593,-0.155956,-0.191019,-0.216709,-0.022401,-0.034295,-0.040203,-0.049562,-0.060902,-0.005832,-0.011453,-0.018985,-0.023756,-0.021759,0.003065,0.006913,0.009334,0.010821,0.011671,-0.004222,-0.007911,-0.007193,-0.006495,-0.005772,0.306219,-0.504609,-0.144578,-0.90247,1,0,0,0,0,0,0,0,0,0,0
4803,0.002081,0.008469,0.012337,0.01307,0.013158,0.000176,0.005539,0.012894,0.015209,0.016909,-0.001641,-0.007854,-0.016205,-0.021304,-0.020601,0.000234,8.8e-05,-0.000469,-0.000996,-0.001553,0.005304,0.010725,0.012161,0.012073,0.011575,-0.003341,-0.00463,-0.004425,-0.001875,0.000264,-0.012923,-0.044748,-0.060045,-0.056762,-0.044631,-0.032528,-0.089466,-0.127884,-0.163665,-0.187929,-0.011133,-0.014326,-0.01803,-0.031038,-0.042792,-0.002934,-0.009653,-0.017112,-0.017017,-0.01668,0.001933,0.005173,0.006985,0.008328,0.00904,-0.003193,-0.003356,-0.002475,-0.001875,-0.001408,0.302801,-0.490701,-0.143487,-0.902474,1,0,0,0,0,0,0,0,0,0,0
4804,0.003458,0.008499,0.010844,0.010932,0.011166,0.002257,0.008851,0.014624,0.015445,0.018229,-0.003546,-0.009906,-0.018552,-0.019109,-0.012221,8.8e-05,-0.000469,-0.000791,-0.001729,-0.001964,0.003605,0.006448,0.007034,0.006448,0.006125,-0.000498,-0.001172,5.9e-05,0.003019,0.004631,-0.021248,-0.039214,-0.045163,-0.036224,-0.017936,-0.032004,-0.080391,-0.115472,-0.141174,-0.169837,-0.000766,-0.006676,-0.01604,-0.027385,-0.037682,-0.00269,-0.010226,-0.014999,-0.013001,-0.014249,0.001927,0.004357,0.005849,0.006702,0.007491,-0.000506,0.000214,0.000915,0.001641,0.001897,0.290414,-0.477311,-0.142734,-0.904371,1,0,0,0,0,0,0,0,0,0,0
4805,0.002929,0.006795,0.007527,0.007615,0.007937,0.003105,0.010456,0.01277,0.014469,0.018247,-0.002665,-0.011013,-0.016109,-0.015406,0.001523,-0.000234,-0.000791,-0.001318,-0.001875,-0.002343,0.001816,0.003251,0.003163,0.002665,0.002431,-0.000791,-0.000586,0.001962,0.0041,0.007996,-0.010573,-0.025862,-0.022582,-0.010456,0.028147,-0.024925,-0.063323,-0.099085,-0.123337,-0.151191,-0.002426,-0.006128,-0.019129,-0.030878,-0.049594,-0.004028,-0.011483,-0.011388,-0.011052,-0.011027,0.00131,0.003116,0.004454,0.005163,0.005852,0.000341,0.001219,0.001817,0.002282,0.002686,0.267452,-0.464582,-0.141787,-0.908089,1,0,0,0,0,0,0,0,0,0,0
4806,0.002105,0.004445,0.004532,0.004766,0.006023,0.00348,0.00924,0.010059,0.012836,0.020351,-0.003684,-0.01231,-0.012866,-0.005994,0.015439,-0.000322,-0.000643,-0.001579,-0.001813,-0.003275,0.001023,0.001608,0.001023,0.000702,0.000848,0.000117,0.001345,0.004298,0.005907,0.013684,-0.007369,-0.013304,-0.004386,0.01386,0.080469,-0.023392,-0.058393,-0.084036,-0.112633,-0.146844,-0.003476,-0.012818,-0.024137,-0.03441,-0.07214,-0.003497,-0.00826,-0.006266,-0.007511,-0.007432,0.001096,0.002564,0.003404,0.00418,0.00483,0.000371,0.001061,0.001775,0.002027,0.002829,0.226293,-0.444482,-0.141309,-0.912633,1,0,0,0,0,0,0,0,0,0,0
4807,0.00175,0.002479,0.002566,0.002887,0.004928,0.003849,0.006153,0.007844,0.011605,0.025514,-0.004636,-0.00971,-0.00901,0.007844,0.036449,-0.000233,-0.000758,-0.001312,-0.001779,-0.00866,0.000408,0.000321,-0.000175,-0.000408,-2.9e-05,8.7e-05,0.002624,0.004753,0.008631,0.019449,-0.007873,-0.004607,0.007465,0.045896,0.141158,-0.0149,-0.050503,-0.074647,-0.102377,-0.139146,-0.000221,-0.013163,-0.02486,-0.043492,-0.098389,-0.003934,-0.00384,-0.003504,-0.00348,-0.006799,0.000675,0.001972,0.002659,0.003327,0.003799,0.000487,0.001066,0.001517,0.001908,0.002694,0.173772,-0.429825,-0.140519,-0.918565,0,0,1,0,0,0,0,0,0,0,0
4808,0.000582,0.00067,0.000903,0.002154,0.003494,0.001892,0.002708,0.005474,0.012956,0.02367,-0.00396,-0.004513,0.002329,0.02367,0.060005,-8.7e-05,-0.001019,-0.001252,-0.002708,-0.027775,0.000175,-0.000408,-0.000728,-0.000582,-0.000495,0.001135,0.004076,0.005677,0.013422,0.019623,0.001951,0.010831,0.028998,0.095321,0.20357,-0.019973,-0.045506,-0.07398,-0.108044,-0.140478,-0.009082,-0.020352,-0.030581,-0.06815,-0.13089,-0.000814,0.00117,-6.9e-05,1e-05,-0.004646,0.000757,0.001571,0.002325,0.002955,0.003121,0.000187,0.000881,0.001125,0.001903,0.002246,0.119836,-0.417849,-0.140521,-0.918319,0,0,1,0,0,0,0,0,0,0,0
4809,0.000146,0.000233,0.000553,0.002592,0.003174,0.000408,0.002097,0.005854,0.019745,0.025657,-0.001107,-0.000408,0.016425,0.044994,0.076009,-0.000437,-0.00099,-0.001456,-0.008329,-0.031423,-0.000262,-0.000757,-0.00099,-0.000612,0.000204,0.001398,0.003524,0.007397,0.018201,0.019308,0.00131,0.013367,0.05175,0.146892,0.278319,-0.01558,-0.039693,-0.067388,-0.104111,-0.120973,-0.003842,-0.015524,-0.034133,-0.088961,-0.171225,0.000909,0.001243,0.001268,-0.002047,-0.006751,0.000528,0.001209,0.001871,0.002338,0.002383,0.000387,0.000834,0.001221,0.002,0.001362,0.044579,-0.421374,-0.14156,-0.920096,0,0,1,0,0,0,0,0,0,0,0
4810,-5.8e-05,0.000175,0.001428,0.002768,0.003002,0.000408,0.003176,0.010666,0.021389,0.026635,0.000554,0.007402,0.028762,0.06513,0.08582,-0.000495,-0.000729,-0.002186,-0.027276,-0.035552,-0.000321,-0.000641,-0.000495,-0.000408,0.001049,0.001544,0.003147,0.010899,0.017106,0.018679,0.007577,0.025761,0.092144,0.20049,0.32836,-0.009966,-0.038466,-0.072561,-0.105024,-0.103975,-0.007436,-0.017674,-0.055276,-0.118073,-0.183707,0.001078,-0.000163,-8.4e-05,-0.004744,-0.008169,0.00029,0.001048,0.001682,0.001849,0.001866,0.000309,0.000555,0.001338,0.001683,0.000538,-0.006378,-0.429692,-0.14198,-0.920954,0,0,1,0,0,0,0,0,0,0,0
4811,0.000146,0.000467,0.002508,0.003092,0.003296,0.001283,0.005046,0.018958,0.024879,0.026104,0.000146,0.017004,0.045616,0.076679,0.096337,-5.8e-05,-0.000525,-0.007408,-0.030537,-0.044654,-0.000175,-0.000408,-2.9e-05,0.000787,0.002946,0.000583,0.004462,0.015283,0.016392,0.016917,0.004492,0.042933,0.13822,0.269848,0.348423,-0.014175,-0.041912,-0.078691,-0.095579,-0.113224,-0.004257,-0.022895,-0.077806,-0.160196,-0.163403,-0.000743,-0.000719,-0.004038,-0.00875,-0.009118,0.000397,0.001066,0.001538,0.001584,0.001586,0.000141,0.000532,0.00132,0.000674,-0.000613,-0.032299,-0.41194,-0.143247,-0.920007,0,0,1,0,0,0,0,0,0,0,0
4812,8.8e-05,0.001343,0.002686,0.00292,0.003154,0.001489,0.008994,0.019739,0.024995,0.024732,0.006716,0.028119,0.06456,0.085292,0.1029,-0.000175,-0.001635,-0.026776,-0.035069,-0.068298,-0.000146,0.0,8.8e-05,0.001548,0.005548,0.001022,0.008789,0.015009,0.016585,0.016352,0.013724,0.080241,0.188805,0.316933,0.38383,-0.014366,-0.04853,-0.081058,-0.080007,-0.114346,-0.005997,-0.043675,-0.106598,-0.172365,-0.148628,-0.000499,-0.00042,-0.005089,-0.008521,-0.007857,0.000369,0.001013,0.001181,0.001198,0.001202,0.000107,0.000902,0.001251,9e-05,-0.002267,-0.06821,-0.396137,-0.144924,-0.916894,0,0,1,0,0,0,0,0,0,0,0
4813,0.000234,0.002283,0.002868,0.003073,0.003161,0.002283,0.016243,0.022184,0.023413,0.02315,0.010185,0.038895,0.070065,0.08979,0.10378,-0.000293,-0.0072,-0.030408,-0.044573,-0.078201,-8.8e-05,0.000293,0.001112,0.003278,0.008282,0.002868,0.013726,0.014838,0.015365,0.017589,0.024818,0.120433,0.252513,0.331358,0.427148,-0.013433,-0.050339,-0.067284,-0.084991,-0.136149,-0.012691,-0.067791,-0.150464,-0.153682,-0.089007,0.000525,-0.002806,-0.007534,-0.007903,-0.004605,0.00031,0.000794,0.000841,0.000843,0.000853,0.000292,0.001099,0.000438,-0.000881,-0.003751,-0.118017,-0.363334,-0.145457,-0.9186,0,0,1,0,0,0,0,0,0,0,0
4814,0.001026,0.002374,0.002609,0.002843,0.004368,0.005247,0.016034,0.021311,0.021047,0.018057,0.011286,0.047868,0.06868,0.086356,0.113324,-0.001173,-0.026411,-0.034736,-0.068094,-0.080845,0.000235,0.000322,0.001788,0.005804,0.011608,0.004925,0.011168,0.012751,0.012517,0.014744,0.041918,0.150904,0.279529,0.346685,0.49284,-0.020842,-0.053496,-0.052441,-0.086913,-0.184907,-0.025114,-0.088281,-0.154302,-0.130473,0.015409,-0.000446,-0.005133,-0.008578,-0.007912,-0.002021,0.000347,0.000521,0.000538,0.000541,0.000525,0.000521,0.00088,-0.000313,-0.002735,-0.004948,-0.202276,-0.304638,-0.146606,-0.919597,0,0,1,0,0,0,0,0,0,0,0
4815,0.001028,0.001615,0.001821,0.001909,0.006079,0.008751,0.014712,0.015946,0.015681,0.020145,0.017502,0.048777,0.068569,0.082606,0.120165,-0.005756,-0.029043,-0.043256,-0.076997,-0.092444,0.000147,0.000969,0.003142,0.008164,0.014213,0.005961,0.007077,0.007606,0.009838,0.009955,0.053945,0.186473,0.265585,0.3617,0.531904,-0.016151,-0.033154,-0.05092,-0.102252,-0.196399,-0.030128,-0.113081,-0.11631,-0.051416,0.102269,-0.002895,-0.007639,-0.00801,-0.0047,-0.008636,0.000143,0.000191,0.000194,0.000204,0.00123,0.000298,-0.000378,-0.001728,-0.004668,-0.006486,-0.279758,-0.280251,-0.147896,-0.916804,0,0,1,0,0,0,0,0,0,0,0
4816,0.000324,0.000559,0.000795,0.002325,0.004767,0.00206,0.007357,0.007092,0.00409,0.015361,0.019187,0.040081,0.057826,0.0849,0.120243,-0.01957,-0.027927,-0.061416,-0.074217,-0.11524,-5.9e-05,0.001413,0.005444,0.011271,0.016127,0.000294,0.001883,0.001648,0.003884,0.004414,0.055354,0.184484,0.251903,0.398631,0.532617,-0.016597,-0.015538,-0.050145,-0.148523,-0.19496,-0.033223,-0.099504,-0.075581,0.070873,0.156573,-0.001804,-0.005263,-0.004594,0.001321,-0.008787,3.3e-05,5.1e-05,5.4e-05,3.7e-05,0.004439,6.6e-05,-0.00116,-0.003649,-0.005924,-0.008795,-0.33146,-0.273721,-0.148864,-0.913527,0,0,1,0,0,0,0,0,0,0,0
4817,0.000265,0.000471,0.00056,0.004744,0.004066,0.003919,0.005156,0.004891,0.00937,0.010932,0.012169,0.032029,0.046113,0.0838,0.120337,-0.003772,-0.018033,-0.051889,-0.067387,-0.122871,0.000884,0.003064,0.008103,0.014173,0.017149,0.000825,0.001355,0.003595,0.003713,0.005245,0.077553,0.156933,0.253373,0.424155,0.51868,-0.000442,-0.018269,-0.069774,-0.16424,-0.205256,-0.049969,-0.053208,0.011905,0.166112,0.209124,-0.002954,-0.003325,-5e-06,-0.003954,-0.003297,1.6e-05,1.9e-05,2.9e-05,0.001079,0.006032,-0.00076,-0.002142,-0.005152,-0.007014,-0.009355,-0.370548,-0.251352,-0.149463,-0.913742,0,0,1,0,0,0,0,0,0,0,0
4818,-3e-05,0.000207,0.001742,0.004192,0.002923,0.001388,0.001122,-0.001889,0.009418,0.001801,0.008768,0.02657,0.053731,0.089187,0.127625,-0.004605,-0.038202,-0.051044,-0.092199,-0.140704,0.00059,0.004635,0.01048,0.015352,0.01671,0.000768,0.000531,0.002775,0.003307,0.005964,0.051841,0.119477,0.266676,0.401092,0.476315,0.001506,-0.033213,-0.131906,-0.178493,-0.222894,-0.016428,0.007571,0.154496,0.240471,0.271641,-0.00051,0.000161,0.006094,-0.004046,0.00654,2e-06,5e-06,-1.2e-05,0.004489,0.008045,-0.000484,-0.00303,-0.005356,-0.008292,-0.008697,-0.400188,-0.236566,-0.148758,-0.914929,0,0,1,0,0,0,0,0,0,0,0
4819,0.000236,0.000325,0.004518,0.003839,0.002244,-0.000148,-0.000413,0.004075,0.00564,-0.003957,0.011133,0.025248,0.063017,0.099634,0.13764,-0.009686,-0.043616,-0.059149,-0.114754,-0.154442,0.001595,0.006644,0.012727,0.01571,0.017127,-0.000236,0.002008,0.002126,0.003662,0.010306,0.027699,0.124351,0.295507,0.39024,0.451692,-0.019372,-0.07099,-0.165664,-0.206769,-0.23184,0.013185,0.078442,0.232986,0.276093,0.291463,0.000138,0.003466,-0.000492,0.000166,0.016684,1e-06,1.1e-05,0.001078,0.006107,0.01103,-0.000919,-0.003975,-0.005866,-0.008243,-0.008123,-0.421255,-0.231874,-0.147515,-0.916739,0,0,1,0,0,0,0,0,0,0,0
4820,0.0,0.001535,0.003986,0.002716,0.00183,-0.000118,-0.003129,0.008178,0.000561,-0.008444,0.006672,0.033834,0.069291,0.107731,0.148296,-0.023914,-0.036757,-0.077912,-0.126419,-0.163737,0.00245,0.008296,0.013167,0.014525,0.017153,0.0,0.002244,0.002775,0.005432,0.011632,0.039945,0.187149,0.321569,0.396794,0.441729,-0.015352,-0.114049,-0.160637,-0.20504,-0.220599,0.010818,0.157747,0.243725,0.274896,0.270518,0.000533,0.006467,-0.003674,0.006913,0.022509,3e-06,-1.4e-05,0.004488,0.008044,0.012865,-0.001629,-0.003955,-0.006892,-0.007297,-0.007758,-0.432648,-0.224642,-0.146714,-0.914636,0,0,1,0,0,0,0,0,0,0,0
4821,8.8e-05,0.004267,0.00359,0.002001,0.001795,-0.000147,0.004326,0.005885,-0.003678,-0.015861,0.007415,0.045052,0.08154,0.119412,0.161286,-0.009976,-0.025454,-0.080863,-0.120412,-0.157195,0.00259,0.008651,0.011623,0.013036,0.016184,0.002236,0.002354,0.003884,0.010505,0.011329,0.056498,0.227053,0.321453,0.382689,0.417206,-0.036135,-0.130476,-0.171438,-0.196421,-0.207367,0.054245,0.208247,0.251202,0.266518,0.250573,0.002785,-0.001159,-0.000503,0.015957,0.029365,8e-06,0.001048,0.005955,0.010758,0.015009,-0.00139,-0.003235,-0.005554,-0.005437,-0.006098,-0.442652,-0.222216,-0.145159,-0.911659,0,0,1,0,0,0,0,0,0,0,0
4822,0.001435,0.003866,0.002606,0.001728,0.001786,-0.002841,0.008375,0.00082,-0.008112,-0.020441,0.019562,0.054733,0.092862,0.133099,0.174712,-0.002811,-0.043634,-0.091749,-0.128765,-0.165312,0.003221,0.008053,0.0094,0.012007,0.015726,0.0,0.000527,0.003163,0.009313,0.00902,0.089787,0.22312,0.297737,0.342308,0.367434,-0.061937,-0.108148,-0.152192,-0.167625,-0.178285,0.091757,0.17704,0.207959,0.203616,0.17952,0.003114,-0.006944,0.003557,0.019027,0.031545,-2.4e-05,0.00423,0.007589,0.012144,0.015459,-0.000854,-0.003629,-0.004011,-0.004446,-0.005612,-0.443868,-0.216871,-0.145509,-0.908468,0,0,1,0,0,0,0,0,0,0,0
4823,0.002711,0.00204,0.000466,0.000262,0.000204,0.007257,0.008802,-0.00067,-0.012737,-0.020985,0.017808,0.05395,0.091461,0.132937,0.164415,-0.012533,-0.067416,-0.106588,-0.143021,-0.172488,0.002798,0.005742,0.007141,0.01026,0.013582,0.000117,0.001632,0.00819,0.009006,0.007345,0.07957,0.173071,0.233725,0.267913,0.278931,-0.031799,-0.07237,-0.097116,-0.107958,-0.126204,0.061213,0.103759,0.11893,0.103136,0.080189,-0.007006,-0.006356,0.009947,0.023228,0.030349,0.000996,0.005585,0.010077,0.014053,0.014743,-0.000899,-0.003068,-0.002959,-0.003577,-0.005446,-0.439863,-0.211396,-0.146079,-0.904844,0,0,1,0,0,0,0,0,0,0,0
4824,-0.00029,-0.001537,-0.002406,-0.002348,-0.004059,0.003885,-0.003595,-0.012438,-0.024644,-0.029138,0.017106,0.054856,0.094693,0.135893,0.148273,-0.02795,-0.075586,-0.112234,-0.148418,-0.166568,0.002001,0.003334,0.005915,0.009597,0.011394,0.000406,0.003015,0.009104,0.008814,0.000928,0.052855,0.126731,0.170859,0.195735,0.193561,-0.01412,-0.057726,-0.073006,-0.083559,-0.100434,0.023543,0.054155,0.049855,0.025998,0.011752,-0.00299,0.007407,0.022724,0.035117,0.032495,0.003006,0.006139,0.010386,0.013477,0.013109,-0.00172,-0.002077,-0.002483,-0.00357,-0.007288,-0.428372,-0.211574,-0.146348,-0.896466,0,0,1,0,0,0,0,0,0,0,0
4825,-0.000375,-0.001933,-0.002135,-0.002193,-0.00479,-0.002337,-0.011715,-0.023661,-0.031827,-0.032693,0.018756,0.055893,0.096954,0.128117,0.134004,-0.026518,-0.065299,-0.101368,-0.130541,-0.146815,0.000923,0.002308,0.005396,0.008685,0.010446,0.001096,0.007589,0.008397,0.006752,-0.002568,0.039964,0.100012,0.133859,0.144767,0.135793,-0.026114,-0.050612,-0.061346,-0.07941,-0.087316,0.018691,0.03371,0.018074,-0.004644,-0.021336,0.003619,0.019759,0.032907,0.039957,0.032568,0.001371,0.005558,0.009264,0.009907,0.010192,-0.000358,-0.000256,-0.000832,-0.002575,-0.0077,-0.416546,-0.221206,-0.146804,-0.888852,0,0,1,0,0,0,0,0,0,0,0
4826,-0.000864,-0.001728,-0.00167,-0.003369,-0.004435,-0.005097,-0.013881,-0.026005,-0.030469,-0.029115,0.018777,0.058345,0.099268,0.111565,0.11744,-0.02085,-0.057251,-0.093191,-0.111219,-0.124668,0.000403,0.002966,0.006624,0.008409,0.012498,0.001498,0.007545,0.007257,-0.000576,-0.004205,0.033492,0.077324,0.102032,0.099873,0.09106,-0.01725,-0.032427,-0.04291,-0.05967,-0.06399,0.011752,0.007481,-0.016215,-0.030366,-0.047134,0.006715,0.021929,0.034239,0.031634,0.027852,0.001636,0.005687,0.008635,0.008284,0.008666,1.3e-05,-0.000374,-0.001411,-0.004957,-0.009935,-0.406365,-0.22366,-0.149227,-0.885253,1,0,0,0,0,0,0,0,0,0,0
4827,-0.000689,-0.00089,-0.000947,-0.00353,-0.00373,-0.004247,-0.016127,-0.024248,-0.025109,-0.023731,0.018222,0.059055,0.090047,0.095901,0.100205,-0.017791,-0.053661,-0.082672,-0.098856,-0.105657,0.000976,0.004046,0.007317,0.009068,0.014348,0.004964,0.005768,0.004132,-0.005137,-0.007432,0.026343,0.060002,0.070849,0.061925,0.053976,-0.007174,-0.017849,-0.035812,-0.043675,-0.047749,0.003226,-0.012323,-0.034915,-0.051514,-0.064024,0.00936,0.022435,0.029446,0.022098,0.019703,0.002432,0.005997,0.006615,0.00689,0.006818,8.6e-05,-0.000468,-0.002144,-0.007075,-0.011923,-0.399047,-0.224155,-0.151409,-0.88218,1,0,0,0,0,0,0,0,0,0,0
4828,-0.000171,-0.000114,-0.001798,-0.002854,-0.003054,-0.004481,-0.016495,-0.020919,-0.019577,-0.019235,0.02109,0.061643,0.073829,0.079651,0.086842,-0.018379,-0.053995,-0.07186,-0.085187,-0.089696,0.00157,0.005194,0.006963,0.011016,0.016724,0.001056,0.000771,-0.006992,-0.010588,-0.012528,0.017237,0.041723,0.039583,0.03085,0.027283,-0.007905,-0.018293,-0.034902,-0.039183,-0.039212,-0.00744,-0.030923,-0.044946,-0.061563,-0.073165,0.005768,0.017967,0.015386,0.011638,0.01074,0.001462,0.004228,0.003899,0.004258,0.004316,-0.000445,-0.001419,-0.004747,-0.009419,-0.014148,-0.39447,-0.227031,-0.154829,-0.881495,1,0,0,0,0,0,0,0,0,0,0
4829,-2.8e-05,-8.5e-05,-0.00264,-0.002839,-0.0023,-0.007296,-0.01533,-0.016182,-0.014819,-0.010305,0.019418,0.050078,0.05587,0.060128,0.06731,-0.017204,-0.045905,-0.061916,-0.068645,-0.067764,0.001476,0.004713,0.006444,0.011668,0.017573,-0.000256,-0.001874,-0.011043,-0.013314,-0.011668,0.016153,0.026884,0.018055,0.010192,0.010248,-0.002697,-0.020468,-0.028247,-0.032278,-0.028957,-0.007981,-0.030333,-0.046754,-0.05913,-0.06666,0.007198,0.014134,0.006865,0.004495,0.002942,0.001898,0.002471,0.002726,0.002659,0.002677,-8.5e-05,-0.001639,-0.006213,-0.01071,-0.014995,-0.392065,-0.228836,-0.15739,-0.883108,1,0,0,0,0,0,0,0,0,0,0
4830,8.5e-05,-0.001582,-0.002627,-0.002825,-0.001893,-0.004632,-0.009011,-0.007683,-0.007344,0.003164,0.020818,0.032879,0.038641,0.045759,0.046635,-0.018134,-0.035817,-0.049008,-0.053471,-0.046635,0.002118,0.00387,0.007881,0.01353,0.017146,-2.8e-05,-0.007711,-0.01127,-0.013191,-0.011383,0.008163,0.006045,-0.002599,-0.00613,-0.005,-0.007598,-0.024038,-0.028275,-0.028303,-0.023981,-0.015301,-0.02918,-0.045628,-0.057111,-0.056121,0.004912,0.002357,-0.001352,-0.002241,-0.010059,0.000742,0.000436,0.00077,0.000824,0.000707,-0.000824,-0.003921,-0.008269,-0.01267,-0.015886,-0.390886,-0.230705,-0.158492,-0.882476,1,0,0,0,0,0,0,0,0,0,0
4831,-0.000141,-0.002672,-0.002869,-0.002335,-0.001997,-0.003347,-0.004191,-0.002841,0.001631,0.011195,0.009648,0.015386,0.019606,0.026722,0.029282,-0.010379,-0.026244,-0.03291,-0.032038,-0.021771,0.001097,0.002813,0.007989,0.013839,0.01533,-0.001575,-0.010661,-0.012911,-0.01128,-0.012095,0.002503,-0.006245,-0.014036,-0.01398,-0.011898,-0.010042,-0.017749,-0.021743,-0.018452,-0.01609,-0.006909,-0.02318,-0.035442,-0.042903,-0.040886,0.001981,-0.005222,-0.007569,-0.009109,-0.018905,-0.000183,5.6e-05,-7e-06,1e-05,-0.000377,-0.000657,-0.004945,-0.009161,-0.013179,-0.015498,-0.389838,-0.23017,-0.158479,-0.87896,1,0,0,0,0,0,0,0,0,0,0
4832,-0.001514,-0.002551,-0.002747,-0.001822,-0.001878,-0.001009,0.000308,0.000645,0.011073,0.020548,0.002355,0.008073,0.015138,0.016007,0.019062,-0.007204,-0.020296,-0.024725,-0.017941,-0.004541,0.000645,0.004625,0.010232,0.01382,0.014437,-0.006055,-0.009587,-0.011493,-0.009699,-0.010456,-0.004597,-0.013175,-0.01668,-0.015558,-0.01197,-0.006307,-0.010512,-0.01054,-0.006251,0.001794,-0.006889,-0.023212,-0.034608,-0.033625,-0.031455,-0.004509,-0.008191,-0.009073,-0.016831,-0.026585,-0.000112,0.000205,0.000256,0.000146,-9.4e-05,-0.002295,-0.006417,-0.010591,-0.01364,-0.015498,-0.391027,-0.237324,-0.157903,-0.873524,1,0,0,0,0,0,0,0,0,0,0
4833,-0.001006,-0.001201,-0.00067,-0.000335,-0.000531,0.000168,0.001508,0.00595,0.015448,0.024861,0.003352,0.007542,0.01461,0.017152,0.015224,-0.008576,-0.015196,-0.01433,-0.004134,0.016761,0.001062,0.006201,0.012012,0.013492,0.0138,-0.002989,-0.005224,-0.003604,-0.004414,-0.00433,-0.004106,-0.011844,-0.011788,-0.009721,-0.00514,-0.001369,-0.005335,-0.002067,0.000279,0.017906,-0.009294,-0.021472,-0.028881,-0.026877,-0.019656,-0.002659,-0.004991,-0.00652,-0.016248,-0.02516,0.000336,0.000277,0.000293,-7.5e-05,-0.000134,-0.001846,-0.005862,-0.009689,-0.011899,-0.013439,-0.392634,-0.245351,-0.155111,-0.869919,1,0,0,0,0,0,0,0,0,0,0
4834,-2.8e-05,-0.000222,0.000695,0.000639,0.001639,0.001139,0.001472,0.011808,0.021198,0.028199,0.002334,0.009335,0.010196,0.013225,0.011474,-0.004445,-0.008835,-0.002111,0.011169,0.044008,0.002889,0.008446,0.012002,0.012613,0.013447,-0.000528,-0.002417,-0.000639,-0.001389,0.010419,-0.004417,-0.00789,-0.006779,-0.003223,0.005973,-0.002806,-0.002834,0.001417,0.009391,0.035367,-0.006934,-0.018229,-0.017254,-0.015103,-0.002521,-0.001004,-0.001878,-0.009568,-0.019234,-0.014619,-2.7e-05,2.2e-05,-8.2e-05,-0.000307,-0.000455,-0.002095,-0.006015,-0.008879,-0.010624,-0.009894,-0.399009,-0.258274,-0.151073,-0.877171,1,0,0,0,0,0,0,0,0,0,0
4835,-0.000166,0.00036,0.000692,0.000498,0.005234,0.000194,0.004597,0.014012,0.023343,0.034503,0.001828,0.008833,0.011353,0.009443,0.00792,-0.002132,-0.001274,0.008833,0.029546,0.069477,0.002215,0.007975,0.009443,0.009747,0.012489,-0.001689,-8.3e-05,-0.000886,-0.000803,0.023482,-0.003268,-0.003212,-0.001163,0.003378,0.013236,-0.001135,0.002105,0.004431,0.021904,0.061197,-0.005161,-0.012505,-0.010519,-0.003361,0.00761,-0.001311,-0.002826,-0.01247,-0.021305,-0.009071,-3e-05,-1.5e-05,-0.000361,-0.000416,-0.000219,-0.001731,-0.005331,-0.007409,-0.008857,-0.00607,-0.401697,-0.279168,-0.146414,-0.886298,1,0,0,0,0,0,0,0,0,0,0
4836,-2.8e-05,0.000885,0.00083,0.001826,0.01123,0.000138,0.010428,0.019777,0.026747,0.03416,0.005145,0.006002,0.009017,0.007275,0.001715,-0.00224,0.004453,0.017675,0.050368,0.086547,0.003319,0.00686,0.007468,0.008298,0.011977,-0.000194,0.001577,0.00083,0.012585,0.034215,-0.000194,0.000913,0.004453,0.013609,0.016485,0.001106,0.005338,0.013277,0.039139,0.093767,-0.00609,-0.00512,-0.002979,0.009548,0.01217,0.000439,-0.007216,-0.01684,-0.012245,0.000222,7.7e-05,-2.4e-05,-0.000242,-0.000386,0.0009,-0.002083,-0.004859,-0.006551,-0.005844,-0.000643,-0.400972,-0.309004,-0.1421,-0.892088,1,0,0,0,0,0,0,0,0,0,0
4837,0.000553,0.000885,0.000691,0.00542,0.02262,0.004259,0.013661,0.02298,0.034124,0.031137,0.001853,0.004369,0.002461,0.00094,-0.016343,0.003097,0.01319,0.033875,0.073751,0.102842,0.002433,0.003899,0.004203,0.006941,0.009043,0.001797,0.000996,0.001078,0.02533,0.033543,0.000249,0.002295,0.00683,0.016675,0.015264,0.002129,0.004452,0.021901,0.061141,0.140062,-0.001246,0.000737,0.007885,0.018842,0.022978,-0.001952,-0.011582,-0.020405,-0.008188,-0.000581,-6.2e-05,-0.000405,-0.000459,-0.000264,0.003136,-0.001486,-0.003545,-0.004979,-0.002219,0.008381,-0.399141,-0.353694,-0.133829,-0.888459,1,0,0,0,0,0,0,0,0,0,0
4838,0.00036,0.000304,0.001301,0.010709,0.041395,0.006032,0.015385,0.022358,0.029774,0.026149,-0.000996,0.00202,0.000277,-0.005285,-0.040344,0.003597,0.016824,0.04953,0.085724,0.132321,0.001107,0.001716,0.002546,0.006226,0.00808,-2.8e-05,-0.000775,0.010985,0.032624,0.035391,0.000858,0.0044,0.013559,0.016436,0.00725,0.002103,0.010044,0.035916,0.090566,0.20064,0.002217,0.004359,0.016891,0.019514,0.036199,-0.005705,-0.015332,-0.010735,0.001736,0.002478,-3.9e-05,-0.000258,-0.000402,0.000887,0.005616,-0.001291,-0.002988,-0.002278,0.002937,0.021421,-0.391388,-0.413431,-0.128501,-0.892052,1,0,0,0,0,0,0,0,0,0,0
4839,-2.8e-05,-0.000222,0.004513,0.021736,0.052443,0.003378,0.012709,0.023868,0.020878,0.01977,0.003517,0.001606,8.3e-05,-0.017223,-0.06302,0.006507,0.027218,0.067146,0.096275,0.154006,0.00036,0.000665,0.003406,0.00551,0.007559,-0.000775,-0.000692,0.023591,0.031815,0.034473,0.001191,0.005732,0.015589,0.014177,-0.011712,0.000222,0.017693,0.056984,0.136008,0.273152,-0.000233,0.006925,0.017895,0.022037,0.042513,-0.003934,-0.012768,-0.000535,0.007082,0.006011,-0.000307,-0.000362,-0.000165,0.003266,0.010211,-0.000781,-0.002228,0.000558,0.011254,0.029451,-0.372924,-0.486472,-0.123911,-0.893255,1,0,0,0,0,0,0,0,0,0,0
4840,-2.8e-05,0.000968,0.010368,0.04103,0.056374,0.005972,0.012939,0.020349,0.016727,0.022146,-0.000498,-0.002239,-0.007797,-0.042827,-0.091128,0.006718,0.039399,0.075562,0.122122,0.173381,0.000249,0.001078,0.004755,0.006608,0.007852,2.8e-05,0.011778,0.033399,0.036164,0.051508,0.00235,0.011502,0.014377,0.005198,-0.048578,0.007714,0.033565,0.08817,0.198154,0.317704,0.002373,0.014895,0.017515,0.034187,0.035246,-0.005692,-0.001098,0.011363,0.012104,0.019952,8.6e-05,-5.7e-05,0.001225,0.005927,0.01233,-0.000914,-0.000209,0.004976,0.023355,0.032934,-0.337383,-0.530845,-0.114095,-0.912952,1,0,0,0,0,0,0,0,0,0,0
4841,-0.000166,0.00456,0.021748,0.052395,0.060354,0.003344,0.01448,0.011496,0.010391,0.035704,-0.001409,-0.002929,-0.020201,-0.065908,-0.108382,0.013955,0.053804,0.082876,0.140493,0.195817,5.5e-05,0.002791,0.004891,0.006936,0.017797,5.5e-05,0.024291,0.032498,0.035151,0.078675,0.002183,0.012021,0.010612,-0.015227,-0.101474,0.009727,0.048941,0.127809,0.264682,0.382543,0.004772,0.015721,0.019854,0.04029,0.01464,-0.003128,0.009081,0.016683,0.015614,0.03405,-0.00014,5.4e-05,0.003438,0.010287,0.015993,-0.000516,0.002231,0.012781,0.030727,0.030005,-0.288267,-0.602533,-0.117152,-0.946865,1,0,0,0,0,0,0,0,0,0,0
4842,0.001162,0.010568,0.041247,0.0566,0.06454,0.003624,0.011038,0.007414,0.012836,0.031316,-0.000332,-0.005892,-0.040943,-0.089271,-0.125705,0.018728,0.054913,0.101499,0.152788,0.192596,0.000775,0.004454,0.006307,0.007552,0.020167,0.011702,0.033335,0.036101,0.051455,0.081719,0.006971,0.009848,0.000664,-0.053142,-0.138236,0.016128,0.070764,0.180811,0.30043,0.430616,0.007752,0.010374,0.027055,0.028115,0.017845,0.007727,0.020196,0.020937,0.02879,0.041071,-2e-06,0.001284,0.006005,0.012434,0.019564,0.001228,0.006434,0.024887,0.034504,0.032362,-0.25551,-0.662597,-0.11784,-0.955725,1,0,0,0,0,0,0,0,0,0,0
4843,0.003575,0.020814,0.051549,0.059531,0.064298,0.007538,0.004545,0.003437,0.028823,0.026551,-0.001192,-0.018513,-0.064354,-0.106951,-0.145364,0.021202,0.050358,0.108143,0.163628,0.177818,0.001968,0.004074,0.006125,0.017017,0.021146,0.012582,0.020814,0.023474,0.067125,0.065462,0.002882,0.001469,-0.024444,-0.110942,-0.187047,0.02317,0.102267,0.239538,0.357742,0.470319,0.003214,0.00736,0.027855,0.002131,0.025039,0.004503,0.012127,0.011055,0.029545,0.030064,0.000201,0.003654,0.010644,0.016467,0.024345,0.00156,0.012326,0.030641,0.029904,0.030462,-0.216037,-0.72768,-0.120331,-0.964687,1,0,0,0,0,0,0,0,0,0,0
4844,0.005847,0.036576,0.051954,0.059907,0.061181,-0.000111,-0.003741,0.00169,0.0202,0.024716,-0.004378,-0.039485,-0.087893,-0.124385,-0.161987,0.015046,0.061708,0.11308,0.152953,0.161238,0.001718,0.003574,0.004821,0.017457,0.020699,0.009089,0.011859,0.027238,0.057551,0.053894,0.0,-0.009199,-0.063093,-0.148326,-0.233476,0.03156,0.141787,0.2616,0.391998,0.505799,-0.000587,0.016121,0.017182,0.006895,0.045794,0.007987,0.00873,0.016595,0.028896,0.021057,0.001101,0.005876,0.012378,0.01959,0.03051,0.003708,0.022372,0.0321,0.029933,0.0276,-0.170622,-0.790281,-0.119626,-0.968406,1,0,0,0,0,0,0,0,0,0,0
4845,0.011365,0.04203,0.049994,0.05475,0.05439,-0.002876,-0.003982,0.021347,0.019079,0.023697,-0.012913,-0.058648,-0.101149,-0.139473,-0.168341,0.014075,0.071728,0.127086,0.141243,0.147879,0.000387,0.002433,0.0133,0.01742,0.019328,-0.000857,0.001797,0.045348,0.043689,0.042777,-0.00141,-0.027264,-0.113564,-0.189495,-0.26537,0.047422,0.184379,0.302312,0.414632,0.532758,0.004722,0.02517,-0.000495,0.022361,0.084045,-0.000364,-0.001433,0.017014,0.017532,0.012362,0.002313,0.009192,0.014923,0.022675,0.037991,0.006941,0.024964,0.024239,0.024788,0.022592,-0.135891,-0.848175,-0.118858,-0.962322,1,0,0,0,0,0,0,0,0,0,0
4846,0.019272,0.034596,0.042521,0.043791,0.042797,-0.000745,0.004666,0.02311,0.027611,0.025788,-0.022089,-0.070325,-0.106688,-0.144156,-0.165996,0.032443,0.083633,0.123365,0.13162,0.137474,0.001463,0.002706,0.015296,0.018527,0.021371,0.003617,0.018941,0.049147,0.045503,0.042051,-0.007759,-0.061462,-0.146392,-0.23124,-0.322052,0.062483,0.181872,0.311808,0.425206,0.54487,0.011934,0.012992,0.002741,0.041501,0.113084,0.001103,0.008941,0.021198,0.013387,0.012316,0.002368,0.008711,0.015745,0.026398,0.055419,0.011336,0.020825,0.018712,0.016436,0.013567,-0.074465,-0.903349,-0.119218,-0.953031,1,0,0,0,0,0,0,0,0,0,0
4847,0.011353,0.019308,0.024059,0.0237,0.023839,-0.000359,0.024943,0.022678,0.027291,0.013314,-0.02359,-0.066046,-0.104331,-0.13317,-0.159522,0.025137,0.080438,0.094581,0.10121,0.102646,0.00058,0.011436,0.015552,0.017458,0.02301,-0.000967,0.042539,0.040882,0.03997,0.03812,-0.018065,-0.104276,-0.180129,-0.255926,-0.368461,0.074305,0.192117,0.304321,0.422326,0.514089,0.008488,-0.01715,0.005681,0.067302,0.12464,-0.002172,0.016256,0.016773,0.011609,0.024388,0.004454,0.010143,0.01784,0.033046,0.073509,0.006523,0.005802,0.006348,0.004167,0.001573,-0.018847,-0.932449,-0.121168,-0.950785,1,0,0,0,0,0,0,0,0,0,0
4848,0.00399,0.011942,0.013217,0.012219,0.014741,0.005791,0.0243,0.028816,0.026988,0.006013,-0.024743,-0.061235,-0.098835,-0.120752,-0.146604,0.026156,0.066029,0.074313,0.080187,0.075422,0.000665,0.0133,0.016542,0.019396,0.025824,0.016348,0.046661,0.043003,0.03954,0.036686,-0.035771,-0.121002,-0.206149,-0.297281,-0.399385,0.045275,0.17567,0.289467,0.409554,0.475832,-0.007453,-0.017739,0.021158,0.092993,0.147863,0.010044,0.022345,0.014506,0.013431,0.03193,0.001949,0.00916,0.020078,0.049824,0.097356,0.00306,0.000894,-0.001438,-0.004379,-0.005342,0.02917,-0.965571,-0.124074,-0.949485,1,0,0,0,0,0,0,0,0,0,0
4849,0.00401,0.0088,0.008438,0.008577,0.012894,0.019689,0.017405,0.022056,0.007965,0.003704,-0.017934,-0.056532,-0.085606,-0.112173,-0.13189,0.029464,0.043722,0.050405,0.051854,0.052856,0.010276,0.014425,0.016347,0.021944,0.028545,0.027431,0.02576,0.024841,0.022975,0.022139,-0.050962,-0.127434,-0.20385,-0.317304,-0.40252,0.073269,0.186389,0.305357,0.397869,0.469189,-0.018357,0.004661,0.066785,0.124591,0.187496,0.008484,0.009006,0.003799,0.016682,0.02041,0.004003,0.01215,0.028247,0.07108,0.126173,-0.003933,-0.003356,-0.005664,-0.00841,-0.009999,0.06426,-0.990551,-0.125129,-0.942461,1,0,0,0,0,0,0,0,0,0,0
4850,0.004011,0.005301,0.004291,0.006843,0.009704,-0.001094,0.003478,0.001627,-0.019605,-0.010938,-0.018876,-0.056935,-0.07912,-0.105288,-0.128287,0.010686,0.019072,0.025018,0.020194,0.029029,0.00244,0.005722,0.00861,0.015117,0.019605,0.003057,-0.000645,-0.004151,-0.00704,-0.003253,-0.034946,-0.121135,-0.213381,-0.316734,-0.392966,0.058197,0.173386,0.294942,0.36203,0.411393,0.008076,0.047449,0.120162,0.175703,0.214444,0.003907,-0.004028,-0.005115,0.013609,0.00903,0.003644,0.015531,0.047919,0.099671,0.158401,0.001775,-0.000765,-0.003967,-0.005016,-0.007221,0.100265,-0.997827,-0.124781,-0.941712,1,0,0,0,0,0,0,0,0,0,0
4851,0.000821,0.000453,0.000595,0.004986,0.006232,-0.001218,0.003513,-0.010821,-0.015155,-0.006459,-0.020197,-0.049771,-0.076794,-0.09685,-0.119936,0.003711,0.010509,0.011982,0.013002,0.020282,0.001756,0.003711,0.009405,0.016118,0.018583,-0.004787,-0.005722,-0.00762,-0.00847,-0.003144,-0.04249,-0.12022,-0.235624,-0.322305,-0.392499,0.056286,0.177299,0.271401,0.343946,0.375559,0.015257,0.078449,0.137249,0.201235,0.226449,-0.003415,-0.008711,0.004393,0.008185,0.005041,0.005274,0.02341,0.07167,0.133743,0.195355,-0.001252,-0.003853,-0.006947,-0.008738,-0.010412,0.125074,-1.008929,-0.125157,-0.94084,1,0,0,0,0,0,0,0,0,0,0
4852,0.000489,-0.000547,0.002071,0.005005,0.005379,0.005926,0.004027,-0.017749,-0.00886,-0.005236,-0.018526,-0.04128,-0.068119,-0.091708,-0.10845,0.004833,0.010931,0.005983,0.015045,0.017634,0.001582,0.004545,0.011219,0.015822,0.017289,0.001064,-0.002531,-0.005494,-0.001611,0.001381,-0.04525,-0.139863,-0.245868,-0.324056,-0.384696,0.060985,0.18566,0.254469,0.305098,0.33677,0.024889,0.099468,0.156434,0.196169,0.22804,-0.00467,-0.005785,0.01342,0.008723,0.008267,0.00832,0.046992,0.108787,0.178912,0.249975,-0.001637,-0.005461,-0.006713,-0.009347,-0.010594,0.143455,-1.008835,-0.124196,-0.932293,1,0,0,0,0,0,0,0,0,0,0
4853,-0.000866,-0.000722,0.003752,0.005022,0.004618,-0.001126,-0.015729,-0.020144,-0.011284,-0.011515,-0.011544,-0.039077,-0.05951,-0.083031,-0.099885,0.002078,0.003579,0.004618,0.012035,0.011573,0.000404,0.006205,0.013045,0.015556,0.015498,-0.00202,-0.003954,-0.00482,0.000606,0.0,-0.033795,-0.151372,-0.239685,-0.3112,-0.360609,0.062107,0.157981,0.231892,0.2641,0.269872,0.039411,0.099318,0.164509,0.190198,0.199502,-0.000711,0.01264,0.016504,0.0133,0.012984,0.012153,0.067144,0.137875,0.208079,0.268468,-0.001288,-0.004814,-0.006854,-0.008762,-0.009193,0.152318,-0.995192,-0.125188,-0.92982,1,0,0,0,0,0,0,0,0,0,0
4854,-0.000172,0.002441,0.005371,0.005745,0.004739,-0.000776,-0.022519,-0.013644,-0.010024,-0.012466,-0.011231,-0.03803,-0.061583,-0.0783,-0.097947,0.004021,-0.000919,0.008129,0.010714,0.00968,0.002556,0.00922,0.013816,0.015281,0.014362,-0.00158,-0.004538,-0.000661,0.002327,0.000144,-0.060836,-0.166682,-0.244753,-0.305302,-0.346261,0.062675,0.131381,0.181934,0.213559,0.217379,0.035243,0.092123,0.131799,0.163622,0.171077,-0.000407,0.01877,0.014081,0.013625,0.013894,0.026512,0.087662,0.157055,0.227375,0.266443,-0.002537,-0.003776,-0.006383,-0.007617,-0.007664,0.163128,-1.003993,-0.127054,-0.931575,1,0,0,0,0,0,0,0,0,0,0
4855,0.000313,0.004729,0.005982,0.005583,0.002051,-0.013645,-0.018004,-0.009258,-0.009486,-0.019086,-0.016038,-0.036207,-0.059424,-0.07606,-0.095004,-0.002507,-0.001481,0.00584,0.005384,0.005014,0.003191,0.009942,0.01242,0.012363,0.010113,-0.000342,-0.001196,0.004159,0.003561,0.000855,-0.05572,-0.14289,-0.213481,-0.262251,-0.30011,0.032475,0.10543,0.137222,0.142919,0.139016,0.024179,0.088527,0.113883,0.123067,0.122282,0.013582,0.017395,0.014233,0.01392,0.02093,0.025179,0.089748,0.153837,0.208965,0.245019,-0.000824,-0.002686,-0.004428,-0.004822,-0.005018,0.168445,-0.994096,-0.129157,-0.937115,1,0,0,0,0,0,0,0,0,0,0
4856,0.002271,0.005166,0.005535,0.004541,-0.003889,-0.007891,0.00088,0.004456,0.002044,-0.028383,-0.010502,-0.033776,-0.050295,-0.069709,-0.087591,-0.002384,0.006557,0.009111,0.008089,-0.00562,0.003406,0.007947,0.009395,0.008487,0.004201,-0.002583,0.001249,0.004201,0.002044,-0.009139,-0.049075,-0.126221,-0.186053,-0.226527,-0.251788,0.035536,0.085491,0.116741,0.120516,0.087846,0.032116,0.071321,0.102768,0.110135,0.092519,0.005417,0.000783,0.000333,0.000599,0.020255,0.031712,0.095553,0.160248,0.19619,0.214676,-0.000337,-0.002734,-0.00387,-0.003913,-0.0051,0.162503,-0.978695,-0.133097,-0.933112,1,0,0,0,0,0,0,0,0,0,0
4857,0.002124,0.00337,0.002974,-0.000538,-0.013311,0.00354,0.012235,0.012008,0.002464,-0.038063,-0.009572,-0.032654,-0.049193,-0.068027,-0.085954,0.003399,0.010677,0.010224,0.009856,-0.022458,0.003314,0.005777,0.005721,0.003483,-0.005551,0.001728,0.007052,0.006457,0.003767,-0.017814,-0.037695,-0.107874,-0.156359,-0.193998,-0.209489,0.037072,0.068678,0.074342,0.070462,0.041009,0.031927,0.057136,0.066267,0.065486,0.067923,-0.001614,-0.004758,-0.005068,0.0019,0.021199,0.030753,0.092271,0.145189,0.179797,0.175064,-0.001456,-0.003128,-0.003506,-0.003694,-0.004456,0.157513,-0.97976,-0.132236,-0.930622,1,0,0,0,0,0,0,0,0,0,0
4858,0.000757,0.001121,0.00014,-0.008183,-0.023232,0.005156,0.008688,0.006305,-0.023737,-0.062298,-0.013508,-0.029818,-0.048987,-0.066642,-0.086343,0.005465,0.007987,0.006978,-0.006558,-0.042149,0.001205,0.002634,0.001738,-0.002494,-0.017123,0.002074,0.004988,0.002858,-0.008183,-0.035759,-0.03887,-0.097945,-0.137908,-0.16285,-0.180337,0.012639,0.043494,0.047221,0.014965,-0.00213,0.007117,0.038166,0.04544,0.028047,0.045966,-0.002978,-0.003423,-0.003161,0.016247,0.027162,0.029831,0.089012,0.121891,0.138801,0.130595,-0.000841,-0.001879,-0.001919,-0.003005,-0.00142,0.156289,-0.989534,-0.130915,-0.929082,1,0,0,0,0,0,0,0,0,0,0
4859,0.000474,8.4e-05,-0.003375,-0.015953,-0.032102,0.00343,0.003207,-0.006192,-0.046102,-0.081858,-0.009287,-0.025575,-0.044122,-0.061777,-0.081607,0.001729,0.001283,0.00092,-0.030902,-0.062223,0.001227,0.001171,-0.001032,-0.009929,-0.028727,0.003179,0.002594,-5.6e-05,-0.021308,-0.051151,-0.030428,-0.078176,-0.115242,-0.130498,-0.14581,0.018547,0.024125,0.020304,-0.008702,-0.018603,0.017743,0.026734,0.025965,0.028366,0.048875,-0.000132,-0.000438,0.006425,0.02543,0.030863,0.026416,0.073951,0.105039,0.100788,0.087116,-0.000689,-0.001028,-0.001197,-0.001882,0.002379,0.151432,-0.997547,-0.127398,-0.925294,1,0,0,0,0,0,0,0,0,0,0
4860,-0.000111,-0.00108,-0.009304,-0.024173,-0.038821,8.3e-05,-0.002271,-0.031954,-0.070055,-0.094366,-0.006895,-0.025834,-0.043279,-0.062745,-0.08473,0.000775,-0.000222,-0.013596,-0.048762,-0.0767,0.000194,-0.000692,-0.004873,-0.019327,-0.037963,-0.000277,-0.002381,-0.013291,-0.040538,-0.058564,-0.02816,-0.067646,-0.09229,-0.109568,-0.116407,0.012073,0.015755,-0.016115,-0.033006,-0.039513,0.013063,0.02025,0.003064,0.02077,0.039954,-0.000308,-4.9e-05,0.019126,0.029912,0.035525,0.029291,0.059518,0.075064,0.06752,0.034101,-0.0003,-0.000336,-0.001334,0.000123,0.00588,0.142838,-0.997499,-0.122454,-0.926773,1,0,0,0,0,0,0,0,0,0,0
4861,-0.000274,-0.003666,-0.016003,-0.031842,-0.044645,-0.000301,-0.00952,-0.048666,-0.083737,-0.108986,-0.009164,-0.027356,-0.044672,-0.064123,-0.08702,-0.001204,-0.001559,-0.032773,-0.063493,-0.088141,-0.000246,-0.002407,-0.011134,-0.029572,-0.044481,-0.000301,-0.0029,-0.023745,-0.053016,-0.064724,-0.019012,-0.055369,-0.070332,-0.085351,-0.086773,-0.006456,-0.010204,-0.038654,-0.048365,-0.052824,-0.004086,-0.004841,-0.002486,0.01763,0.035111,4e-06,0.006735,0.025377,0.030706,0.043793,0.014609,0.041761,0.038048,0.026107,-0.017797,-2.1e-05,-0.000169,-0.000767,0.002955,0.007592,0.131994,-0.995108,-0.119442,-0.924379,1,0,0,0,0,0,0,0,0,0,0
4862,-0.000678,-0.008727,-0.023281,-0.037619,-0.045289,-0.002006,-0.03106,-0.068354,-0.09215,-0.115757,-0.009459,-0.026534,-0.045587,-0.067107,-0.084209,0.000217,-0.012874,-0.047295,-0.074641,-0.092421,-0.000623,-0.004716,-0.018864,-0.037104,-0.048081,-0.001762,-0.01244,-0.03911,-0.056754,-0.065562,-0.019812,-0.043934,-0.060846,-0.06754,-0.067134,0.010001,-0.021194,-0.037727,-0.044096,-0.047295,0.011083,-0.005738,0.011592,0.03037,0.043107,0.000249,0.019019,0.029575,0.03507,0.049259,0.01233,0.025711,0.019218,-0.009548,-0.044859,-1.1e-05,-0.000871,0.000383,0.00534,0.011708,0.122708,-0.994658,-0.116457,-0.925502,1,0,0,0,0,0,0,0,0,0,0
4863,-0.002659,-0.014774,-0.030326,-0.042897,-0.045234,-0.007065,-0.045503,-0.079939,-0.104732,-0.118431,-0.008488,-0.025491,-0.04459,-0.067073,-0.079536,-0.000564,-0.031213,-0.061378,-0.08558,-0.106424,-0.001504,-0.010073,-0.028177,-0.042817,-0.053696,-0.000806,-0.021274,-0.050016,-0.061512,-0.065864,-0.016063,-0.030756,-0.045503,-0.0469,-0.047625,-0.013592,-0.041527,-0.051063,-0.055442,-0.057241,-0.011725,-0.009413,0.01034,0.027504,0.045481,0.006362,0.024666,0.029899,0.042749,0.050884,0.012315,0.009048,-0.001461,-0.040099,-0.065314,-0.000119,-0.000645,0.00263,0.006711,0.018171,0.117126,-0.995695,-0.112799,-0.924563,1,0,0,0,0,0,0,0,0,0,0
4864,-0.00526,-0.019525,-0.033578,-0.041095,-0.043433,-0.021491,-0.058043,-0.081367,-0.104505,-0.115316,-0.008341,-0.027016,-0.048108,-0.06487,-0.076346,-0.012273,-0.04601,-0.072813,-0.09024,-0.112713,-0.002524,-0.01639,-0.034268,-0.045027,-0.054803,-0.009669,-0.035809,-0.053102,-0.061736,-0.070422,-0.007757,-0.024333,-0.030894,-0.030496,-0.030602,-0.017134,-0.033338,-0.039581,-0.042716,-0.046063,-0.004892,0.012094,0.030499,0.042983,0.061244,0.012104,0.022451,0.027837,0.041744,0.042908,0.000234,-0.005408,-0.030405,-0.061088,-0.086061,-0.000636,0.000453,0.00476,0.010294,0.018878,0.109302,-0.992616,-0.109855,-0.918778,1,0,0,0,0,0,0,0,0,0,0
4865,-0.006601,-0.021709,-0.03392,-0.03619,-0.039321,-0.016229,-0.04968,-0.073763,-0.08707,-0.098055,-0.008323,-0.026875,-0.048714,-0.060821,-0.071962,-0.017717,-0.047018,-0.070527,-0.090775,-0.114832,-0.005845,-0.023431,-0.037651,-0.048219,-0.053019,-0.010385,-0.038303,-0.049471,-0.053698,-0.068101,-0.006654,-0.020978,-0.022335,-0.023039,-0.023953,-0.010306,-0.019569,-0.023822,-0.02557,-0.050541,0.007051,0.026238,0.042911,0.060373,0.058812,0.005891,0.010974,0.023456,0.031358,0.027762,-0.002873,-0.011448,-0.042977,-0.063554,-0.082093,0.000132,0.002805,0.006134,0.015487,0.016757,0.10519,-0.976621,-0.108521,-0.908866,1,0,0,0,0,0,0,0,0,0,0
4866,-0.007318,-0.020948,-0.02824,-0.030508,-0.035275,-0.019428,-0.042052,-0.064494,-0.074982,-0.093534,-0.009894,-0.030353,-0.046612,-0.057744,-0.066298,-0.015228,-0.041227,-0.05813,-0.079929,-0.099718,-0.007679,-0.02502,-0.035455,-0.044937,-0.048158,-0.015099,-0.031874,-0.040248,-0.048674,-0.064829,-0.009508,-0.015872,-0.015486,-0.015589,-0.016955,-0.00554,-0.011595,-0.014636,-0.017882,-0.057331,0.009513,0.027366,0.039475,0.057187,0.037165,0.004219,0.009443,0.022932,0.024062,0.026627,-0.001927,-0.02212,-0.046907,-0.067081,-0.076935,0.00076,0.004239,0.008709,0.015643,0.014491,0.097376,-0.96173,-0.109079,-0.905315,1,0,0,0,0,0,0,0,0,0,0
4867,-0.007553,-0.019536,-0.021764,-0.024836,-0.030213,-0.013519,-0.037152,-0.05021,-0.06099,-0.086645,-0.008373,-0.029804,-0.041684,-0.052617,-0.059863,-0.013622,-0.036691,-0.05656,-0.080167,-0.098654,-0.009627,-0.023582,-0.033951,-0.038663,-0.040941,-0.012393,-0.023351,-0.027499,-0.041633,-0.059146,-0.004609,-0.00594,-0.006632,-0.007528,-0.008168,-0.003585,-0.007758,-0.009474,-0.033977,-0.076019,0.009375,0.025737,0.042872,0.041341,0.017491,0.000796,0.013045,0.020798,0.01727,0.02573,-0.005671,-0.033298,-0.051327,-0.067572,-0.075143,0.001615,0.004533,0.012728,0.013841,0.011916,0.093218,-0.943477,-0.11,-0.900982,1,0,0,0,0,0,0,0,0,0,0
4868,-0.005957,-0.013162,-0.015403,-0.020113,-0.024976,-0.008911,-0.031086,-0.041448,-0.059778,-0.079509,-0.01189,-0.027954,-0.038953,-0.047405,-0.055374,-0.012144,-0.028845,-0.050384,-0.069937,-0.092163,-0.007561,-0.017872,-0.027241,-0.030424,-0.031213,-0.004252,-0.012526,-0.020851,-0.036814,-0.05125,-0.001706,-0.001324,-0.001426,-0.002775,-0.003946,-0.002419,-0.005423,-0.008631,-0.047609,-0.079255,0.008317,0.020282,0.037783,0.018,0.008302,0.00437,0.017699,0.018814,0.021349,0.027113,-0.013115,-0.035904,-0.054452,-0.063511,-0.071307,0.001646,0.005756,0.012131,0.011072,0.007941,0.087666,-0.941683,-0.109821,-0.898211,1,0,0,0,0,0,0,0,0,0,0
4869,-0.005896,-0.008088,-0.011112,-0.016403,-0.019477,-0.014438,-0.027288,-0.037895,-0.063142,-0.075262,-0.009323,-0.021014,-0.031773,-0.038903,-0.045177,-0.010683,-0.030236,-0.053467,-0.071658,-0.092798,-0.006249,-0.016453,-0.021089,-0.023332,-0.023029,-0.006576,-0.010658,-0.024566,-0.041801,-0.046638,0.000378,-0.000302,-0.001184,-0.001814,-0.001739,-0.001713,-0.003402,-0.027514,-0.068887,-0.093655,0.007869,0.024732,0.023225,-0.000245,-0.004106,0.007729,0.015359,0.011887,0.020212,0.027863,-0.012492,-0.028604,-0.043122,-0.049887,-0.056866,0.001076,0.0084,0.009394,0.007674,0.005538,0.085161,-0.938257,-0.110427,-0.907914,1,0,0,0,0,0,0,0,0,0,0
4870,-0.00122,-0.003412,-0.008019,-0.012776,-0.013722,-0.007422,-0.017558,-0.035489,-0.05479,-0.057455,-0.0065,-0.017259,-0.025527,-0.033322,-0.038328,-0.005778,-0.026847,-0.045974,-0.067715,-0.093815,-0.00391,-0.013075,-0.016188,-0.01696,-0.015989,-0.001594,-0.009738,-0.025353,-0.039474,-0.038975,0.0,-0.0001,-0.00142,-0.002565,-0.001644,-0.001245,-0.004383,-0.042512,-0.073468,-0.104798,0.003926,0.021045,0.001694,-0.007793,-0.013197,0.005399,0.00649,0.00897,0.014608,0.017994,-0.008017,-0.023914,-0.031678,-0.03836,-0.044213,0.00253,0.007994,0.007086,0.004403,0.003107,0.081434,-0.926769,-0.110787,-0.909486,1,0,0,0,0,0,0,0,0,0,0
4871,-0.000935,-0.003888,-0.009057,-0.012059,-0.011936,-0.005217,-0.015578,-0.040238,-0.052076,-0.049442,-0.004996,-0.015505,-0.022469,-0.028597,-0.033618,-0.013388,-0.036079,-0.053848,-0.074496,-0.087318,-0.006103,-0.010632,-0.012822,-0.012527,-0.011247,-0.002412,-0.015997,-0.03283,-0.037556,-0.029853,-0.000664,-0.001526,-0.002141,-0.002067,-0.001969,-0.000418,-0.023971,-0.064381,-0.088573,-0.10142,0.012591,0.011119,-0.011805,-0.015576,-0.01573,0.002117,-0.001274,0.006858,0.014331,0.019508,-0.006287,-0.0186,-0.024338,-0.030258,-0.035035,0.003883,0.004726,0.003267,0.001456,0.001082,0.080183,-0.927688,-0.11057,-0.918086,1,0,0,0,0,0,0,0,0,0,0
4872,-0.001216,-0.005713,-0.010356,-0.01128,-0.010526,-0.00474,-0.022244,-0.041084,-0.043685,-0.042907,-0.005567,-0.013638,-0.021247,-0.026133,-0.030923,-0.007342,-0.026012,-0.047235,-0.072712,-0.072469,-0.002917,-0.005956,-0.00671,-0.005762,-0.001945,-0.005567,-0.020809,-0.034593,-0.034107,-0.020688,0.000559,-0.000729,-0.001848,-0.000948,-0.000948,-0.00265,-0.039869,-0.070086,-0.100668,-0.095369,0.004274,-0.014616,-0.023876,-0.029151,-0.024185,-0.001026,0.001394,0.006898,0.010203,0.02314,-0.007654,-0.014211,-0.019853,-0.024796,-0.029101,0.001051,0.000284,-0.001981,-0.003076,-0.004249,0.075749,-0.931673,-0.112678,-0.924104,1,0,0,0,0,0,0,0,0,0,0
4873,-0.001684,-0.006737,-0.009672,-0.009552,-0.007579,-0.005437,-0.029545,-0.041117,-0.038543,-0.036594,-0.004764,-0.011573,-0.017563,-0.022471,-0.026898,-0.014917,-0.032288,-0.052473,-0.065008,-0.064816,-0.00154,-0.003681,-0.003392,-0.002141,0.005101,-0.007771,-0.024228,-0.028847,-0.021317,-0.003633,-0.001395,-0.001997,-0.001925,-0.001829,-0.001371,-0.020402,-0.059908,-0.083558,-0.096117,-0.090247,-0.005669,-0.028079,-0.031766,-0.031917,-0.02631,-0.0023,0.00565,0.012956,0.018017,0.034316,-0.003389,-0.008286,-0.013337,-0.017414,-0.021625,-0.000258,-0.001503,-0.003049,-0.003368,-0.005863,0.07425,-0.933649,-0.114698,-0.934716,1,0,0,0,0,0,0,0,0,0,0
4874,-0.002737,-0.007282,-0.008187,-0.007449,-0.002023,-0.011756,-0.0302,-0.032747,-0.031985,-0.030034,-0.003189,-0.010638,-0.015421,-0.02011,-0.023275,-0.003522,-0.024298,-0.049239,-0.049001,-0.048454,-0.001452,-0.002189,-0.001261,0.002475,0.014589,-0.007235,-0.020729,-0.020253,-0.007116,0.0307,0.000119,-0.000976,-9.5e-05,-9.5e-05,-0.00019,-0.016254,-0.045836,-0.075775,-0.070586,-0.067326,-0.012885,-0.02195,-0.027114,-0.022252,-0.01957,0.004644,0.010032,0.013268,0.025932,0.062374,-0.002509,-0.007371,-0.01163,-0.01534,-0.017858,-0.000422,-0.002374,-0.003318,-0.004328,-0.005787,0.072009,-0.937966,-0.11909,-0.957841,1,0,0,0,0,0,0,0,0,0,0
4875,-0.002242,-0.00512,-0.005002,-0.003067,0.004884,-0.011986,-0.023335,-0.020811,-0.0189,-0.017531,-0.003516,-0.009391,-0.014204,-0.018546,-0.022014,-0.013544,-0.03334,-0.045633,-0.045444,-0.047072,-0.000661,-0.000378,0.000849,0.007952,0.022887,-0.008966,-0.013496,-0.006111,0.011231,0.056109,-0.000708,-0.000637,-0.000543,-9.4e-05,-0.000354,-0.022628,-0.045821,-0.058138,-0.052381,-0.048063,-0.009203,-0.012819,-0.012966,-0.007468,-0.001541,0.003192,0.010357,0.01532,0.031305,0.075361,-0.001909,-0.006317,-0.009874,-0.013547,-0.016122,-0.000689,-0.002037,-0.002316,-0.004493,-0.005392,0.070535,-0.943437,-0.122278,-0.972966,1,0,0,0,0,0,0,0,0,0,0
4876,-0.00225,-0.003141,-0.002414,0.00293,0.01029,-0.006258,-0.008766,-0.008016,-0.006094,-0.00511,-0.003844,-0.008555,-0.013173,-0.01629,-0.019736,-0.007008,-0.031573,-0.031338,-0.030799,-0.036518,-7e-05,0.000844,0.004524,0.016454,0.029112,-0.004383,-0.003914,0.009024,0.046269,0.082717,-0.000375,0.000492,0.000492,0.000398,-0.001266,-0.006657,-0.036143,-0.031034,-0.027822,-0.020697,0.000214,-0.004872,-8.3e-05,0.002558,0.015394,0.002136,0.005323,0.017796,0.053688,0.089544,-0.002548,-0.006376,-0.009712,-0.011975,-0.013372,-0.001097,-0.001945,-0.002854,-0.004165,-0.004525,0.069193,-0.949673,-0.123767,-0.987187,1,0,0,0,0,0,0,0,0,0,0
4877,-0.000605,-0.000489,0.00142,0.009262,0.017803,-0.00498,-0.00249,-0.000605,0.000745,0.001303,-0.001978,-0.006726,-0.011008,-0.014429,-0.016384,-0.012567,-0.024692,-0.024506,-0.026111,-0.031697,0.000349,0.001559,0.008564,0.023295,0.035513,-0.000116,0.007168,0.024273,0.068536,0.0926,0.000442,0.000535,0.000977,0.000721,-0.002444,-0.016267,-0.028415,-0.022737,-0.018478,-0.003002,-0.003779,-0.003924,0.001499,0.007345,0.02841,0.004946,0.009842,0.025607,0.069061,0.092849,-0.001579,-0.004809,-0.008144,-0.010483,-0.009494,-0.000181,-0.000434,-0.002411,-0.003227,-0.003749,0.066787,-0.95955,-0.122615,-0.990468,1,0,0,0,0,0,0,0,0,0,0
4878,-0.000279,0.000442,0.005752,0.013064,0.02019,0.002492,0.003237,0.005146,0.006124,0.006381,-0.002701,-0.007289,-0.010386,-0.013809,-0.015509,-0.01183,-0.011597,-0.011061,-0.016743,-0.025779,0.000559,0.004215,0.016068,0.028643,0.039402,0.000582,0.013437,0.05044,0.086651,0.093148,0.000419,0.000419,0.000326,-0.001327,-0.003982,-0.013017,-0.007941,-0.004751,0.002329,0.015695,-0.001272,0.003485,0.00611,0.018862,0.041268,-0.001784,0.010609,0.046268,0.08189,0.088583,-0.002072,-0.005259,-0.007421,-0.008756,-0.007993,-0.000628,-0.001496,-0.00275,-0.003093,-0.007086,0.065297,-0.965109,-0.119607,-0.989923,1,0,0,0,0,0,0,0,0,0,0
4879,0.000392,0.002285,0.010061,0.01853,0.022937,0.0,0.001869,0.003208,0.003761,-0.005007,-0.002031,-0.006277,-0.009669,-0.011607,-0.013292,-0.0003,-0.000115,-0.001708,-0.007246,-0.024622,0.000646,0.007592,0.022199,0.034314,0.04419,0.006646,0.023607,0.067497,0.091357,0.089903,-0.000323,0.000115,-0.000138,-0.003277,-0.00563,0.000854,0.006484,0.010707,0.026053,0.030045,0.001116,0.006493,0.01229,0.033178,0.054549,0.006622,0.022254,0.065341,0.088929,0.096954,-0.0011,-0.004244,-0.006447,-0.005515,-0.004917,0.000351,-0.001512,-0.002281,-0.002773,-0.00893,0.065143,-0.970475,-0.116744,-0.993478,1,0,0,0,0,0,0,0,0,0,0
4880,0.000321,0.005546,0.012741,0.019754,0.026674,0.000733,0.002612,0.003575,0.003827,-0.015354,-0.002498,-0.005546,-0.008914,-0.010587,-0.013841,0.000527,0.001054,-0.004537,-0.013429,-0.039599,0.002956,0.01462,0.026995,0.037582,0.050507,0.00605,0.042463,0.078098,0.084492,0.080298,0.000321,0.000229,-0.001398,-0.00401,-0.007448,0.004148,0.007287,0.014254,0.027408,0.029012,0.003573,0.006156,0.018705,0.040754,0.068529,0.005619,0.04071,0.075765,0.082351,0.098061,-0.0018,-0.003733,-0.004925,-0.004243,-0.004292,-0.00111,-0.00223,-0.002537,-0.006105,-0.011457,0.066076,-0.978961,-0.113805,-1.00013,1,0,0,0,0,0,0,0,0,0,0
4881,0.00155,0.009232,0.017598,0.021952,0.033122,0.001117,0.002439,0.002986,-0.005676,-0.026443,-0.00171,-0.005061,-0.006975,-0.008639,-0.012902,-0.000342,-0.001915,-0.007386,-0.024551,-0.062687,0.003921,0.01835,0.030318,0.040074,0.05366,0.010737,0.054094,0.077664,0.076228,0.072854,0.000114,-0.000137,-0.003237,-0.005562,-0.010805,0.001436,0.005608,0.020767,0.02471,0.016937,0.001757,0.007484,0.028118,0.049229,0.079599,0.009853,0.052417,0.075717,0.083646,0.101205,-0.001151,-0.003174,-0.002318,-0.001769,-0.000608,-0.000641,-0.001347,-0.001798,-0.007451,-0.006901,0.067931,-0.98017,-0.110016,-1.000409,1,0,0,0,0,0,0,0,0,0,0
4882,0.00363,0.010753,0.017695,0.024546,0.039291,0.000749,0.001701,0.001951,-0.017037,-0.045054,-0.001316,-0.004651,-0.006307,-0.009528,-0.015653,0.000862,-0.004673,-0.013475,-0.039382,-0.084708,0.007645,0.019895,0.030376,0.043171,0.05744,0.025363,0.060639,0.066968,0.062816,0.053856,-0.000204,-0.001815,-0.004401,-0.007804,-0.013407,0.001679,0.008575,0.021597,0.023185,0.00211,0.000808,0.013231,0.035058,0.062553,0.086802,0.024932,0.059635,0.066155,0.081707,0.100482,-0.000688,-0.001799,-0.001164,-0.001209,-0.002372,-0.000424,-0.00071,-0.004035,-0.009021,-0.003805,0.067585,-0.970463,-0.109968,-0.993417,1,0,0,0,0,0,0,0,0,0,0
4883,0.003993,0.012272,0.016581,0.027635,0.042614,0.000564,0.001105,-0.007467,-0.028019,-0.064316,-0.002008,-0.003903,-0.00555,-0.009768,-0.017483,-0.002414,-0.007828,-0.024815,-0.062557,-0.094636,0.006678,0.018521,0.028176,0.041622,0.060323,0.017686,0.041013,0.039591,0.036253,0.018318,-4.5e-05,-0.003113,-0.005414,-0.010603,-0.017799,0.002459,0.017461,0.021364,0.013671,-0.007399,0.004864,0.025284,0.046177,0.076232,0.087237,0.017329,0.040388,0.048235,0.065612,0.084324,-0.001219,-0.000424,8.7e-05,0.001166,0.000473,-0.000249,-0.000668,-0.005923,-0.005413,-0.007339,0.069445,-0.961828,-0.111416,-0.986093,1,0,0,0,0,0,0,0,0,0,0
4884,0.003065,0.00991,0.016666,0.031207,0.045166,0.00038,0.000626,-0.018098,-0.045726,-0.078991,-0.001297,-0.002931,-0.006107,-0.012147,-0.017337,-0.003065,-0.011745,-0.037292,-0.081988,-0.103576,0.005458,0.015794,0.028411,0.042482,0.062369,0.017248,0.023489,0.019395,0.010559,-0.019351,-0.001544,-0.004094,-0.007449,-0.012975,-0.021096,0.004362,0.017203,0.018769,-0.002013,-0.015413,0.007428,0.028952,0.056065,0.079977,0.088183,0.017036,0.023466,0.038801,0.057316,0.061523,0.000142,0.000718,0.000677,-0.000378,0.003684,-2.5e-05,-0.003039,-0.007561,-0.002831,-0.011947,0.070236,-0.958986,-0.112851,-0.967556,1,0,0,0,0,0,0,0,0,0,0
4885,0.005102,0.00934,0.02021,0.034941,0.049738,0.000155,-0.008275,-0.028485,-0.06418,-0.093996,-0.000577,-0.002196,-0.006345,-0.013932,-0.017282,-0.002285,-0.01899,-0.056105,-0.087651,-0.116735,0.006234,0.015729,0.028951,0.047342,0.066243,0.005835,0.004437,0.001154,-0.016483,-0.051623,-0.001486,-0.003749,-0.008852,-0.015928,-0.023316,0.010427,0.014265,0.0067,-0.014021,-0.031391,0.012715,0.033261,0.062816,0.073639,0.085392,0.005782,0.013497,0.030586,0.048987,0.044357,0.000573,0.001028,0.001987,0.001371,0.006951,-0.00035,-0.005023,-0.004569,-0.006283,-0.014106,0.070467,-0.955298,-0.11556,-0.951738,1,0,0,0,0,0,0,0,0,0,0
4886,0.001672,0.008318,0.022622,0.036353,0.048478,8.8e-05,-0.018331,-0.045507,-0.07823,-0.111304,-0.001034,-0.004159,-0.010101,-0.015206,-0.021125,-0.006272,-0.031402,-0.075369,-0.096604,-0.123935,0.003983,0.016394,0.030236,0.049798,0.064762,0.000352,-0.003675,-0.012367,-0.041788,-0.080144,-0.001034,-0.004335,-0.00977,-0.017758,-0.027595,0.002289,0.003829,-0.016614,-0.029795,-0.049578,0.00856,0.035231,0.058753,0.066825,0.074422,0.000589,0.015675,0.033887,0.038026,0.03326,-2.9e-05,-6.5e-05,-0.001005,0.002615,0.00796,-0.002356,-0.006385,-0.002171,-0.010294,-0.015745,0.07149,-0.951649,-0.11733,-0.933324,1,0,0,0,0,0,0,0,0,0,0
4887,0.002492,0.013111,0.027501,0.041957,0.051449,-0.008322,-0.028065,-0.062935,-0.092062,-0.127148,-0.000563,-0.004616,-0.012028,-0.0153,-0.024467,-0.010142,-0.046399,-0.077217,-0.105628,-0.124569,0.005353,0.018269,0.036235,0.0547,0.068873,-0.001712,-0.004919,-0.022149,-0.056477,-0.093449,-0.001192,-0.006176,-0.01309,-0.020306,-0.035477,0.001495,-0.005895,-0.026136,-0.043105,-0.054266,0.011641,0.040513,0.051085,0.062567,0.070462,0.006957,0.02365,0.041627,0.037104,0.036006,0.000411,0.001226,0.000702,0.00544,0.013312,-0.001851,-0.001465,-0.00292,-0.009562,-0.016153,0.076169,-0.946107,-0.121445,-0.924804,1,0,0,0,0,0,0,0,0,0,0
4888,0.003994,0.017877,0.031204,0.042973,0.050534,-0.009675,-0.036053,-0.067812,-0.099914,-0.131951,-0.002478,-0.008244,-0.013199,-0.018945,-0.030051,-0.014395,-0.057069,-0.07768,-0.104207,-0.124625,0.006771,0.020205,0.039192,0.053716,0.069713,-0.002221,-0.010658,-0.039214,-0.076441,-0.104314,-0.002029,-0.007305,-0.015058,-0.024605,-0.046048,2.1e-05,-0.01982,-0.032614,-0.051815,-0.060721,0.014414,0.037244,0.045078,0.052452,0.064228,0.007786,0.025462,0.029479,0.024854,0.030384,-0.000401,-0.001164,0.001773,0.006111,0.018986,-0.001598,0.001822,-0.00477,-0.009192,-0.018713,0.080696,-0.945549,-0.12513,-0.911797,1,0,0,0,0,0,0,0,0,0,0
4889,0.006382,0.020368,0.034418,0.043643,0.049983,-0.009647,-0.043538,-0.071847,-0.105949,-0.135838,-0.001495,-0.008699,-0.01188,-0.02079,-0.036039,-0.021042,-0.050994,-0.078608,-0.097018,-0.122315,0.005877,0.023338,0.041284,0.05506,0.066413,-0.000927,-0.017672,-0.051037,-0.086971,-0.122336,-0.002844,-0.009563,-0.016577,-0.031321,-0.055818,-0.007204,-0.026877,-0.043369,-0.054217,-0.075491,0.013847,0.024122,0.035281,0.042954,0.047287,0.008547,0.026018,0.021623,0.020555,0.01603,0.001031,0.000602,0.004484,0.010933,0.022078,0.001766,0.000574,-0.004868,-0.010268,-0.017102,0.085947,-0.933875,-0.125836,-0.894479,1,0,0,0,0,0,0,0,0,0,0
4890,0.007152,0.020012,0.031368,0.038664,0.046805,-0.016014,-0.046661,-0.077638,-0.108553,-0.141694,-0.004101,-0.008883,-0.014427,-0.025144,-0.041776,-0.020589,-0.040478,-0.066076,-0.085779,-0.1277,0.007213,0.025536,0.039551,0.054987,0.062345,-0.007234,-0.03479,-0.070713,-0.097609,-0.139715,-0.002308,-0.00979,-0.019002,-0.039695,-0.062448,-0.012098,-0.024443,-0.042972,-0.051566,-0.092312,0.008481,0.016041,0.023157,0.03452,0.035948,0.008694,0.01257,0.008107,0.013444,0.004481,-0.00148,0.000808,0.004188,0.014219,0.020797,0.001148,-0.003987,-0.007433,-0.014851,-0.015694,0.089969,-0.914037,-0.125264,-0.878933,1,0,0,0,0,0,0,0,0,0,0
4891,0.006422,0.019935,0.028809,0.034907,0.038918,-0.016856,-0.044084,-0.076884,-0.105632,-0.142221,-0.002897,-0.005956,-0.014526,-0.029194,-0.045077,-0.00857,-0.03513,-0.052836,-0.077168,-0.110697,0.009704,0.026965,0.040215,0.051135,0.053363,-0.008995,-0.041086,-0.075648,-0.109664,-0.147731,-0.004194,-0.01094,-0.025122,-0.048683,-0.067686,-0.00703,-0.022893,-0.033327,-0.053789,-0.085555,0.001546,0.012279,0.019659,0.023827,0.025729,0.008258,0.00403,0.003004,-0.001349,-0.003121,0.000986,0.003942,0.008853,0.01734,0.02034,-0.001926,-0.00607,-0.010182,-0.015386,-0.014114,0.090576,-0.910069,-0.122958,-0.872147,1,0,0,0,0,0,0,0,0,0,0
4892,0.006121,0.017107,0.024165,0.032041,0.030406,-0.01306,-0.043027,-0.072935,-0.104996,-0.131015,-0.001775,-0.007138,-0.017506,-0.033596,-0.051401,-0.010807,-0.03557,-0.054631,-0.095186,-0.117876,0.008175,0.021733,0.036667,0.043785,0.04223,-0.017805,-0.052558,-0.078577,-0.119311,-0.151053,-0.00311,-0.012023,-0.032041,-0.054053,-0.078757,-0.005024,-0.022949,-0.031263,-0.070682,-0.101546,0.005792,0.012675,0.023669,0.02505,0.017266,-0.004378,-0.008695,-0.003533,-0.012203,-0.017819,0.000933,0.003613,0.011568,0.016784,0.023171,-0.00235,-0.005083,-0.010965,-0.011634,-0.012438,0.10012,-0.896007,-0.120934,-0.862617,1,0,0,0,0,0,0,0,0,0,0
4893,0.007028,0.015578,0.021454,0.025319,0.022722,-0.01345,-0.045054,-0.072755,-0.108009,-0.123685,-0.00121,-0.009468,-0.023601,-0.038905,-0.060105,-0.015012,-0.032073,-0.055518,-0.087825,-0.120718,0.008628,0.021395,0.031917,0.034064,0.032131,-0.013489,-0.046792,-0.079567,-0.116247,-0.137603,-0.003455,-0.01712,-0.039823,-0.058133,-0.08396,-0.010366,-0.020419,-0.040135,-0.070744,-0.106819,0.004671,0.011782,0.015798,0.017631,0.014702,0.000212,-0.000777,-0.004971,-0.006678,-0.012151,0.001475,0.005262,0.011806,0.01412,0.017796,-0.001169,-0.00434,-0.008353,-0.007372,-0.008478,0.100621,-0.889621,-0.118523,-0.85775,1,0,0,0,0,0,0,0,0,0,0
4894,0.003636,0.010374,0.017893,0.016332,0.01281,-0.015494,-0.044046,-0.074654,-0.099495,-0.124183,-0.00394,-0.013838,-0.029199,-0.046197,-0.070295,-0.009003,-0.027201,-0.065917,-0.087579,-0.129665,0.00453,0.018787,0.025583,0.024098,0.021814,-0.020025,-0.044865,-0.083753,-0.114056,-0.124354,-0.005139,-0.02425,-0.045265,-0.068849,-0.095764,-0.007005,-0.014942,-0.052574,-0.08204,-0.108003,0.002016,0.012512,0.01383,0.006399,0.022669,-0.004329,0.0006,-0.007678,-0.013039,0.001341,0.000701,0.00645,0.010221,0.014837,0.016221,-0.000995,-0.005247,-0.005731,-0.006311,-0.00552,0.103351,-0.881732,-0.120013,-0.860946,1,0,0,0,0,0,0,0,0,0,0
4895,0.004604,0.010216,0.013907,0.011427,0.002815,-0.015006,-0.041459,-0.075125,-0.090094,-0.12186,-0.004027,-0.017523,-0.032138,-0.052383,-0.079357,-0.007475,-0.029864,-0.060715,-0.092126,-0.150773,0.007755,0.017803,0.019853,0.018008,0.01674,-0.012192,-0.043491,-0.078518,-0.098912,-0.101112,-0.008016,-0.029696,-0.047182,-0.071844,-0.110153,-0.00274,-0.021568,-0.050798,-0.085248,-0.116752,0.004816,0.00865,0.010401,0.007604,0.03546,0.003295,-0.00071,-0.002341,-0.007567,0.022841,0.002137,0.006877,0.008552,0.011214,0.017701,-0.001437,-0.004343,-0.003632,-0.004434,-0.005727,0.112226,-0.884248,-0.121993,-0.872551,1,0,0,0,0,0,0,0,0,0,0
4896,0.001958,0.009187,0.007686,0.004301,-0.012957,-0.012719,-0.042147,-0.06603,-0.089766,-0.113686,-0.005564,-0.020332,-0.036675,-0.059844,-0.089821,-0.010157,-0.047381,-0.068208,-0.108671,-0.156126,0.006094,0.012628,0.0112,0.009004,0.007357,-0.011914,-0.049303,-0.078438,-0.088339,-0.08585,-0.010505,-0.030709,-0.053384,-0.079262,-0.117913,-0.004941,-0.041122,-0.069452,-0.094415,-0.112569,0.005363,0.00663,-0.000514,0.015129,0.044984,0.001504,-0.006454,-0.011609,0.002217,0.031093,0.002488,0.005351,0.008857,0.009908,0.014131,-0.001966,-0.002334,-0.002775,-0.002174,-0.008727,0.116295,-0.89329,-0.128175,-0.886432,1,0,0,0,0,0,0,0,0,0,0
4897,0.003477,0.007026,0.004642,-0.003639,-0.027711,-0.012977,-0.045349,-0.059742,-0.090285,-0.096487,-0.007528,-0.021581,-0.041047,-0.066984,-0.105826,-0.011579,-0.041244,-0.071447,-0.127837,-0.153505,0.003692,0.005664,0.00389,0.002671,-0.003728,-0.018426,-0.052106,-0.071716,-0.073831,-0.069134,-0.010557,-0.027371,-0.051085,-0.087919,-0.120076,-0.013264,-0.04137,-0.074494,-0.104786,-0.11624,-0.001565,0.000118,-0.002572,0.024213,0.037921,-0.005324,-0.006892,-0.011917,0.017321,0.031527,0.001451,0.002724,0.004746,0.009676,0.004053,-0.000508,3.1e-05,-0.000578,-0.00156,-0.010681,0.117094,-0.884766,-0.129939,-0.892152,1,0,0,0,0,0,0,0,0,0,0
4898,0.003543,0.002098,-0.001163,-0.017785,-0.046993,-0.015582,-0.038585,-0.061446,-0.084484,-0.081928,-0.006821,-0.022562,-0.044877,-0.07375,-0.120866,-0.024466,-0.044525,-0.083497,-0.129203,-0.144908,0.002662,0.001287,-0.000828,-0.002415,-0.022615,-0.017891,-0.045953,-0.055489,-0.053091,-0.048667,-0.009078,-0.030917,-0.055841,-0.093068,-0.130913,-0.021804,-0.04909,-0.073133,-0.090618,-0.110677,0.00276,-0.004121,0.010946,0.039701,0.034706,-0.002429,-0.007394,0.005922,0.033735,0.037437,0.000912,0.003607,0.004415,0.007662,0.00185,0.00017,-0.000169,0.000293,-0.004746,-0.009484,0.121246,-0.879226,-0.123266,-0.892591,1,0,0,0,0,0,0,0,0,0,0
4899,-5.2e-05,-0.002366,-0.010402,-0.033764,-0.062119,-0.016038,-0.030007,-0.059649,-0.065667,-0.062414,-0.006906,-0.025797,-0.050968,-0.088664,-0.142085,-0.004645,-0.033956,-0.088681,-0.113591,-0.124464,-0.000713,-0.002435,-0.003618,-0.009828,-0.041244,-0.01503,-0.03406,-0.036113,-0.031555,-0.028615,-0.007358,-0.030372,-0.06612,-0.097327,-0.149913,-0.005758,-0.037904,-0.067302,-0.078418,-0.098249,-0.00109,-0.003701,0.022294,0.035597,0.026604,0.000876,-0.004,0.024374,0.038161,0.037205,0.000201,0.001841,0.005838,0.001279,0.001101,0.000283,-0.000211,-0.001007,-0.008402,-0.006861,0.128082,-0.872076,-0.117911,-0.894077,1,0,0,0,0,0,0,0,0,0,0
4900,-0.001355,-0.004528,-0.020702,-0.049122,-0.07761,-0.006569,-0.028814,-0.051231,-0.048744,-0.060441,-0.008507,-0.030221,-0.058315,-0.10416,-0.167638,-0.014939,-0.052861,-0.097334,-0.112616,-0.145787,-0.000635,-0.002693,-0.004236,-0.023892,-0.053615,-0.012486,-0.021765,-0.019433,-0.015128,-0.012881,-0.013996,-0.038248,-0.074471,-0.111295,-0.178597,-0.020873,-0.044268,-0.061282,-0.0808,-0.095413,-0.005621,0.00904,0.03702,0.032159,0.050923,-0.005695,0.007262,0.034325,0.037928,0.051291,0.002044,0.002711,0.005393,0.000593,0.002047,-0.000536,-0.000155,-0.004316,-0.008229,-0.006222,0.141636,-0.872243,-0.118422,-0.895958,1,0,0,0,0,0,0,0,0,0,0
4901,-0.000919,-0.008782,-0.031637,-0.059378,-0.091389,-0.007148,-0.036147,-0.042036,-0.038853,-0.077298,-0.010041,-0.034667,-0.071546,-0.12381,-0.182915,-0.013853,-0.067393,-0.091764,-0.1024,-0.14978,-0.001055,-0.002212,-0.008288,-0.039023,-0.068857,-0.006229,-0.008237,-0.003778,-0.000902,-0.00434,-0.008628,-0.043601,-0.074133,-0.12558,-0.198606,-0.010739,-0.0395,-0.050375,-0.069776,-0.071274,0.003023,0.028455,0.04147,0.032671,0.07945,0.00088,0.028639,0.042128,0.041192,0.075908,-0.000528,0.0029,-0.001011,-0.001163,0.00591,8.4e-05,-0.000599,-0.006943,-0.00562,-0.002621,0.145601,-0.868507,-0.115801,-0.904374,1,0,0,0,0,0,0,0,0,0,0
4902,-0.002202,-0.018053,-0.045906,-0.073827,-0.100789,-0.014742,-0.036712,-0.034274,-0.045738,-0.095158,-0.011363,-0.038897,-0.083828,-0.14604,-0.199175,-0.023483,-0.06707,-0.082047,-0.114556,-0.133383,-0.000975,-0.002488,-0.021751,-0.050882,-0.087947,-0.002942,-0.000656,0.003564,0.005766,-0.004034,-0.015246,-0.050748,-0.086837,-0.152797,-0.208655,-0.012321,-0.028996,-0.048125,-0.062447,-0.056396,0.011382,0.038804,0.034041,0.05243,0.077435,0.01183,0.038353,0.041884,0.05498,0.091964,0.001064,0.003393,-0.000775,0.000488,0.000353,0.000254,-0.00336,-0.006759,-0.005015,0.0064,0.142951,-0.862433,-0.109125,-0.913465,1,0,0,0,0,0,0,0,0,0,0
4903,-0.005482,-0.027726,-0.054723,-0.085878,-0.113156,-0.013697,-0.019428,-0.016331,-0.053746,-0.100503,-0.01277,-0.048661,-0.099525,-0.157048,-0.201204,-0.028968,-0.052686,-0.063038,-0.109148,-0.1141,-0.000166,-0.006079,-0.035991,-0.065025,-0.105024,0.000944,0.005284,0.008083,0.004737,-0.009722,-0.019014,-0.048727,-0.098797,-0.169867,-0.225683,-0.015851,-0.026434,-0.045316,-0.046773,-0.041854,0.013535,0.026202,0.017639,0.063165,0.0741,0.01536,0.028487,0.027577,0.061363,0.090851,0.001875,-0.001359,-0.001485,0.004364,0.012292,-0.000794,-0.00604,-0.004947,-0.002466,0.009427,0.159614,-0.867465,-0.099624,-0.913691,1,0,0,0,0,0,0,0,0,0,0
4904,-0.010012,-0.03712,-0.064293,-0.090534,-0.1243,-0.007853,-0.00548,-0.016638,-0.064735,-0.129731,-0.014184,-0.057913,-0.118459,-0.170172,-0.211267,-0.013807,-0.028384,-0.060023,-0.078346,-0.091581,-0.001309,-0.020057,-0.048408,-0.08448,-0.122598,0.001292,0.005399,0.007542,-0.001996,-0.031296,-0.015771,-0.050894,-0.115089,-0.169452,-0.237098,-0.000573,-0.01919,-0.033128,-0.027239,-0.029153,0.013319,0.008683,0.02658,0.050916,0.064708,0.010641,0.014078,0.026824,0.062817,0.09734,0.000206,-0.003242,-0.002197,-0.002308,0.014722,-0.002261,-0.005072,-0.00363,0.005811,0.013142,0.171004,-0.864859,-0.095664,-0.895023,1,0,0,0,0,0,0,0,0,0,0
4905,-0.01188,-0.03837,-0.068938,-0.095704,-0.128906,0.002178,0.005217,-0.031495,-0.077373,-0.137438,-0.021127,-0.071035,-0.127476,-0.170802,-0.224042,-0.009556,-0.019713,-0.064957,-0.069816,-0.075309,-0.004502,-0.033852,-0.06234,-0.101587,-0.140916,0.002974,0.00572,0.002438,-0.01175,-0.039166,-0.013489,-0.062617,-0.132351,-0.187119,-0.268424,-0.009816,-0.028342,-0.029773,-0.024946,-0.032763,-0.000802,-0.009204,0.035466,0.046196,0.04768,0.002309,0.001416,0.034567,0.063501,0.09486,-0.003029,-0.003139,0.001982,0.008924,0.028224,-0.002435,-0.001478,0.000694,0.011108,0.020455,0.197465,-0.867747,-0.094251,-0.88963,1,0,0,0,0,0,0,0,0,0,0
4906,-0.014868,-0.041536,-0.067289,-0.100428,-0.125491,0.000177,-0.010773,-0.057977,-0.121767,-0.164732,-0.022044,-0.081467,-0.132219,-0.172551,-0.2225,-0.004865,-0.035917,-0.053899,-0.066888,-0.077758,-0.013952,-0.041777,-0.07718,-0.11459,-0.153733,0.001092,0.003195,-0.006165,-0.034921,-0.055119,-0.021145,-0.084148,-0.137501,-0.203892,-0.276351,-0.008574,-0.022253,-0.016473,-0.018352,-0.026958,-0.003757,0.013808,0.037692,0.051227,0.056696,0.001091,0.0136,0.048926,0.082808,0.103462,-0.000241,0.000675,0.000577,0.015513,0.02938,-0.000228,0.001037,0.009317,0.015746,0.030958,0.202166,-0.865802,-0.087499,-0.891919,1,0,0,0,0,0,0,0,0,0,0
4907,-0.011108,-0.040789,-0.066777,-0.099014,-0.119921,0.002777,-0.032868,-0.077412,-0.135732,-0.181349,-0.026793,-0.081594,-0.123661,-0.175353,-0.230595,-0.005081,-0.04901,-0.053728,-0.059061,-0.066809,-0.014785,-0.042446,-0.080552,-0.118738,-0.145767,0.001594,-0.001594,-0.015369,-0.041988,-0.080836,-0.026919,-0.094627,-0.147803,-0.226745,-0.284986,-0.009562,-0.010951,-0.006264,-0.013854,-0.022517,-0.004465,0.038906,0.049325,0.050765,0.050364,-0.00194,0.030248,0.05834,0.088789,0.094686,0.000124,0.00429,0.009937,0.025636,0.027485,0.000981,0.002747,0.011219,0.018822,0.024559,0.210373,-0.853654,-0.093594,-0.881216,1,0,0,0,0,0,0,0,0,0,0
4908,-0.014838,-0.039707,-0.071708,-0.09591,-0.113074,-0.013303,-0.058886,-0.120485,-0.161975,-0.195169,-0.031055,-0.080065,-0.119012,-0.167246,-0.227589,-0.024993,-0.042358,-0.054901,-0.065398,-0.040746,-0.012342,-0.046529,-0.082654,-0.120454,-0.139199,0.000465,-0.008574,-0.036342,-0.055847,-0.089026,-0.034389,-0.08591,-0.150021,-0.219992,-0.287421,-0.003814,0.001768,-4.7e-05,-0.008357,-0.029288,0.021349,0.044413,0.057484,0.062765,0.019235,0.013986,0.048098,0.080817,0.100762,0.100592,0.000608,0.000531,0.012227,0.023085,0.029674,0.000123,0.006606,0.011641,0.023552,0.024756,0.220736,-0.83774,-0.095995,-0.877763,1,0,0,0,0,0,0,0,0,0,0
4909,-0.014019,-0.039009,-0.070006,-0.09011,-0.766353,-0.021257,-0.064089,-0.120167,-0.164031,-0.202964,-0.022304,-0.062754,-0.112459,-0.165579,0.316243,-0.017782,-0.022319,-0.027447,-0.034897,-0.115448,-0.01452,-0.051162,-0.08788,-0.11387,-0.912799,-0.00352,-0.016766,-0.042362,-0.079717,-0.246752,-0.031453,-0.082585,-0.158493,-0.214495,0.192859,0.002397,0.006904,-0.000394,-0.008724,-0.166125,0.020812,0.03083,0.032215,0.031829,-0.021712,0.017264,0.044277,0.073555,0.079226,-0.047531,0.002644,0.006936,0.018869,0.020273,0.045563,0.001237,0.007676,0.013455,0.017815,0.062758,0.042963,-0.332814,0.080413,-0.531351,1,0,0,0,0,0,0,0,0,0,0
4910,-0.010137,-0.040906,-0.064176,-0.080679,-0.796668,-0.022943,-0.08217,-0.122062,-0.153979,-0.567585,-0.025208,-0.062656,-0.109033,-0.167053,0.356899,0.000775,-0.011285,-0.021377,0.002326,-0.052728,-0.018604,-0.053339,-0.089683,-0.107706,-0.894148,-0.005233,-0.031932,-0.050685,-0.082587,-0.579079,-0.018634,-0.080277,-0.147554,-0.212386,0.367021,0.003011,0.001267,-0.006723,-0.026848,-0.221331,0.001727,0.014295,0.019373,-0.022481,-0.168825,0.015836,0.047295,0.066472,0.066309,-0.019585,-0.002395,0.00649,0.014738,0.019744,0.029631,0.003832,0.007657,0.016705,0.01762,0.045333,-0.142753,-0.047579,0.003943,-0.243133,1,0,0,0,0,0,0,0,0,0,0
4911,-0.014197,-0.04419,-0.063643,-0.717985,-0.815835,-0.018851,-0.073112,-0.115556,-0.153228,-0.570585,-0.014314,-0.06241,-0.113809,0.352408,0.381242,-0.005153,-0.010115,-0.017324,-0.095266,-0.110491,-0.017133,-0.052662,-0.07781,-0.850864,-0.859967,-0.007664,-0.032431,-0.068576,-0.230201,-0.698767,-0.031124,-0.104574,-0.158763,0.235399,0.423289,0.001395,-0.005667,-0.013727,-0.16603,-0.446309,0.007992,0.009333,0.008959,-0.042848,-0.335946,0.010542,0.038872,0.044359,-0.078292,-0.13308,0.00556,0.015037,0.016153,0.036237,0.028615,0.001671,0.00626,0.009723,0.045415,0.032105,-0.237544,0.193341,-0.032673,0.009302,1,0,0,0,0,0,0,0,0,0,0
4912,-0.015927,-0.038589,-0.054661,-0.751958,-0.783099,-0.03904,-0.07789,-0.108974,-0.511782,-0.581455,-0.022315,-0.067481,-0.123986,0.386287,0.445986,-0.006649,-0.016478,0.006606,-0.04701,0.086325,-0.016885,-0.05228,-0.069833,-0.835742,-0.676013,-0.018424,-0.036688,-0.067757,-0.551287,-0.797487,-0.029254,-0.094775,-0.157915,0.406365,0.504015,-0.003078,-0.01086,-0.030459,-0.219864,-0.33826,0.004336,0.009281,-0.03148,-0.174003,-0.417875,0.020212,0.038889,0.03873,-0.044922,-0.157582,0.00224,0.009095,0.013254,0.02147,0.021321,0.001633,0.009152,0.009912,0.03294,0.02105,-0.334732,0.360697,-0.234211,0.463063,1,0,0,0,0,0,0,0,0,0,0
4913,-0.01355,-0.032528,-0.670909,-0.766373,-1.041162,-0.014423,-0.055832,-0.092585,-0.499762,-0.495838,-0.024908,-0.075053,0.379792,0.407922,0.453312,0.001719,-0.005314,-0.081355,-0.096208,0.024149,-0.018004,-0.04254,-0.796738,-0.805618,-1.1762,-0.005987,-0.041251,-0.198934,-0.65607,-0.964146,-0.042797,-0.095664,0.288883,0.47219,0.48869,-0.003853,-0.011716,-0.160304,-0.433747,-0.308892,-0.00297,-0.003335,-0.053877,-0.339827,-0.334736,0.007698,0.013051,-0.106608,-0.16006,-0.376288,0.005934,0.006873,0.023769,0.017357,0.017357,0.002376,0.005289,0.035315,0.024118,0.019195,-0.340987,0.174039,0.228537,0.545854,1,0,0,0,0,0,0,0,0,0,0
4914,-0.008722,-0.024421,-0.705552,-0.735971,-0.945094,-0.023669,-0.054032,-0.447502,-0.51556,-0.527331,-0.019457,-0.074652,0.423791,0.482105,0.46764,-0.011303,0.011246,-0.041127,0.089118,0.08699,-0.016749,-0.033894,-0.782048,-0.626021,-1.004132,-0.011913,-0.042261,-0.514581,-0.755074,-1.150771,-0.021627,-0.083303,0.467895,0.563281,0.618859,-0.003787,-0.022932,-0.207946,-0.323597,-0.312578,0.007771,-0.032045,-0.171264,-0.409482,-0.338284,0.010622,0.010466,-0.071246,-0.181295,-0.274513,0.00028,0.00381,0.010782,0.010655,0.010639,0.004164,0.004809,0.024351,0.014261,0.015788,-0.525775,0.337266,0.016225,0.831649,1,0,0,0,0,0,0,0,0,0,0
4915,-0.009948,-0.634423,-0.727807,-0.99661,-0.901755,-0.017122,-0.053074,-0.451382,-0.447543,-0.439458,-0.02983,0.415107,0.442625,0.487026,0.474962,0.004287,-0.070098,-0.084627,0.033108,0.208541,-0.007454,-0.745223,-0.75391,-1.116419,-0.926204,-0.022726,-0.176974,-0.624153,-0.925518,-0.911871,-0.030348,0.345822,0.525136,0.541277,0.665626,-0.003951,-0.149302,-0.416788,-0.294654,-0.305204,-0.008034,-0.057476,-0.337196,-0.332216,-0.271534,-0.005257,-0.12231,-0.174597,-0.386115,-0.420734,0.000547,0.015029,0.009533,0.009533,0.009466,-0.001329,0.024407,0.01481,0.01059,0.010709,-0.58882,0.589462,0.00272,0.942629,1,0,0,0,0,0,0,0,0,0,0
4916,-0.005588,-0.681667,-0.711862,-0.919433,-0.866759,-0.012936,-0.403488,-0.471041,-0.482725,-0.390073,-0.024817,0.469929,0.527812,0.513454,0.508245,0.018074,-0.03391,0.095368,0.093257,0.383007,-0.00953,-0.752134,-0.597265,-0.972572,-0.89494,-0.007292,-0.476109,-0.714818,-1.107579,-0.965928,-0.030729,0.516381,0.61106,0.666226,0.698306,-0.015034,-0.198675,-0.313469,-0.302532,-0.178828,-0.031449,-0.169635,-0.406087,-0.335417,-0.227825,0.005127,-0.075979,-0.185211,-0.277738,-0.323536,0.002786,0.009403,0.009283,0.009268,0.009082,0.001985,0.020535,0.010957,0.012407,0.012431,-0.529235,0.623708,-0.040078,0.946139,1,0,0,0,0,0,0,0,0,0,0
4917,-0.621847,-0.715674,-0.985751,-0.890446,-0.72809,-0.023186,-0.423382,-0.419525,-0.411402,-0.399225,0.471865,0.499513,0.544125,0.532004,0.431983,-0.092813,-0.107412,0.010882,0.187147,0.223495,-0.731736,-0.740464,-1.104692,-0.913576,-1.007079,-0.147687,-0.596986,-0.89978,-0.886068,-0.715674,0.408685,0.588849,0.605067,0.730005,0.60128,-0.131006,-0.39976,-0.277046,-0.287646,0.203266,-0.018225,-0.299271,-0.294268,-0.233298,-0.016373,-0.122736,-0.175271,-0.387792,-0.422575,-0.193146,0.012182,0.006501,0.006501,0.006432,0.030237,0.024616,0.014696,0.010334,0.010457,0.007402,-0.54727,-1.242655,0.744132,-0.477585,1,0,0,0,0,0,0,0,0,0,0
4918,-0.053013,-0.082502,-0.285232,-0.233787,-0.090903,-0.358798,-0.424776,-0.436187,-0.345696,-0.257873,0.022382,0.078914,0.064891,0.059804,-0.037326,0.03987,0.166132,0.16407,0.447061,0.408745,-0.010669,0.140588,-0.225964,-0.150143,-0.250037,-0.31365,-0.54679,-0.93039,-0.792043,-0.457221,0.135226,0.227696,0.281575,0.312907,0.151862,-0.051418,-0.163534,-0.152852,-0.032033,0.362112,-0.117165,-0.3481,-0.279079,-0.173997,-0.06902,0.04065,-0.066035,-0.156403,-0.201133,-0.080007,-0.004712,-0.004814,-0.004826,-0.004984,0.017158,-0.005132,-0.013251,-0.012022,-0.012001,-0.014424,-0.464327,-1.384457,0.890347,-0.614546,1,0,0,0,0,0,0,0,0,0,0
4919,-0.043266,-0.338769,-0.234492,-0.056852,0.054125,-0.035889,-0.031668,-0.022781,-0.009457,-0.082128,0.005175,0.053987,0.040725,-0.068712,0.006269,-0.060641,0.068789,0.261647,0.301417,0.420466,0.002403,-0.396114,-0.187005,-0.289311,-0.119849,-0.140196,-0.471495,-0.456493,-0.270057,-0.491611,0.045623,0.063367,0.200067,0.059224,0.151086,-0.236448,-0.102182,-0.11378,0.423346,0.371377,-0.176238,-0.170763,-0.104053,0.133293,-0.021185,-0.103023,-0.33555,-0.373608,-0.12258,-0.223936,-0.000225,-0.000225,-0.000354,0.044331,0.044156,-0.007252,-0.01544,-0.01521,-0.020944,-0.018631,-0.6762,-0.707331,0.539741,0.25208,1,0,0,0,0,0,0,0,0,0,0
4920,0.010346,-0.219408,-0.161105,0.000826,0.222072,-0.038469,-0.051401,0.051152,0.150681,-0.152535,0.058833,0.042941,0.037176,-0.072902,0.104594,0.204435,0.202098,0.522812,0.479388,0.370276,0.168989,-0.246425,-0.160497,-0.273707,0.086115,-0.122402,-0.557136,-0.400347,-0.020894,-0.526878,0.058646,0.119707,0.155215,-0.027297,0.119847,0.112119,0.124225,0.261149,0.707833,0.580881,-0.083445,-0.005223,0.113866,0.232836,0.21101,-0.016693,-0.119107,-0.1698,-0.032527,-0.191224,-1e-06,-3.2e-05,-0.000411,0.052755,0.052848,-0.011635,-0.008684,-0.008635,-0.014454,-0.012133,-0.568059,-0.993581,0.438517,0.629261,1,0,0,0,0,0,0,0,0,0,0
